1000
97030.68887710455,-76208.31403636152
3657.0387758894317,-29385.698330600364
-17630.582217157942,57410.525443660255
-30511.517983918868,-6166.788689092062
-17520.66591652839,-81004.76545039903
-67779.4163453696,44548.998512680635
-13894.021397252198,37818.378062830925
79833.1938442983,63779.66099603536
-23711.633627280993,-39496.0746046648
58025.8317357945,32669.024976357487
62320.56705478579,43840.55406499674
68793.28199795616,-76709.65808584851
89816.90844410946,46684.54458944402
-4604.61137325614,-82429.02906455554
-33374.68845467149,-8944.93338173834
74213.65326996098,-41796.53216638419
-56353.97793194115,-97098.56669349386
-87980.88614739162,-93463.4719432315
-16762.65013071603,-95740.4571854076
56516.885732212366,77300.41809454079
49364.77817323941,81766.1528295583
98867.16029224562,-55445.598615989526
58360.10111129368,-83982.85577457414
-34350.53088978957,62993.90602676489
-8629.712645151332,96217.9447435369
41673.08502405031,16715.782978328607
-21041.047189697103,75012.63397202308
46843.86378587651,99247.68053997455
49321.87786345594,15971.433103657984
78362.9656322591,-21932.65408564413
88559.59869840863,-4721.701598947648
-39525.16929451193,39767.82574844218
-16147.556098294435,-64784.30204472252
-1016.1155872592032,44231.203461118304
-33852.97125976108,-43404.83941892217
-25705.27723053384,-57979.018965609706
54019.08157969502,-80582.27859484615
-44110.68182494959,15857.76548012816
49157.08176765574,-67551.00984120752
-2203.1379046863144,7143.427192845797
-7239.082958072873,53135.28130219114
81017.46628719104,-10146.89118112908
58374.4219849996,-53114.05084811929
-69723.57446161317,-82474.3695554641
-82789.42647580759,-66596.5365848918
68717.16892583351,96580.14795324618
13085.933766271495,1544.2677018551399
66711.51581641145,1597.1438954409
-65902.8405213566,-78147.66055796802
98488.5140964268,-55770.30777618077
-90726.66689242986,-81762.27608345442
-28007.08313695148,-49781.50534999046
-84442.16970598843,90713.30442599325
10662.426466649278,-98507.48372580786
-98325.06545496751,4791.060470948482
28292.6801298347,-93397.83737542284
29378.352625736203,-63792.558670677616
-72112.6857631873,92904.59943599698
-59810.34056300996,-91989.96149167496
-86098.89994296872,-39284.53020287806
-17660.507804726476,-27473.582986720958
12423.609209193164,-43151.51682524232
87457.705297306,21052.234712530506
62941.901065974285,-26295.532028318336
38288.80229934799,3795.244800803643
15410.853087895337,-27676.54683192129
40723.058723813076,-70587.51458047783
64024.11626194504,-63365.58534089685
35341.490252887,26311.897652890635
-63295.40632190878,-58252.445404138365
-20083.193002209577,-34061.04586752128
-77109.22062392706,-30117.078588612523
55979.00780954357,-34992.454707299614
-31803.025210071944,79986.8735186294
-94714.49946781642,-74752.28067398611
42469.738795603655,19038.31243738787
62210.55190586733,-77423.04601459244
61362.33923701928,-32341.007725676118
-55798.5105862961,-96042.32936937323
47775.81717878649,49537.668641133074
50558.94688873099,82087.5574204688
-66647.67082335165,55038.10253167589
-83745.04569927359,58613.01309386242
-43909.31376464069,41295.18915785699
-41276.617802598455,23580.9705784604
-43700.57459896532,81816.45714212289
6055.047858942619,43274.44645220633
50247.77767152366,30096.994722818083
-40151.6984141578,32202.52197745419
-50217.60356509351,62224.65230447358
50579.78569315773,-74169.63738988353
-24525.13292518952,-94678.98305605042
-81331.53471511218,31908.678395510015
-66254.89713154295,69970.46306541316
-19572.675288589548,41747.3847888258
-17620.37812628523,-92414.43589704916
-24184.862996149724,-50348.784981356934
9539.934853946974,-22894.049714220157
-62373.13569207259,3594.027382327725
8331.684729045795,18261.266654362407
-49872.00378288259,-62593.80403157344
-83453.62846201933,-51895.928397197924
45218.88331888597,87975.3499066136
41530.58441091919,37213.944314600565
-41973.615145821255,50157.84267027226
97177.5731014695,48553.85145374338
-64509.77237546176,-91333.18091144187
91765.86871248402,-18163.734342235683
52022.84389687266,-88403.48376675234
-27386.293408272522,98812.03406319096
2854.840852180929,-3083.8792953324923
99672.53645769272,-42309.1700497203
44869.82561492534,33864.81936660546
49644.56774201729,80752.11948575491
-31365.274915353413,37679.23361662886
168.84018646428078,-14381.874156464903
-8574.901441327398,-84197.63309811335
49587.91622134102,93274.27778672312
59401.859506750945,-1801.243508936734
73614.75391531498,-6738.627000135389
-82200.39400021963,-44905.2807120043
84558.80823145971,-11711.19566152936
-11320.74230804121,-55879.73839047149
68984.10497257572,941.7593501212185
97322.27769728203,-92373.46326253367
-90750.58133151535,62349.93438159424
19493.06188488047,22332.628633244567
-68036.29219277449,-97741.62632867217
-30661.140740503655,2879.3060985689235
-9715.146549038778,89341.95791602903
-41299.998521361995,74250.79077598033
-1101.4121575745328,95173.03241666466
71361.25110842935,-75248.8590903737
60946.97490047141,25548.70345166074
67895.29782192274,60904.732591479435
-40795.052776996774,62885.0351706945
29415.01066425043,-83252.73895586007
-89584.84651514638,-52347.561110350885
-19844.79344421164,17428.667612173766
80822.84834292313,52214.631799280294
88473.34089067465,-35753.74650199523
87787.28138427457,-44097.75869330279
-37310.31897411494,99472.28440436904
-3607.389269815009,-71304.17597281946
38834.12333325837,6341.73247380354
-10575.936214747373,-86430.06314349562
22423.317417922695,80743.75645224337
35257.18685526939,-46922.56072960071
56623.02518472646,96948.05914872591
84142.12347337349,-51484.062505781505
86010.23691741307,10919.098713629483
-69527.44951416404,3599.3288881381422
83761.89887894572,95495.62277832521
58876.8078977306,11081.6182158332
61345.10801122295,14319.425639229012
-54075.30181542321,71657.71038233067
-405.544532800306,-11959.586187428828
-95122.88978766951,77361.20913507816
40236.611141990266,72619.87598994053
76221.11378189536,64844.19203218457
-24310.486596705472,-11249.381853307883
-23179.13186724103,-75268.19063044197
69516.1581231428,32478.511849322687
29995.424667090687,2462.04992072756
-56606.463255348615,32219.975113218057
99881.1254165866,-77707.61264320853
84744.69687847242,-21848.680916480334
-57256.83167105342,93649.01564561468
71629.89306808588,49438.829762448026
19014.70876084479,67699.8481348594
-24219.02907492506,-73585.10351890235
37967.74207083345,82381.13575474996
88381.85745258513,93172.08387074643
19245.7812684673,57731.823199006845
97600.59314113998,-72536.49372989607
32782.56610957202,76696.96150162269
-40315.02160436131,14138.000940137506
8316.767478922982,-13185.753754299356
-32277.748235818017,1172.4089570832375
-56216.31028065623,-3262.1525505068803
15945.429153751456,34104.77303011623
-20899.036740534728,-85792.58153846923
26501.00442696419,-42015.737539426176
65770.88100630575,68522.42118210392
-31192.105890423318,58375.11786959444
-93847.5298751521,98287.52075335194
82191.68871093559,44964.05271548514
-81894.19000107933,-89889.8021287853
-60161.675869704886,-61693.75081586743
11397.283822667781,16749.641455881738
-4870.021584761997,17409.937796575316
50195.58240224107,-72253.11430471644
86112.58794990859,-68149.25139041184
25571.96810597944,52295.51227240239
-90226.2253090941,57763.291671773455
-86084.87580255629,-78204.45071247879
-25464.409494741023,96942.34940438464
-68586.68018797247,-40346.79281086455
-97044.95264892299,-76717.29983446804
53421.13778726321,-84409.51451436293
67588.77589286987,29641.414345028672
36224.612589160635,37002.701883492125
98893.52555225219,-62500.45418144781
-75885.29260991098,75712.42246042655
77237.05451270552,77631.77182724679
-78535.47385894235,21755.07603788924
-94613.21078671538,8511.968929415814
4694.695145730731,2895.7315889711845
-50597.8446830299,-75621.04088573912
-28648.27001259993,-47125.75783493804
58967.55045373998,-30102.513471669456
-63566.902534261695,68396.90222902152
7196.503914778507,2628.514365680723
1978.8631697077897,18771.608755930847
65963.21802083348,-2437.245075708172
9357.487387710538,4082.6936466869633
-25710.025869102403,-61884.80427098524
44077.669548205755,53900.695612564894
38082.44516675725,-83983.46902495292
5640.831811962798,73320.02436074516
-66206.70379635856,-16686.063592891933
24021.512845633275,-69089.57322334817
41076.225075511255,17610.443839375133
-63015.18804187727,-23965.988422730923
-60420.19388389084,-33976.30445559365
-37611.25335059896,-94765.52017765254
81139.69247462822,38855.862217398964
33290.53584147539,-10495.79359666839
74964.94997609282,13950.348649546762
45368.524629255735,60830.27773526135
-4881.552946948143,-76170.40638403411
-38680.45172506933,-33843.14827407579
77974.28838252209,53231.434711954396
96225.29839761325,-9686.599289730546
94723.7256663612,3822.2590358185203
52371.31175288161,-82039.96548552696
7747.442310904673,16223.54830606736
-74726.14374863468,87585.3677194675
-61004.34280719953,-78207.63740176364
-91665.06477191132,-18042.70033703319
-20354.15954878883,-66117.95881117895
52417.98638685668,-44501.916877054915
93495.1521858703,-79424.71762326804
83923.59875027617,80351.29230059721
-81466.35546783441,-32486.993599745627
-46175.726082553156,-23911.184095759054
-19758.379405261105,13444.23011343925
-249.0481292418467,-14623.199013131427
-43979.04239605686,50081.79796642614
-45390.15386681753,-73670.23856045796
31810.417338777163,-46934.402216974515
-89668.63092290891,20218.129826733566
58440.194218540564,96843.9243823665
-17063.77771725933,95797.99408006073
-6045.814546167194,-98910.00522508576
-55764.36423733045,61418.204523229324
-29427.26104679596,18125.761426837817
-64887.511155631226,-86766.69658672457
-19408.154748260098,39225.66054980272
-48426.6480640357,-27680.857486112174
65217.99544233391,64964.51958261549
53929.6139087865,-28224.533525244544
-55373.98636775166,-71380.61191986241
71312.27606406392,-31542.409780177328
37712.098949542975,70347.71929488801
-54823.75215434481,20256.597954143497
-42479.60683591281,78118.04116152863
18025.60000893656,50860.47870167218
89131.42860876492,99950.32086287093
46103.85394982211,14813.558693385854
-7990.047565614278,99628.29775274258
-60821.58675223308,16695.495613236864
85434.19689559443,95983.06341983503
96318.45673957889,60361.673301755705
-43737.40206106991,62044.232369403195
-70181.88649049046,6208.117005283031
-65707.9086978114,-18686.636729539186
90706.42074864068,61075.68278905004
-72085.45026329116,82004.26966372282
63491.69242337207,-92913.70688916267
-59367.91605537697,11394.16884736224
-80248.17698571857,-55490.546549387764
-52938.36789422302,-91715.42629460861
96016.12306849637,-36278.32764992634
-59980.89419735133,924.5124396835669
55383.01161908545,-72699.85871318058
77761.59299891727,9740.10740223048
31188.33670024279,65567.16688873299
-45539.78480671326,14805.592036909098
46104.8813181641,-18712.703263474563
76669.07479218865,-29107.291451641904
-64300.259055353374,-86787.40897133737
-1493.8962651823929,39084.9770274708
49766.63791337297,89285.45112401665
43891.44185509406,25887.203784735324
-42417.291368820464,82310.23895764635
1875.6634443481967,15278.096770581984
16418.50428887963,-206.2352918515753
84928.70540095838,-12767.024845396358
20789.606975476338,70848.04258478235
96822.81011796516,46832.78172680634
40372.112168069085,11023.505902455245
-91418.1335685271,87310.49589228157
34585.66228049467,-87502.21434481729
-59549.846081016076,29732.39874304314
-19459.254868500775,57520.21881213099
-36016.8185204228,76102.85069957736
-96138.20988738624,-41664.08367283327
-50396.751717045874,78532.63941969699
-6947.334505447866,79879.99185283936
53020.73543162082,58600.7759431703
-72509.90435742754,88847.19298139295
6006.389734593509,-34546.692548558356
-30345.551049103724,-85276.16799212081
79369.87257387578,-9927.040986184044
-32069.774153473383,5523.218701626087
24670.823168248313,60878.98124559199
92943.78339486351,34549.80820242253
-82473.7367628028,15110.766575482825
-27285.571287003597,37411.02405674779
94567.17443594495,-55191.77677736939
-19688.207288717585,-85802.08972311128
-47794.96573069622,23525.736448236523
-65444.20461442135,-75648.89225783056
-23265.929215106018,61195.487135257
14468.305798097259,11995.313454498668
-27842.52104918108,31832.74258191997
3378.636368114174,59474.119319750775
-8599.410364080628,5903.785927912452
99741.77742900103,-59194.594189251235
26218.69115290445,-30719.856320710216
61030.79051734239,-91145.22461867453
54649.235243537885,-92993.95217375956
5920.125068453408,28110.603397015344
-62.39771831837437,-68200.76963639678
8399.042501962773,60905.77983205543
82940.37036696884,78198.49594974908
-71501.7264679137,-42535.2664747356
87869.40363813484,-22386.253226230445
-82710.35122347619,-7293.567665832224
7454.301376419093,25152.87801675117
1700.613260759254,-37580.277547121834
-39497.33946309511,-16510.8090567998
-1240.7809346235642,-55119.03922729342
-86881.41529884526,-71519.06732967829
-45042.62459772139,-48706.37216353506
-98403.0767874507,-64112.801784565134
43898.05752062863,46558.08900764522
74083.06641536433,-90350.80407593274
43731.93401047313,-898.2276534430512
-85002.9817309458,-24196.67732478954
-97384.64447948549,11846.296414432778
49513.55538174276,-34352.106808856784
67703.97683732839,77133.6915312362
45353.34011931426,68495.00469943206
-27479.105882707987,47732.10961132479
60570.122867134414,-46023.096043437596
76610.05223506878,-64523.382607902335
95792.75492032825,37464.15928357287
-60722.860081828985,-62523.91398484149
25063.56458990977,29051.66886130708
-39958.575196394566,25088.306327084763
-68777.7974014582,-17137.291701966496
98535.62165863627,1757.855332122049
96218.16991174787,-36285.35236804773
-40719.04596968423,61356.3867384898
27079.53517160524,-79016.98344333103
-16037.160857033372,-37472.30912635759
45052.35315042042,45608.88057218142
90978.86941560556,2419.036807668129
92647.68351506584,-28039.78969089016
-64712.27128995158,-71423.8036748765
-28006.434076431953,7508.282240048381
18662.191022720242,38509.94270819359
64651.795218233565,-44018.91317655111
14891.170495076578,64349.14282176012
-99413.30652719772,65974.40607187703
-26399.745102753448,-87969.57363917083
73334.47861974902,35604.06053547223
-45072.02170771303,-58690.056562362326
-32592.34015566148,20567.114650297037
81817.84571841359,-22338.128468174713
30908.416224570523,64312.62498028712
-13958.09451232386,61871.953230580635
-38761.43279899313,-62540.216505733646
32390.907487938202,-50511.019246713775
-54761.4921562823,-96941.30683843653
13432.513745038023,95235.4936621844
45342.91425639767,-48305.19639644051
78178.46360378618,26492.38034272132
-75882.1985823667,61112.15421467111
-35152.83677367737,-31037.68713364212
54296.62919858813,-66967.02510777979
64680.702746483745,76565.30889784236
90371.55335395037,49543.26831231706
81370.7989098638,-22650.32550888686
-78731.0444163133,-42054.87887675479
-12820.499874908364,-17239.441071104313
-95447.4091573325,34836.25061666909
-33379.69320062129,45174.92042014877
62887.96579033697,-67378.1255601411
-77774.47712485006,8712.344089090495
74370.25332503981,7485.305411341603
81778.41840873954,51682.06332812883
77697.2298268668,-27310.371399589716
-53933.28284032732,81382.2846545067
-64424.62982809489,-93151.12889632802
94505.14087812156,85400.56757974313
-87859.6451304768,29626.471465464467
59882.15609666059,49160.555256214524
56911.38408899066,-87178.9279038648
77859.92848737192,27642.975245931513
-58183.693868528884,-95986.8643897257
-26493.2375905053,-99016.99382688291
41979.40666036566,-72482.66820516424
8834.759053125807,-50600.14453015964
54665.56021128975,43461.68984380223
5140.528509312126,-50370.79720876767
16548.263087216976,53840.68508197883
14373.543017860757,33966.43402907595
87355.13988279316,-40038.389160969426
81614.7460235022,-81519.37125526756
50734.2051825699,-92906.70221813746
-17755.272431971393,-42305.45470394744
-45.68634018742301,-13429.70555295011
30986.083780436726,58418.947277420186
30132.79983671373,-39058.34654011955
-19910.781482976316,-78065.9662055246
-56606.26701839611,-19321.39407500626
-93555.46986074725,45083.80048371141
6906.756509273282,-42073.9636456976
-50936.040080894185,68577.0548453207
-12882.967805601387,-44462.28570925983
-83849.7140765431,21257.17763861392
-1416.6451997751128,-57573.12602582001
-10642.273651275458,-82888.12610831957
-74593.30779002224,44698.890960293335
23575.712648345594,90608.32915464672
-31886.73215237168,34082.193417370334
54442.88989698172,-56612.57424106059
-92709.93523259422,7107.410485023036
13689.61365739403,-11456.265739030468
11022.299364305232,73316.94430081494
-69324.25836514699,76796.60263340051
43742.58072421304,31628.71557716809
-43162.124112073405,-96627.22659197552
-70658.26290469768,15008.310550776316
60164.13178729343,24173.868225431128
78432.15686076252,2799.560405545054
5356.497063382993,5121.577978095582
-72174.93053195784,-7384.293676299425
17730.78579741563,-47807.06114060908
97786.13057318193,42834.80502686974
39750.36569851358,-43946.46486727969
9450.570608307407,-57271.22586087667
3265.698737586176,-39209.57788066626
-95692.01638769012,-75298.6243875168
87616.21534688074,98912.48089210088
-45986.48567119248,-67996.30705945172
73404.1254080258,52657.9825958027
44426.096710638754,-24138.47634075299
78108.56885149547,65197.596652862754
87532.1774447386,-61224.56051431382
-75610.57830260774,-9855.928900520317
-148.79347347211967,-88255.29441238487
59965.09902355887,-31139.90120969916
-85732.00968367913,-58036.87559361301
-96222.76557455896,35445.99425091482
-89720.5664280531,1177.4013325425158
63637.18049237201,-36027.47660985646
-59086.00969508049,39611.281551442866
71694.46893817624,80631.93695153817
-46693.93283181509,-85875.72941326309
-92806.57567238077,60658.5933286675
70044.15883105173,-64737.07689205237
-54587.11813656218,-99301.24871647744
48068.78567130168,-22511.048110278687
77553.54958061538,-25895.840276042127
16477.48607802433,-96735.4372192563
57712.45330980293,-13967.268864649584
73146.28020297378,22035.670088103077
91126.39473205431,-48294.82322392538
-99783.04312914007,-24506.290192332035
34346.37047591915,98144.40351446366
31677.751217123085,38365.69048215521
20550.143962835788,-9269.79418449243
42138.80138066908,-41307.598850187955
66849.48252225216,-51276.90204828355
93185.42472007773,44685.4304612359
-24197.38068836519,-97839.42036061149
42854.12496089141,-61746.707731257164
-61978.18669976427,-34436.328473007816
1618.1392214062785,-23461.32786110864
8377.218916931306,-72391.90711187226
80685.8585003889,-92319.24759540868
7224.491592747318,13138.410913567266
97578.17219703986,2600.3774582230353
-78299.12484117069,83003.66898053899
-53214.310759770786,34037.569222995786
-63093.83455283422,-66123.86049840273
-368.24077255823704,-52904.22394609338
-86765.26516586512,36410.39651757298
-14780.657555015898,-41372.09735191651
-250.58518550122866,-62856.59865736966
32043.707182668757,-81455.76794876887
-52007.98817873584,-63858.84733915021
-67158.1480919938,62512.813069050855
37387.217609408,-18272.445482600964
-33494.73510652035,-11689.535541359386
93461.89806051379,29049.68583121481
46322.02958933718,70485.22094373495
52798.4187992572,56355.124703744
70905.40948950623,46618.72690607534
-45020.09578840893,-50334.608435773574
-9945.7099124868,-40172.69597268917
-11905.686735667965,85478.17740946476
69182.64017675271,-3666.5648162029775
26879.99952489546,87343.17233375728
-67470.13381267688,98887.83973681985
-51050.34588583193,-64265.33460078445
99257.79564292476,12934.35730898722
1988.8213362615259,42920.705864849886
-44901.43135422693,-85700.21003903759
81247.41876287873,-99312.37422767079
-38392.24764189453,-40828.36208083456
82576.87290300129,-37926.58393614006
-30160.237882946018,-20199.142865836817
6930.714169306662,-38823.16458364246
72130.48713396449,-46635.27625142097
-76077.71117310786,-430.70376052942726
-33867.26199209171,31361.988172753907
70223.67674122564,12841.852470767211
-71795.97694920607,39394.004529476835
40707.93142696767,-9702.24620394462
-99633.71974331287,22091.813541426065
-46028.5558289228,-64373.496899445425
-5597.73092158089,-22481.228644567498
95788.50654990788,72591.58391790779
-84665.45083614976,-83535.40494930046
64779.98153693743,-23440.12415523853
16853.91350452359,-54639.61107236719
-84919.19237975654,-14719.943233475607
-77566.50289470218,75520.49884478036
24672.289131037116,-28399.94930039358
-78195.79851098328,55008.6696434515
8694.187523510078,39379.08510311814
-14029.625880988016,-35054.964505937794
66424.05570855243,69950.13714997625
-97721.87260484316,60354.585247312454
87580.85645556108,55930.90886470702
51996.813173131006,-36077.98561027749
-34436.00739442105,58320.2453956045
29626.056761438103,90672.61667411309
-55000.98777460309,54279.12373094619
-87202.94430382505,82746.32221052829
-35117.360735670445,42579.83222771682
80797.01887775339,-13712.82813524941
-27045.040894452344,46651.16464685071
-90429.81287574819,-25826.60725335899
89493.86617923771,77463.93623997938
89621.04053524636,-70145.07470974574
-37757.82566611345,80429.17827062821
78896.19682700028,42956.447696147305
-26092.387674169036,48359.30279863594
96139.00090917562,-94129.8388009886
95121.46400932941,-74876.93336579869
16296.552318367574,10977.107763239857
-12437.687307248369,97035.34187457121
-70131.64253179383,831.3481480729968
7816.119443374636,-97181.24690785406
66583.27089131835,93800.16811181126
36876.861014639515,98986.69273347351
-60830.366828150014,62196.81519063338
-34079.4553314357,-49151.72172532414
7687.265728912629,36460.72005513934
-98067.36143755297,-96430.89941925653
-48493.76458687713,-88234.28147983101
-36121.813001857285,44577.045429619444
-38889.31578232018,-83041.77159041048
45805.385125233355,-13366.915660792223
-40254.11466988407,49764.503833185845
58886.418689989914,90238.2648341855
31214.978531899385,-73319.34165355425
1764.1155114970886,-43090.08497528122
-30318.848030201305,57414.02337876817
-42369.64575787394,99815.91306289782
-65818.75419339267,-26517.987495959238
30037.21981320908,19315.733588749074
36515.57552014732,24396.95184903614
7515.305285784079,38013.115835704346
-59228.285887949925,96371.66204665934
15931.205663671344,-43387.710307489244
72166.2469621994,90151.6994090658
39324.843029259515,-4821.162076095664
-87933.69247290339,-38237.62620771256
57894.11385429206,54384.40997887954
-64207.047758748726,92495.6881333246
-36238.89086268961,-7178.5411751249085
-57462.32538166827,-32216.374957916294
55004.29396862339,8804.258424976364
31269.054406883657,-988.9614719964302
35273.38701947238,-85577.66091065695
70886.342186587,77608.9753249899
88229.87972462933,28811.57499846816
-18600.119870602615,24220.784647882178
-12890.173668116755,52949.4334832266
80292.45687707371,72067.69853769385
-20274.04894361553,85727.74877153992
-7323.162252908233,-49075.55787861797
47127.48785845162,-96058.56214399982
99792.11304935804,13553.647796284697
39951.22627375482,-30017.726792690857
43241.7101840358,45618.58690723
4045.7631163933306,50388.18771641966
-4902.030401644364,-99976.79643948161
59353.59324871194,18539.147588757965
-59342.904680739724,-18829.246923337672
87869.37677903568,-21790.38764715169
-24313.172845055873,39426.856012208475
24140.640358653665,44034.02312896652
10063.42832211169,55051.77514122841
3897.4149762695642,25043.13605271611
24394.127792839514,2033.9149927876222
30162.1660587996,-11067.977719214927
-95373.40607659843,-5370.042254404583
30649.177299895182,-54012.8463834411
43286.950812307776,-37413.56682321104
79239.10097306033,-68300.64595302098
81594.6617740022,22604.943488735764
89781.72989352595,-66392.65832301602
59218.56625163895,69715.91182760624
-83948.90441344338,23626.553211660204
89045.5057790753,-76873.24236413332
37084.0403399463,-63355.75263674802
99174.33448672801,-79460.59570230037
-20635.27525800024,58207.09077647044
28733.304119317938,20458.38205637769
-94880.07766268968,-92896.69630367887
-25559.33889113786,20891.87760618629
-20870.430680077923,-49018.746390179
38034.67857616283,-56962.78526289557
-56342.651504739515,-13751.781711404676
-66015.66155195783,48691.1024233887
62700.69954065869,-7889.69861470854
18963.836595969984,77404.33476435854
-12452.220275682514,-89774.71173916182
-39423.590937705114,16180.28420337545
-17080.11428778853,-32892.131698532
-26599.927196982564,-32780.937475377825
20766.42584560715,59419.36730132562
33180.67646245071,-32996.80103817739
-97519.86811276563,-58940.97813774919
-3909.83310617341,19778.05512566957
70546.67866401434,-73340.72656382398
61997.6861474742,70738.39969646223
-26114.12645885882,-72847.8876500185
1233.4980705251296,-41895.35697474602
-46615.475625857725,91398.44949168718
33321.521404841726,58570.201448540996
4475.07807050811,-67173.37187103178
87933.29440996028,-39528.8053729278
-29626.902668086164,-19900.559900222346
-10024.746944502062,-51142.37025217634
-80042.55513135451,-7259.273916807118
-74326.15540057149,20978.294771208228
-22557.04438471653,-51558.07600410156
-80028.79855262188,43680.64455044407
-88817.06361381605,40566.41591059718
80270.74990495868,99636.54904622327
-60960.16740708925,-9017.245084223368
-43242.54810954633,-79101.82914197694
36160.023120445796,90213.67437103047
3879.9298406590133,-82305.31799263392
78789.74419342761,68170.09959492517
16707.28401396564,-2856.1699415911467
96292.94809445283,10442.429546377885
93428.59236438037,-36507.35603656732
-83815.44517688914,34344.66272512866
-14066.559206404783,53265.584021079216
48142.89134313261,36491.027554483655
26509.08602834672,-38197.818919313955
54243.18731973781,60926.870877891015
-31485.851206743788,330.83800694340135
85699.3010874886,-76929.95662880893
32316.248609787744,-41703.96459959462
-61155.233356281504,-88383.11937929073
28724.152207179653,-62372.07085091503
-67961.69601028108,73512.98316209891
-46313.460048063695,-80748.63727018256
69256.45957084285,-99980.11853474322
76878.29444569048,39577.489340845415
9755.942343085855,88899.33147025052
23365.683800019222,-64680.82154268797
84072.19566826418,-35373.37466378907
55481.528646547114,-10089.716948598303
78058.91745304296,-78310.26898920337
-3487.2265307947405,-18217.427998398805
-89615.36979850158,34283.55544591104
-49120.72193142829,-84494.93927736525
57780.05920145588,68392.54590310446
80519.72198518309,-61894.1235873544
-11736.182724750943,-54790.78379923725
-2838.0032372095075,-86222.93267495233
-21181.5483124449,-75063.4198359294
-55156.06877976798,57807.00907210889
-11759.708029590765,-94079.62758524215
49353.54587525904,14497.381444025481
-38529.73940785389,-84841.16947587006
-73872.16190747103,-2437.160026612761
29205.651726959437,-71056.03112216141
-90494.36743895143,44567.311184204096
71218.55072191452,-98828.3402219421
48755.94473765137,90478.27941469109
41594.15197408949,3900.383137711372
57785.69081719915,38217.79726683428
-17954.27396911271,10971.679697093161
10290.036412418101,-17266.018559925044
93328.62661055496,-47393.019059772
34692.906294149936,15087.34138023715
87214.6137270173,-96752.72382953006
-82818.25084556753,-75394.19273085457
-43317.20535322838,-80398.67146213428
54897.426896271616,-44266.28818177003
-48769.76287006553,81849.64260226225
-1169.0486438312498,-62613.72903584055
55080.367127088815,-84260.65377399279
47052.566571664145,44722.7762134085
37387.65933676897,40667.46570223843
21995.026195978528,89267.4855261147
50981.567146346475,27751.235283871443
8775.67568882025,4461.636510033573
-21926.461348856054,-32345.952487836916
-82425.47599870454,34260.164305857696
-55309.97927888346,41597.43488471201
-37157.513636013806,21186.038368555837
-5274.152322340186,24266.565323573363
-67133.1769822057,-55876.79403894224
52689.17792416412,10463.234709968305
18042.49921013903,61868.87542011161
-36783.39862740101,10000.774819363567
36308.539476171674,38674.67069104997
54159.825560298166,-44822.560611822926
94180.93910033193,31561.03857187813
-70939.72558996,-65461.02476614866
93069.93756661557,38989.719052435175
-42220.35807684199,-10809.67999935476
-95607.96484335852,-42347.82152279868
46894.58508883586,74033.84291029349
-38703.45576831884,98474.9584761496
-35736.611810264665,2742.037944878906
88606.61320127541,-38391.85685014126
72197.71013492509,11661.278025065514
-45017.69505085766,50215.85389611811
51430.45700590791,-82016.9081823488
-20437.919888106815,-22858.896156359475
-54306.81239360533,39246.76040895702
60488.20430227761,-43839.15433834451
45002.806107502336,-12468.355020293953
47010.765190215745,85895.28165372017
-43830.56815133126,-5574.439024379618
-61742.115720270085,-63666.01885384835
-67196.90673121058,-71025.80250865362
-83017.42426176822,-41443.48680248502
92236.9408506379,45356.02814358066
77521.44015535312,26421.441589756832
-58261.607308652,-66445.95364809931
41763.4734543324,45120.70262235499
32662.87497829683,-54821.33969579288
-83595.61780594595,-59027.28632282717
48369.21870019575,-72191.29437000744
-36255.47371627393,-55055.9494596276
-93227.67800949687,-1075.4620949297023
-92627.81202386752,-95267.59959476416
98559.38895140146,7251.956747927313
-2544.056595825106,-96544.73499347316
-15028.489567175462,-81254.46386228905
-28683.391686137118,68356.57514257447
77120.75949838957,-4877.292092449159
42077.59980922021,-9559.186065484915
47634.64514272549,46375.53446677072
-87626.41021009194,-27956.040870055233
-11314.99514383829,-730.1043986694067
64765.98234641377,150.49921138534648
76768.63926215767,70456.40136105487
57303.061782524535,-87023.16068072071
17957.405221551227,99458.86098234098
-77226.0146443196,-436.9106766091813
72442.00624896772,73854.72223730192
-55421.45164781214,-51798.2249067599
82005.38408073541,28001.121488187542
71557.70687180987,34671.560582278515
-31033.449069348597,45075.624072483224
28071.560024226237,99049.1708119929
-87260.53909040942,62087.8727716333
43764.72382046084,64531.97933689572
84094.72961987527,-34860.290508859194
-62746.79276689335,13788.68122347976
21777.264152562693,-18968.91723440519
3455.5681344734967,-67542.49871070057
-48755.176909938295,29684.40904766778
-88182.04643951709,27178.64434983177
-43583.91208913217,47359.92715450563
89847.6383061669,44037.84038423846
-53251.66809634143,-47708.587462854426
51150.010010186576,-63907.1742761927
56122.98666865487,61286.74090793418
-597.1925499648423,-36304.54659685527
-87583.06620255626,15775.198290263548
-76423.4915938889,-11586.740426586406
-53524.055254888925,17127.515036473982
18921.4508883389,-29300.523806361434
-96276.70057383894,87034.28567087253
-53815.79929256821,-22944.28285231773
57661.821427918956,82806.52630620617
19488.517792677707,30894.03636415784
-78219.90135318831,-48768.27450739323
-5177.207995555677,-7917.956939758653
-85730.49078358852,-66835.61151089899
-33662.8949294828,6725.988322947441
-63384.379723595164,-4871.9720501266165
-57535.33592268662,92124.46367807483
-7957.797449634229,-62508.54175831375
56219.363586320556,78366.65564123701
-17426.82830331612,21974.102724019427
11023.857214318245,-76421.52978803393
-66916.94915075878,-95281.0478062365
98002.34278452634,-89747.36988118288
-10509.516263882279,821.938102832287
48861.82991496399,22632.709221878078
-79333.67062096676,-70599.5136418989
2475.001508160446,15239.961691479964
62990.68432960091,-87794.78348150413
90943.17467458369,72017.69538337781
-64314.10703543583,-84302.74868165558
-54016.215608320796,-2972.933465978178
-24281.614162056543,88116.92289903692
-27242.14553276574,-77158.47596994265
36924.56704572062,-70024.32312392676
50080.90608937428,-79433.42690086683
-21756.108607280654,-77090.75002674774
36717.865931647364,5080.671324634989
-17045.165015762188,-32554.759449343386
18648.570161419986,-85131.90504102642
-25313.12494683453,35674.82000746603
41720.79612658828,-86751.56103831105
-6611.441062776668,95624.99586917918
-81603.3668961587,59731.25430394941
25397.188524735404,76368.42437120636
57950.48730321877,56446.11783086249
-20739.250858170722,18682.259758423057
61604.825929118044,60955.46008722885
92989.44449200059,64899.5468107739
65592.35905753743,30997.660418544503
11008.987393372237,-90753.98195658455
4100.932839633265,50683.23007394402
-78135.8883314717,18523.020596643215
-58819.33901365546,90778.93120409381
78294.90019813865,-2339.460499922774
-7694.0326192423745,-3723.8883304926417
-26891.536361952916,49906.388772597566
-63167.480254161346,-38491.46280889637
-59602.08748223228,-61688.34759931707
13544.450598119773,-84762.98256639412
74694.98814157773,-55029.95621878701
-35399.76440597268,7694.666779645054
-42934.825500010375,4989.330479432397
-61925.40227029833,18128.32298449143
56757.26144325999,81334.58715790247
85420.37822634076,-56187.423244746395
52289.18474264461,-23165.07909187526
80316.02613514563,-21021.421776853156
27124.616578681038,-79820.85226461515
-30046.397698064877,-89473.08222547601
-48261.655323840525,76294.95481235156
-34259.760679631254,-57110.13554364275
-72810.92438042944,15918.126423228363
24021.935245257155,80963.70223155807
7871.250099466675,-86441.64550899474
-71903.0050517601,-50169.27397214601
40121.35693052614,-59757.24361244081
14509.543574081874,25351.5964535304
17188.701285337847,-87248.58907348134
-6423.216354005934,-85127.58278535696
-912.4787051151272,-30990.381799712806
23443.66697283553,58308.93296336763
16613.173762094015,64315.44149075632
17672.864704787706,90524.08272543209
-54762.05938182788,-892.0644528994437
71861.53628983056,-22183.979977496416
54239.5575649691,21820.90747628984
87571.45768046861,-21171.8852009835
57962.12605136735,-7236.774130036827
85009.58263825886,34255.362894551465
-26458.252043290355,91075.99189631046
62048.63662217312,48405.963644745694
41410.63034830754,83068.95943594017
17669.84618015146,74476.96132032873
-85618.13004777685,-16377.979792980124
32745.389680439985,33186.776388598395
566.7283546900492,45273.48744090101
92128.47580031426,24888.55562814394
-7482.0732193331405,67791.02050198449
-68721.61557979284,-86672.52456685533
-50950.65044125859,38021.457633459744
-93187.88937855586,83296.08994934718
-1361.5928669702625,-93007.23948872469
-21691.060506418537,-97458.55563560525
24477.484531024962,-67793.97958605645
-5887.289677996876,-36761.20826285902
25082.338194948516,-82764.15692491326
-43270.47125897201,-94226.14074243006
76648.27109871997,-12109.39575431782
12072.643389365734,-70774.89786800877
-80054.03941773907,60356.73855280459
-48845.828668437694,-20628.44683348799
84586.39978122318,-19559.838286217633
26401.44028092952,65892.26478285997
-94135.74025031584,-57573.723866198925
-4824.924188643776,58290.13654823123
28313.380595645544,52789.81212356027
42699.15255632895,34237.00422699216
-40232.42990427505,11517.68364872563
-76217.35945471008,94246.25186709774
-92784.77401095237,-49225.60564963125
58912.35197541085,-33267.25929357812
81356.50389405749,73769.99519062306
93686.74955692691,94542.0058735162
65172.44749222071,37964.883166469284
46132.97946330712,-86868.43608459302
27473.631408491816,84421.38646495865
4591.500678792282,81512.084860715
7360.074872834676,89657.69200271525
85540.56807876388,-59913.04022777142
79689.78030779412,-67928.9167602342
3228.812299341888,806.8199008152366
-24843.845954569366,80157.15271766101
-21608.610847806918,62682.316260478176
-21828.167904732054,-50468.501491489136
-96624.75969698485,-7064.136034956814
-81785.52130008517,26931.325219085855
47237.88500446373,99631.88188716519
-94643.67052307281,69749.30097329004
87098.50164710266,-98810.22531010283
76112.24571047605,-23540.697663895193
55711.57799572857,-12119.221750384402
41071.20767485924,59516.97780652976
-73856.38717814922,-86131.71039915913
68551.16405349324,46597.39083388705
6735.588107240953,-22618.497154924546
-74665.19290824332,54183.33482992306
90253.90007689295,-99478.88034474557
18162.534617229965,-26881.018497484478
20032.12641636982,50068.439048087355
61463.84218037062,-50062.66836954258
-44176.00269488196,70848.69413591524
92212.54027084829,-50966.12867751411
86358.47980562231,-93720.01550390194
1735.1789390344763,52159.79248344267
-57840.54992338019,25354.545466104428
68330.52436154097,-3533.081883861944
26689.535713231515,-6695.137941413809
-13014.48637657623,-54328.42140544889
78095.70298956794,36468.138398186726
-99042.67582481605,-1935.153499920217
87407.96665084871,34261.012865287266
27065.89734942624,-49030.560465550276
89599.29483838001,27672.59725272422
-60082.280365638675,77989.36462018786
60780.55995838534,-36282.71790001594
4921.011786297758,-38911.59445774015
-69740.02117001066,58313.62832107023
-98495.40835849581,29075.18592301974
49294.84098197858,70888.35554412958
-96086.75056277041,-36714.66967007348
35399.89256103462,-32076.548987272035
71611.04231670081,17320.402431110728
16544.858523047766,-79862.70579423735
412.6223738796453,96695.12483667642
71031.09622219832,12028.131526250685
-56550.11260970493,84058.27083082011
-43693.43465633004,-80579.37767712973
-5328.087844476048,87526.92743781251
-64207.792154486066,23757.058253522744
24982.338100956003,-14976.1477847707
58147.44010680246,-10516.627873849528
32802.684212854416,-22597.441168293542
22386.392524431285,-73686.66197607403
32785.77173649326,68142.79432007915
-74572.81370928355,39851.18808579531
-77823.93254390478,37140.29261283844
-35420.86048122028,-54966.93130609547
-1210.6805129624254,-29823.06246045694
-28393.99730838317,99355.12606173176
-53740.572532155275,42260.963372471386
1550.8580843804687,49151.988136224965
-49829.50093143832,94454.99874581305
1873.0465719135614,-54565.32302147936
96769.8301458813,65156.752485099314
-19996.736701876427,30232.43805098761
14442.58250863868,-61725.177189016715
