1000
-280.9171027413358,-165.44894778127676
-270.27344959184575,-160.14425884277443
-283.513038665417,-163.10097362110986
-278.86496747729313,-164.3913765227785
-271.7280987860759,-147.92133947912447
-272.7020901399962,-163.98742622614395
-274.09104666656475,-159.4379820130941
-287.95983815343004,-154.56116315574965
-271.77452620622125,-157.8919974559496
-287.09438589585096,-153.1667406879323
-279.7024011249267,-165.82841000196947
-275.21770573741827,-165.06926144361222
-285.8261758243583,-166.2928260362258
-283.16522976878696,-156.68675707781048
-277.3063822407398,-147.87408023171915
-276.57418238439163,-166.2088775524451
-281.5211341412534,-154.48559264374543
-288.50062251766866,-157.32850217327936
-271.2742850468735,-162.71970068862765
-272.4940323290041,-165.2860932926382
-281.2253488019673,-155.3810706127928
-287.528483506796,-167.39056128356134
-289.0794427333638,-164.42225538796268
-274.77831456490543,-166.22044593015528
-284.25096802351754,-167.39776134934385
-280.53019648835607,-166.2425497734269
-282.12736483232356,-160.96210476065912
-271.7052787581767,-154.70574180379535
-270.30316859695506,-163.69878968726192
-281.8534085478833,-160.14261299307574
-274.0840228125735,-155.45689698086693
-272.8886524967584,-159.08742174256963
-288.04429017098516,-152.09000682822492
-279.51765438062176,-152.40064305822455
-279.3141996285187,-157.50131463655944
-271.2069401183639,-156.18269813513388
-273.0595198412215,-158.72861768011657
-283.20737152766594,-164.06432035475018
-284.0806971360604,-152.38430619126794
-282.3007228352336,-161.50011993146356
-288.0878436633698,-157.74103553823804
-281.8672402220255,-160.62472998396726
-286.98973634808067,-152.66788891668656
-288.5419815320136,-154.16274325847365
-287.06708101753236,-149.9509640869853
-277.93474514521733,-166.32557130635718
-271.6475449287589,-156.13197639658404
-286.5290554900489,-147.71604813924995
-288.1839552273971,-165.33755198956024
-272.8205567627723,-151.92767898086487
-274.72651078087233,-165.43970053516793
-282.109383947835,-154.12620729679526
-270.63091543689535,-148.83556376344535
-276.90533225299095,-164.69929440124903
-287.2145987594165,-161.47559222920745
-284.86879486524845,-163.1157184411875
-273.74995181894326,-149.86925558797162
-272.5691268663893,-153.62626912407097
-276.1708821747066,-152.41851468562572
-276.852945022763,-164.54914925387203
-284.046846086803,-155.67440196225198
-277.6847279599776,-148.5796057920213
-288.9838157773691,-154.07313722433776
-286.7171711827116,-162.12499473153403
-271.78782022481363,-155.0965087585706
-281.5754293113761,-148.80622332865823
-273.46185202385874,-161.23518525266735
-270.5380407741747,-147.96501230231775
-279.42859051727044,-162.0941471808548
-273.2908097858343,-152.77683680540093
-270.88246198195964,-152.49923591932355
-286.5194976307493,-153.44388319815064
-284.4699045120446,-166.20773922024193
-274.74712178211513,-160.72451161154024
-276.4261062197722,-160.42220277728708
-278.9862130541248,-158.3374667897086
-270.7066326864507,-165.75352686819488
-277.674449298512,-157.5902182883306
-276.30166845843684,-156.8744305066341
-271.8431830871015,-163.1781514575298
-279.9246016463057,-161.14339192926445
-287.0498312456923,-153.75902976237612
-284.82145860264086,-155.30127829794557
-271.04052369931094,-149.18642952106012
-283.7696081895114,-161.16780078436176
-272.1589280201514,-152.70457925936282
-287.7708939483113,-166.62438276486648
-276.46730309187,-150.76897048655363
-286.0003555646822,-154.34536937813394
-278.43693335516184,-159.75157905908276
-289.17365843868447,-156.7419639413914
-289.0447060299893,-166.48541683516405
-285.6736537697498,-160.53723933327444
-277.9356704509498,-157.69251797868236
-285.8364236140154,-165.0029636391573
4.7589382939728555,146.73856918953234
22.6945512969315,142.3018965729313
17.096231275100852,143.31553939398805
19.15265060161001,129.3705362150347
22.445940734846445,133.0650203913772
22.101261382863214,143.05286936567265
23.618212958913723,140.94313614084115
14.945021671509156,142.36955191620757
16.623208624489862,148.27324818412615
18.29905244547588,142.17565731712426
19.6881891736864,141.9470869137153
11.690004096892336,135.4867251612792
21.800850319320176,133.3586210635186
7.983227925678994,134.74500117702527
4.347759086623782,139.2630494556968
9.811319033905793,145.8361269244295
7.581004220024706,133.0822454988349
16.39644436214819,137.01034274223267
16.18228117003745,129.96837201334762
14.218315578579741,140.9744834993838
10.030173768190664,135.70998346502694
22.84458117198943,146.31016344102784
11.479314038060163,129.92431927230183
16.521581722701526,138.35780136099157
20.737581993200692,135.44652863126697
16.615102772950358,136.46322265952082
10.203769827479203,139.87731642608009
17.87609280988952,133.25020674110152
9.477650906823794,140.4082348326405
15.872102375827453,138.34556229682372
17.88518130195641,139.03752020433274
6.4447581345812175,141.01313139139847
12.593832995870265,137.14746696825932
12.747896826950623,141.86243410492054
11.219877761788236,138.82339545530095
15.00518441257287,138.0758670706681
6.497800209829413,139.91492905116493
18.453160994034107,145.99122723850218
11.168103460977605,138.19043025625604
11.54337837912114,136.8521264321377
20.35892935303965,134.59957682246974
23.893836420730935,136.77889830304917
6.011005797773347,135.288409119701
19.22803995439916,145.72982434831573
5.962730670429316,146.0305040380746
11.31933475408546,147.19997092547692
5.764479661527737,145.0478030920471
6.402230387287707,136.5190796723888
9.10089055500689,148.84073567001573
7.276064839335733,144.87228985317878
20.97906040132623,145.2804214016452
15.19031791257769,140.43489701193963
21.045383367766355,145.07570638786774
9.430765471142376,146.55595645099916
5.167818701415072,144.2685173164838
17.699006447900736,148.85125861990517
9.02478203360021,135.81697570259414
6.6757615276693425,135.79617582102446
10.223053537456149,129.6361461937371
14.38053181452043,140.06176867346323
9.468020593404361,136.36942466185087
4.828364993525602,129.59783289356116
10.258482548474385,135.9712053317823
4.528976952893041,130.14839017686103
11.557629857865464,147.71152565904205
14.146681841358765,138.82028607738746
11.26390253525959,133.2304794255262
10.173138155049989,147.19349737119578
4.139581338983216,143.36402331821267
15.571593229957749,146.21599894743235
22.020835761013707,136.84581973708586
7.954841233067772,138.23471649008886
22.28785575221393,145.5499910909564
22.702267478668638,143.8248311189299
16.278387401817945,141.48056527035214
15.125262958748284,129.83065046072483
13.422254629090823,148.37871860601157
4.494505364926388,147.2693897460359
22.507122478147846,131.64681825790555
14.61722784695139,136.7748807824148
6.923753331289778,130.62706313576064
12.052680738647105,145.39968560835757
7.553442047914535,139.50498782183672
23.825178731119227,138.8465847261168
5.607856849688938,133.12310551284875
12.196585968520523,135.81806259440776
17.513480511517827,147.32098351932078
13.55332626565795,145.78888609153205
12.765247535679231,138.09491333189956
20.4260605536207,129.83939892835338
15.889585262609934,143.03429763397176
16.20111019206574,136.18431643814336
21.13644146309435,140.0135735003896
4.6245404637256975,142.69053704164656
19.364644485181394,139.47210978243132
46.187755175427284,297.39076141919963
60.821871236838845,292.9503298420853
52.5403960612557,288.93275292364797
58.537375905203035,281.8259370285368
42.80804379724579,293.2998867282579
46.76799129921239,295.26096940218054
59.880663064473865,292.52985945768035
45.92318665211052,297.65657154050035
53.006435368173484,289.48560753214275
58.647672859816396,287.0609928248582
62.04237420087482,292.408284636955
43.7898799112233,283.0729590662505
61.75571609041323,290.65492163223104
52.91615241074199,280.4991705431562
62.03362112304292,297.06459261926983
51.93125477430886,293.60035938332874
56.80951904219859,280.21346895704124
49.25170821198852,288.4112099774862
50.35636760405553,290.11456726856926
50.50575531645095,282.67547773107015
44.73254010133751,297.2162854117323
58.53504485662578,297.5449426632614
49.102454030742706,279.67291184088054
59.56893771526585,281.45387521811807
55.670944273534346,286.38421716918407
61.4382742762445,298.61958172522446
55.56424327074057,287.66762572183956
59.65757071085237,284.08293643130986
55.265542400434455,296.78379708626926
50.098210151932044,283.76653687705607
59.56010521795908,279.56977476192935
53.178542000299544,279.8538556465596
49.64609019032664,287.1852849931848
49.177995191003,292.74676367926037
56.32152443522261,279.8937771094344
58.40929797320807,296.73031618138367
55.982606944694616,279.4570004769358
56.711321303957895,285.21597767547826
52.7953489026271,288.94243667642525
43.1727261540309,286.9332765130711
50.9241332609808,290.7285923677445
43.4267784091591,298.899931971753
53.545419738512564,292.90529763909007
46.2560683305642,297.0667950223414
43.31805426140843,292.4240194868092
48.495385819776644,299.0598864647171
59.11612944438443,296.7272734275041
54.772526808964585,296.98080755277067
53.636003187165464,291.65485979309074
43.32110200275007,295.7034968293129
57.89250751961441,293.03415966918027
53.35092139666921,298.5886754871324
46.16794585581157,284.50972146099195
43.136855426496794,286.5890173851463
51.861491074454676,288.26663399994317
47.985869538847574,291.16582658982134
56.982896051690126,294.4026907598559
43.49149020288011,282.4934335854149
60.86262094207391,281.78227278812324
51.508705739907946,292.20641569921423
53.713492006409126,291.6331250524628
57.68340219108822,290.8653819261212
56.59376343898345,297.49377654404196
44.798653135718254,290.77462593228995
51.96097029755995,287.27798537081475
57.622862664019806,291.09463742626355
46.373864971174406,283.0592764529334
55.159188831699204,298.4965988542606
57.2777117428185,297.782049280489
45.94529350989043,298.2269225646737
50.084181757923474,292.99615967499875
48.68902605555404,285.1332558213398
50.23798969074438,295.587581712815
43.97046771484003,287.14046418870527
50.320141855878,295.5767796946271
55.82570011590559,299.0723516282879
61.103939188402286,285.8735442741143
44.3371467025037,298.8234672039262
48.128697702228905,293.2414377209849
48.85383587754377,288.23295233318413
54.41580492313469,293.73820077139874
43.685804893306745,295.58289325863745
54.433922893464946,284.4409233595664
54.201852357811454,295.6153172404757
45.44043365717276,295.77896005864125
54.995351389358916,280.98206205331013
49.53702752480107,286.98419511934304
51.269471543990605,292.1846762418903
42.765830813470906,286.08645146962954
52.414046440046995,283.86229222306537
56.32581519151951,283.28046559713334
56.547335147295584,288.5891547418578
55.144270978802766,290.71156751366993
57.97568690560272,280.7004336399475
50.420937949250956,282.9086849554326
-16.54067677792513,-295.0774572240321
-18.181800216289474,-303.01218205482905
-12.410908761832898,-286.9493603320146
-15.78273205084195,-298.5040071002209
-1.251938260179065,-297.18619374717883
-9.987622329489874,-284.79816300325035
-1.0632905628281542,-291.8304160395579
-18.818972433690263,-302.8678530008928
-17.168765687003592,-292.32114901975643
-9.65192504031408,-291.53132331073954
-17.046663364728122,-299.28575355055034
-17.27412167949545,-292.5703002679998
-4.02550066127151,-289.6095664462223
-5.118132272018039,-296.35351893543856
-2.425393928603766,-294.8447087081177
-1.2483698810008121,-292.2621236909672
-7.798604861428185,-293.0137259348709
-18.192906968411364,-285.91144720093325
-14.75407556879609,-287.672945785364
-2.889162602605305,-303.7662740206498
-4.339581122310937,-300.0086168185078
-9.037238544977761,-288.3899908507359
-15.32217339428264,-294.47961230576345
-2.5368804674832326,-289.6470351544432
-13.237538006572807,-287.6201857138988
-6.01473233651333,-289.1671164378084
-5.270752548593421,-285.4674873843887
-2.5980285305554682,-293.1895886766223
-15.153535338508265,-283.9510279933641
-15.693095761669207,-297.2145835359426
-11.45386644867125,-299.0051853619042
-7.7654883111868775,-286.5212848060393
-2.542508577309227,-293.8884638270704
-14.003512601646865,-288.88247556145865
-17.86402015484709,-287.62695750208314
-4.670015763914364,-295.06939773805755
-1.1581506624823028,-302.2941281308152
-19.53498085890981,-288.4363784111055
-16.23352705242751,-302.88847532476046
-4.576613828092684,-286.16279804965893
-8.440288198243596,-284.0253708605179
-3.8835822988374877,-299.5612246432492
-4.452440445346339,-290.74007107565393
-2.2157471769177306,-292.51567796930937
-19.22229935507307,-299.32712736646397
-15.626587982046157,-299.3636647190367
-19.897307010232687,-302.0596670300689
-11.717898233125783,-297.55609609776167
-11.706310336403517,-286.44818777197844
-15.365754393370064,-289.6773366648766
-14.991550877260037,-287.4285764442469
-17.57645018196689,-292.04701058191586
-13.000213615069415,-286.38756281202564
-2.046445857166301,-302.98916369253834
-1.39910994227448,-292.75119485618086
-12.762149445072003,-287.1301725425282
-11.931007441066138,-285.34344860820136
-9.032981937133327,-284.34304717497423
-9.354801087234184,-292.891132887898
-14.97361249115554,-289.689616703675
-14.789512100358614,-287.81872789791737
-2.694116059848427,-286.02800074157307
-14.506930221502682,-283.95590657703303
-19.98646921978908,-284.6108826542478
-15.82572902966884,-284.0103872487266
-7.664698153536108,-289.40658964216993
-17.052217390339422,-287.1836309283808
-11.779648093633273,-288.32770275864675
-12.750379902172234,-300.9294023857707
-5.279348294745784,-288.6424617289654
-3.4950887412081357,-286.77526072800504
-10.60028828040808,-301.54711960645585
-13.78247269600671,-286.2164613861043
-16.60614540051644,-303.6795414911226
-4.577514477893091,-294.68989537121644
-12.0723626136795,-294.5630433119028
-0.5701763103269162,-301.27125517088194
-12.805914931606493,-294.45232699250425
-14.783207180319529,-303.57108756617447
-13.792475073638103,-294.95684080113637
-7.535505582424259,-292.3912451123008
-7.084969430056626,-286.0364436728092
-18.97013352186611,-298.39405869294393
-16.107788543648155,-295.9108662331411
-18.07860207471611,-298.9345795255271
-0.9349761682375988,-303.5079846059776
-2.6545336156277024,-289.37181395783733
-16.082214874672204,-298.0176787246787
-16.597341431153588,-303.80227129008705
-14.102689577974742,-297.3946051125463
-8.391458693992728,-298.04116891503924
-16.287042788729416,-292.55633288894717
-6.409052797975586,-301.46162366677197
-8.757988189655373,-291.97020925641226
-2.4497962697079476,-303.12110599587777
45.94136501470349,277.91386498259317
51.230988660415626,278.9954665810734
43.752792346574616,275.5710308440251
43.2876859017155,277.7723721551093
48.743856281534555,281.7574699087761
50.33752703472274,279.23058579413583
50.876717461033564,280.75143932545535
48.26653431594144,271.8043115263869
43.02905228847305,269.72417249479633
40.37836033499098,276.6265419610963
46.68946583988439,285.30491141341764
49.0212289539857,283.56856989821733
47.52890727739276,267.8909525697405
45.34907894075657,273.3387913730043
53.51500749351559,271.3093247644921
43.104357329145444,273.3417890371885
50.95518081690032,279.37153254055585
49.87912302123044,283.5011706765122
41.992633085787396,283.177838396693
43.109666449100516,270.64106128164
52.0517391593433,275.84782978752077
38.124731155623024,280.0517304662501
39.14153117980131,280.23216518923783
47.27397147371823,268.34252672133067
45.83597547537948,276.5208780505824
48.56595673675878,271.0598694110293
45.05211933515524,280.285358954155
49.75717027501514,275.88352671872457
54.19387900502029,272.6087795209362
41.313585203391526,282.2983933415017
44.028100030371945,279.452673514104
51.825896594090146,284.42961638717964
37.246932920317455,270.0632283797905
45.63070003250237,275.1793727390312
37.678615995575434,285.2223033489441
38.24587868683251,279.75227628618813
37.3388322641416,282.64657328288405
45.71819248497413,276.2787209512746
48.42393354723047,276.7741615097234
48.08406537637941,281.1612819717685
42.03687228582282,271.2198482142142
42.08575144395367,279.12601360036103
37.49577172087902,268.0317148792255
38.382382782145115,286.4352604529398
44.15320993086499,273.9675634833905
41.57675277676009,275.81172941108446
35.99618432862174,282.04938817812763
34.89526990125482,283.522279325911
43.54173946605551,282.25911185320535
37.50919207467414,280.8684453912439
44.0456302200348,279.91429293042546
40.84915780181107,267.534672079876
42.40027417810587,281.02666210525246
40.76713467724071,278.0563791789525
40.744424142506965,270.0392871826229
50.08637089556843,279.3204922756805
42.550519761951875,280.0808634055468
52.82448817133406,283.80660989530594
47.677471657421634,282.01385229188855
43.896193897941416,272.9173789214941
46.852469979818316,268.1356086217998
35.394814514319016,270.5729962641261
46.960834613587735,281.2882249759941
41.88493017577328,273.95189136609434
40.31758677987835,281.2120482504754
49.385995746683164,278.18047024568676
46.31305462786527,269.80355989318133
42.1452740986219,285.2881368156308
48.53349615656674,285.50777785592805
41.75054701648649,269.82242682632875
53.704571934512444,283.5514099222934
47.178678153113275,269.31198178185946
46.69466334334667,283.0938405301325
53.439198172258344,280.256228744016
45.91220846397919,267.4726763410463
42.781060737590465,281.50216035477285
38.65474600906903,282.2973990320868
53.156719294334195,274.2433935822926
40.10039759088386,278.3270905503176
36.552240945272246,279.11396656773303
49.08967717847142,269.04312148031823
45.712989098090816,277.4617436686082
41.98517347221014,285.918277840843
50.52682562981581,274.9940584728847
41.751715632883986,284.22237891950283
45.84316858225165,277.3805750717492
48.687906192360636,275.0494730552004
37.060011178570065,271.79823886083744
44.84740961176631,267.2291242602994
42.79979615443474,280.9765185027298
42.301431352116865,271.4010330326962
39.652599531785924,280.4575726317511
47.59186775058183,274.30312833129614
37.79659827626149,269.51976797743714
38.704834387103574,279.9572059515287
162.4302776251415,7.434260572594409
164.52987231364835,12.993886808752613
151.06318245571967,12.063280564250658
162.53457914711313,14.382104788071974
169.72099138500022,9.921304033029104
157.72561105079347,17.751897577030856
168.11265863494415,5.748931410153299
151.90677182720577,13.473704028279705
155.48091823791506,15.197678530685257
153.67028366506386,21.757281504597444
167.82855634894378,15.33350547501323
164.2155130555327,19.07119255235918
156.9914110573034,12.318032363280192
151.69597315455835,8.9768525833548
155.07991021748168,19.23786578486876
161.07236637333276,22.552015333332328
153.08934777535427,5.951141034958141
154.99494337597,20.56507645190161
161.37569843896458,8.30956053657454
163.07380467882228,15.280460046836335
167.9146559908234,24.74303044512597
156.97631605339765,21.01093981034468
161.34688733338044,7.1760977210174985
159.48450570301992,11.80274266500885
156.0481924257176,16.0331796267782
169.1826030530535,22.058953413034356
168.40964795241825,13.77222147556539
159.34348620813861,16.727049190902548
169.97931336562888,15.319564382969848
161.33254589530083,13.362280767706634
166.85181113702973,11.624101272063546
156.875871688998,24.39692090354969
167.87163815088545,23.509475364802185
152.09909110070612,16.42961843415791
154.21963879191975,8.155854558602282
161.07572644299762,18.467254940198654
168.08750092249622,11.682583614426859
163.49126031155848,7.160106093457831
169.5890560700772,18.743516402848734
158.99309384842024,18.56485170212916
163.2297939876038,8.090147641942432
151.35021650630947,17.745464091109653
155.97132641834094,13.736050198469183
157.05093795117236,5.788971430242325
168.12273883967507,9.638376466814881
164.58362014454764,20.043471329205914
156.6717319804288,13.783677885065101
155.88655613075863,12.18853405000075
153.64265943447828,10.497569167043126
158.59845028183196,5.075603646611974
165.8428470082475,17.838950125584393
156.52448845310067,12.1963624321352
161.65460647141222,7.073211156367712
161.62142577058157,6.065356061520401
163.30328706728196,16.721067731372347
151.73363743951325,17.108598140938216
164.38181879216557,13.468243947478012
159.2866133704001,6.497483891782091
151.15137207752647,20.480614326677014
156.36097621456094,23.05244391293911
152.07929965154585,9.829049294778612
155.81659440124534,15.82177088033605
150.50535552529686,14.034238142212965
165.0389989611431,11.885154697504461
155.12077009826487,16.46365792816879
166.83743468911848,24.02548759534507
155.17134966891368,9.754569878707944
166.67628043748707,19.53290738853412
165.82239212662833,15.67486541577831
155.63108961918493,14.925761759912941
165.089906717744,17.56450350761956
166.79399768270895,21.467323317087946
163.2772499747143,21.876607699487536
162.62161865786405,7.967504384562119
152.99588635075838,20.399479477018005
156.32408100545373,18.234780452403935
161.76630922121043,22.28052004166946
161.8096976874419,7.502244859383925
150.58954127413705,9.609838251310107
158.8307923154722,9.403880002411999
158.83636637422362,14.89285680906813
160.2524463507653,11.00853923510495
152.26467906842413,21.68468235597453
169.55285709899067,15.123927190289953
153.6755398349834,20.454584183059865
167.52258823603037,18.04246902023832
165.80943160574714,18.329417696123073
155.52039592421136,23.352680807393163
168.29419444966376,14.495019715357074
160.56669977794246,21.109156400208384
155.98679922301312,4.936297531185302
151.4826407695936,11.16958944396292
168.51320213533697,7.294290586753899
169.0216947185659,18.855919491088326
150.88439129188035,13.614224849486352
31.189909007122992,-71.83485477470138
31.407106197805007,-77.45579393795656
12.929357077585163,-81.15330593381312
23.79705330469738,-75.30476817594676
17.14018219990931,-86.99422809684957
18.337265530840572,-77.39240699031964
30.21300006758254,-71.07010372566491
18.483371026693113,-70.16601889995366
14.343376476085396,-80.35155751775504
29.688593679898396,-84.08199244034148
29.266153954564277,-78.06475503446723
27.54515321472583,-77.6598073677617
24.665065255366788,-72.63148673710474
21.667811809055028,-87.85235793718813
23.574927733914286,-79.46122747687431
16.796564667398208,-70.09262492334682
16.51698084679744,-77.57456727246624
15.214936025044292,-85.98686800570742
13.532669950397265,-88.84230382824497
14.806049723575782,-70.37849694044613
11.92803252465893,-85.39044703050615
22.437663436269478,-74.69556769274178
31.297168508753707,-76.56010375932492
24.62351493480181,-78.92928949384554
18.063385206407368,-73.6118785852838
24.335137284578245,-83.37036795579654
18.674102222970763,-88.9415828482783
15.107770428852543,-77.6539140707737
12.051645620809822,-77.19395995859036
22.50383200227524,-79.5053229005841
12.002450763710986,-75.44918608864373
15.894893256697605,-70.6620488375533
31.25249095753802,-73.59389065565433
21.568457056179376,-87.64892837185418
17.41947337659824,-72.72710814782955
25.08467773939029,-83.50791915040259
16.35238558854924,-77.77856835732882
16.576272564924945,-84.2952468986588
26.329778818372894,-86.07523700049857
27.813404217723317,-77.1398621149583
20.933567781859104,-79.20417687284666
17.182306817772172,-80.47040681908649
24.05039156044176,-84.82828319933388
20.153681648276145,-77.27788930912757
31.564703024427487,-88.16112853058546
20.84821079945739,-72.35076930773951
13.77836818106272,-85.89416782289695
27.611595021567716,-87.16279375025903
29.796402301755965,-87.43878521144416
24.98158049143655,-88.96281966680708
27.361470138610514,-83.02839851453484
15.601217835568358,-72.17502278417007
16.233631873548873,-85.10490454489388
31.243779077720383,-80.5569217122956
31.054144837590528,-80.02357129570854
28.51517989308786,-87.3381118096297
15.765210197828733,-84.50594663767484
16.525241571513963,-76.79539709418748
11.970817131227301,-81.35090675456442
31.20583927888493,-89.00249831408287
13.055369101256277,-79.4093218348106
26.05612835095745,-81.99149880175098
26.036689190341033,-70.19502352703941
23.576681161767375,-80.4694164789221
16.878450885001815,-72.93594505413529
26.183320114285646,-81.63945893159641
22.1596561377124,-84.53400358565641
25.787180665958005,-80.71621571006243
17.58455043926285,-88.77628820512726
12.76679791210741,-76.3482197705188
25.786289333225675,-70.16903905266365
15.065569233062167,-77.00834762859326
25.110538788002266,-80.34786539258606
25.12304835225511,-70.20531609442197
16.052929837639432,-75.16903391530948
13.727775606082602,-79.67826268979813
13.605483414518215,-87.54687579424353
24.680747963445413,-75.56837399978353
19.098525247085544,-78.83032996259391
17.97571960957809,-85.54450518363855
28.054672456218135,-81.1367959571684
13.13351243511656,-82.20882208303038
24.156556916336356,-78.86314223466132
28.158721897092974,-69.39225379953962
19.311209911054124,-71.42684514949303
27.96191908208108,-88.80873491559144
28.107523657466917,-85.54430220212166
14.137320025644962,-86.67661032107452
22.10074675905842,-88.94376545021676
17.061745797732904,-73.25541285860618
24.78466666962462,-88.17987428534977
17.280312555818707,-79.0624347977606
16.84557292894998,-81.31674011922219
27.919811979816405,-78.39049857071349
25.343794351761346,-77.06431319241885
207.11398034018197,-202.56732898752986
220.82785631500923,-214.5265111717532
213.44281210408414,-216.4647057277134
219.29478395537535,-210.59346667562465
208.83641286222485,-209.09997226887597
210.25481739318965,-204.21780140514474
213.94849897273298,-205.4383071689797
220.32865845120708,-202.75283433279216
220.6683559335174,-199.55745882922443
207.0978574722292,-209.09816635021718
207.9988661978851,-216.19324038156591
207.74073638255544,-206.37215785290996
214.67355634207104,-211.50474241494084
205.98074531874587,-210.60489400972835
209.38541320611137,-212.31406965210806
204.89864963475782,-205.43113699403443
221.3635326367245,-212.2839105605782
222.39513599524227,-204.00143588288105
207.15822461513878,-213.65727741124752
211.04575341208022,-205.0461209541158
206.20473119382822,-200.52027303259726
208.37070633257986,-209.58387001977846
222.15078912484802,-199.64240319591497
222.5728820444564,-219.07689671619377
208.84736697935278,-205.18394804325794
210.21187689709745,-210.47967266402802
209.880543527364,-200.05947762058733
217.4848656550373,-217.33946786730533
214.5707767561282,-203.88750912239786
219.3233126439536,-216.57171023078106
213.6983399272792,-207.8066492232195
212.14414372427981,-205.51518115044058
212.7442788962952,-215.10614848833328
208.11492674126777,-215.87364727467505
212.2348703123833,-216.23383131492335
209.5372140537567,-199.2349471154173
204.86814361359131,-215.98895982291305
203.86897774065977,-207.60448581659873
213.79006524321062,-207.62458788560028
210.7802297496953,-201.02623710959944
210.66144130397646,-213.66685346445504
205.30969080485826,-205.5306424413714
219.06853036921245,-204.55467465880565
209.7000768080516,-205.16121121375207
217.44736026092,-207.95231482961805
220.03513616364322,-207.18905250677003
210.66860324620131,-213.64070690158422
211.095362212893,-199.82982868297697
205.76576414159538,-218.62382516111495
207.90301656219594,-202.4091436533033
208.60470655334038,-212.0772016462219
211.620848382931,-200.7269280588041
216.41069767977757,-217.04307506745917
213.05501678593473,-217.53761709894522
209.01260334228797,-204.30156404482227
213.57438774365076,-202.8008464354651
216.72195555292285,-204.78618772607575
218.15505947746055,-204.67287394371957
214.22157116810786,-211.42398045100077
214.86968031997088,-213.12166696534712
207.20626080184286,-214.86660002079802
209.56229999088126,-219.0123386745949
220.93344464776732,-213.08819798922505
205.79695648112101,-210.5768222369045
207.83849345288775,-211.99536312967712
212.9220872460361,-208.75869485498043
205.8744809908924,-199.6936920011576
216.24969420087893,-209.19840814343166
218.0068977820553,-199.88394228074714
219.35340196751804,-215.85259969130547
215.54279321714475,-218.88595877201743
218.34367819074254,-217.2058115492618
206.39518630894133,-205.37410065653754
222.234863972453,-208.17960329712236
205.61154024800737,-216.63920273342848
211.20426396903986,-202.97742922286474
218.50955021016554,-200.21894321062626
205.56713550993516,-204.4842018996237
206.90192610905396,-201.74328762102752
210.45908564175664,-202.6393827970425
219.8319067629417,-201.631636950649
209.61641701422178,-209.02561339107538
211.12552230740357,-214.946522232167
209.83650152369898,-208.67584711373962
211.85103369321416,-215.80694249849526
216.06895989330584,-201.66422340421266
203.77380539448416,-203.40016254517764
204.85613108687664,-199.30550702294832
203.4690462188612,-207.78579499143692
205.49790619445457,-207.99154224654086
210.57180764706004,-211.69377255107224
216.3625131108411,-215.71803294194243
210.40552011628935,-199.89174024400955
202.74256327297934,-203.72637440860498
204.38311423411673,-206.60964200207945
-203.9297271071505,-85.9275007361937
-194.98052035154328,-94.36601894782203
-198.0259087520968,-91.05516480208196
-188.02551809409857,-103.62818539573723
-195.32378067145441,-101.8683526221543
-201.17833370931027,-94.07557347445496
-189.67817389214525,-103.97174984835483
-203.84271361557538,-105.39798580619161
-189.98273166390143,-93.15590456206365
-188.6655200435173,-86.04451112068917
-194.4998279910875,-93.14363713025055
-199.54669965617035,-90.18907371633011
-197.4576750741597,-103.8158252810754
-187.99970653231117,-86.57382067591203
-187.70368426373741,-104.64111407849339
-192.88393444630557,-99.50478066395982
-190.12384090127614,-87.05112201606197
-194.5247554515135,-93.70129631361928
-203.34620225489718,-101.60129467224787
-199.37360769156868,-95.64867610224996
-184.89027769384606,-97.73919807644094
-186.60398207928856,-101.2634641298561
-186.70670770854883,-96.24099726474783
-198.67653126708154,-97.25769464506489
-185.08124686766385,-102.46934421413928
-187.75454638702067,-98.24813687474797
-186.33162839409067,-98.66380607764994
-198.7102921635462,-97.23352024121559
-185.74595116910055,-90.53885567446973
-186.35308855151473,-91.83991308965646
-197.6810016607714,-96.92630926562585
-204.73815795979561,-89.5451569935434
-187.85027568689458,-98.26273622477296
-201.53306139040262,-88.70785265269767
-185.28394498811747,-99.67372032955252
-198.87101985220337,-99.55063018850117
-191.94918824275953,-97.29477587616124
-195.73806651933387,-91.83822170520396
-190.00880004281856,-104.34937515322844
-204.80170921797972,-100.08520041447429
-187.94845718330333,-91.95409221092703
-189.30415298862943,-96.13932111799156
-199.24915810088646,-91.12814871032015
-191.88244927113445,-86.5965260585755
-188.9749265097665,-96.34598993247758
-198.6622232418186,-96.72662674090573
-188.85850617822143,-87.88100082342729
-203.68420245151822,-103.96579084112575
-199.20096406683894,-92.67239629006251
-202.3033157538138,-101.45061633865441
-192.05106243702048,-99.34562943726625
-188.14776830978178,-97.78855180999591
-194.2968643905541,-102.21280475925198
-196.9968031831065,-101.82815939754609
-187.58520692870218,-98.32192402583627
-187.49031235931034,-100.10128870879377
-196.49269077688527,-89.91251111118224
-193.6369720773175,-99.00637936345943
-201.06207754001963,-100.15673152369888
-186.34337113154479,-90.09658281537544
-203.59330015457607,-95.01792367182676
-192.51974838086926,-94.99525182252499
-199.50366496338697,-86.54077686204124
-187.03173011958356,-96.19197604124653
-200.0987362581771,-92.32098646924877
-191.04886606414811,-99.46686129882929
-192.4119158947337,-100.89387637986948
-194.77364359591337,-86.46014269547402
-193.28161745254505,-103.13039001225262
-192.68635464253717,-88.05961404735976
-198.7861323942198,-102.31792841863563
-196.93660130565164,-91.57946570010651
-201.35893297734867,-89.38678225854139
-192.72556536532576,-87.15914281630998
-190.23726654581407,-96.35009101146031
-196.39700224323929,-91.52072456900463
-202.47926556095481,-87.73995941789394
-191.74908034186888,-91.61347752197652
-200.27188690727152,-105.50522574596874
-189.20896827218112,-99.44966547762364
-199.07842924950398,-86.55813122834033
-199.77439953804836,-90.94871971449317
-194.874377576456,-96.67257539687539
-186.5888012729754,-87.65630346768693
-190.20307339396626,-88.48513721968476
-194.78802663955497,-92.04129932427969
-198.85940441784427,-96.69151283721001
-198.77193492920287,-90.5096555292557
-188.70505571631674,-99.32358166476183
-196.98782887561524,-100.51549286763175
-195.97290854950342,-105.49881728038244
-204.07102947763062,-105.00982321202193
-201.5058598543866,-102.29116643450523
-191.3335802667902,-93.38432238864691
-201.20009879213004,-103.19744510311598
-80.35084795206849,-219.19352775122672
-69.96658897610493,-223.8585272322907
-67.80267893193044,-215.49048589992097
-75.0782192556708,-224.63560578990155
-76.4608218858053,-225.19558558706174
-71.7112948697655,-225.54854466944434
-68.4850865304033,-228.96109481349353
-76.008056955205,-216.70086041590216
-68.74329303876569,-217.3414860806052
-75.84955024439786,-229.32659189890614
-74.66162227084963,-227.27985779098918
-62.52982621551884,-230.16652018286533
-75.72462003012133,-221.5900250339988
-70.28380083945905,-232.1742268028893
-66.01171139415445,-221.1682228178486
-73.14894946305617,-225.64162746130128
-80.64351908019972,-221.09242084735195
-79.68697514516344,-226.07529914267735
-68.37052409740379,-224.07045486439867
-78.60475042195108,-219.51138239644825
-68.52942027595529,-228.03572911109092
-78.91160397269643,-228.58043471916963
-68.10313140730155,-222.1534892912763
-80.70114030124259,-221.43597577297345
-61.55036691534323,-214.36104884888945
-76.76322016238962,-219.51185485181702
-73.10987887399965,-226.35981595523262
-74.94059621973447,-225.78281256637496
-66.94399753172026,-223.35389854415698
-65.94177508945744,-219.95787682392404
-63.320727910633885,-217.3120107402371
-64.31666628747544,-232.2451707403938
-62.489875627340446,-226.49196142490018
-67.80968280689329,-228.41216370732928
-69.5780851555897,-228.41029901247313
-67.16870353872115,-224.2984309206992
-65.33809085279614,-227.17564425878066
-69.10646459605722,-213.93666042228554
-74.55046893689784,-226.27940484037381
-68.93035904089407,-218.63792905401715
-64.27925742000589,-215.8461897580514
-75.80882226691615,-232.35453924995966
-73.2872373298361,-213.33037081124465
-69.37387514037121,-219.28120761686202
-71.45018803489143,-214.09313603518441
-66.46452885278713,-219.52904156769378
-69.10308414353182,-214.65921555731487
-65.51122589756123,-215.51031208636113
-65.45789097390592,-224.28754467186715
-64.58676102317416,-216.26860131397083
-62.540915607271515,-225.43153976511454
-70.96328994979893,-226.0344060827974
-62.50173863083522,-232.26189444698534
-63.478877893175806,-224.8645942565886
-70.20400640020375,-221.95733767051817
-67.85523229284735,-221.28606244846708
-75.21772026079393,-226.03350962611572
-78.61854661354846,-218.74630327051696
-72.47326793494285,-232.2643860953822
-80.05728656431381,-213.1631269890307
-67.13805715044488,-221.31068093861603
-66.81461428560117,-213.54216184086692
-71.81614648952367,-218.31222262595475
-62.623193148760244,-229.645888738396
-71.19184776544654,-222.2532779958828
-68.14396497487755,-230.50699046525466
-74.22368305159691,-217.7810858274014
-78.1718866119693,-219.7019947052718
-72.76939608870815,-226.30416796377853
-63.39348945893701,-221.96516590356114
-72.94240105865444,-230.02783323902523
-68.04111165456818,-224.06710668791152
-70.27753267243392,-225.26825486982654
-77.16780900162456,-223.6651638720628
-72.59894375128695,-219.28881338196373
-80.28288152333658,-218.36885959972548
-77.64878714532098,-223.21064719172435
-61.64656603092044,-218.02656775636686
-71.164318253502,-222.21372795542192
-66.54465539716108,-231.14110475199539
-79.72256485217086,-225.2514308540157
-63.23708178502089,-228.02965532631916
-79.72330594451579,-229.17381506353277
-63.87152614211273,-231.3977435453744
-70.94632668404715,-219.57435652795988
-76.0306423520481,-221.56676915947352
-69.8209581660928,-230.70268314997733
-64.69815864519987,-214.73459067569766
-62.41127897814458,-221.91053357033732
-65.81527250690888,-219.15484578742448
-76.53981210988255,-220.3625072373525
-69.70728959834886,-216.85473929862738
-63.098240276930426,-232.17354819751398
-79.53027067545578,-230.39414355569755
-66.36776511153886,-226.67249131991193
82.70917592431933,-266.2940985141812
291.4914096712511,-276.2815952227088
111.9213388687564,297.06255011883667
-237.51447924347323,44.35190483745109
-233.10880738060726,-172.10694949017508
292.1231813140793,-217.09489417892388
-119.87008506684722,-262.9982202173089
147.82126557329687,-167.73524206368091
-187.326503624288,-296.35014111515625
261.70582903133794,-64.73330484541859
134.30728406955478,-70.26405517673373
-296.3411432807683,-148.705196995717
-119.77700140708143,-134.3425483147919
111.88427908432547,211.52502644089992
-222.4348055252544,-240.78727308466566
-72.79978893885254,109.86755450239
-222.305870941632,136.29866592382237
-106.43042506454037,-165.41351132956862
147.81656780770393,-100.81083734315837
-108.24443932038483,-240.56022281619823
-124.87124528335767,-163.29156530661072
-85.11317615696825,-297.58565795676253
138.91392746596014,-131.84972062954944
139.52747098441614,-231.22186701981093
61.332961564474964,-56.07525686452537
-194.2294042266203,209.0536423510682
181.01679336305241,82.73846596024566
23.548550299157768,-228.05782985190424
278.44449060186,226.07000718307907
-77.55968884991822,129.6673366126783
221.0234424485805,-259.8306600462963
-197.763390513125,72.10568091350014
-141.5453111042627,26.913293943739667
-263.04543953576695,-160.32277000144342
30.55792615472086,-285.53858535817477
70.21518873751364,140.49333141640233
-236.06705288381895,176.45646179223496
-55.5726824968737,135.98512032005922
-116.16110574191649,-201.33363076609797
-125.88556889269552,-70.68726021538829
-117.06690823032635,171.2258736932836
228.63176456604208,201.46499734929245
16.873968713171507,3.2339215725105674
-222.94123404764042,259.77635077451316
155.8212245612441,-233.7903574998381
-115.61575071780588,-55.7158237138331
255.73292027803967,-15.152734794857835
-24.4612131739959,-227.0526602065999
159.2402889779947,148.58268202972152
57.95751362032433,-139.85096447919796
