100
236.6615377358268,-125.13926147283462
235.89154965777632,-123.67429513693335
231.96657593804142,-117.47257736905789
222.55397262468097,-115.9504165096094
220.77891581767835,-120.69798877635135
223.77180988339788,-119.53129255734427
230.76799574930408,-109.31367521616485
236.58073690847678,-124.17740360539712
234.66821945020737,-108.46936677237471
228.61089193615797,-114.55649317973946
233.30753118288646,-124.13425419137616
230.85655764075628,-119.76788147883443
225.26854287548903,-118.03898554839981
237.83629418306344,-117.75231197606246
226.51745927072028,-116.24326716797488
234.99341213195802,-110.52442333113638
233.05984890296253,-124.30696511960747
219.53206240413456,-115.34837153413889
236.46839122122404,-122.74111299168266
236.38363452575652,-121.0211022452862
235.21353894489815,-125.66484613721991
227.5063506828064,-117.10845493580456
236.61018952153012,-122.1011195029822
260.45620621562637,-262.16520459762535
271.58951520842163,-254.51832227934835
273.93091244047474,-248.29604899885004
271.0097881300684,-267.05796685751625
266.7880307057037,-265.27583985766654
261.87443796215865,-262.9371042229859
266.66798837450636,-252.8356728397031
265.524080924605,-253.759932021523
265.4658715340466,-257.49897153558663
262.8599672034041,-253.13653569756298
269.38685560889405,-260.8384553936979
277.6119889582137,-261.8682762507137
263.62019173980667,-254.6314033935476
266.974011876888,-256.4445543271355
276.27676796203616,-257.83760613626424
267.29632928530054,-263.1317450027603
272.72243649411723,-248.31850193482865
279.3764219730882,-252.6241275314558
272.0325775781687,-252.10803361241915
268.62131327718186,-258.99810916554804
269.6285861569711,-254.80105667150332
277.9844085400652,-248.45936079260306
275.0576412768528,-262.19828585946914
11.809121265624048,-167.82087599836046
23.563707499703362,-176.0975703195457
25.174303754224134,-173.60239043412588
24.59329557890075,-168.80811537797672
9.753875231653307,-173.112977834546
12.654516471594576,-180.19198367644765
21.940068494427926,-174.15186760732436
20.30980324972512,-172.1996482520095
11.024747870517231,-169.81990542534405
8.211465192551765,-173.36749491744266
24.390269228424806,-168.2800753784923
14.422044131230301,-170.42688501361667
10.709921110768413,-178.60237104461734
8.08222252991269,-171.92399599822295
18.561032269944945,-185.26913066015914
16.073554063365243,-181.65956785970332
13.55474833391389,-183.45564602835725
9.4160134626323,-176.77088038952581
20.593966102084597,-174.32991816443698
16.606771136137866,-176.65840585646976
14.891391563082866,-184.50627280159316
5.9504301877515715,-177.26927308097598
13.538006739326672,-180.03861744548522
-167.40700306414007,-265.05651139579504
-173.96757059204444,-257.1802277256494
-162.14054145333824,-253.65815387760557
-162.12888371914752,-260.9926186912771
-168.17955011422512,-258.2411899292649
-156.6291749266257,-255.13657858019673
-162.2772069027572,-262.84570766098125
-168.7072862382019,-248.5887740202153
-170.98805124677742,-258.5107015167779
-165.58052897081566,-247.5866989172514
-165.2726127663158,-255.02846419429505
-163.84877360332106,-253.20062546191224
-158.0664803746273,-262.8674819393183
-169.75990898663264,-261.9267417500933
-171.62227292806867,-251.41756465515047
-170.2978542152915,-246.76616586160839
-171.75436103172635,-253.35410952342417
-176.05687735883046,-257.7895317458179
-169.59089016537243,-247.01125561558743
-161.0100454077833,-262.01902320683644
-163.53150606530852,-256.84557369757255
-175.03014840987112,-258.84576552180715
-163.7283555274462,-256.7410994507249
4.762170825472789,-198.69673873591503
126.72875526565271,-84.77264096181749
-40.99025369547697,-198.60651156992023
-276.1670241244434,-76.82411751270519
-114.06099668242335,-33.58784994516899
1.020314889823437,93.49932448660174
63.464177297685765,251.6962750421602
-212.37160536064076,-206.50318586610996
