483380.100000 4207876.500000 24.0
483359.700000 4207795.700000 25794.0
483245.400000 4207737.100000 25824.0
482962.600000 4207657.700000 25854.0
482952.000000 4207654.400000 25884.0
482952.000000 4207654.400000 25914.0
482919.400000 4207554.500000 25944.0
482873.000000 4207219.400000 25974.0
482833.000000 4206987.600000 26004.0
482977.700000 4206960.600000 26034.0
482933.300000 4206712.200000 26064.0
482831.300000 4206582.500000 26094.0
482537.700000 4206422.300000 26124.0
482478.900000 4206397.000000 26154.0
482476.200000 4206400.400000 26184.0
482478.700000 4206303.900000 26214.0
482360.800000 4206213.200000 26244.0
482199.100000 4206145.800000 26274.0
482068.100000 4206046.200000 26304.0
482009.100000 4205951.900000 26334.0
482075.800000 4205997.100000 26364.0
481968.600000 4205957.500000 26394.0
481885.900000 4205879.000000 26424.0
481851.600000 4205846.900000 26454.0
481831.300000 4205823.600000 26484.0
481785.500000 4205781.400000 26514.0
481703.600000 4205705.000000 26544.0
481592.700000 4205596.500000 26574.0
481725.800000 4205455.200000 26604.0
481802.900000 4205370.800000 26634.0
481738.600000 4205337.500000 26664.0
481550.300000 4205496.700000 26694.0
481453.600000 4205457.900000 26724.0
481500.000000 4205412.600000 26754.0
481572.700000 4205346.800000 26784.0
481795.400000 4205158.800000 26814.0
482039.900000 4204955.100000 26844.0
482030.000000 4204873.000000 26874.0
482015.900000 4204849.800000 26904.0
481992.100000 4204825.300000 26934.0
482074.300000 4204685.400000 26964.0
482182.200000 4204610.700000 26994.0
482196.200000 4204587.400000 27024.0
482247.000000 4204517.400000 27054.0
482188.800000 4204405.400000 27084.0
482148.500000 4204435.500000 27114.0
482117.900000 4204528.700000 27144.0
482300.800000 4204638.400000 27174.0
482470.600000 4204755.700000 27204.0
482419.900000 4204845.500000 27234.0
482501.600000 4204848.700000 27264.0
482599.900000 4204832.000000 27294.0
482697.400000 4204849.600000 27324.0
482763.100000 4204818.500000 27354.0
482789.500000 4204858.300000 27384.0
482786.000000 4204861.700000 27414.0
482819.500000 4204940.300000 27474.0
482908.700000 4205166.600000 27504.0
482859.600000 4205235.700000 27534.0
482811.300000 4205187.900000 27564.0
482746.200000 4205136.900000 27594.0
482756.700000 4205114.800000 27624.0
482777.000000 4205105.900000 27654.0
482845.500000 4205148.900000 27684.0
482901.800000 4205152.200000 27714.0
483001.000000 4205163.000000 27744.0
483009.100000 4205271.700000 27774.0
482834.700000 4205413.100000 27804.0
482802.400000 4205516.400000 27834.0
482660.200000 4205488.800000 27864.0
482618.900000 4205438.900000 27894.0
482397.200000 4205614.600000 27924.0
482334.800000 4205563.500000 27954.0
482368.600000 4205378.100000 27984.0
482423.900000 4205425.800000 28014.0
482537.400000 4205541.100000 28044.0
482620.100000 4205635.300000 28074.0
482621.000000 4205639.500000 28104.0
482730.000000 4205693.500000 28164.0
482616.300000 4205937.900000 28194.0
482516.700000 4206194.600000 28224.0
482496.500000 4206251.400000 28254.0
482407.700000 4206214.700000 28284.0
482395.300000 4206132.700000 28314.0
482495.400000 4206131.200000 28344.0
482635.200000 4206193.100000 28374.0
482678.900000 4206103.300000 28404.0
482682.400000 4206094.400000 28434.0
482623.400000 4205992.500000 28524.0
482603.100000 4205981.500000 28554.0
482508.800000 4206215.000000 28584.0
482477.400000 4206298.400000 28614.0
482476.500000 4206302.600000 28644.0
482467.900000 4206327.200000 28704.0
482458.200000 4206350.500000 28734.0
482457.400000 4206352.600000 28764.0
482436.400000 4206403.900000 28824.0
482491.900000 4206509.200000 28854.0
482487.200000 4206750.000000 28884.0
482480.000000 4207053.100000 28914.0
482748.500000 4207024.600000 28944.0
482906.600000 4207055.100000 28974.0
482943.100000 4207310.300000 29004.0
483021.800000 4207545.400000 29034.0
483039.500000 4207581.000000 29064.0
483204.400000 4207508.700000 29094.0
483274.700000 4207588.500000 29124.0
483315.200000 4207647.300000 29154.0
483381.900000 4207716.100000 29184.0
483350.400000 4207751.700000 29214.0
483349.500000 4207751.700000 29244.0
483274.100000 4207795.100000 29274.0
483336.600000 4207877.100000 29304.0
483376.900000 4207880.400000 29334.0
483391.900000 4207918.000000 29364.0
483389.300000 4207989.100000 51384.0
483290.200000 4207989.300000 51414.0
483185.600000 4207897.300000 51444.0
483066.600000 4207690.900000 51474.0
482991.100000 4207669.900000 51504.0
482975.300000 4207666.600000 51534.0
482696.900000 4207590.600000 51564.0
482695.900000 4207502.900000 51594.0
482711.300000 4207348.800000 51624.0
482724.900000 4207099.100000 51654.0
482756.300000 4207019.000000 51684.0
482973.900000 4206947.500000 51714.0
482920.500000 4206656.800000 51744.0
482920.500000 4206646.700000 51774.0
482651.600000 4206483.000000 51804.0
482493.300000 4206410.100000 51834.0
482472.200000 4206399.100000 51864.0
482464.300000 4206392.400000 51894.0
482464.300000 4206391.100000 51924.0
482462.600000 4206339.900000 51984.0
482481.700000 4206289.900000 52014.0
482436.900000 4206236.700000 52044.0
482383.300000 4206216.900000 52074.0
482355.100000 4206209.400000 52104.0
482264.600000 4206171.900000 52134.0
482288.800000 4205994.500000 52164.0
482313.200000 4205865.800000 52194.0
482265.800000 4205863.800000 52224.0
482167.200000 4206101.400000 52254.0
482048.400000 4206018.300000 52284.0
481975.500000 4205961.700000 52314.0
481922.500000 4205849.700000 52344.0
482102.900000 4205665.200000 52374.0
482313.100000 4205441.700000 52404.0
482378.800000 4205384.800000 52434.0
482455.300000 4205453.600000 52464.0
482589.600000 4205457.600000 52494.0
482623.800000 4205441.900000 52524.0
482553.800000 4205565.200000 52554.0
482593.500000 4205648.500000 52584.0
482490.000000 4205710.900000 52614.0
482591.200000 4205791.500000 52644.0
482761.600000 4205861.000000 52674.0
482834.400000 4205818.500000 52704.0
482700.800000 4205745.600000 52734.0
482808.400000 4205549.000000 52764.0
482849.200000 4205392.300000 52794.0
483001.400000 4205109.200000 52824.0
482947.500000 4204975.200000 52854.0
482883.100000 4204842.000000 52884.0
482836.300000 4204744.300000 52914.0
482552.600000 4204657.300000 52944.0
482488.600000 4204727.300000 52974.0
482519.500000 4204787.300000 53004.0
482571.400000 4204846.000000 53034.0
482669.700000 4204841.600000 53064.0
482758.400000 4204819.400000 53094.0
482785.800000 4204867.200000 53124.0
482908.500000 4205128.900000 53154.0
482899.900000 4205192.000000 53184.0
482824.400000 4205223.000000 53214.0
482705.700000 4205172.100000 53244.0
482617.000000 4205173.500000 53274.0
482605.200000 4204984.800000 53304.0
482456.000000 4204983.000000 53334.0
482317.300000 4204995.500000 53364.0
482127.200000 4205196.600000 53394.0
481940.500000 4205373.500000 53424.0
481742.500000 4205577.100000 53454.0
481698.900000 4205675.800000 53484.0
481603.100000 4205606.200000 53514.0
481661.700000 4205510.800000 53544.0
481796.500000 4205367.500000 53574.0
481686.800000 4205364.300000 53604.0
481509.800000 4205511.200000 53634.0
481452.500000 4205436.800000 53664.0
481546.300000 4205355.700000 53694.0
481742.500000 4205191.100000 53724.0
481840.600000 4205106.600000 53754.0
482058.800000 4204917.400000 53784.0
482012.100000 4204849.800000 53814.0
481976.700000 4204758.800000 53844.0
482117.000000 4204674.300000 53874.0
482206.400000 4204553.100000 53904.0
482206.900000 4204415.500000 53934.0
482170.900000 4204397.800000 53964.0
482078.000000 4204535.600000 53994.0
482050.200000 4204663.000000 54024.0
482142.500000 4204693.700000 54054.0
482171.600000 4204729.200000 54084.0
482283.500000 4204925.400000 54114.0
482319.100000 4205114.100000 54144.0
482342.400000 4205343.800000 54174.0
482480.500000 4205479.000000 54204.0
482600.200000 4205627.300000 54234.0
482718.900000 4205674.900000 54264.0
482607.900000 4205922.700000 54294.0
482558.900000 4206053.600000 54324.0
482479.500000 4206267.900000 54354.0
482477.800000 4206276.800000 54384.0
482458.700000 4206326.800000 54414.0
482458.700000 4206332.300000 54444.0
482415.000000 4206434.400000 54534.0
482487.200000 4206521.900000 54564.0
482483.600000 4206843.500000 54594.0
482492.700000 4207063.200000 54624.0
482862.000000 4206950.300000 54654.0
482920.400000 4207150.800000 54684.0
482976.200000 4207435.900000 54714.0
483061.700000 4207565.700000 54744.0
483274.100000 4207534.300000 54774.0
483285.700000 4207655.400000 54804.0
483214.700000 4207705.500000 54834.0
483389.400000 4207769.400000 54864.0
483459.600000 4207796.000000 54894.0
483498.300000 4207811.500000 54924.0
483390.500000 4207886.300000 54954.0
483367.600000 4207836.400000 54984.0
