480713.000000 4209503.400000 20585.0
481157.500000 4209350.400000 20615.0
481498.700000 4209301.800000 20645.0
481815.100000 4209115.800000 20675.0
481824.800000 4209102.600000 20705.0
481871.500000 4209185.900000 20735.0
482060.900000 4209494.000000 20765.0
482201.600000 4209656.700000 20795.0
482248.300000 4209695.500000 20825.0
482432.200000 4209942.700000 20855.0
482680.500000 4210346.000000 20885.0
482946.100000 4210702.700000 20915.0
483120.700000 4211137.400000 20945.0
483186.800000 4211273.600000 20975.0
483249.400000 4211428.800000 21005.0
483281.100000 4211503.200000 21035.0
483334.100000 4211642.800000 21065.0
483087.400000 4211951.800000 21095.0
483067.400000 4212055.100000 21125.0
483111.200000 4212426.700000 21155.0
483164.700000 4212830.300000 21185.0
483194.700000 4212921.300000 21215.0
483280.300000 4213145.400000 21245.0
483284.900000 4213294.000000 21275.0
483280.800000 4213389.200000 21305.0
483340.900000 4213565.600000 21335.0
483382.500000 4213814.000000 21365.0
483366.000000 4213932.500000 21395.0
483408.500000 4214073.400000 21425.0
483568.000000 4214446.800000 21455.0
483726.700000 4214843.500000 21485.0
483747.400000 4215102.100000 21515.0
483787.100000 4215194.300000 21545.0
483826.700000 4215272.900000 21575.0
483829.400000 4215280.500000 21605.0
483884.800000 4215371.400000 21635.0
483956.000000 4215433.500000 21665.0
483997.200000 4215490.100000 21695.0
484121.100000 4215637.600000 21725.0
484320.800000 4215965.700000 21755.0
484432.000000 4216326.100000 21785.0
484536.900000 4216581.100000 21815.0
484776.700000 4216839.300000 21845.0
485045.300000 4217089.300000 21875.0
485265.000000 4217307.400000 21905.0
485414.200000 4217431.500000 21935.0
485715.100000 4217590.600000 21965.0
485868.800000 4217701.200000 21995.0
485993.300000 4217755.200000 22025.0
485997.700000 4217781.800000 22055.0
485910.000000 4217730.800000 22085.0
485610.700000 4217534.900000 22115.0
485578.200000 4217527.300000 22145.0
485577.400000 4217526.000000 22175.0
485264.000000 4217315.800000 22295.0
484989.000000 4217026.800000 22325.0
484672.900000 4216733.200000 22355.0
484474.200000 4216444.900000 22385.0
484396.800000 4216265.200000 22415.0
484383.800000 4216273.300000 23720.0
484311.100000 4216328.800000 23870.0
484396.000000 4216223.300000 23900.0
484393.200000 4216117.900000 23930.0
484464.000000 4216016.600000 23960.0
484469.200000 4216013.200000 23990.0
484440.900000 4215903.200000 24020.0
484406.400000 4215711.100000 24050.0
484297.500000 4215586.900000 24080.0
484155.400000 4215547.400000 24110.0
484038.600000 4215421.100000 24140.0
483984.900000 4215313.700000 24170.0
483936.600000 4215258.300000 24200.0
483968.700000 4215097.400000 24230.0
483965.200000 4215096.100000 24260.0
483954.300000 4214933.200000 24290.0
483988.000000 4214703.300000 24320.0
483988.000000 4214696.500000 24350.0
484039.200000 4214461.100000 24380.0
484101.000000 4214222.300000 24410.0
484110.600000 4214193.500000 24440.0
484153.300000 4214031.300000 24470.0
484163.600000 4213871.700000 24500.0
484153.700000 4213779.400000 24530.0
484133.800000 4213459.900000 24560.0
484157.900000 4213169.100000 24590.0
484160.400000 4213109.000000 24620.0
484159.500000 4213043.400000 24650.0
484147.100000 4212972.300000 24680.0
484236.600000 4212959.900000 24710.0
484365.600000 4212949.400000 24740.0
484542.700000 4212923.700000 24770.0
484625.000000 4212844.800000 24800.0
484618.800000 4212805.900000 24830.0
484600.200000 4212728.100000 24860.0
484651.000000 4212692.400000 24890.0
484713.200000 4212679.200000 24920.0
484759.700000 4212670.200000 24950.0
484813.200000 4212654.400000 24980.0
484841.300000 4212637.900000 25010.0
484964.000000 4212568.700000 25040.0
485061.300000 4212505.400000 25070.0
485097.200000 4212482.100000 25100.0
485150.700000 4212448.600000 25130.0
485196.300000 4212417.600000 25160.0
485243.600000 4212387.400000 25190.0
485305.800000 4212349.700000 25220.0
485342.500000 4212325.000000 25250.0
485448.600000 4212285.100000 25280.0
485464.200000 4212239.700000 25310.0
485464.200000 4212211.800000 25340.0
485435.900000 4212108.600000 25370.0
485434.200000 4212087.400000 25400.0
485426.200000 4212038.800000 25430.0
485397.000000 4211914.400000 25460.0
485348.500000 4211749.000000 25490.0
485256.000000 4211578.100000 25520.0
485139.700000 4211298.600000 25550.0
485125.600000 4211256.300000 25580.0
485122.900000 4211252.900000 25610.0
485085.200000 4211208.500000 25640.0
485200.700000 4211069.500000 25670.0
485261.200000 4211013.900000 25700.0
485174.000000 4210823.200000 25730.0
485064.900000 4210609.200000 25760.0
484908.500000 4210466.500000 25790.0
484848.800000 4210492.000000 25820.0
484904.400000 4210196.900000 25850.0
484941.800000 4210033.800000 25880.0
484948.800000 4210008.400000 25910.0
484865.200000 4209882.000000 25940.0
484727.200000 4209731.200000 25970.0
484544.200000 4209546.100000 26000.0
484497.600000 4209500.900000 26030.0
484467.700000 4209462.000000 26060.0
484446.600000 4209444.300000 26090.0
484400.000000 4209393.200000 26120.0
484226.000000 4209267.000000 26150.0
484189.900000 4209218.400000 26180.0
484169.600000 4209195.100000 26210.0
484042.200000 4209088.700000 26240.0
483930.500000 4208987.800000 26270.0
483903.100000 4208939.100000 26300.0
484021.400000 4208826.700000 26330.0
484067.700000 4208684.400000 26360.0
483860.900000 4208418.600000 26390.0
483680.500000 4208185.800000 26420.0
483566.900000 4207970.600000 26450.0
483542.200000 4207890.600000 26480.0
483533.400000 4207874.100000 26510.0
483449.200000 4207881.100000 26600.0
483401.900000 4207891.300000 26630.0
483394.800000 4207879.100000 26660.0
483394.000000 4207882.400000 26690.0
483417.800000 4207880.300000 26750.0
483414.400000 4207881.600000 37930.0
483501.300000 4207863.600000 38140.0
483526.600000 4207812.300000 38170.0
483826.900000 4207888.300000 38200.0
484222.100000 4207995.100000 38230.0
484667.200000 4208086.500000 38260.0
485046.600000 4208191.200000 38290.0
485255.000000 4208357.200000 38320.0
485416.900000 4208590.900000 38350.0
485483.700000 4208700.900000 38380.0
485639.000000 4208630.800000 38410.0
485889.700000 4208489.400000 38440.0
486045.000000 4208485.700000 38470.0
486258.900000 4208375.300000 38500.0
486566.900000 4208320.700000 38530.0
486643.200000 4208354.800000 38560.0
486689.900000 4208440.200000 38590.0
486958.300000 4208347.500000 38620.0
487278.500000 4208251.800000 38650.0
487517.100000 4208138.400000 38680.0
487581.400000 4207718.900000 38710.0
487579.000000 4207208.500000 38740.0
487536.200000 4206841.100000 38770.0
487354.500000 4206809.200000 38800.0
487347.100000 4206570.500000 38830.0
487360.200000 4206455.000000 38860.0
487343.400000 4206421.600000 38890.0
487270.400000 4206312.900000 38920.0
487140.400000 4206289.800000 38950.0
487192.900000 4206155.600000 38980.0
487239.300000 4206037.800000 39010.0
487275.900000 4205880.300000 39040.0
487581.200000 4205651.300000 39070.0
487938.200000 4205442.100000 39100.0
488268.000000 4205218.600000 39130.0
488575.200000 4205141.500000 39160.0
488907.100000 4205144.500000 39190.0
488977.500000 4205346.300000 39220.0
489134.100000 4205619.900000 39250.0
489339.800000 4205792.800000 39280.0
489371.500000 4205814.700000 39310.0
489503.100000 4205804.400000 39340.0
489692.600000 4205741.100000 39370.0
489896.200000 4205705.300000 39400.0
490128.700000 4205647.500000 39430.0
490391.900000 4205418.600000 39460.0
490325.900000 4205287.900000 39490.0
490367.100000 4205307.700000 39520.0
490368.800000 4205305.600000 39550.0
490397.800000 4205333.500000 39580.0
490404.200000 4205337.300000 44062.0
490468.300000 4205348.200000 44962.0
490474.500000 4205348.200000 44992.0
490450.800000 4205378.300000 45142.0
490324.500000 4205489.300000 45172.0
490156.000000 4205639.400000 45202.0
489960.300000 4205702.700000 45232.0
489763.800000 4205729.600000 45262.0
489670.900000 4205902.800000 45292.0
489641.900000 4205921.900000 45322.0
489575.300000 4205948.600000 45352.0
489538.500000 4205952.100000 45382.0
489430.500000 4205953.500000 45412.0
489403.200000 4205955.600000 45442.0
489199.600000 4205958.000000 45472.0
488896.700000 4205998.200000 45502.0
488678.300000 4206091.600000 45532.0
488460.700000 4206149.500000 45562.0
488287.800000 4206186.500000 45592.0
488056.100000 4206238.100000 45622.0
487783.100000 4206313.000000 45652.0
487635.700000 4206422.000000 45682.0
487673.900000 4206769.400000 45712.0
487602.300000 4207040.400000 45742.0
487604.700000 4207509.800000 45772.0
487605.900000 4207725.200000 45802.0
487605.000000 4207725.200000 45832.0
487575.600000 4207959.300000 45862.0
487511.000000 4208198.100000 45892.0
487318.900000 4208237.400000 45922.0
486949.600000 4208354.300000 45952.0
486769.700000 4208425.700000 45982.0
486730.300000 4208441.400000 46012.0
486384.700000 4208619.300000 46042.0
486196.300000 4208753.000000 46072.0
486101.200000 4208567.800000 46102.0
485897.800000 4208652.300000 46132.0
485634.700000 4208795.800000 46162.0
485590.900000 4208820.500000 46192.0
485590.100000 4208821.700000 46222.0
485566.300000 4208828.600000 46252.0
485434.400000 4208605.700000 46282.0
485307.700000 4208451.900000 46312.0
485194.300000 4208295.500000 46342.0
484929.900000 4208165.200000 46372.0
484737.600000 4208112.200000 46402.0
484511.000000 4208058.500000 46432.0
484097.500000 4207979.200000 46462.0
483689.900000 4207862.400000 46492.0
483546.700000 4207825.000000 46522.0
483459.900000 4207870.500000 46552.0
483404.700000 4207878.200000 46582.0
483374.200000 4207861.300000 47720.0
483358.300000 4207794.900000 47750.0
483269.500000 4207749.800000 47780.0
483272.300000 4207801.000000 47810.0
483313.600000 4207887.300000 47840.0
483368.400000 4208085.700000 47870.0
483428.600000 4208260.800000 47900.0
483572.900000 4208446.700000 47930.0
483678.500000 4208585.300000 47960.0
483765.600000 4208695.200000 47990.0
483765.000000 4208816.200000 48020.0
483722.900000 4208850.600000 48050.0
483806.300000 4208916.100000 48080.0
483937.300000 4209014.400000 48110.0
484170.200000 4209232.400000 48140.0
484334.500000 4209356.500000 48170.0
484440.000000 4209470.600000 48200.0
484440.800000 4209476.100000 48230.0
484510.300000 4209552.500000 48260.0
484692.200000 4209726.600000 48290.0
484778.400000 4209811.900000 48320.0
484894.400000 4209931.500000 48350.0
484934.000000 4209968.200000 48380.0
484937.500000 4209964.800000 48410.0
484948.100000 4209977.900000 48440.0
484900.300000 4210216.800000 48470.0
484863.000000 4210394.200000 48500.0
484877.100000 4210461.900000 48530.0
484978.100000 4210489.600000 48560.0
485120.600000 4210696.700000 48590.0
485192.800000 4210838.800000 48620.0
485237.000000 4211011.900000 48650.0
485075.700000 4211159.900000 48680.0
485085.500000 4211196.700000 48710.0
485086.400000 4211202.200000 48740.0
485174.400000 4211395.000000 48770.0
485299.300000 4211650.000000 48800.0
485398.900000 4211953.700000 48830.0
485443.000000 4212091.200000 48860.0
485479.200000 4212212.200000 48890.0
485418.800000 4212273.300000 48920.0
485260.100000 4212368.800000 48950.0
484920.200000 4212587.800000 48980.0
484763.400000 4212651.200000 49010.0
484620.400000 4212705.600000 49040.0
484616.400000 4212905.400000 49070.0
484302.400000 4212925.000000 49100.0
484172.800000 4213023.000000 49130.0
484141.200000 4213454.800000 49160.0
484159.200000 4213691.000000 49190.0
484159.300000 4213727.800000 49220.0
484169.200000 4213858.600000 49250.0
484119.700000 4214137.200000 49280.0
484075.400000 4214315.900000 49310.0
484020.600000 4214530.100000 49340.0
483992.800000 4214686.800000 49370.0
483958.500000 4215080.900000 49400.0
483976.100000 4215100.800000 49430.0
484041.200000 4215195.000000 49460.0
484131.700000 4215330.300000 49490.0
484044.200000 4215405.000000 49520.0
484044.300000 4215409.200000 49550.0
484155.900000 4215544.400000 49580.0
484390.100000 4215579.500000 49610.0
484488.700000 4215771.500000 49640.0
484556.600000 4215976.700000 49670.0
484505.300000 4216146.500000 49700.0
484515.900000 4216186.200000 49730.0
484559.100000 4216330.500000 49760.0
484634.700000 4216424.700000 49790.0
484767.000000 4216320.400000 49820.0
484777.500000 4216282.700000 49850.0
484778.300000 4216295.800000 49880.0
484649.700000 4216449.300000 49910.0
484498.100000 4216512.600000 49940.0
484497.300000 4216514.700000 49970.0
484480.500000 4216488.100000 50030.0
484422.200000 4216260.900000 50060.0
484350.400000 4216332.200000 50090.0
484112.200000 4216492.200000 50120.0
484067.300000 4216364.900000 50150.0
483997.300000 4216354.000000 50180.0
483920.300000 4216423.100000 50210.0
483967.100000 4216596.200000 50240.0
483997.100000 4216699.400000 50270.0
484038.500000 4216832.600000 50300.0
484188.400000 4216798.900000 50330.0
484233.000000 4216768.800000 50360.0
484297.000000 4216731.800000 50390.0
484375.100000 4216757.100000 50420.0
484472.300000 4216670.500000 50450.0
484546.800000 4216621.700000 50480.0
484810.400000 4216898.500000 50510.0
485208.200000 4217277.400000 50540.0
485432.000000 4217412.400000 50570.0
485565.000000 4217212.400000 50600.0
485684.600000 4216987.900000 50630.0
485869.700000 4217032.000000 50660.0
485991.600000 4217070.800000 50690.0
486074.100000 4217110.400000 50720.0
486222.600000 4217302.300000 50750.0
486208.800000 4217461.100000 50780.0
486061.900000 4217659.000000 50810.0
486015.600000 4217778.800000 50840.0
486106.000000 4217850.600000 50870.0
486240.300000 4217954.500000 50900.0
486241.100000 4217956.600000 50930.0
486320.200000 4218055.100000 50960.0
486459.800000 4218143.800000 50990.0
486651.800000 4218211.200000 51020.0
486940.400000 4218322.900000 51050.0
486959.500000 4218221.700000 51080.0
486974.100000 4218053.200000 51110.0
487074.800000 4217944.300000 51140.0
487078.300000 4217942.200000 51170.0
487107.200000 4217922.200000 51260.0
487273.600000 4217845.400000 51290.0
487536.400000 4217662.900000 51320.0
487801.800000 4217479.300000 51350.0
488055.900000 4217440.000000 51380.0
488122.900000 4217766.200000 51410.0
488160.800000 4217932.500000 51440.0
488164.300000 4217945.600000 51470.0
488190.900000 4218213.100000 51500.0
488107.200000 4218476.000000 51530.0
488063.400000 4218471.900000 51560.0
487971.200000 4218437.700000 51590.0
487896.100000 4218609.700000 51620.0
488182.800000 4218687.100000 51650.0
488530.000000 4218772.100000 51680.0
488525.800000 4218925.400000 51710.0
488461.200000 4219096.500000 51740.0
488330.700000 4219146.600000 51770.0
488330.700000 4219150.800000 51800.0
488192.200000 4219117.600000 51830.0
487759.100000 4219005.200000 51860.0
487775.700000 4218928.600000 51890.0
487818.600000 4218874.300000 51920.0
487882.200000 4218630.000000 51950.0
487665.800000 4218652.300000 51980.0
487513.400000 4218747.800000 52010.0
487410.100000 4218833.500000 52040.0
487333.700000 4218757.000000 52070.0
486968.500000 4218375.700000 52100.0
486465.800000 4218160.300000 52130.0
486023.500000 4217812.700000 52160.0
485590.800000 4217532.800000 52190.0
485224.800000 4217279.500000 52220.0
484924.400000 4216983.800000 52250.0
484568.700000 4216625.100000 52280.0
484516.900000 4216562.100000 52310.0
484449.000000 4216360.300000 52340.0
484396.900000 4216125.100000 52370.0
484437.800000 4216041.600000 52400.0
484498.200000 4215963.600000 52430.0
484406.800000 4215815.300000 52460.0
484349.400000 4215597.000000 52490.0
484160.000000 4215584.200000 52520.0
484019.400000 4215432.500000 52550.0
483928.800000 4215282.900000 52580.0
483958.100000 4215044.100000 52610.0
484024.700000 4214569.100000 52640.0
484138.000000 4214154.100000 52670.0
484169.200000 4213958.900000 52700.0
483966.600000 4213943.600000 52730.0
483692.100000 4213959.800000 52760.0
483416.800000 4213978.100000 52790.0
483408.100000 4213976.000000 52820.0
483372.000000 4213919.400000 52880.0
483397.200000 4213797.400000 52910.0
483329.300000 4213620.200000 52940.0
483325.700000 4213572.400000 52970.0
483362.500000 4213568.900000 53000.0
483434.400000 4213557.800000 53030.0
483509.900000 4213607.600000 53060.0
483686.200000 4213592.800000 53090.0
483910.100000 4213684.700000 53120.0
484024.400000 4213798.700000 53150.0
484117.400000 4213785.400000 53180.0
484126.900000 4213707.500000 53210.0
484119.300000 4213366.800000 53240.0
484137.200000 4213147.100000 53270.0
484200.900000 4212934.900000 53300.0
484528.100000 4212908.900000 53330.0
484595.400000 4212720.000000 53360.0
484982.700000 4212550.900000 53390.0
485181.600000 4212423.900000 53420.0
485410.300000 4212292.800000 53450.0
485479.500000 4212251.600000 53480.0
485456.500000 4212156.400000 53510.0
485454.800000 4212147.500000 53540.0
485438.000000 4212070.900000 53570.0
485482.600000 4212070.800000 53600.0
485482.700000 4212072.100000 53630.0
485547.600000 4212083.000000 53690.0
485661.500000 4211934.200000 53720.0
485694.300000 4211655.700000 53750.0
485735.000000 4211399.100000 53780.0
485707.600000 4211317.000000 53810.0
485707.600000 4211314.900000 53840.0
485737.200000 4211237.000000 53870.0
485781.500000 4210998.200000 53900.0
485752.100000 4210736.300000 53930.0
485544.700000 4210503.400000 53960.0
485497.200000 4210470.100000 53990.0
485252.800000 4210245.300000 54020.0
485136.000000 4210138.000000 54050.0
485135.100000 4210140.100000 54080.0
485049.800000 4210054.800000 54200.0
485000.500000 4210004.900000 54230.0
484943.300000 4209948.300000 54260.0
484791.300000 4209804.300000 54290.0
484734.900000 4209744.300000 54320.0
484662.000000 4209673.300000 54350.0
484444.000000 4209452.800000 54380.0
484310.300000 4209322.200000 54410.0
484126.600000 4209172.800000 54440.0
483919.100000 4208984.400000 54470.0
483980.300000 4208868.700000 54500.0
484103.800000 4208741.900000 54530.0
483959.500000 4208551.300000 54560.0
483756.300000 4208298.600000 54590.0
483596.900000 4208040.300000 54620.0
483533.400000 4207887.200000 54650.0
483512.000000 4207865.700000 54858.0
483404.900000 4207887.900000 54888.0
483371.400000 4207819.000000 54918.0
483385.500000 4207821.100000 55941.0
483430.300000 4207874.300000 55971.0
483521.500000 4207867.400000 56001.0
483592.000000 4208052.600000 56031.0
483728.600000 4208264.400000 56061.0
483907.100000 4208482.400000 56091.0
484018.100000 4208656.600000 56121.0
483869.200000 4208777.900000 56151.0
483763.200000 4208849.300000 56181.0
483740.500000 4208862.400000 56211.0
483735.300000 4208866.700000 56241.0
483899.500000 4208975.100000 56271.0
484159.800000 4209203.200000 56301.0
484309.100000 4209324.800000 56331.0
484414.600000 4209436.800000 56361.0
484634.400000 4209640.300000 56391.0
484746.600000 4209536.900000 56421.0
484901.700000 4209436.700000 56451.0
484967.600000 4209496.700000 56481.0
484925.700000 4209624.100000 56511.0
484796.000000 4209747.600000 56541.0
484836.500000 4209851.600000 56571.0
484869.100000 4209894.700000 56601.0
484923.600000 4209953.400000 56631.0
485011.400000 4210033.300000 56661.0
485139.700000 4210151.600000 56691.0
485350.600000 4210342.100000 56721.0
485591.500000 4210564.700000 56751.0
485842.700000 4210787.300000 56781.0
486117.700000 4210996.400000 56811.0
486329.600000 4211240.200000 56841.0
486635.200000 4211355.300000 56871.0
486892.100000 4211235.100000 56901.0
486949.900000 4211226.100000 56931.0
487065.800000 4211267.000000 56961.0
487088.000000 4211418.900000 56991.0
487251.500000 4211666.200000 57021.0
487406.400000 4211930.100000 57051.0
487296.200000 4212236.700000 57081.0
487306.400000 4212531.700000 57111.0
487363.500000 4212576.900000 57141.0
487384.600000 4212598.900000 57171.0
487387.500000 4212742.000000 57201.0
487124.100000 4212584.900000 57231.0
486870.500000 4212519.700000 57261.0
486682.700000 4212470.100000 57291.0
486686.200000 4212459.900000 57321.0
486682.700000 4212452.300000 57351.0
486620.400000 4212445.600000 57381.0
486472.100000 4212391.700000 57411.0
486344.700000 4212281.000000 57441.0
486186.000000 4212315.500000 57471.0
