483408.400000 4207872.700000 18436.0
483420.600000 4207873.900000 18556.0
483468.000000 4207873.800000 18586.0
483500.300000 4207819.600000 18616.0
483499.500000 4207819.600000 18646.0
483379.200000 4207784.300000 18676.0
483100.800000 4207709.500000 18706.0
482964.600000 4207673.000000 18736.0
482935.700000 4207694.200000 18766.0
482773.500000 4207788.900000 18796.0
482530.700000 4207920.200000 18826.0
482377.300000 4208033.500000 18856.0
482336.900000 4208045.900000 18886.0
482286.900000 4208065.900000 18916.0
482279.900000 4208081.600000 18946.0
482147.400000 4208086.100000 19336.0
482077.000000 4208004.100000 19366.0
482004.700000 4207838.000000 19396.0
481940.000000 4207595.100000 19426.0
481929.500000 4207595.200000 19456.0
481834.100000 4207689.800000 19516.0
481724.900000 4207887.700000 19546.0
481725.700000 4207887.700000 19576.0
481570.700000 4208041.200000 19606.0
481411.300000 4208171.500000 19636.0
481280.800000 4208289.500000 19666.0
481000.400000 4208505.600000 19696.0
480740.200000 4208694.900000 19726.0
480477.300000 4208881.800000 19756.0
480305.600000 4209044.300000 19786.0
480283.500000 4209294.100000 19816.0
480273.200000 4209411.800000 19846.0
480193.400000 4209447.500000 19876.0
480180.300000 4209468.700000 19906.0
480116.200000 4209498.900000 20266.0
479973.400000 4209600.400000 20296.0
479974.200000 4209604.700000 20326.0
480052.700000 4209753.000000 20386.0
480222.700000 4210005.700000 20416.0
480221.900000 4210009.100000 20446.0
480355.100000 4209924.600000 20536.0
480596.600000 4209624.300000 20566.0
481024.400000 4209400.300000 20596.0
481196.300000 4209332.200000 20626.0
481542.800000 4209268.300000 20656.0
481741.800000 4209157.800000 20686.0
481840.600000 4209064.500000 20716.0
481935.900000 4209294.100000 20746.0
482171.700000 4209592.000000 20776.0
482446.300000 4209923.200000 20806.0
482710.400000 4210358.600000 20836.0
482890.000000 4210588.100000 20866.0
482976.400000 4210780.100000 20896.0
483142.200000 4211163.600000 20926.0
483219.700000 4211339.900000 20956.0
483307.000000 4211561.600000 20986.0
483208.500000 4211850.400000 21016.0
483087.400000 4212244.700000 21046.0
483146.300000 4212735.100000 21076.0
483185.300000 4212901.400000 21106.0
483282.300000 4213154.300000 21136.0
483287.000000 4213297.400000 21166.0
483295.200000 4213470.500000 21196.0
483362.000000 4213611.300000 21226.0
483394.800000 4213737.800000 21256.0
483366.200000 4213932.100000 21286.0
483370.600000 4213975.300000 21316.0
483505.400000 4214251.400000 21346.0
483603.400000 4214597.400000 21376.0
483756.700000 4214983.100000 21406.0
483830.100000 4215278.000000 21436.0
483859.100000 4215316.900000 21466.0
483995.300000 4215460.900000 21496.0
484112.200000 4215608.400000 21526.0
484302.100000 4215884.400000 21556.0
484434.200000 4216264.700000 21586.0
484518.100000 4216541.800000 21616.0
484824.700000 4216876.400000 21646.0
485173.300000 4217211.900000 21676.0
485454.300000 4217442.000000 21706.0
485776.400000 4217620.100000 21736.0
485926.500000 4217728.600000 21766.0
486001.100000 4217744.100000 21796.0
486012.600000 4217778.400000 21826.0
486003.900000 4217796.200000 21856.0
485839.800000 4217678.800000 21886.0
485587.900000 4217531.500000 21916.0
485577.400000 4217531.500000 21946.0
485357.100000 4217392.300000 22366.0
485023.400000 4217071.200000 22396.0
484693.200000 4216761.100000 22426.0
484509.500000 4216549.400000 22456.0
484489.200000 4216508.400000 22486.0
484482.200000 4216500.800000 22516.0
484443.300000 4216368.800000 22546.0
484380.100000 4216269.000000 22576.0
484385.300000 4216279.200000 23092.0
484345.100000 4216355.900000 23872.0
484286.300000 4216304.800000 23902.0
484403.800000 4216235.600000 23932.0
484419.500000 4216236.800000 23962.0
484384.100000 4216081.500000 23992.0
484469.100000 4216018.300000 24022.0
484518.200000 4215975.900000 24052.0
484399.500000 4215840.700000 24082.0
484384.200000 4215606.600000 24112.0
484231.600000 4215589.100000 24142.0
484053.300000 4215440.900000 24172.0
484023.500000 4215410.900000 24202.0
483949.700000 4215296.800000 24232.0
483932.100000 4215273.500000 24262.0
483934.600000 4215187.200000 24292.0
483948.300000 4215016.200000 24322.0
483948.300000 4215016.200000 24352.0
483941.100000 4214905.300000 24382.0
483980.200000 4214712.200000 24412.0
483980.200000 4214710.100000 24442.0
484020.100000 4214533.500000 24472.0
484103.600000 4214183.700000 24502.0
484156.600000 4213925.000000 24532.0
484155.700000 4213880.600000 24562.0
484114.600000 4213493.400000 24592.0
484130.000000 4213280.500000 24622.0
484137.500000 4213136.100000 24652.0
484192.400000 4212951.900000 24682.0
484508.100000 4212922.500000 24712.0
484625.600000 4212855.800000 24742.0
484761.200000 4212663.400000 24772.0
485081.200000 4212491.000000 24802.0
485147.700000 4212448.600000 24832.0
485193.300000 4212418.400000 24862.0
485215.200000 4212404.000000 24892.0
485278.200000 4212364.100000 24922.0
485339.500000 4212325.000000 24952.0
485398.200000 4212297.000000 24982.0
485478.000000 4212263.400000 25012.0
485473.500000 4212211.400000 25042.0
485471.800000 4212174.600000 25072.0
485465.500000 4212139.000000 25102.0
485438.100000 4212050.200000 25132.0
485355.900000 4211764.200000 25162.0
485318.100000 4211673.300000 25192.0
485172.000000 4211376.000000 25222.0
485137.700000 4211274.000000 25252.0
485134.200000 4211269.800000 25282.0
485117.400000 4211234.300000 25312.0
485190.700000 4211083.100000 25342.0
485260.600000 4210969.900000 25372.0
485165.600000 4210769.500000 25402.0
485025.600000 4210528.000000 25432.0
484873.700000 4210494.900000 25462.0
484873.500000 4210382.700000 25492.0
484916.900000 4210145.200000 25522.0
484941.300000 4210034.300000 25552.0
484870.900000 4209890.100000 25582.0
484719.600000 4209732.900000 25612.0
484686.300000 4209702.000000 25642.0
484546.400000 4209562.600000 25672.0
484462.100000 4209477.300000 25702.0
484414.600000 4209428.700000 25732.0
484347.900000 4209357.700000 25762.0
484283.600000 4209300.300000 25792.0
484218.700000 4209277.100000 25822.0
484157.900000 4209195.100000 25852.0
484037.500000 4209091.300000 25882.0
484076.000000 4209014.600000 25912.0
484199.500000 4208901.300000 25942.0
484064.000000 4208681.900000 25972.0
483861.600000 4208427.100000 26002.0
483661.900000 4208181.100000 26032.0
483565.000000 4207986.200000 26062.0
483507.600000 4207863.200000 26092.0
483434.800000 4207883.200000 26122.0
483397.200000 4207881.200000 26152.0
483397.200000 4207895.600000 29319.0
483501.600000 4207868.700000 29439.0
483496.300000 4207835.300000 29469.0
483496.300000 4207831.000000 29499.0
483704.500000 4207859.400000 29529.0
484115.600000 4207976.200000 29559.0
484563.400000 4208057.500000 29589.0
484953.300000 4208158.800000 29619.0
485056.000000 4208190.800000 29649.0
485167.600000 4208271.400000 29679.0
485237.900000 4208344.500000 29709.0
485269.600000 4208410.900000 29739.0
485370.800000 4208535.200000 29769.0
485476.300000 4208682.700000 29799.0
485629.900000 4208628.200000 29829.0
485926.300000 4208463.500000 29859.0
486081.600000 4208475.500000 29889.0
486359.700000 4208354.000000 29919.0
486601.000000 4208307.100000 29949.0
486606.200000 4208307.000000 29979.0
486687.000000 4208423.300000 30009.0
486909.900000 4208369.600000 30039.0
487219.700000 4208276.900000 30069.0
487505.600000 4208199.800000 30099.0
487568.200000 4207862.400000 30129.0
487574.600000 4207392.100000 30159.0
487581.100000 4207032.800000 30189.0
487442.200000 4206859.900000 30219.0
487336.600000 4206702.600000 30249.0
487404.800000 4206529.400000 30279.0
487393.400000 4206507.400000 30309.0
487353.000000 4206465.100000 30339.0
487349.500000 4206461.800000 30369.0
487306.200000 4206327.700000 30429.0
487138.600000 4206336.800000 30459.0
487182.200000 4206161.500000 30489.0
487228.600000 4206027.300000 30519.0
487312.500000 4205852.800000 30549.0
487426.600000 4205777.200000 30579.0
487755.500000 4205522.800000 30609.0
488056.300000 4205356.000000 30639.0
488391.400000 4205116.000000 30669.0
488437.100000 4205096.000000 30699.0
488442.300000 4205093.900000 30729.0
488619.700000 4205116.900000 30789.0
488945.500000 4205170.700000 30819.0
488980.900000 4205378.000000 30849.0
489193.000000 4205660.500000 30879.0
489384.600000 4205807.900000 30909.0
489642.600000 4205776.700000 30939.0
489790.000000 4205685.500000 30969.0
490063.100000 4205700.900000 30999.0
490250.000000 4205541.900000 31029.0
490437.700000 4205368.600000 31059.0
490318.200000 4205262.100000 31089.0
490367.400000 4205304.300000 31119.0
490369.100000 4205304.300000 31149.0
490378.900000 4205324.200000 31209.0
490395.600000 4205325.000000 34076.0
490409.700000 4205333.900000 34106.0
490449.200000 4205370.700000 34136.0
490312.400000 4205488.500000 34166.0
490146.600000 4205635.200000 34196.0
490100.100000 4205689.400000 34226.0
490064.500000 4205710.600000 35429.0
489851.100000 4205696.500000 35459.0
489799.400000 4205689.800000 35489.0
489755.600000 4205734.200000 35519.0
489674.000000 4205897.300000 35549.0
489620.500000 4205925.300000 35579.0
489566.900000 4205946.500000 35609.0
489536.100000 4205953.300000 35639.0
489521.200000 4205955.500000 35669.0
489466.000000 4205959.800000 35699.0
489427.300000 4205959.800000 35729.0
489301.700000 4205960.000000 35759.0
489142.000000 4205961.500000 35789.0
488911.100000 4206004.100000 35819.0
488671.600000 4206102.200000 35849.0
488586.400000 4206124.300000 35879.0
488303.000000 4206189.100000 35909.0
488124.900000 4206226.100000 35939.0
487836.200000 4206299.800000 35969.0
487619.400000 4206372.000000 35999.0
487660.200000 4206684.800000 36029.0
487600.900000 4206942.200000 36059.0
487595.800000 4207059.900000 36089.0
487592.000000 4207436.100000 36119.0
487601.200000 4207731.100000 36149.0
487600.400000 4207754.400000 36179.0
487564.800000 4208005.000000 36209.0
487411.400000 4208217.300000 36239.0
487056.200000 4208311.000000 36269.0
486765.900000 4208431.200000 36299.0
486765.900000 4208433.300000 36329.0
486639.600000 4208486.900000 36359.0
486271.400000 4208705.000000 36389.0
486129.100000 4208635.400000 36419.0
485924.600000 4208637.900000 36449.0
485609.000000 4208810.300000 36479.0
485608.100000 4208811.600000 36509.0
485551.900000 4208811.600000 36539.0
485424.300000 4208590.900000 36569.0
485286.200000 4208422.700000 36599.0
485121.800000 4208232.100000 36629.0
484767.000000 4208115.100000 36659.0
484522.900000 4208058.900000 36689.0
484079.400000 4207973.400000 36719.0
483736.800000 4207872.900000 36749.0
483519.100000 4207850.000000 36779.0
483413.900000 4207885.800000 36809.0
483394.600000 4207878.200000 36839.0
483390.800000 4207883.700000 38462.0
483441.700000 4207879.400000 38582.0
483483.900000 4207870.400000 38612.0
483490.000000 4207826.000000 38642.0
483491.600000 4207825.900000 38672.0
483660.300000 4207859.900000 38732.0
484084.400000 4207980.100000 38762.0
484514.600000 4208054.600000 38792.0
484911.600000 4208155.100000 38822.0
485193.600000 4208293.400000 38852.0
485296.500000 4208449.800000 38882.0
485435.400000 4208618.000000 38912.0
485475.800000 4208682.300000 38942.0
485559.200000 4208674.500000 38972.0
485832.800000 4208525.500000 39002.0
486014.300000 4208432.900000 39032.0
486154.700000 4208425.000000 39062.0
486473.100000 4208339.000000 39092.0
486604.700000 4208307.900000 39122.0
486607.300000 4208305.800000 39152.0
486667.200000 4208386.500000 39182.0
486836.700000 4208391.700000 39212.0
487241.100000 4208266.700000 39242.0
487522.600000 4208145.200000 39272.0
487578.300000 4207754.400000 39302.0
487575.900000 4207271.900000 39332.0
487552.500000 4206866.900000 39362.0
487360.300000 4206859.600000 39392.0
487320.400000 4206615.400000 39422.0
487386.900000 4206532.000000 39452.0
487386.900000 4206493.000000 39482.0
487370.100000 4206466.400000 39512.0
487358.700000 4206444.400000 39542.0
487357.000000 4206443.100000 39572.0
487343.600000 4206357.600000 39602.0
487167.100000 4206345.600000 39632.0
487206.400000 4206202.500000 39662.0
487250.100000 4206056.000000 39692.0
487312.000000 4205849.400000 39722.0
487432.100000 4205771.300000 39752.0
487786.400000 4205507.900000 39782.0
488195.200000 4205265.700000 39812.0
488426.700000 4205103.200000 39842.0
488428.400000 4205102.000000 39872.0
488540.800000 4205131.900000 39932.0
488879.700000 4205094.600000 39962.0
488965.200000 4205247.700000 39992.0
489088.500000 4205559.400000 40022.0
489328.400000 4205765.700000 40052.0
489381.200000 4205804.600000 40082.0
489569.900000 4205802.200000 40112.0
489669.000000 4205759.700000 40142.0
489750.700000 4205699.500000 40172.0
489922.800000 4205703.600000 40202.0
490155.300000 4205627.900000 40232.0
490416.600000 4205402.500000 40262.0
490318.200000 4205276.000000 40292.0
490359.400000 4205297.200000 40322.0
490360.200000 4205297.100000 40352.0
490377.000000 4205316.200000 40382.0
490402.500000 4205332.700000 40412.0
490403.700000 4205347.000000 44871.0
490450.300000 4205381.300000 44961.0
490350.200000 4205471.100000 44991.0
490171.200000 4205630.000000 45021.0
490050.100000 4205719.100000 45051.0
489805.900000 4205688.500000 45081.0
489737.500000 4205788.400000 45111.0
489707.900000 4205912.900000 45141.0
489705.200000 4205917.200000 45171.0
489639.400000 4205916.000000 45201.0
489603.400000 4205922.800000 45231.0
489534.900000 4205941.900000 45261.0
489477.000000 4205942.000000 45291.0
489324.300000 4205943.500000 45321.0
489190.000000 4205947.900000 45351.0
489024.100000 4205969.200000 45381.0
488866.100000 4206017.300000 45411.0
488609.800000 4206107.400000 45441.0
488396.600000 4206157.600000 45471.0
488136.800000 4206210.000000 45501.0
487957.700000 4206255.600000 45531.0
487679.500000 4206319.000000 45561.0
487636.500000 4206395.700000 45591.0
487664.200000 4206642.000000 45621.0
487594.500000 4206943.900000 45651.0
487600.100000 4207192.300000 45681.0
487606.000000 4207667.200000 45711.0
487582.500000 4207851.400000 45741.0
487527.700000 4208153.200000 45771.0
487520.700000 4208166.400000 45801.0
487515.500000 4208176.500000 45831.0
487197.100000 4208271.400000 45861.0
486840.800000 4208388.400000 45891.0
486719.700000 4208439.800000 45921.0
486720.600000 4208441.000000 45951.0
486589.900000 4208493.300000 45981.0
486202.500000 4208744.500000 46011.0
486083.600000 4208544.100000 46041.0
485755.600000 4208724.500000 46071.0
485594.200000 4208810.300000 46101.0
485593.400000 4208810.300000 46131.0
485545.200000 4208785.800000 46161.0
485402.600000 4208544.400000 46191.0
485309.400000 4208439.200000 46221.0
485136.000000 4208230.000000 46251.0
484824.300000 4208120.500000 46281.0
484529.200000 4208049.100000 46311.0
484100.600000 4207969.900000 46341.0
483694.100000 4207853.100000 46371.0
483550.100000 4207817.800000 46401.0
483508.900000 4207851.300000 46431.0
483389.600000 4207858.300000 46461.0
483389.400000 4207857.900000 47939.0
483386.600000 4207808.000000 47969.0
483403.500000 4207879.000000 47999.0
483436.000000 4207872.200000 48029.0
483486.900000 4207866.600000 48059.0
483545.900000 4207984.100000 48089.0
483655.100000 4208190.500000 48119.0
483812.500000 4208373.400000 48149.0
483992.000000 4208590.600000 48179.0
483955.400000 4208692.700000 48209.0
483754.600000 4208827.300000 48239.0
483745.000000 4208861.600000 48269.0
483989.400000 4209047.300000 48299.0
484184.600000 4209243.300000 48329.0
484244.400000 4209283.000000 48359.0
484333.300000 4209352.700000 48389.0
484442.300000 4209461.200000 48419.0
484585.700000 4209614.200000 48449.0
484593.600000 4209626.500000 48479.0
484627.000000 4209666.200000 48509.0
484575.400000 4209732.700000 48539.0
484453.600000 4209843.000000 48569.0
484578.300000 4209946.900000 48599.0
484773.400000 4210119.600000 48629.0
484899.900000 4210199.400000 48659.0
484868.600000 4210345.900000 48689.0
484853.800000 4210412.400000 48719.0
484944.200000 4210454.500000 48749.0
485102.600000 4210652.800000 48779.0
485251.400000 4210944.100000 48809.0
485155.100000 4211108.500000 48839.0
485097.400000 4211216.100000 48869.0
485093.900000 4211220.400000 48899.0
485154.700000 4211359.900000 48929.0
485263.100000 4211602.700000 48959.0
485382.100000 4211898.800000 48989.0
485425.400000 4212048.500000 49019.0
485425.400000 4212048.500000 49049.0
485451.000000 4212142.800000 49079.0
485466.000000 4212213.900000 49109.0
485453.900000 4212285.100000 49139.0
485210.200000 4212401.900000 49169.0
484881.600000 4212612.000000 49199.0
484591.500000 4212728.900000 49229.0
484626.000000 4212905.400000 49259.0
484405.000000 4212927.800000 49289.0
484164.600000 4212940.500000 49319.0
484137.800000 4213158.100000 49349.0
484122.800000 4213540.800000 49379.0
484148.700000 4213808.200000 49409.0
484123.800000 4214075.800000 49439.0
484105.500000 4214147.800000 49469.0
484060.200000 4214336.600000 49499.0
483975.800000 4214706.300000 49529.0
483944.900000 4215086.000000 49559.0
483965.300000 4215125.800000 49589.0
484024.100000 4215209.900000 49619.0
484115.500000 4215343.000000 49649.0
484027.100000 4215425.300000 49679.0
484043.800000 4215455.300000 49709.0
484224.700000 4215589.200000 49739.0
484398.400000 4215607.900000 49769.0
484494.300000 4215810.900000 49799.0
484549.800000 4216010.500000 49829.0
484504.500000 4216158.300000 49859.0
484512.500000 4216237.000000 49889.0
484566.300000 4216394.400000 49919.0
484649.600000 4216431.900000 49949.0
484765.900000 4216284.000000 49979.0
484779.100000 4216244.200000 50009.0
484777.400000 4216274.200000 50039.0
484719.900000 4216427.500000 50069.0
484521.000000 4216505.800000 50099.0
484517.500000 4216509.200000 50129.0
484493.800000 4216518.100000 50189.0
484454.100000 4216418.300000 50219.0
484383.800000 4216283.000000 50249.0
484271.800000 4216394.100000 50279.0
484108.800000 4216465.500000 50309.0
484062.100000 4216339.100000 50339.0
483972.700000 4216361.200000 50369.0
483944.000000 4216502.200000 50399.0
483993.600000 4216700.700000 50429.0
483991.900000 4216700.700000 50459.0
484028.100000 4216825.000000 50489.0
484239.700000 4216925.800000 50519.0
484521.100000 4216899.900000 50549.0
484586.200000 4217038.600000 50579.0
484747.300000 4216863.900000 50609.0
484763.000000 4216851.600000 50639.0
484869.200000 4216949.100000 50669.0
485065.000000 4217134.200000 50699.0
485267.000000 4217326.000000 50729.0
485466.100000 4217390.000000 50759.0
485592.000000 4217156.500000 50789.0
485707.400000 4216974.300000 50819.0
485943.300000 4217045.000000 50849.0
485998.500000 4217068.200000 50879.0
486137.100000 4217133.600000 50909.0
486259.300000 4217349.700000 50939.0
486164.100000 4217527.200000 50969.0
486045.200000 4217697.100000 50999.0
486080.600000 4217849.000000 51029.0
486238.600000 4217965.100000 51059.0
486299.300000 4218045.000000 51089.0
486639.700000 4218227.700000 51119.0
486885.300000 4218321.700000 51149.0
486945.800000 4218346.200000 51179.0
486965.900000 4218260.600000 51209.0
486975.400000 4218099.800000 51239.0
486978.800000 4218064.200000 51269.0
487049.800000 4217986.200000 51299.0
487056.000000 4217984.900000 51329.0
487133.900000 4217922.600000 51359.0
487386.200000 4217800.300000 51389.0
487583.300000 4217632.400000 51419.0
487667.300000 4217570.100000 51449.0
487923.900000 4217397.800000 51479.0
488035.200000 4217344.300000 51509.0
488033.500000 4217368.900000 51539.0
488091.800000 4217656.200000 51569.0
488146.500000 4217905.800000 51599.0
488160.700000 4217995.600000 51629.0
488171.600000 4218263.900000 51659.0
488100.000000 4218473.500000 51689.0
488040.300000 4218462.600000 51719.0
487914.200000 4218508.100000 51749.0
487960.800000 4218629.000000 51779.0
488270.400000 4218676.400000 51809.0
488508.900000 4218739.200000 51839.0
488560.600000 4218815.700000 51869.0
488481.200000 4219051.100000 51899.0
488443.700000 4219149.800000 51929.0
488158.800000 4219096.000000 51959.0
487726.400000 4218989.200000 51989.0
487729.100000 4218978.100000 52019.0
487731.800000 4218978.100000 52049.0
487726.600000 4218991.300000 52079.0
487578.400000 4218955.900000 52109.0
487462.700000 4218925.200000 52139.0
487333.500000 4218739.200000 52169.0
487012.100000 4218395.600000 52199.0
486618.200000 4218210.800000 52229.0
486268.100000 4218007.400000 52259.0
486056.500000 4217842.200000 52289.0
485889.700000 4217720.600000 52319.0
485522.000000 4217507.100000 52349.0
485108.600000 4217189.500000 52379.0
484747.500000 4216826.200000 52409.0
484462.600000 4216420.800000 52439.0
484424.700000 4216234.700000 52469.0
484380.500000 4216046.000000 52499.0
484528.500000 4215974.600000 52529.0
484411.700000 4215846.100000 52559.0
484406.900000 4215612.100000 52589.0
484242.000000 4215592.500000 52619.0
484097.900000 4215476.400000 52649.0
483983.500000 4215323.400000 52679.0
483938.700000 4215255.800000 52709.0
483928.200000 4215252.400000 52739.0
483956.700000 4215010.700000 52799.0
484018.900000 4214578.000000 52829.0
484105.000000 4214209.600000 52859.0
484109.300000 4214207.400000 52889.0
484165.900000 4213978.800000 52919.0
484166.600000 4213904.300000 52949.0
484160.200000 4213782.400000 52979.0
484145.300000 4213345.200000 53009.0
484153.300000 4212966.800000 53039.0
484362.800000 4212924.100000 53069.0
484553.200000 4212902.500000 53099.0
484605.600000 4212723.800000 53129.0
484544.500000 4212436.500000 53159.0
484333.500000 4212196.100000 53189.0
484045.200000 4211919.400000 53219.0
483942.300000 4211763.000000 53249.0
484021.800000 4211613.000000 53279.0
484179.000000 4211716.900000 53309.0
484364.000000 4211674.200000 53339.0
484512.100000 4211602.800000 53369.0
484451.300000 4211484.400000 53399.0
484654.600000 4211390.900000 53429.0
484967.600000 4211259.500000 53459.0
485057.900000 4211200.500000 53489.0
485190.200000 4211066.100000 53519.0
485262.000000 4211005.000000 53549.0
485209.100000 4210865.500000 53579.0
485141.200000 4210728.000000 53609.0
484965.200000 4210487.500000 53639.0
484846.700000 4210487.700000 53669.0
484894.500000 4210254.400000 53699.0
484904.000000 4210121.100000 53729.0
484722.900000 4209953.000000 53759.0
484627.900000 4209830.000000 53789.0
484715.500000 4209736.700000 53819.0
484685.600000 4209706.700000 53849.0
484486.100000 4209510.700000 53879.0
484292.700000 4209313.400000 53909.0
484058.800000 4209123.000000 53939.0
483808.400000 4208918.200000 53969.0
483813.300000 4208807.300000 53999.0
483994.700000 4208670.600000 54029.0
483921.500000 4208502.300000 54059.0
483769.300000 4208311.700000 54089.0
483603.000000 4208073.300000 54119.0
483504.300000 4207857.200000 54149.0
483394.700000 4207880.700000 54179.0
483380.500000 4207832.900000 54209.0
483378.100000 4207833.800000 56053.0
483379.000000 4207846.100000 56083.0
483427.300000 4207868.000000 56113.0
483512.500000 4207867.800000 56143.0
483600.600000 4208070.800000 56173.0
483731.700000 4208262.700000 56203.0
483839.100000 4208395.800000 56233.0
484018.700000 4208616.400000 56263.0
483914.400000 4208723.300000 56293.0
483730.400000 4208853.600000 56323.0
484056.800000 4209118.300000 56379.0
484293.200000 4209318.500000 56409.0
484359.100000 4209393.700000 56439.0
484580.700000 4209605.300000 56469.0
484623.800000 4209653.900000 56499.0
484721.800000 4209559.300000 56529.0
484883.100000 4209429.100000 56559.0
484929.700000 4209465.800000 56589.0
484963.100000 4209515.700000 56619.0
484888.700000 4209663.600000 56649.0
484770.400000 4209776.800000 56679.0
484767.800000 4209796.700000 56709.0
484816.100000 4209853.300000 56739.0
484872.500000 4209912.100000 56769.0
484902.300000 4209937.400000 56799.0
485079.800000 4210105.500000 56829.0
485290.700000 4210289.300000 56859.0
485527.100000 4210497.500000 56889.0
485739.800000 4210696.900000 56919.0
486060.600000 4210955.800000 56949.0
486341.900000 4211251.600000 56979.0
486749.200000 4211342.000000 57009.0
485171.900000 4218941.700000 59636.0
485534.800000 4219470.200000 59666.0
485724.100000 4219963.800000 59696.0
485894.000000 4220393.900000 59726.0
486070.100000 4220816.500000 59756.0
486300.800000 4220978.200000 59786.0
487009.400000 4221012.200000 59939.0
487149.400000 4220847.700000 59969.0
487159.300000 4221020.800000 59999.0
487505.900000 4221183.300000 60107.0
487505.900000 4221182.000000 60137.0
487556.000000 4221231.900000 60167.0
487573.600000 4221096.800000 60213.0
487374.500000 4219854.400000 60383.0
487267.900000 4219442.700000 60413.0
487395.800000 4218809.300000 60462.0
486937.500000 4218344.100000 60517.0
486951.500000 4218350.800000 60547.0
486698.400000 4218224.700000 60826.0
486290.400000 4218018.800000 60856.0
485918.200000 4217730.700000 60886.0
485503.900000 4217480.900000 60916.0
485107.000000 4217159.900000 60946.0
484796.900000 4216862.900000 60976.0
484520.100000 4216560.400000 61006.0
484488.400000 4216500.400000 61036.0
484378.900000 4216095.500000 61066.0
484502.300000 4216007.700000 61096.0
484390.700000 4215872.400000 61126.0
484387.600000 4215638.400000 61156.0
484253.400000 4215598.800000 61186.0
484078.700000 4215488.300000 61216.0
483963.500000 4215337.400000 61246.0
483922.100000 4215208.800000 61276.0
483955.500000 4214843.900000 61306.0
484031.100000 4214478.900000 61336.0
484089.300000 4214248.100000 61366.0
484151.100000 4213992.800000 61396.0
484150.900000 4213912.800000 61426.0
484141.900000 4213721.900000 61456.0
484138.300000 4213258.000000 61486.0
484137.700000 4212955.000000 61516.0
484328.900000 4212949.100000 61546.0
484621.900000 4212932.900000 61576.0
484566.900000 4212649.000000 61606.0
484511.200000 4212370.600000 61636.0
484188.700000 4212076.200000 61666.0
484011.100000 4211867.000000 61696.0
483995.000000 4211676.200000 61726.0
484088.700000 4211589.600000 61756.0
484223.000000 4211640.600000 61786.0
484415.800000 4211540.300000 61816.0
484436.800000 4211501.400000 61846.0
484669.000000 4211392.100000 61876.0
485028.500000 4211255.200000 61906.0
485132.800000 4211136.500000 61936.0
485267.600000 4211017.700000 61966.0
485227.900000 4210913.700000 61996.0
485078.200000 4210596.500000 62026.0
484897.200000 4210468.200000 62056.0
484882.200000 4210364.900000 62086.0
484897.700000 4210269.700000 62116.0
484915.900000 4210169.700000 62146.0
484836.800000 4210081.000000 62176.0
484716.400000 4209962.700000 62206.0
484632.800000 4209824.000000 62236.0
484639.000000 4209820.600000 62266.0
484653.100000 4209846.000000 62416.0
484653.900000 4209853.600000 62446.0
484653.900000 4209864.600000 62476.0
484722.300000 4209784.500000 62506.0
484729.200000 4209748.900000 62536.0
484727.500000 4209744.700000 62566.0
484589.500000 4209600.600000 62596.0
484440.200000 4209492.100000 62626.0
484295.900000 4209324.800000 62656.0
484124.600000 4209180.800000 62686.0
483966.300000 4209033.400000 62716.0
483877.400000 4208953.600000 62746.0
484063.100000 4208801.300000 62776.0
484051.500000 4208698.000000 62806.0
483873.800000 4208463.000000 62836.0
483667.900000 4208209.500000 62866.0
483527.700000 4207947.800000 62896.0
483410.900000 4207890.400000 62926.0
483410.900000 4207878.200000 62956.0
483400.300000 4207860.400000 62986.0
