483268.400000 4207786.200000 48129.0
483264.000000 4207743.900000 48159.0
483202.200000 4207730.000000 48240.0
483146.900000 4207711.100000 48270.0
483137.100000 4207707.700000 48300.0
483080.000000 4207694.700000 48360.0
483069.500000 4207691.400000 48390.0
483068.600000 4207691.400000 48420.0
483000.100000 4207671.600000 48450.0
482992.300000 4207670.400000 48480.0
482971.100000 4207664.900000 48510.0
482931.500000 4207619.700000 48540.0
482897.700000 4207361.200000 48570.0
482853.200000 4207072.600000 48600.0
482973.200000 4206971.200000 48630.0
482935.900000 4206727.000000 48660.0
482891.800000 4206627.200000 48690.0
482543.000000 4206438.400000 48720.0
482514.000000 4206422.800000 48750.0
482345.200000 4206349.900000 48780.0
481923.400000 4206188.700000 48810.0
481688.500000 4205972.900000 48840.0
481441.400000 4205783.900000 48870.0
481200.500000 4205681.200000 48900.0
481117.300000 4205625.900000 48948.0
481054.100000 4205580.800000 48978.0
480896.700000 4205438.100000 49008.0
480790.300000 4205327.400000 49038.0
480781.500000 4205317.300000 49068.0
480711.200000 4205253.100000 49098.0
480619.700000 4205171.200000 49128.0
480530.800000 4205102.400000 49158.0
480530.800000 4205101.200000 49188.0
480315.200000 4204946.300000 49218.0
480199.900000 4204836.600000 49248.0
480199.100000 4204835.300000 49278.0
480234.700000 4204681.200000 49338.0
480408.600000 4204333.200000 49368.0
480671.000000 4203954.200000 49413.0
480600.900000 4203639.500000 49443.0
480158.500000 4203337.500000 49473.0
479763.500000 4203429.500000 49503.0
479683.100000 4203550.700000 49533.0
479645.600000 4203616.400000 49563.0
479628.000000 4203629.600000 49593.0
479588.100000 4203655.900000 49634.0
479567.000000 4203689.400000 49724.0
479566.200000 4203690.700000 49754.0
479555.700000 4203709.700000 49784.0
479547.800000 4203711.000000 49814.0
479510.200000 4203755.600000 49874.0
479474.300000 4203793.300000 49904.0
478498.100000 4203271.000000 50065.0
478841.200000 4203259.100000 50158.0
478864.800000 4203205.700000 50188.0
478784.600000 4203107.300000 50218.0
478768.600000 4203003.200000 50248.0
478788.900000 4202990.000000 50278.0
478874.000000 4202941.100000 50308.0
478874.000000 4202936.900000 50338.0
478983.600000 4202888.800000 50368.0
479105.600000 4202846.200000 50398.0
479216.200000 4202799.300000 50428.0
479252.200000 4202782.700000 50458.0
479318.000000 4202752.500000 50488.0
479451.100000 4202621.400000 50518.0
479629.200000 4202566.800000 50548.0
479682.000000 4202540.000000 50578.0
479718.800000 4202518.700000 50608.0
479859.200000 4202462.900000 50638.0
479939.800000 4202403.900000 50668.0
480038.700000 4202311.400000 50698.0
479955.000000 4202113.500000 50751.0
479768.100000 4202205.000000 50781.0
479703.300000 4202355.000000 50849.0
479658.800000 4202470.600000 50879.0
479714.300000 4202538.200000 50909.0
479714.600000 4202659.300000 50939.0
479519.800000 4202739.700000 50969.0
479428.600000 4202773.400000 50999.0
479428.700000 4202844.500000 51029.0
479384.100000 4202878.100000 51059.0
479358.500000 4202833.700000 51089.0
479348.700000 4202789.300000 51119.0
479353.100000 4202789.300000 51149.0
479323.200000 4202755.900000 51179.0
479137.200000 4202825.400000 51209.0
478988.100000 4202870.200000 51239.0
478961.800000 4202883.400000 51269.0
478985.100000 4203081.800000 51299.0
479063.800000 4203250.100000 51329.0
479078.700000 4203280.100000 51359.0
479345.300000 4203420.300000 51389.0
479545.500000 4203467.700000 51419.0
479680.700000 4203446.200000 51449.0
479831.700000 4203401.400000 51479.0
479842.300000 4203430.100000 51509.0
479859.900000 4203428.000000 51539.0
479822.200000 4203441.200000 51899.0
479851.900000 4203396.700000 51929.0
480254.800000 4203342.400000 51959.0
480627.000000 4203635.600000 51989.0
480767.800000 4203753.000000 52019.0
480792.500000 4203788.500000 52049.0
480530.000000 4204197.500000 52079.0
480318.300000 4204521.000000 52109.0
480212.700000 4204790.800000 52139.0
480402.800000 4204988.900000 52169.0
480581.300000 4205127.300000 52199.0
480704.500000 4205233.700000 52229.0
480708.000000 4205235.800000 52259.0
480835.600000 4205360.700000 52289.0
480969.300000 4205499.300000 52319.0
481190.900000 4205667.200000 52349.0
481360.600000 4205743.400000 52379.0
481502.900000 4205805.300000 52409.0
481568.000000 4205860.600000 52439.0
481590.000000 4205877.100000 52469.0
481744.900000 4206026.600000 52499.0
481976.200000 4206209.300000 52529.0
482303.000000 4206328.400000 52559.0
482636.800000 4206464.000000 52589.0
482993.700000 4206666.400000 52619.0
483197.500000 4206772.600000 52649.0
483271.200000 4206793.700000 52679.0
483274.800000 4206794.900000 52709.0
483322.300000 4206885.800000 52799.0
483531.800000 4207124.100000 52829.0
483611.000000 4207241.600000 52859.0
483630.300000 4207280.500000 52889.0
483388.400000 4207416.400000 52919.0
483128.000000 4207550.300000 52949.0
483135.300000 4207695.500000 52979.0
483437.500000 4207783.700000 53009.0
483483.200000 4207796.800000 53039.0
483484.100000 4207798.000000 53069.0
483551.000000 4207964.200000 53129.0
483692.300000 4207964.000000 53159.0
483585.300000 4208008.600000 53189.0
483580.900000 4208008.600000 53219.0
483442.900000 4207875.600000 53279.0
483383.000000 4207843.500000 53309.0
483390.100000 4207850.300000 53339.0
483397.100000 4207825.700000 55649.0
483349.600000 4207786.900000 55799.0
483060.600000 4207707.500000 55829.0
482903.500000 4207673.500000 55859.0
482532.000000 4207566.800000 55889.0
482387.900000 4207537.000000 55919.0
482092.800000 4207493.200000 55949.0
481858.000000 4207662.200000 55979.0
481847.500000 4207677.900000 56009.0
481775.800000 4207803.300000 56039.0
481774.900000 4207804.600000 56069.0
481732.100000 4207879.200000 56099.0
481669.200000 4207980.500000 56129.0
481665.700000 4207982.600000 56159.0
481559.700000 4208069.200000 56189.0
481539.500000 4208083.600000 56219.0
481449.200000 4208154.900000 56249.0
481405.500000 4208185.900000 56279.0
481402.800000 4208190.200000 56309.0
481228.500000 4208333.600000 56339.0
480840.300000 4208635.000000 56369.0
480715.000000 4208729.700000 56399.0
480571.300000 4208832.100000 56429.0
480505.600000 4208876.600000 56459.0
480411.000000 4208943.300000 56489.0
480368.100000 4208972.200000 56519.0
480125.400000 4209148.000000 56549.0
479976.500000 4209250.400000 56579.0
479884.500000 4209336.100000 56609.0
479882.800000 4209337.400000 56639.0
479826.700000 4209374.300000 56669.0
479583.200000 4209192.900000 56699.0
479194.600000 4208898.900000 56729.0
478940.000000 4208517.800000 56759.0
478669.400000 4208068.100000 56789.0
478514.200000 4207818.800000 56819.0
478472.800000 4207733.400000 56849.0
478469.200000 4207721.200000 56879.0
478434.900000 4207650.100000 56909.0
478305.000000 4207328.800000 56939.0
478234.400000 4207164.800000 56969.0
478205.200000 4207091.600000 56999.0
478204.400000 4207084.900000 57029.0
478173.300000 4206988.400000 57059.0
478101.900000 4206882.000000 57089.0
477940.100000 4206803.700000 57119.0
477851.200000 4206762.900000 57149.0
477815.200000 4206745.200000 57179.0
477814.300000 4206740.900000 57209.0
477882.400000 4206575.300000 57269.0
477892.200000 4206317.900000 57299.0
477757.200000 4206041.900000 57329.0
477568.100000 4205908.200000 57359.0
477393.700000 4205708.900000 57389.0
477247.600000 4205536.200000 57419.0
477045.800000 4205304.800000 57482.0
476974.600000 4205303.800000 57512.0
476982.800000 4205415.900000 57542.0
477091.300000 4205587.400000 57572.0
477262.800000 4205714.400000 57602.0
477204.400000 4205835.600000 57632.0
477409.100000 4205874.800000 57662.0
477634.100000 4205994.000000 57692.0
477757.200000 4206047.800000 57722.0
477760.700000 4206052.000000 57752.0
477863.200000 4206311.200000 57782.0
477751.700000 4206315.700000 57812.0
477614.000000 4206359.300000 57842.0
477499.600000 4206590.300000 57872.0
477330.500000 4206697.400000 57902.0
477096.700000 4206641.300000 57932.0
477008.100000 4206692.800000 57962.0
476952.300000 4206832.600000 57992.0
476963.800000 4207178.800000 58022.0
476993.600000 4207195.200000 58052.0
477196.000000 4207063.900000 58082.0
477300.900000 4207205.800000 58112.0
477390.200000 4207406.200000 58142.0
477450.200000 4207497.000000 58172.0
477512.600000 4207540.000000 58202.0
477608.600000 4207687.500000 58232.0
477622.900000 4207757.300000 58262.0
477545.800000 4207808.700000 58292.0
477491.000000 4207965.500000 58322.0
477569.700000 4208148.500000 58352.0
477611.100000 4208214.900000 58382.0
477709.000000 4208389.800000 58412.0
477775.100000 4208510.700000 58442.0
477819.900000 4208558.400000 58472.0
477877.900000 4208586.200000 58502.0
477907.000000 4208630.500000 58532.0
478014.500000 4208767.800000 58562.0
478236.700000 4208859.500000 58592.0
478469.700000 4209037.500000 58622.0
478766.600000 4209151.000000 58652.0
478757.100000 4209228.900000 58682.0
478709.900000 4209323.400000 58712.0
478598.200000 4209557.800000 58742.0
478429.400000 4209765.600000 58772.0
478414.000000 4209899.000000 58802.0
478480.900000 4209991.900000 58832.0
478582.800000 4210057.200000 58862.0
478690.100000 4210120.000000 58892.0
478693.300000 4210011.200000 58922.0
478472.100000 4209951.700000 58952.0
478422.600000 4209862.100000 58982.0
478465.200000 4209687.600000 59012.0
478348.600000 4209416.200000 59042.0
478299.100000 4209294.400000 59072.0
478294.800000 4209298.700000 59102.0
478489.700000 4209317.200000 59222.0
478566.400000 4209156.200000 59252.0
478519.600000 4209061.100000 59282.0
478283.500000 4209026.100000 59312.0
478262.400000 4209024.900000 59342.0
