483400.800000 4207877.800000 19072.0
483382.400000 4207853.300000 19282.0
483352.400000 4207776.700000 19312.0
483295.300000 4207762.400000 19342.0
483053.800000 4207700.700000 19372.0
482789.400000 4207631.400000 19402.0
482488.200000 4207552.100000 19432.0
482164.100000 4207488.400000 19462.0
481966.700000 4207540.900000 19492.0
481866.000000 4207653.300000 19522.0
481735.700000 4207865.600000 19552.0
481541.300000 4208072.600000 19582.0
481409.900000 4208161.800000 19612.0
481355.600000 4208187.300000 19642.0
481083.000000 4208412.300000 19672.0
480808.800000 4208627.100000 19702.0
480720.300000 4208698.400000 19732.0
480500.400000 4208864.400000 19762.0
480413.700000 4208926.800000 19792.0
480281.500000 4209109.100000 19822.0
480260.200000 4209365.700000 19852.0
480206.000000 4209465.700000 19882.0
480184.100000 4209462.400000 19912.0
480182.400000 4209462.400000 19942.0
480073.800000 4209534.600000 20362.0
479980.100000 4209605.900000 20392.0
479978.400000 4209608.000000 20422.0
480003.200000 4209685.900000 20452.0
480077.100000 4209801.200000 20482.0
480077.100000 4209803.300000 20512.0
480163.500000 4209933.900000 20542.0
480217.200000 4210007.000000 20572.0
480218.100000 4210008.300000 20602.0
480345.100000 4209931.400000 20662.0
480610.200000 4209590.000000 20692.0
481031.900000 4209402.800000 20722.0
481438.000000 4209335.400000 20752.0
481765.000000 4209142.500000 20782.0
481884.600000 4209248.900000 20812.0
482105.500000 4209533.700000 20842.0
482325.400000 4209757.600000 20872.0
482468.000000 4209987.900000 20902.0
482641.500000 4210269.500000 20932.0
482848.200000 4210540.800000 20962.0
482945.100000 4210682.800000 20992.0
483057.300000 4211044.400000 21022.0
483226.400000 4211324.700000 21052.0
483325.100000 4211576.300000 21082.0
483162.600000 4211872.900000 21112.0
483099.400000 4212296.700000 21142.0
483136.000000 4212625.100000 21172.0
483160.200000 4212839.200000 21202.0
483258.000000 4213039.700000 21232.0
483270.500000 4213196.200000 21262.0
483273.300000 4213242.800000 21292.0
483271.700000 4213270.700000 21322.0
483268.400000 4213376.100000 21352.0
483266.800000 4213435.000000 21382.0
483263.400000 4213461.600000 21412.0
483313.600000 4213560.200000 21442.0
483340.000000 4213622.300000 21472.0
483354.300000 4213776.400000 21502.0
483333.500000 4213907.200000 21532.0
483433.100000 4214162.200000 21562.0
483555.600000 4214443.900000 21592.0
483689.600000 4214776.300000 21622.0
483761.500000 4215176.500000 21652.0
483814.300000 4215261.900000 21682.0
483948.800000 4215420.400000 21712.0
484064.000000 4215566.600000 21742.0
484196.700000 4215716.200000 21772.0
484311.200000 4215950.000000 21802.0
484449.700000 4216403.500000 21832.0
484630.000000 4216685.100000 21862.0
484910.200000 4216961.800000 21892.0
485139.400000 4217202.200000 21922.0
485341.300000 4217376.200000 21952.0
485547.600000 4217500.300000 21982.0
485638.000000 4217548.000000 22012.0
485838.000000 4217680.900000 22042.0
485997.700000 4217777.200000 22072.0
485969.600000 4217775.900000 22102.0
485788.800000 4217645.500000 22132.0
485601.000000 4217531.500000 22162.0
485601.800000 4217531.500000 22192.0
485529.800000 4217494.000000 22222.0
485183.900000 4217227.100000 22252.0
484836.100000 4216890.400000 22282.0
484562.000000 4216598.000000 22312.0
484487.200000 4216478.300000 22342.0
484468.700000 4216428.400000 22372.0
484426.200000 4216246.500000 22402.0
484379.100000 4216264.000000 23687.0
484358.000000 4216292.800000 23807.0
484274.800000 4216292.900000 23837.0
484399.100000 4216228.400000 23867.0
484407.800000 4216228.400000 23897.0
484374.200000 4216069.700000 23927.0
484455.700000 4216021.700000 23957.0
484489.000000 4216008.500000 23987.0
484396.600000 4215888.900000 24017.0
484397.100000 4215742.500000 24047.0
484317.900000 4215586.000000 24077.0
484132.000000 4215535.200000 24107.0
484013.300000 4215416.900000 24137.0
484014.200000 4215416.900000 24167.0
483981.600000 4215345.000000 24197.0
483919.200000 4215261.700000 24227.0
483962.600000 4215064.000000 24257.0
483962.600000 4215059.700000 24287.0
483956.100000 4214876.500000 24317.0
483990.900000 4214708.000000 24347.0
484023.000000 4214554.700000 24377.0
484065.700000 4214381.500000 24407.0
484090.100000 4214290.400000 24437.0
484098.700000 4214258.200000 24467.0
484120.500000 4214174.800000 24497.0
484150.000000 4214066.000000 24527.0
484163.100000 4213997.000000 24557.0
484164.700000 4213920.400000 24587.0
484152.000000 4213690.600000 24617.0
484137.400000 4213418.900000 24647.0
484158.000000 4213152.600000 24677.0
484157.700000 4213008.300000 24707.0
484163.800000 4212952.800000 24737.0
484242.800000 4212949.300000 24767.0
484297.100000 4212947.900000 24797.0
484440.200000 4212933.200000 24827.0
484586.700000 4212920.700000 24857.0
484618.700000 4212703.100000 24887.0
484831.800000 4212648.500000 24917.0
485081.500000 4212502.900000 24947.0
485107.700000 4212485.000000 24977.0
485108.600000 4212485.000000 25007.0
485226.100000 4212409.500000 25037.0
485229.600000 4212406.100000 25067.0
485284.700000 4212370.400000 25097.0
485312.000000 4212353.900000 25127.0
485389.000000 4212308.500000 25157.0
485410.100000 4212299.500000 25187.0
485446.900000 4212289.300000 25217.0
485462.600000 4212285.900000 25247.0
485467.800000 4212285.900000 25277.0
485471.200000 4212230.400000 25307.0
485470.300000 4212200.400000 25337.0
485446.400000 4212108.100000 25367.0
485439.300000 4212070.500000 25397.0
485368.700000 4211788.700000 25427.0
485329.000000 4211681.300000 25457.0
485171.500000 4211364.100000 25487.0
485101.100000 4211228.000000 25517.0
485201.700000 4211069.100000 25547.0
485234.000000 4210922.600000 25577.0
485067.500000 4210596.500000 25607.0
484908.500000 4210468.200000 25637.0
484868.000000 4210405.200000 25667.0
484904.500000 4210226.500000 25697.0
484943.600000 4210033.400000 25727.0
484946.300000 4210029.200000 25757.0
484855.700000 4209884.200000 25787.0
484805.500000 4209817.800000 25817.0
484784.400000 4209791.200000 25847.0
484721.100000 4209722.300000 25997.0
484704.400000 4209701.200000 26027.0
484676.200000 4209667.800000 26057.0
484650.700000 4209641.200000 26087.0
484633.100000 4209620.000000 26117.0
484598.900000 4209593.400000 26147.0
484549.600000 4209543.600000 26297.0
484524.100000 4209514.800000 26327.0
484493.200000 4209484.000000 26357.0
484452.000000 4209438.800000 26387.0
484422.100000 4209408.800000 26417.0
484377.300000 4209354.700000 26447.0
484298.200000 4209274.000000 26477.0
484158.400000 4209176.500000 26507.0
484092.500000 4209114.400000 26537.0
484048.500000 4209072.200000 26567.0
483886.800000 4208945.100000 26597.0
483777.800000 4208864.500000 26627.0
483739.900000 4208741.400000 26657.0
483668.600000 4208658.100000 26687.0
483544.500000 4208498.800000 26717.0
483366.900000 4208299.400000 26747.0
483328.000000 4208210.600000 26777.0
483233.600000 4207987.700000 26807.0
483312.500000 4207908.800000 26837.0
483373.100000 4207889.700000 26867.0
483377.400000 4207898.600000 26897.0
483415.300000 4207987.400000 26987.0
483533.800000 4207962.600000 27017.0
483434.500000 4207879.400000 27047.0
483420.400000 4207879.400000 27077.0
483404.700000 4207874.800000 37406.0
483388.900000 4207873.600000 37496.0
483402.800000 4207870.100000 38164.0
483427.400000 4207863.300000 38194.0
483508.100000 4207854.300000 38224.0
483573.000000 4207818.600000 38254.0
483921.500000 4207898.700000 38284.0
484296.600000 4207990.300000 38314.0
484668.900000 4208081.900000 38344.0
484764.500000 4208098.200000 38374.0
485071.900000 4208197.500000 38404.0
485276.800000 4208411.300000 38434.0
485480.000000 4208670.400000 38464.0
485587.100000 4208651.200000 38494.0
485887.000000 4208485.200000 38524.0
486036.100000 4208465.900000 38554.0
486188.600000 4208395.800000 38584.0
486513.300000 4208329.600000 38614.0
486615.000000 4208301.500000 38644.0
486644.900000 4208363.700000 38674.0
486716.200000 4208435.500000 38704.0
487035.400000 4208305.100000 38734.0
487364.400000 4208215.700000 38764.0
487479.400000 4208197.700000 38794.0
487523.900000 4208114.300000 38824.0
487551.900000 4208017.800000 38854.0
487597.100000 4207682.500000 38884.0
487590.200000 4207235.500000 38914.0
487554.500000 4206840.700000 38944.0
487361.400000 4206828.700000 38974.0
487341.800000 4206571.400000 39004.0
487377.700000 4206546.800000 39034.0
487397.000000 4206534.500000 39064.0
487402.200000 4206535.700000 39094.0
487404.800000 4206520.100000 39124.0
487384.500000 4206457.000000 39154.0
487386.100000 4206446.900000 39184.0
487350.000000 4206342.800000 39214.0
487217.300000 4206325.300000 39244.0
487139.000000 4206250.000000 39274.0
487200.300000 4206134.400000 39304.0
487243.100000 4206007.800000 39334.0
487339.500000 4205841.300000 39364.0
487436.800000 4205778.100000 39394.0
487753.500000 4205536.800000 39424.0
488131.600000 4205322.100000 39454.0
488549.300000 4205068.400000 39484.0
488810.400000 4204750.600000 39514.0
488886.000000 4204751.700000 39544.0
488960.200000 4205134.300000 39574.0
489001.800000 4205455.000000 39604.0
489231.200000 4205693.400000 39634.0
489366.500000 4205786.400000 39664.0
489492.100000 4205795.100000 39694.0
489722.900000 4205720.300000 39724.0
489777.300000 4205681.300000 39754.0
490038.000000 4205709.800000 39784.0
490246.800000 4205544.000000 39814.0
490440.700000 4205370.700000 39844.0
490385.400000 4205316.600000 39874.0
490389.700000 4205316.600000 39904.0
490406.500000 4205337.700000 39934.0
490405.300000 4205339.000000 44992.0
490440.500000 4205369.900000 45082.0
490358.900000 4205447.800000 45112.0
490170.400000 4205612.300000 45142.0
489994.800000 4205703.500000 45172.0
489776.200000 4205672.800000 45202.0
489729.800000 4205796.100000 45232.0
489667.700000 4205882.500000 45262.0
489659.800000 4205886.700000 45292.0
489608.900000 4205910.100000 45322.0
489580.800000 4205920.300000 45352.0
489542.100000 4205932.600000 45382.0
489515.800000 4205936.900000 45412.0
489421.900000 4205938.200000 45442.0
489385.100000 4205938.300000 45472.0
489326.300000 4205941.800000 45502.0
489216.600000 4205944.000000 45532.0
489171.900000 4205939.800000 45562.0
489048.200000 4205940.000000 45592.0
488950.700000 4205970.200000 45622.0
488925.300000 4205977.800000 45652.0
488880.600000 4205993.600000 45682.0
488849.800000 4206008.000000 45712.0
488717.300000 4206068.300000 45742.0
488666.400000 4206084.800000 45772.0
488661.200000 4206088.200000 45802.0
488603.300000 4206101.400000 45862.0
488548.900000 4206113.800000 45892.0
488499.700000 4206127.000000 45922.0
488468.000000 4206133.800000 45952.0
488437.200000 4206140.600000 45982.0
488408.300000 4206142.800000 46012.0
488374.100000 4206153.800000 46042.0
488301.300000 4206171.700000 46072.0
488290.800000 4206173.800000 46102.0
488181.100000 4206200.700000 46132.0
488166.200000 4206204.900000 46162.0
488138.100000 4206213.800000 46192.0
488083.700000 4206217.300000 46222.0
487961.700000 4206245.400000 46252.0
487744.900000 4206299.100000 46282.0
487622.100000 4206347.900000 46312.0
487637.100000 4206464.300000 46342.0
487663.800000 4206708.500000 46372.0
487589.600000 4207001.500000 46402.0
487583.800000 4207316.400000 46432.0
487598.500000 4207703.600000 46462.0
487597.700000 4207724.800000 46492.0
487597.700000 4207724.800000 46522.0
487567.200000 4207962.300000 46552.0
487528.800000 4208157.500000 46582.0
487307.000000 4208238.600000 46612.0
487040.300000 4208312.300000 46642.0
486766.600000 4208424.900000 46672.0
486749.800000 4208431.700000 46702.0
486712.200000 4208444.900000 46732.0
486406.900000 4208598.600000 46762.0
486179.000000 4208738.600000 46792.0
486049.700000 4208570.400000 46822.0
485757.600000 4208726.200000 46852.0
485590.200000 4208817.500000 46882.0
485499.700000 4208716.500000 46912.0
485406.300000 4208563.500000 46942.0
485218.000000 4208305.200000 46972.0
485015.100000 4208182.400000 47002.0
484533.900000 4208061.400000 47032.0
484115.900000 4207985.600000 47062.0
483655.800000 4207852.300000 47092.0
483529.300000 4207820.400000 47122.0
483503.900000 4207857.200000 47152.0
483431.100000 4207866.300000 47182.0
483397.000000 4207871.900000 47212.0
483375.000000 4207833.000000 47692.0
483387.300000 4207886.300000 47722.0
483418.100000 4207880.700000 47752.0
483439.200000 4207873.000000 47782.0
483504.200000 4207896.200000 47812.0
483508.800000 4208048.100000 47842.0
483354.500000 4208143.700000 47872.0
483452.300000 4208302.200000 47902.0
483606.300000 4208490.700000 47932.0
483704.000000 4208617.900000 47962.0
483819.300000 4208778.500000 47992.0
483720.400000 4208856.500000 48022.0
483818.700000 4208922.800000 48052.0
483963.800000 4209041.000000 48082.0
484116.700000 4209174.900000 48112.0
484324.100000 4209349.700000 48142.0
484378.600000 4209411.800000 48172.0
484436.600000 4209469.300000 48202.0
484438.300000 4209472.700000 48232.0
484557.000000 4209595.600000 48262.0
484492.200000 4209662.200000 48292.0
484524.900000 4209780.700000 48322.0
484504.000000 4209884.800000 48352.0
484694.900000 4210080.800000 48382.0
484896.100000 4210221.400000 48412.0
484857.000000 4210419.100000 48442.0
484922.800000 4210443.600000 48472.0
485091.700000 4210640.900000 48502.0
485246.700000 4210967.000000 48532.0
485263.600000 4211014.800000 48562.0
485130.400000 4211136.100000 48592.0
485087.600000 4211223.800000 48622.0
485159.800000 4211373.500000 48652.0
485269.800000 4211620.900000 48682.0
485380.900000 4211897.100000 48712.0
485418.800000 4212031.200000 48742.0
485419.700000 4212035.400000 48772.0
485470.900000 4212211.800000 48802.0
485328.000000 4212342.000000 48832.0
484936.300000 4212595.800000 48862.0
484624.400000 4212783.900000 48892.0
484625.500000 4212918.100000 48922.0
484465.900000 4212923.900000 48952.0
484205.400000 4212942.100000 48982.0
484158.200000 4213004.400000 49012.0
484137.100000 4213433.700000 49042.0
484165.900000 4213772.200000 49072.0
484167.100000 4213955.500000 49102.0
484127.100000 4214132.100000 49132.0
484114.000000 4214179.900000 49162.0
484034.700000 4214471.700000 49192.0
484013.000000 4214558.100000 49222.0
483941.700000 4214903.200000 49252.0
483952.600000 4215061.900000 49282.0
483970.200000 4215111.800000 49312.0
484045.100000 4215220.400000 49342.0
484130.400000 4215342.200000 49372.0
484041.100000 4215413.400000 49402.0
484081.500000 4215472.200000 49432.0
484217.700000 4215575.200000 49462.0
484407.100000 4215602.800000 49492.0
484514.600000 4215835.800000 49522.0
484516.600000 4216045.300000 49552.0
484499.300000 4216150.700000 49582.0
484504.500000 4216165.100000 49612.0
484509.700000 4216182.900000 50002.0
484545.900000 4216336.900000 50032.0
484628.600000 4216452.300000 50062.0
484766.800000 4216325.500000 50092.0
484787.000000 4216275.500000 50122.0
484780.800000 4216304.300000 50152.0
484615.400000 4216464.100000 50182.0
484534.900000 4216503.200000 50212.0
484531.400000 4216508.700000 50242.0
484488.400000 4216498.700000 50272.0
484434.400000 4216279.100000 50302.0
484368.000000 4216339.300000 50332.0
484117.600000 4216499.400000 50362.0
484076.200000 4216358.500000 50392.0
484004.300000 4216355.300000 50422.0
483926.300000 4216421.900000 50452.0
483973.200000 4216623.700000 50482.0
483990.900000 4216693.500000 50512.0
484028.700000 4216813.200000 50542.0
484171.700000 4216802.700000 50572.0
484233.000000 4216769.200000 50602.0
484284.800000 4216823.300000 50632.0
484446.700000 4216677.800000 50662.0
484526.400000 4216613.300000 50692.0
484649.300000 4216728.600000 50722.0
485001.500000 4217058.500000 50752.0
485360.600000 4217402.000000 50782.0
485527.800000 4217307.300000 50812.0
485560.100000 4217215.000000 50842.0
485635.300000 4217062.900000 50872.0
485742.200000 4217017.400000 50902.0
485985.100000 4217075.800000 50932.0
486028.100000 4217091.400000 50962.0
486190.600000 4217236.300000 50992.0
486271.400000 4217395.800000 51022.0
486113.900000 4217595.800000 51052.0
486008.200000 4217750.100000 51082.0
486236.400000 4217941.800000 51112.0
486329.600000 4218062.700000 51142.0
486498.100000 4218165.700000 51172.0
486570.100000 4218194.400000 51202.0
486703.400000 4218233.100000 51232.0
486803.400000 4218277.400000 51262.0
486945.500000 4218340.200000 51292.0
486950.700000 4218347.800000 51322.0
486958.300000 4218208.200000 51412.0
486973.000000 4218048.600000 51442.0
487059.600000 4217957.400000 51472.0
487070.900000 4217950.600000 51502.0
487102.000000 4218116.100000 51532.0
487110.100000 4218311.200000 51562.0
487092.800000 4218464.400000 51592.0
487159.500000 4218560.800000 51622.0
487421.000000 4218802.100000 51652.0
487546.900000 4218583.500000 51682.0
487724.400000 4218301.400000 51712.0
487894.100000 4218033.600000 51742.0
487899.200000 4218032.300000 51772.0
487980.700000 4217904.800000 51802.0
488004.100000 4217700.800000 51832.0
488117.200000 4217763.700000 51862.0
488156.100000 4217941.000000 51892.0
488184.500000 4218150.400000 51922.0
488132.300000 4218446.800000 51952.0
488063.100000 4218474.800000 51982.0
487949.000000 4218457.200000 52012.0
487913.300000 4218610.500000 52042.0
488211.500000 4218688.800000 52072.0
488571.100000 4218789.400000 52102.0
488489.900000 4219046.000000 52132.0
488442.700000 4219165.900000 52162.0
488341.900000 4219152.900000 52192.0
488154.300000 4219103.200000 52222.0
487750.900000 4219000.600000 52252.0
487839.200000 4218841.700000 52282.0
487867.200000 4218737.500000 52312.0
487791.600000 4218631.000000 52342.0
487591.900000 4218693.500000 52372.0
487512.200000 4218745.700000 52402.0
487415.100000 4218834.700000 52432.0
487228.100000 4218661.900000 52462.0
486852.300000 4218299.700000 52492.0
486486.600000 4218167.000000 52522.0
486154.700000 4217894.600000 52552.0
485944.100000 4217756.100000 52582.0
485579.100000 4217532.400000 52612.0
485205.200000 4217267.700000 52642.0
484904.800000 4216973.200000 52672.0
484615.800000 4216674.100000 52702.0
484526.100000 4216570.100000 52732.0
484470.700000 4216413.600000 52762.0
484333.000000 4215958.900000 52792.0
484212.400000 4215714.900000 52822.0
484165.000000 4215667.200000 52852.0
484048.200000 4215525.200000 52882.0
483967.400000 4215445.300000 52912.0
483914.600000 4215406.500000 52942.0
483868.800000 4215338.900000 52972.0
483828.400000 4215262.300000 53002.0
483774.300000 4214976.300000 53032.0
483638.700000 4214654.900000 53062.0
483577.600000 4214407.400000 53092.0
483490.400000 4214209.900000 53122.0
483386.300000 4213959.600000 53152.0
483395.900000 4213877.400000 53182.0
483392.700000 4213636.600000 53212.0
483310.800000 4213504.700000 53242.0
483295.100000 4213098.800000 53272.0
483136.100000 4212594.200000 53302.0
483076.400000 4212094.900000 53332.0
483339.000000 4211793.900000 53362.0
483295.300000 4211476.500000 53392.0
483273.300000 4211421.100000 53422.0
483169.200000 4211170.700000 53452.0
483008.100000 4210865.900000 53482.0
483012.400000 4210854.900000 53512.0
482965.500000 4210678.500000 53542.0
482708.600000 4210373.900000 53572.0
482638.400000 4210310.900000 53602.0
482617.800000 4210151.400000 53632.0
482815.100000 4210082.000000 53662.0
482998.300000 4209965.200000 53692.0
483005.400000 4209961.800000 53722.0
482955.800000 4209774.400000 53752.0
482939.000000 4209749.900000 53782.0
482930.200000 4209732.200000 53812.0
482949.400000 4209712.200000 53842.0
483128.300000 4209617.500000 53872.0
483191.200000 4209488.700000 53902.0
483042.300000 4209212.600000 53932.0
483104.300000 4209071.500000 53962.0
483142.700000 4208948.300000 53992.0
483063.400000 4208799.900000 54022.0
483207.100000 4208696.300000 54052.0
483259.600000 4208555.300000 54082.0
483265.700000 4208543.000000 54112.0
483283.300000 4208526.400000 54142.0
483285.000000 4208526.400000 54172.0
483337.500000 4208445.500000 54202.0
483468.000000 4208320.800000 54232.0
483572.700000 4208430.600000 54262.0
483740.100000 4208327.000000 54292.0
483708.300000 4208253.900000 54322.0
483587.700000 4208044.600000 54352.0
483489.900000 4207877.200000 54382.0
483410.900000 4207884.100000 54412.0
483408.200000 4207884.100000 54442.0
483367.800000 4207828.700000 54472.0
483360.400000 4207831.300000 56200.0
483409.700000 4207874.400000 56410.0
483494.900000 4207861.100000 56440.0
483538.100000 4207975.300000 56470.0
483645.700000 4208181.600000 56500.0
483843.700000 4208422.000000 56530.0
484006.500000 4208627.000000 56560.0
483919.000000 4208740.200000 56590.0
483743.700000 4208873.800000 56620.0
483882.500000 4208972.200000 56650.0
484196.300000 4209226.800000 56680.0
484486.400000 4209512.400000 56710.0
484698.400000 4209722.800000 56740.0
484828.500000 4209853.300000 56770.0
484915.500000 4209931.900000 56800.0
484932.300000 4209948.400000 56830.0
485054.500000 4210065.800000 56860.0
485276.000000 4210270.700000 56890.0
485505.300000 4210482.300000 56920.0
485587.900000 4210558.800000 56950.0
485742.700000 4210705.000000 56980.0
485894.700000 4210824.500000 57010.0
486194.300000 4211077.900000 57040.0
486524.600000 4211373.700000 57070.0
486838.600000 4211296.500000 57100.0
486910.500000 4211246.500000 57130.0
487062.300000 4211253.000000 57160.0
487082.800000 4211400.700000 57190.0
487128.700000 4211562.700000 57220.0
487342.300000 4211853.200000 57250.0
487369.100000 4212157.000000 57280.0
487234.500000 4212451.400000 57310.0
487360.200000 4212599.800000 57340.0
487370.800000 4212608.700000 57370.0
487443.700000 4212724.100000 57400.0
487162.800000 4212630.100000 57430.0
486924.900000 4212516.200000 57460.0
486716.900000 4212515.300000 57490.0
486686.000000 4212467.500000 57520.0
486630.700000 4212381.300000 57550.0
486491.200000 4212406.000000 57580.0
486392.700000 4212261.900000 57610.0
486212.100000 4212296.500000 57640.0
485987.600000 4212337.900000 57670.0
485822.600000 4212355.900000 57700.0
485627.200000 4212449.400000 57730.0
485567.500000 4212462.600000 57760.0
485519.200000 4212380.600000 57790.0
485404.900000 4212305.500000 57820.0
485012.300000 4212530.500000 57850.0
484646.800000 4212690.700000 57880.0
484623.500000 4212917.200000 57910.0
484299.800000 4212936.900000 57940.0
484142.000000 4213029.400000 57970.0
484116.500000 4213409.200000 58000.0
484141.800000 4213757.500000 58030.0
484148.100000 4213845.100000 58060.0
484147.300000 4213853.900000 58090.0
484146.500000 4213878.500000 58120.0
483906.200000 4213902.200000 58150.0
483750.100000 4213916.900000 58180.0
483689.600000 4213924.700000 58210.0
483674.700000 4213932.300000 58240.0
483673.900000 4213933.600000 58270.0
483616.800000 4213937.900000 58300.0
483598.400000 4213943.500000 58330.0
483579.200000 4213946.900000 58360.0
483534.500000 4213953.800000 58390.0
483497.800000 4213960.600000 58480.0
483480.200000 4213959.400000 58510.0
483454.800000 4213963.700000 58600.0
483436.400000 4213963.700000 58630.0
483395.200000 4213965.100000 58720.0
483392.500000 4213965.100000 58750.0
483360.100000 4213968.500000 58810.0
483291.700000 4213972.900000 58840.0
483052.300000 4213992.400000 58870.0
482967.200000 4213987.100000 58900.0
482965.400000 4213940.500000 58930.0
482968.000000 4213930.400000 58960.0
482964.500000 4213896.100000 58990.0
482740.000000 4213922.000000 59020.0
482393.600000 4213956.100000 59050.0
482363.200000 4214120.400000 59080.0
482361.700000 4214199.200000 59110.0
482370.100000 4214452.200000 59140.0
482343.600000 4214788.400000 59170.0
482318.900000 4215136.800000 59200.0
482323.300000 4215145.600000 59230.0
482352.300000 4215198.900000 59260.0
482383.200000 4215267.800000 59290.0
482494.300000 4215490.700000 59320.0
482618.400000 4215720.200000 59350.0
482661.500000 4215794.600000 59380.0
482814.400000 4215979.700000 59410.0
482962.000000 4216102.600000 59440.0
483049.100000 4216216.700000 59470.0
483136.900000 4216343.000000 59500.0
483121.300000 4216394.300000 59530.0
483093.200000 4216379.900000 59560.0
483138.500000 4216204.600000 59590.0
483159.500000 4216177.900000 59620.0
483118.800000 4215992.600000 59650.0
483103.100000 4215576.600000 59680.0
483122.100000 4215450.000000 59710.0
483134.000000 4215328.900000 59740.0
483147.100000 4215278.900000 59770.0
483350.600000 4215314.100000 59800.0
483588.400000 4215370.300000 59830.0
483587.400000 4215269.100000 59860.0
483718.700000 4215221.100000 59890.0
483768.700000 4215208.700000 59920.0
483909.800000 4215146.200000 59950.0
483929.700000 4215016.200000 59980.0
483993.800000 4214604.300000 60010.0
484100.100000 4214175.700000 60040.0
484140.900000 4213983.500000 60070.0
484145.200000 4213958.900000 60100.0
484144.900000 4213822.600000 60130.0
484141.100000 4213676.200000 60160.0
484138.600000 4213231.300000 60190.0
484155.800000 4213065.000000 60220.0
484152.900000 4212949.400000 60250.0
484309.800000 4212944.900000 60280.0
484552.700000 4212921.200000 60310.0
484620.100000 4212778.000000 60340.0
484548.300000 4212446.300000 60370.0
484375.900000 4212223.500000 60400.0
484053.400000 4211938.900000 60430.0
483941.600000 4211768.100000 60460.0
484051.900000 4211599.400000 60490.0
484220.500000 4211654.600000 60520.0
484362.400000 4211572.200000 60550.0
484423.700000 4211511.100000 60580.0
484531.500000 4211430.900000 60610.0
484884.900000 4211310.500000 60640.0
485043.600000 4211230.200000 60670.0
485115.400000 4211150.100000 60700.0
485241.500000 4211015.700000 60730.0
485164.000000 4210806.300000 60760.0
485012.500000 4210545.800000 60790.0
484945.700000 4210451.600000 60820.0
484868.700000 4210490.700000 60850.0
484893.800000 4210303.100000 60880.0
484909.300000 4210212.100000 60910.0
484908.400000 4210143.100000 60940.0
484870.300000 4209939.200000 60970.0
484798.900000 4209803.000000 61000.0
484717.100000 4209714.300000 61030.0
484521.900000 4209514.000000 61060.0
484445.400000 4209434.200000 61090.0
484382.200000 4209368.700000 61120.0
484274.900000 4209260.100000 61150.0
483926.800000 4208978.000000 61180.0
483963.400000 4208872.600000 61210.0
484108.900000 4208756.700000 61240.0
483986.500000 4208580.500000 61270.0
483817.500000 4208364.500000 61300.0
483660.900000 4208152.800000 61330.0
483547.200000 4207891.000000 61360.0
483437.500000 4207883.600000 61390.0
483415.600000 4207883.700000 61420.0
