478268.900000 4209015.600000 21611.0
478265.400000 4209034.600000 21731.0
478272.500000 4209030.400000 21761.0
478223.500000 4209137.200000 21821.0
478263.300000 4209242.500000 21851.0
478364.800000 4209467.400000 21881.0
478423.400000 4209714.800000 21911.0
478559.000000 4209915.100000 21941.0
478609.300000 4210011.500000 21971.0
478600.600000 4210017.000000 22001.0
478604.200000 4210030.100000 22031.0
478608.500000 4210042.400000 22841.0
478767.700000 4210160.500000 22871.0
478830.100000 4210204.700000 22901.0
478874.800000 4210233.400000 22931.0
479066.800000 4210186.400000 22961.0
479095.800000 4210179.500000 22991.0
479377.000000 4210018.000000 23021.0
479768.700000 4209763.000000 23051.0
479906.300000 4209675.100000 23081.0
479920.300000 4209668.300000 23111.0
480121.800000 4209878.600000 23141.0
480231.000000 4210024.800000 23171.0
480253.700000 4210017.900000 23201.0
480543.500000 4209764.100000 23231.0
480753.500000 4209513.100000 23261.0
481171.700000 4209344.500000 23291.0
481664.500000 4209198.200000 23321.0
481987.900000 4208979.900000 23351.0
482028.600000 4208744.500000 23381.0
482081.900000 4208609.000000 23411.0
482259.700000 4208490.900000 23441.0
482461.400000 4208398.200000 23471.0
482825.900000 4208481.700000 23501.0
482835.200000 4208316.100000 23531.0
482850.900000 4208291.600000 23561.0
483058.100000 4208351.200000 23591.0
483311.200000 4208523.800000 23621.0
483568.900000 4208769.700000 23651.0
483809.400000 4208790.300000 23681.0
484012.700000 4208642.200000 23711.0
484188.000000 4208490.800000 23741.0
484408.000000 4208297.400000 23771.0
484670.100000 4208114.900000 23801.0
484787.800000 4208118.900000 23831.0
485145.200000 4208200.300000 23861.0
485267.900000 4208109.100000 23891.0
485463.300000 4207932.300000 23921.0
485668.200000 4207655.500000 23951.0
485788.100000 4207452.200000 23981.0
485994.000000 4207234.300000 24011.0
486106.800000 4207013.100000 24041.0
486324.300000 4206917.500000 24071.0
486806.100000 4206874.400000 24101.0
487108.900000 4206805.000000 24131.0
487307.000000 4206622.700000 24161.0
487466.500000 4206479.400000 24191.0
487638.500000 4206347.000000 24221.0
488056.300000 4206237.700000 24251.0
488229.200000 4206195.100000 24281.0
488523.100000 4206126.900000 24311.0
488681.100000 4206086.900000 24341.0
488853.200000 4206019.000000 24371.0
488901.400000 4206003.300000 24401.0
488987.400000 4205972.300000 24431.0
489063.700000 4205954.400000 24461.0
489132.200000 4205950.900000 24491.0
489185.000000 4205950.800000 24521.0
489204.200000 4205950.800000 24551.0
489296.500000 4205950.700000 24581.0
489421.100000 4205949.300000 24611.0
489522.100000 4205944.900000 24641.0
489789.000000 4205944.600000 24671.0
490009.400000 4205985.300000 24701.0
490253.600000 4206032.900000 24731.0
490481.000000 4206002.600000 24761.0
490903.200000 4205903.500000 24791.0
491420.200000 4205824.200000 24821.0
491929.400000 4205809.300000 24851.0
492331.200000 4205489.400000 24881.0
492893.800000 4205313.600000 24911.0
493483.800000 4205288.600000 24941.0
494049.300000 4205446.900000 24971.0
494538.400000 4205705.200000 25001.0
494822.000000 4205807.000000 25031.0
495298.000000 4205995.500000 25061.0
495833.600000 4206168.300000 25091.0
496329.700000 4206386.500000 25121.0
496847.600000 4206490.400000 25151.0
497321.900000 4206612.100000 25191.0
497446.400000 4206531.300000 25221.0
497473.700000 4206436.900000 25251.0
497671.200000 4206356.000000 25281.0
497909.100000 4206172.700000 25311.0
497994.300000 4205963.100000 25341.0
497904.700000 4205751.100000 25371.0
498030.300000 4205664.700000 25401.0
498304.200000 4205546.200000 25431.0
498377.100000 4205671.400000 25461.0
498392.000000 4205698.100000 25491.0
498409.600000 4205890.200000 25521.0
498055.800000 4206043.500000 25551.0
497882.900000 4206201.000000 25581.0
497620.300000 4206372.900000 25611.0
497472.000000 4206467.400000 25641.0
497259.600000 4206637.100000 25671.0
497358.700000 4206726.800000 25701.0
497751.300000 4207049.700000 25731.0
497929.500000 4207370.400000 25761.0
497708.400000 4207624.500000 25791.0
497346.800000 4207703.300000 25821.0
496963.300000 4207794.400000 25851.0
496662.300000 4207949.900000 25881.0
496515.800000 4208123.000000 25911.0
496543.100000 4208253.000000 25941.0
496468.500000 4208459.500000 25971.0
496531.600000 4208367.200000 26001.0
496589.500000 4208269.400000 26031.0
496455.300000 4208355.000000 26061.0
496418.100000 4208380.000000 26115.0
496176.800000 4208524.400000 26145.0
495929.400000 4208707.800000 26175.0
495617.000000 4208595.800000 26205.0
495517.700000 4208132.000000 26235.0
495516.500000 4207564.000000 26265.0
495616.400000 4206993.800000 26295.0
496021.700000 4206696.000000 26325.0
496295.500000 4206389.500000 26355.0
496090.000000 4206286.300000 26385.0
495691.400000 4206140.000000 26415.0
495277.900000 4205995.100000 26445.0
494838.900000 4205823.500000 26475.0
494717.700000 4205775.800000 26505.0
494716.800000 4205775.800000 26535.0
494735.100000 4205468.500000 26595.0
494610.100000 4204948.400000 26625.0
494466.600000 4204438.000000 26655.0
494571.100000 4204476.900000 26685.0
495027.700000 4204555.300000 26715.0
495226.300000 4204781.700000 26745.0
495114.900000 4204887.100000 26775.0
495121.900000 4204893.900000 26805.0
495227.200000 4204851.500000 26835.0
495119.900000 4204594.200000 26865.0
494643.900000 4204530.200000 26895.0
494492.800000 4204480.300000 26925.0
494611.600000 4204936.100000 26955.0
494654.800000 4205139.200000 26985.0
494733.200000 4205446.500000 27015.0
494715.000000 4205742.700000 27045.0
494715.000000 4205744.000000 27075.0
494743.100000 4205777.400000 27135.0
494740.500000 4205945.000000 27165.0
494718.800000 4206235.800000 27195.0
494759.200000 4206378.000000 27225.0
494608.400000 4206647.700000 27255.0
494333.800000 4206888.700000 27285.0
494097.900000 4207135.200000 27315.0
493979.600000 4207492.500000 27345.0
493921.800000 4207669.900000 27375.0
493950.100000 4207949.700000 27405.0
493621.800000 4207989.700000 27435.0
493525.000000 4207718.000000 27465.0
493426.800000 4207812.500000 27495.0
493154.900000 4207881.700000 27525.0
492835.400000 4207882.000000 27555.0
492715.900000 4207671.300000 27585.0
492384.000000 4207602.600000 27615.0
491983.600000 4207504.400000 27645.0
491747.600000 4207599.000000 27675.0
491620.700000 4207870.000000 27705.0
491484.600000 4207898.100000 27735.0
491238.700000 4207805.200000 27765.0
491109.100000 4208092.700000 27795.0
490977.800000 4208366.700000 27825.0
490964.800000 4208511.100000 27855.0
491153.200000 4208315.700000 27885.0
491225.000000 4208082.500000 27915.0
491137.300000 4208163.400000 27945.0
491027.900000 4208420.800000 27975.0
490942.800000 4208468.800000 28005.0
491116.900000 4208053.800000 28035.0
491426.600000 4207839.300000 28065.0
491618.000000 4207848.000000 28095.0
491377.200000 4207617.600000 28125.0
491244.200000 4207241.400000 28155.0
491242.200000 4206934.200000 28185.0
490833.000000 4206843.600000 28215.0
490695.100000 4206754.900000 28245.0
490814.500000 4206747.100000 28275.0
490882.000000 4206601.900000 28305.0
490880.000000 4206323.400000 28335.0
490822.600000 4206032.700000 28365.0
490863.700000 4205921.700000 28395.0
490983.800000 4205799.700000 28425.0
490907.100000 4205572.500000 28455.0
490803.300000 4205443.900000 28485.0
490728.400000 4205190.900000 28515.0
490714.300000 4205197.700000 28545.0
490702.100000 4205202.000000 28575.0
490495.900000 4205329.600000 28605.0
490460.000000 4205367.300000 28635.0
490243.300000 4205559.700000 28665.0
490040.700000 4205715.300000 28695.0
489751.800000 4205715.600000 28725.0
489460.400000 4205804.900000 28755.0
489386.800000 4205849.400000 28785.0
489343.900000 4205935.000000 28815.0
488971.700000 4205964.200000 28845.0
488866.400000 4206004.200000 28875.0
488764.600000 4206049.600000 28905.0
488609.300000 4206097.600000 28935.0
488592.600000 4206104.400000 28965.0
488557.400000 4206113.400000 29085.0
488466.200000 4206142.300000 29115.0
488339.800000 4206169.100000 29145.0
488266.200000 4206183.600000 29175.0
488205.600000 4206196.800000 29205.0
488065.100000 4206234.700000 29235.0
487885.200000 4206284.900000 29265.0
487832.500000 4206299.400000 29295.0
487768.400000 4206315.100000 29325.0
487630.600000 4206344.100000 29355.0
487658.300000 4206606.000000 29385.0
487595.700000 4206942.200000 29415.0
487596.100000 4207231.700000 29445.0
487629.300000 4207738.700000 29475.0
487536.000000 4208149.400000 29505.0
487192.200000 4208277.300000 29535.0
487156.200000 4208282.900000 29565.0
487149.200000 4208280.800000 29595.0
486931.700000 4208361.100000 29715.0
486694.600000 4208311.600000 29745.0
486650.800000 4208371.700000 29775.0
486384.000000 4208411.100000 29805.0
486150.800000 4208585.900000 29835.0
486036.400000 4208462.900000 29865.0
486035.600000 4208460.800000 29895.0
485897.600000 4208361.100000 29925.0
485575.400000 4208276.200000 29955.0
485587.900000 4208417.100000 29985.0
485394.100000 4208537.200000 30015.0
485385.400000 4208540.600000 30045.0
485323.000000 4208471.800000 30075.0
485322.100000 4208471.800000 30105.0
485301.000000 4208452.700000 30135.0
485277.200000 4208413.000000 30165.0
485181.400000 4208294.700000 30195.0
485190.000000 4208253.600000 30225.0
485186.400000 4208226.900000 30255.0
485165.300000 4208214.700000 30285.0
485058.100000 4208188.200000 30345.0
484954.500000 4208161.800000 30375.0
484893.000000 4208146.200000 30405.0
484845.600000 4208135.300000 30435.0
484738.400000 4208108.800000 30465.0
484627.700000 4208082.400000 30495.0
484336.100000 4208013.900000 30525.0
483991.900000 4207931.200000 30555.0
483674.900000 4207856.500000 30585.0
483491.400000 4207861.100000 30615.0
483395.800000 4207883.300000 30645.0
483394.200000 4207883.300000 30675.0
483431.000000 4207870.900000 30735.0
483504.600000 4207835.200000 30765.0
483497.500000 4207809.900000 30795.0
483345.500000 4207767.800000 30825.0
483277.200000 4207837.000000 30855.0
483378.300000 4207884.600000 30885.0
483380.900000 4207891.400000 30915.0
483388.900000 4207933.700000 31755.0
483314.300000 4207972.800000 31785.0
483134.500000 4208035.300000 31815.0
483032.000000 4208119.800000 31845.0
482891.800000 4208232.200000 31875.0
482667.000000 4208167.100000 31905.0
482414.000000 4208054.600000 31935.0
482391.200000 4208045.800000 31965.0
482324.600000 4208060.300000 31995.0
482142.000000 4208067.500000 32025.0
482030.500000 4208088.900000 32055.0
481888.300000 4208072.700000 32085.0
481883.900000 4208051.500000 32115.0
482004.000000 4207990.300000 32145.0
482011.000000 4207990.300000 32175.0
482061.900000 4207965.700000 32205.0
482068.900000 4207960.100000 32235.0
482096.200000 4207955.800000 33585.0
482112.900000 4207952.400000 33615.0
482157.600000 4207935.800000 33645.0
482183.800000 4207928.100000 33675.0
482421.500000 4207817.600000 33705.0
482535.600000 4207777.600000 33735.0
482804.000000 4207691.500000 33765.0
482948.100000 4207780.100000 33795.0
483048.700000 4207991.900000 33825.0
483223.100000 4207917.100000 33855.0
483368.700000 4207882.500000 33885.0
483406.600000 4207984.400000 33915.0
483638.200000 4207925.100000 33945.0
483715.200000 4207862.800000 33975.0
484170.100000 4207969.400000 34005.0
484502.100000 4208046.600000 34035.0
484668.900000 4208084.000000 34065.0
484865.500000 4208133.600000 34095.0
485085.900000 4208185.200000 34125.0
485281.500000 4208098.500000 34155.0
485537.300000 4207832.700000 34185.0
485568.900000 4207832.600000 34215.0
485568.100000 4207831.400000 34245.0
485536.500000 4207849.200000 34875.0
485356.000000 4208056.900000 34905.0
485206.100000 4208171.500000 34935.0
485199.100000 4208209.100000 34965.0
485019.100000 4208171.800000 34995.0
484725.800000 4208103.300000 35025.0
484683.600000 4208092.400000 35055.0
484299.900000 4208002.100000 35085.0
483831.000000 4207890.900000 35115.0
483692.500000 4207960.100000 35145.0
483597.900000 4208052.600000 35175.0
483641.900000 4208145.600000 35205.0
483635.800000 4208151.100000 35235.0
483651.600000 4208182.000000 35325.0
483589.000000 4208059.000000 35355.0
483411.000000 4208110.500000 35385.0
483305.000000 4208173.000000 35415.0
483215.000000 4207939.900000 35445.0
483374.600000 4207882.900000 35475.0
483373.600000 4207878.200000 41929.0
483392.900000 4207930.300000 45619.0
483343.000000 4207979.000000 45649.0
483203.200000 4207923.900000 45679.0
483109.700000 4207714.600000 45709.0
483027.900000 4207684.700000 45739.0
482876.900000 4207645.200000 45769.0
482530.800000 4207549.400000 45799.0
482438.500000 4207525.100000 45829.0
482314.700000 4207500.800000 45859.0
482150.600000 4207474.500000 45889.0
482056.700000 4207487.000000 45919.0
481990.900000 4207517.200000 45949.0
481960.200000 4207535.000000 45979.0
481762.400000 4207833.800000 46009.0
481506.700000 4208107.400000 46039.0
481449.700000 4208152.000000 46069.0
481375.200000 4208194.500000 46099.0
481090.500000 4208433.800000 46129.0
481041.300000 4208467.400000 46159.0
480984.300000 4208492.900000 46189.0
480981.600000 4208494.200000 46219.0
480750.400000 4208343.600000 46249.0
480514.000000 4208624.800000 46279.0
480359.700000 4208688.200000 46309.0
480252.300000 4208912.800000 46339.0
480124.500000 4209025.300000 46369.0
480127.600000 4208862.300000 46399.0
480169.600000 4208794.500000 46429.0
480353.800000 4208765.300000 46459.0
480260.200000 4208890.800000 46489.0
480328.800000 4208948.200000 46519.0
480330.600000 4208980.300000 46549.0
480136.100000 4209127.300000 46579.0
479833.800000 4209355.300000 46609.0
479823.300000 4209369.700000 46639.0
479637.000000 4209201.700000 46669.0
479229.000000 4208937.300000 46699.0
479175.200000 4208814.300000 46729.0
478928.600000 4208488.600000 46759.0
478673.900000 4208074.500000 46789.0
478559.300000 4207894.000000 46819.0
478479.000000 4207749.900000 46849.0
478464.000000 4207711.000000 46879.0
478407.400000 4207586.700000 46909.0
478327.000000 4207383.800000 46939.0
478306.700000 4207341.500000 46969.0
478311.000000 4207345.700000 46999.0
478309.300000 4207330.100000 47329.0
478220.000000 4207103.000000 47359.0
478196.000000 4207027.700000 47389.0
478196.000000 4207024.400000 47419.0
478191.600000 4206996.400000 47449.0
478324.800000 4206928.400000 47479.0
478324.000000 4206928.400000 47509.0
478378.400000 4206937.100000 47539.0
478506.400000 4206894.400000 47569.0
478503.000000 4206941.000000 47599.0
478376.700000 4206983.700000 47629.0
478359.000000 4206922.800000 47659.0
478351.100000 4206920.700000 47689.0
478406.200000 4206854.100000 47749.0
478535.800000 4206729.300000 47779.0
478702.100000 4206554.500000 47809.0
478667.600000 4206422.500000 47839.0
478920.000000 4206265.300000 47869.0
478985.100000 4205986.600000 47899.0
478742.300000 4205762.900000 47929.0
478691.700000 4205557.700000 47959.0
478694.300000 4205554.400000 47989.0
478669.400000 4205443.500000 48019.0
478549.700000 4205317.300000 48049.0
478293.800000 4205180.400000 48079.0
478233.300000 4204933.000000 48109.0
478291.700000 4204766.500000 48139.0
478345.100000 4204702.000000 48169.0
478390.900000 4204723.000000 48199.0
478464.800000 4204822.700000 48229.0
478537.900000 4204894.500000 48259.0
478620.700000 4204992.900000 48289.0
478629.500000 4205031.800000 48319.0
478635.700000 4205030.500000 48349.0
478640.900000 4205042.800000 48409.0
478662.400000 4205184.900000 48439.0
478702.300000 4205346.900000 48469.0
478756.400000 4205514.400000 48499.0
478746.800000 4205585.500000 48529.0
478839.300000 4205659.800000 48559.0
478941.100000 4205666.300000 48589.0
479168.400000 4205632.300000 48619.0
479203.600000 4205634.300000 48649.0
479271.300000 4205647.300000 48679.0
479257.400000 4205698.500000 48709.0
479309.500000 4205834.700000 48739.0
479361.100000 4206130.800000 48769.0
479363.800000 4206134.200000 48799.0
479403.600000 4206250.500000 48829.0
479555.400000 4206562.900000 48859.0
479648.900000 4206719.300000 48889.0
479705.300000 4206769.100000 48919.0
479820.900000 4206683.300000 48949.0
480098.600000 4206769.000000 48979.0
480308.500000 4206817.100000 49009.0
480482.000000 4206698.200000 49039.0
480491.700000 4206689.300000 49069.0
480699.300000 4206889.400000 49099.0
480887.800000 4207151.000000 49129.0
480923.900000 4207189.800000 49159.0
481037.900000 4207114.200000 49189.0
481171.100000 4207012.800000 49219.0
481398.900000 4207217.500000 49249.0
481536.900000 4207292.600000 49279.0
481644.100000 4207329.100000 49309.0
481888.600000 4207512.700000 49339.0
481920.300000 4207542.700000 49369.0
482100.200000 4207474.600000 49399.0
482262.600000 4207490.700000 49429.0
482290.700000 4207492.000000 49459.0
482541.800000 4207549.000000 49489.0
482829.900000 4207626.300000 49519.0
482839.600000 4207627.500000 49549.0
482992.400000 4207668.200000 49579.0
483337.500000 4207761.900000 49609.0
483496.500000 4207833.600000 49639.0
483383.400000 4207880.300000 49669.0
483402.700000 4207904.900000 49699.0
483422.900000 4207883.600000 51349.0
483429.100000 4207884.900000 51379.0
483458.100000 4207878.100000 51409.0
483506.200000 4207815.800000 51439.0
483535.800000 4207726.800000 51469.0
483502.100000 4207547.000000 51499.0
483536.200000 4207482.600000 51529.0
483488.600000 4207406.100000 51559.0
483488.600000 4207401.900000 51589.0
483607.000000 4207307.200000 51619.0
483700.700000 4207226.200000 51649.0
483584.500000 4207058.800000 51679.0
483673.900000 4206957.500000 51709.0
483689.600000 4206944.300000 51739.0
483694.000000 4206940.900000 51769.0
483814.200000 4206966.100000 51829.0
483912.400000 4206881.700000 51859.0
484009.600000 4206760.400000 51889.0
484060.300000 4206694.700000 51919.0
484205.600000 4206492.600000 51949.0
484266.000000 4206391.300000 51979.0
484385.100000 4206214.600000 52009.0
484395.600000 4206190.000000 52039.0
484412.300000 4206165.400000 52069.0
484424.500000 4206144.200000 52099.0
484428.800000 4206136.600000 52129.0
484462.900000 4206088.700000 52159.0
484469.900000 4206077.700000 52189.0
484505.800000 4206001.000000 52219.0
484578.400000 4205898.900000 52249.0
484714.600000 4205927.400000 52279.0
484794.600000 4205980.600000 52309.0
484880.800000 4206052.400000 52339.0
484832.700000 4206114.700000 52369.0
484762.900000 4206316.700000 52399.0
484879.800000 4206421.900000 52429.0
485021.300000 4206546.100000 52459.0
485124.200000 4206658.000000 52489.0
485226.100000 4206713.300000 52519.0
485202.100000 4206604.600000 52549.0
485210.100000 4206686.700000 52579.0
485184.800000 4206763.300000 52609.0
485106.700000 4206802.400000 52639.0
484979.300000 4206716.300000 52669.0
484850.000000 4206636.500000 52699.0
484771.000000 4206615.500000 52729.0
484685.000000 4206674.500000 52759.0
484565.400000 4206573.600000 52789.0
484420.900000 4206743.600000 52819.0
484294.800000 4206886.900000 52849.0
484226.500000 4207013.600000 52879.0
484219.600000 4207039.000000 52909.0
484450.500000 4207063.100000 52939.0
484834.900000 4207074.600000 52969.0
484846.900000 4206929.400000 52999.0
484762.700000 4206927.500000 53029.0
484863.100000 4207094.900000 53059.0
485018.400000 4207072.600000 53089.0
485126.400000 4207042.400000 53119.0
485273.000000 4207005.300000 53149.0
485694.100000 4206823.800000 53179.0
486121.400000 4206717.700000 53209.0
486614.500000 4206619.100000 53239.0
487007.700000 4206535.100000 53269.0
487352.400000 4206402.500000 53299.0
487534.000000 4206365.400000 53329.0
487606.000000 4206354.300000 53359.0
487764.800000 4206318.500000 53389.0
487823.600000 4206304.000000 53419.0
487873.600000 4206291.700000 53449.0
487974.600000 4206266.100000 53479.0
488061.500000 4206244.800000 53509.0
488208.100000 4206209.100000 53539.0
488339.700000 4206183.500000 53569.0
488634.600000 4206108.600000 53599.0
488894.400000 4206015.100000 53629.0
489276.300000 4205964.700000 53659.0
489365.800000 4205960.300000 53689.0
489627.400000 4205924.400000 53719.0
489743.000000 4205743.600000 53749.0
489980.900000 4205717.900000 53779.0
490230.100000 4205572.400000 53809.0
490439.700000 4205388.900000 53839.0
490486.300000 4205392.200000 53869.0
490496.000000 4205388.000000 53899.0
490467.900000 4205395.600000 54679.0
490327.500000 4205505.900000 54709.0
490175.800000 4205639.400000 54739.0
490122.300000 4205714.800000 54769.0
490081.100000 4205729.200000 54799.0
490040.700000 4205742.400000 54829.0
489931.900000 4205726.800000 54859.0
489780.800000 4205733.800000 54889.0
489759.800000 4205750.300000 54919.0
489523.700000 4205830.600000 54949.0
489407.000000 4205837.500000 54979.0
489299.100000 4205900.700000 55009.0
489288.600000 4205967.200000 55039.0
488949.800000 4206004.500000 55069.0
488841.800000 4206051.200000 55099.0
488764.700000 4206075.800000 55129.0
488640.100000 4206118.300000 55159.0
488490.000000 4206163.800000 55189.0
488317.900000 4206203.000000 55219.0
488226.700000 4206225.100000 55249.0
488091.600000 4206262.200000 55279.0
487903.800000 4206311.100000 55309.0
487865.200000 4206322.200000 55339.0
487687.900000 4206366.900000 55369.0
487464.900000 4206400.600000 55399.0
487256.000000 4206469.900000 55429.0
487071.800000 4206535.800000 55459.0
486651.500000 4206640.600000 55489.0
486242.600000 4206719.200000 55519.0
485796.800000 4206788.900000 55549.0
485472.300000 4206969.400000 55579.0
485380.300000 4207090.600000 55609.0
485230.100000 4207101.000000 55639.0
485218.700000 4207065.500000 55669.0
485216.000000 4207067.600000 55699.0
485125.300000 4206925.500000 55759.0
484959.000000 4206719.300000 55789.0
485064.100000 4206606.100000 55819.0
485067.400000 4206456.300000 55849.0
484874.900000 4206297.000000 55879.0
484779.100000 4206225.300000 55909.0
484689.400000 4206171.300000 55939.0
484521.600000 4206061.500000 55969.0
484518.100000 4206061.500000 55999.0
484410.900000 4206055.000000 56029.0
484161.200000 4206286.100000 56059.0
483987.800000 4206502.700000 56089.0
483847.100000 4206383.200000 56119.0
483607.700000 4206482.300000 56149.0
483401.800000 4206685.900000 56179.0
483372.200000 4206380.800000 56209.0
483261.500000 4206379.700000 56239.0
483142.100000 4206372.400000 56269.0
483017.600000 4206417.100000 56299.0
482900.900000 4206427.500000 56329.0
482859.600000 4206358.500000 56359.0
483009.200000 4206053.100000 56389.0
483175.200000 4206071.800000 56419.0
483362.200000 4206070.100000 56449.0
483435.600000 4205946.800000 56479.0
483488.600000 4205660.600000 56509.0
483443.800000 4205586.200000 56539.0
483283.300000 4205661.000000 56569.0
483255.800000 4205544.700000 56599.0
483209.800000 4205388.200000 56629.0
483114.000000 4205335.000000 56659.0
482885.000000 4205376.500000 56689.0
482773.200000 4205647.700000 56719.0
482669.100000 4205832.000000 56749.0
482558.200000 4206116.200000 56779.0
482523.200000 4206189.500000 56809.0
482367.800000 4206198.700000 56839.0
482185.000000 4206134.800000 56869.0
482032.900000 4206017.500000 56899.0
482122.200000 4205904.300000 56929.0
482348.200000 4205644.300000 56959.0
482461.200000 4205559.900000 56989.0
482544.500000 4205487.700000 57019.0
482754.800000 4205334.100000 57049.0
482874.300000 4205348.200000 57079.0
482996.700000 4205131.700000 57109.0
482900.600000 4204885.500000 57139.0
482842.400000 4204743.500000 57169.0
482558.600000 4204653.000000 57199.0
482484.100000 4204742.900000 57229.0
482332.900000 4204667.900000 57259.0
482295.200000 4204646.000000 57289.0
482060.400000 4204510.200000 57319.0
481819.500000 4204421.000000 57349.0
481686.000000 4204398.000000 57379.0
481436.600000 4204387.600000 57409.0
481258.200000 4204314.800000 57439.0
481306.800000 4204043.800000 57469.0
481361.000000 4203910.300000 57499.0
481330.700000 4203728.400000 57529.0
481344.800000 4203709.300000 57559.0
481544.600000 4203544.600000 57589.0
481693.200000 4203668.700000 57619.0
481870.800000 4203763.600000 57649.0
481626.500000 4204078.200000 57679.0
481435.700000 4204352.500000 57709.0
481434.000000 4204356.700000 57739.0
481600.000000 4204377.500000 57769.0
481952.200000 4204453.300000 57799.0
482281.000000 4204627.000000 57829.0
482496.600000 4204766.200000 57859.0
482514.600000 4204966.800000 57889.0
482527.400000 4205255.400000 57919.0
482538.400000 4205489.400000 57949.0
482619.500000 4205634.400000 57979.0
482719.800000 4205704.100000 58009.0
482604.400000 4205967.200000 58039.0
482518.000000 4206198.000000 58069.0
482469.100000 4206325.500000 58099.0
482414.900000 4206465.300000 58129.0
482482.900000 4206616.300000 58159.0
482499.400000 4206950.200000 58189.0
482602.300000 4207098.500000 58219.0
482593.000000 4207282.600000 58249.0
482604.700000 4207457.800000 58279.0
482590.800000 4207532.400000 58309.0
482613.600000 4207545.400000 58339.0
482723.400000 4207579.500000 58369.0
482828.700000 4207607.200000 58399.0
482841.000000 4207612.700000 58429.0
483023.700000 4207665.600000 58459.0
483356.600000 4207751.300000 58489.0
483505.900000 4207842.000000 58519.0
483389.300000 4207876.500000 58549.0
483377.800000 4207831.300000 58579.0
483381.300000 4207829.100000 58609.0
483369.900000 4207816.900000 59359.0
483210.900000 4207733.000000 59389.0
482998.300000 4207675.900000 59419.0
482722.600000 4207599.800000 59449.0
482623.400000 4207575.500000 59479.0
482600.600000 4207568.800000 59509.0
482581.400000 4207563.300000 59539.0
482534.800000 4207550.300000 59569.0
482480.300000 4207534.700000 59599.0
482435.600000 4207523.800000 59629.0
482375.000000 4207511.700000 59659.0
482281.000000 4207492.800000 59689.0
482230.900000 4207484.000000 59719.0
482119.400000 4207476.700000 59749.0
482102.700000 4207476.700000 59779.0
482022.000000 4207501.400000 59809.0
482018.500000 4207501.400000 59839.0
481826.800000 4207722.800000 59869.0
481586.100000 4208048.400000 59899.0
481426.700000 4208169.800000 59929.0
481405.600000 4208182.100000 59959.0
481372.400000 4208208.900000 59989.0
481003.600000 4208506.000000 60019.0
480677.700000 4208754.300000 60049.0
480569.900000 4208831.200000 60079.0
480502.400000 4208884.700000 60109.0
480447.300000 4208920.400000 60139.0
480381.600000 4208962.900000 60169.0
480130.100000 4209144.200000 60199.0
479877.000000 4209339.900000 60229.0
479807.800000 4209386.700000 60259.0
479494.300000 4209315.500000 60289.0
479054.400000 4209256.500000 60319.0
478835.800000 4209176.200000 60349.0
478708.400000 4209119.800000 60379.0
478506.300000 4209040.400000 60409.0
478374.600000 4208977.600000 60439.0
478240.800000 4208843.800000 60469.0
478023.600000 4208661.100000 60499.0
477861.300000 4208372.900000 60529.0
477800.400000 4208271.100000 60559.0
477752.700000 4208174.700000 60589.0
477749.200000 4208167.100000 60619.0
477690.200000 4208063.100000 60649.0
477759.300000 4208008.700000 60679.0
477742.400000 4207945.700000 60709.0
477612.700000 4207708.600000 60739.0
477411.000000 4207493.700000 60769.0
477332.400000 4207338.600000 60799.0
477350.700000 4207296.300000 60829.0
477355.100000 4207289.500000 60859.0
477469.900000 4207242.600000 60889.0
477759.100000 4207064.500000 60919.0
477753.300000 4206840.200000 60949.0
477684.600000 4206757.000000 60979.0
477704.800000 4206718.000000 61009.0
477573.400000 4206506.300000 61039.0
477555.800000 4206478.400000 61069.0
477560.500000 4206305.300000 61099.0
477644.600000 4206257.200000 61129.0
477658.600000 4206228.400000 61159.0
477678.600000 4206153.800000 61189.0
477696.700000 4206040.800000 61219.0
477756.600000 4206068.600000 61249.0
477760.900000 4206063.000000 61279.0
477851.100000 4206264.700000 61309.0
477850.600000 4206387.900000 61339.0
477778.500000 4206364.800000 61369.0
477641.500000 4206370.600000 61399.0
477517.300000 4206513.200000 61429.0
477347.500000 4206684.700000 61459.0
477305.300000 4206686.900000 61489.0
477063.800000 4206657.500000 61519.0
476951.600000 4206693.400000 61549.0
476944.000000 4206814.500000 61579.0
476949.100000 4207080.700000 61609.0
476964.600000 4207277.000000 61639.0
476962.900000 4207283.800000 61669.0
477035.300000 4207406.800000 61729.0
477158.500000 4207522.000000 61759.0
477418.000000 4207716.400000 61789.0
477525.400000 4207810.500000 61819.0
477553.700000 4207876.800000 61849.0
477505.800000 4208000.100000 61879.0
477558.900000 4208106.600000 61909.0
477628.400000 4208196.200000 61939.0
477703.800000 4208152.800000 61969.0
477705.500000 4208154.100000 61999.0
477722.200000 4208159.500000 62029.0
477849.300000 4208396.600000 62059.0
477971.900000 4208624.900000 62089.0
478149.600000 4208789.900000 62119.0
478366.100000 4208987.800000 62149.0
478264.400000 4209009.200000 62179.0
