482479.800000 4206401.700000 22114.0
482489.400000 4206371.600000 22144.0
482491.700000 4206275.100000 22196.0
482409.900000 4206208.800000 22226.0
482285.200000 4206168.000000 22256.0
482177.900000 4206117.000000 22286.0
482020.600000 4206015.400000 22316.0
482041.600000 4205943.400000 22346.0
482110.900000 4205924.200000 22376.0
482342.500000 4205498.700000 22466.0
482266.700000 4205351.200000 22526.0
482324.200000 4205139.000000 22556.0
482288.500000 4204914.800000 22586.0
482342.700000 4204788.100000 22616.0
482311.500000 4204619.700000 22646.0
482294.800000 4204637.500000 22676.0
482018.800000 4204491.700000 22706.0
481813.100000 4204415.500000 22736.0
481713.000000 4204409.000000 22766.0
481765.300000 4204194.700000 22796.0
481646.400000 4204089.600000 22826.0
481482.000000 4203976.900000 22856.0
481387.700000 4203797.300000 22886.0
481354.100000 4203706.300000 22916.0
481352.500000 4203706.300000 22946.0
481409.400000 4203643.100000 22976.0
481563.000000 4203570.800000 23006.0
481763.400000 4203674.500000 23036.0
481860.300000 4203766.600000 23066.0
481774.500000 4203887.800000 23096.0
481943.400000 4204022.900000 23126.0
482104.400000 4204162.200000 23156.0
482289.900000 4204293.900000 23186.0
482370.700000 4204350.400000 23216.0
482379.500000 4204360.500000 23246.0
482438.300000 4204401.500000 23276.0
482470.000000 4204421.300000 23306.0
482639.800000 4204572.000000 23336.0
482871.000000 4204684.600000 23366.0
482828.100000 4204721.500000 23396.0
482785.800000 4204705.100000 23426.0
482736.600000 4204725.000000 23456.0
482782.600000 4204860.400000 23486.0
482878.700000 4205058.700000 23516.0
482832.600000 4205267.500000 23546.0
482876.600000 4205351.600000 23576.0
482804.000000 4205468.100000 23606.0
482742.100000 4205654.500000 23636.0
482576.500000 4205826.700000 23666.0
482504.200000 4206093.100000 23696.0
482536.000000 4206165.000000 23726.0
482657.400000 4206211.300000 23756.0
482653.200000 4206320.000000 23786.0
482608.800000 4206443.300000 23816.0
482726.600000 4206512.000000 23846.0
482801.900000 4206397.600000 23876.0
482909.000000 4206335.200000 23906.0
483048.700000 4206361.500000 23936.0
483144.300000 4206379.100000 23966.0
483223.300000 4206377.700000 23996.0
483337.500000 4206370.700000 24026.0
483366.500000 4206370.600000 24056.0
483454.100000 4206317.100000 24086.0
483530.300000 4206248.000000 24116.0
483530.200000 4206157.000000 24146.0
483529.900000 4206018.200000 24176.0
483717.600000 4205915.800000 24206.0
483843.100000 4205871.100000 24236.0
483969.500000 4205878.500000 24266.0
484110.800000 4205878.200000 24296.0
484009.500000 4205707.400000 24326.0
483942.700000 4205611.000000 24356.0
483810.800000 4205479.200000 24386.0
483744.000000 4205401.500000 24416.0
483654.500000 4205423.700000 24446.0
483495.700000 4205519.200000 24476.0
483456.900000 4205468.100000 24506.0
483308.400000 4205393.000000 24536.0
483224.200000 4205408.900000 24566.0
483252.600000 4205536.200000 24596.0
483263.600000 4205772.400000 24626.0
483242.800000 4205896.800000 24656.0
483188.700000 4206075.600000 24686.0
483323.800000 4206063.000000 24716.0
483371.500000 4206210.600000 24746.0
483370.400000 4206500.100000 24776.0
483384.800000 4206671.100000 24806.0
483450.800000 4206740.000000 24836.0
483474.700000 4206826.300000 24866.0
483647.800000 4206870.400000 24896.0
483661.000000 4206883.400000 24926.0
483791.900000 4206938.600000 24956.0
483897.300000 4206972.700000 24986.0
483950.900000 4206993.800000 25016.0
484087.100000 4207043.500000 25046.0
484131.900000 4207051.000000 25076.0
484149.400000 4207050.900000 25106.0
484274.000000 4207067.200000 25136.0
484503.100000 4207084.600000 25166.0
484612.000000 4207092.000000 25196.0
484657.700000 4207096.100000 25226.0
484674.400000 4207098.200000 25256.0
484757.000000 4207102.300000 25286.0
484922.000000 4207098.600000 25316.0
484996.700000 4207082.800000 25346.0
485003.700000 4207075.200000 25376.0
485096.800000 4207049.600000 25436.0
485296.700000 4206999.300000 25466.0
485472.300000 4206954.600000 25496.0
485550.400000 4206906.600000 25526.0
485584.500000 4206884.500000 25556.0
485643.200000 4206846.700000 25586.0
485743.300000 4206789.900000 25616.0
486114.500000 4206724.900000 25646.0
486481.400000 4206655.300000 25676.0
486783.400000 4206585.800000 25706.0
486966.800000 4206506.800000 25736.0
486993.700000 4206291.300000 25766.0
487075.100000 4206058.000000 25796.0
487390.700000 4205809.000000 25826.0
487586.200000 4205645.800000 25856.0
487873.000000 4205479.000000 25886.0
488172.900000 4205284.300000 25916.0
488530.000000 4205068.400000 25946.0
488764.100000 4204796.300000 25976.0
488879.900000 4204739.500000 26006.0
488768.600000 4204893.700000 26036.0
488853.100000 4205077.700000 26066.0
488979.000000 4205350.500000 26096.0
489121.500000 4205591.100000 26126.0
489316.700000 4205757.200000 26156.0
489328.900000 4205767.400000 26186.0
489371.100000 4205794.000000 26216.0
489460.700000 4205795.100000 26246.0
489645.900000 4205768.200000 26276.0
489766.100000 4205696.100000 26306.0
490033.800000 4205717.000000 26336.0
490191.800000 4205597.000000 26366.0
490414.600000 4205393.600000 26396.0
490464.600000 4205361.400000 26426.0
490476.000000 4205354.600000 26456.0
490351.600000 4205460.100000 26576.0
490235.000000 4205564.400000 26606.0
490055.100000 4205706.800000 26636.0
489860.200000 4205688.000000 26666.0
489718.000000 4205732.600000 26696.0
489514.500000 4205802.700000 26726.0
489464.400000 4205799.400000 26756.0
489376.700000 4205803.700000 26786.0
489288.000000 4205857.200000 26816.0
489236.400000 4205933.800000 26846.0
488936.200000 4205977.400000 26876.0
488662.400000 4206086.500000 26906.0
488347.300000 4206158.900000 26936.0
487978.700000 4206245.800000 26966.0
487681.300000 4206320.700000 26996.0
487565.500000 4206342.100000 27026.0
487486.600000 4206484.400000 27056.0
487355.200000 4206603.100000 27086.0
487144.800000 4206768.900000 27116.0
486989.200000 4207169.600000 27146.0
486841.500000 4207575.700000 27176.0
486705.900000 4207835.400000 27206.0
486604.100000 4207854.600000 27236.0
486590.000000 4207830.100000 27266.0
486437.400000 4207872.600000 27296.0
486484.100000 4207961.400000 27326.0
486493.800000 4207984.700000 27356.0
486146.400000 4208069.500000 27386.0
485634.800000 4208148.300000 27416.0
485316.500000 4208302.000000 27446.0
485302.400000 4208314.300000 27476.0
485017.700000 4208167.100000 27506.0
484762.200000 4208105.400000 27536.0
484627.000000 4208074.700000 27566.0
484232.800000 4207993.400000 27596.0
483817.400000 4207885.400000 27626.0
483376.500000 4207770.700000 27656.0
483241.300000 4207735.500000 27686.0
483223.700000 4207725.300000 27716.0
483133.300000 4207702.200000 27746.0
483121.000000 4207694.600000 27776.0
483002.400000 4207659.300000 27836.0
482977.000000 4207652.600000 27866.0
482970.800000 4207654.700000 27896.0
482696.700000 4207583.400000 27926.0
482518.500000 4207539.300000 27956.0
482496.600000 4207529.200000 27986.0
482407.000000 4207511.600000 28016.0
482238.300000 4207485.300000 28046.0
482127.600000 4207481.300000 28076.0
482086.400000 4207481.400000 28106.0
481894.600000 4207621.500000 28136.0
481769.500000 4207844.800000 28166.0
481529.500000 4208095.900000 28196.0
481476.800000 4208129.500000 28226.0
481391.700000 4208183.000000 28256.0
481153.500000 4208392.200000 28286.0
481070.300000 4208464.300000 28316.0
480758.500000 4208703.800000 28346.0
480439.600000 4208927.600000 28376.0
480216.200000 4209090.200000 28406.0
479901.700000 4209329.700000 28436.0
479472.100000 4209460.700000 28466.0
479362.500000 4209488.900000 28496.0
479231.000000 4209517.200000 28526.0
478910.500000 4209796.500000 28556.0
478581.500000 4209831.600000 28586.0
478172.800000 4209904.700000 28616.0
478082.700000 4210000.200000 28646.0
478053.900000 4210041.300000 28676.0
478044.200000 4210039.200000 28706.0
478024.000000 4210057.000000 28736.0
477844.200000 4210134.100000 28766.0
477731.700000 4210059.900000 28796.0
477477.600000 4209857.500000 28826.0
477193.500000 4209575.500000 28856.0
477063.700000 4209606.800000 28886.0
477008.500000 4209622.600000 28916.0
477001.400000 4209611.600000 28946.0
476954.900000 4209624.800000 28976.0
476822.000000 4209811.500000 29006.0
476664.200000 4209879.600000 29036.0
476567.400000 4209797.800000 29066.0
476487.200000 4209655.800000 29096.0
476368.300000 4209526.200000 29126.0
476146.900000 4209121.800000 29156.0
475919.900000 4208614.100000 29186.0
475738.300000 4208068.600000 29216.0
475452.400000 4207561.200000 29246.0
475140.300000 4207106.300000 29276.0
474983.400000 4206611.900000 29306.0
474762.500000 4206430.600000 29336.0
474720.100000 4206379.500000 29366.0
474634.600000 4206282.000000 29396.0
474513.000000 4206177.000000 29426.0
474456.700000 4206148.400000 29456.0
474454.000000 4206147.100000 29486.0
474369.600000 4206105.100000 29516.0
474352.000000 4206094.100000 29546.0
474290.400000 4206049.900000 29576.0
474224.400000 4205984.500000 29606.0
474154.900000 4205910.200000 29636.0
474077.400000 4205835.100000 29666.0
474072.200000 4205831.700000 29696.0
474014.100000 4205782.000000 29726.0
473951.700000 4205739.900000 29756.0
473927.900000 4205725.500000 29786.0
473885.600000 4205704.500000 29816.0
473773.100000 4205653.700000 29876.0
473755.500000 4205644.800000 29906.0
473682.500000 4205607.400000 29936.0
473637.700000 4205577.500000 29966.0
473625.400000 4205570.700000 29996.0
473575.300000 4205540.900000 30026.0
473572.600000 4205539.600000 30056.0
473482.900000 4205494.600000 30086.0
473431.000000 4205464.700000 30116.0
473388.700000 4205429.300000 30146.0
473361.300000 4205407.400000 30176.0
473324.400000 4205386.300000 30206.0
473200.400000 4205304.600000 30236.0
473082.300000 4205196.200000 30266.0
473056.800000 4205169.700000 30296.0
473049.700000 4205148.500000 30326.0
473412.200000 4204818.900000 30356.0
473661.700000 4204607.300000 30386.0
473787.000000 4204514.600000 30416.0
473661.000000 4204653.900000 30446.0
473735.100000 4204783.600000 30476.0
473765.600000 4204788.500000 35272.0
473765.600000 4204785.200000 36652.0
473669.500000 4204631.400000 36682.0
473608.100000 4204658.300000 36712.0
473317.300000 4204900.900000 36742.0
473055.400000 4205121.400000 36772.0
473268.700000 4205356.900000 36802.0
473720.900000 4205609.400000 36832.0
474198.700000 4205940.500000 36862.0
474654.600000 4206295.100000 36892.0
475025.200000 4206649.900000 36922.0
475158.300000 4207143.400000 36952.0
475461.600000 4207568.800000 36982.0
475733.300000 4208022.900000 37012.0
475899.900000 4208532.900000 37042.0
476084.700000 4208970.400000 37072.0
476190.100000 4208734.800000 37102.0
476251.700000 4208515.000000 37132.0
476257.900000 4208513.700000 37162.0
476366.100000 4208584.500000 37222.0
476495.700000 4208760.600000 37252.0
476540.500000 4208818.000000 37282.0
476593.500000 4208889.800000 37312.0
476757.100000 4209032.400000 37342.0
476895.100000 4209135.300000 37372.0
477023.700000 4209309.300000 37402.0
477118.200000 4209535.500000 37432.0
477293.100000 4209648.000000 37462.0
477356.400000 4209717.700000 37492.0
477356.400000 4209721.100000 37522.0
477403.900000 4209776.400000 37552.0
477603.600000 4209979.000000 37582.0
477805.000000 4210120.700000 37612.0
477989.200000 4210060.100000 37642.0
477999.700000 4210064.300000 37672.0
478307.900000 4209838.300000 37702.0
478733.500000 4209833.800000 37732.0
478841.500000 4209826.700000 37762.0
479031.600000 4209705.200000 37792.0
479321.500000 4209497.100000 37822.0
479745.200000 4209433.000000 37852.0
479751.400000 4209437.200000 37882.0
479917.000000 4209326.700000 37912.0
480217.300000 4209085.200000 37942.0
480474.800000 4208886.900000 37972.0
480708.700000 4208698.800000 38002.0
481012.700000 4208450.500000 38032.0
481269.400000 4208265.800000 38062.0
481404.200000 4208166.900000 38092.0
481577.700000 4208036.600000 38122.0
481694.100000 4207911.900000 38152.0
481823.600000 4207700.800000 38182.0
481913.700000 4207570.700000 38212.0
481918.900000 4207561.800000 38242.0
482153.900000 4207474.900000 38272.0
482431.400000 4207516.600000 38302.0
482833.600000 4207615.700000 38332.0
482874.800000 4207634.600000 38362.0
483140.000000 4207703.900000 38392.0
483517.600000 4207827.600000 38422.0
483483.700000 4207972.000000 38452.0
483356.600000 4208005.700000 38482.0
483388.600000 4208189.700000 38512.0
483425.700000 4208348.400000 38542.0
483315.400000 4208495.000000 38572.0
483305.700000 4208504.000000 38602.0
483316.400000 4208567.000000 38632.0
483314.700000 4208563.600000 38662.0
483333.100000 4208553.400000 38902.0
483331.400000 4208550.000000 38932.0
483328.600000 4208478.100000 38962.0
483366.000000 4208346.000000 38992.0
483407.900000 4208220.600000 39022.0
483595.500000 4208100.400000 39052.0
483515.200000 4207876.300000 39082.0
483426.500000 4207881.900000 39112.0
483421.800000 4207887.000000 42055.0
483466.500000 4207873.800000 42085.0
483505.900000 4207838.200000 42115.0
483501.500000 4207828.000000 42145.0
483370.700000 4207780.500000 42175.0
482967.600000 4207665.800000 42205.0
482956.200000 4207660.300000 42235.0
482956.200000 4207658.200000 42265.0
482916.400000 4207498.700000 42325.0
482868.400000 4207181.300000 42355.0
482765.400000 4207016.100000 42385.0
482492.300000 4207024.300000 42415.0
482495.200000 4206741.500000 42445.0
482521.000000 4206482.900000 42475.0
482535.000000 4206446.000000 42505.0
482538.400000 4206437.100000 42535.0
482491.800000 4206407.100000 42565.0
482225.600000 4206318.000000 42595.0
481996.300000 4206220.700000 42625.0
481909.300000 4206173.100000 42655.0
481691.200000 4205978.400000 42685.0
481425.600000 4205781.400000 42715.0
481352.700000 4205748.100000 42745.0
481205.100000 4205685.400000 42775.0
480908.600000 4205450.700000 42805.0
480794.100000 4205326.600000 42835.0
480670.900000 4205213.800000 42865.0
480487.900000 4205069.900000 42895.0
480194.100000 4204833.200000 42925.0
480209.600000 4204729.000000 42955.0
480329.200000 4204462.500000 42985.0
480593.400000 4204074.600000 43015.0
480744.700000 4203832.600000 43045.0
480783.300000 4203764.800000 43075.0
481017.000000 4203416.700000 43105.0
481288.200000 4203010.200000 43135.0
481560.800000 4202724.300000 43165.0
481689.400000 4202475.600000 43195.0
481447.200000 4202207.800000 43225.0
481309.200000 4201745.500000 43255.0
480049.500000 4201021.700000 43345.0
480073.600000 4200812.200000 43375.0
479755.500000 4200431.200000 43405.0
479630.700000 4200372.600000 43435.0
479473.300000 4199939.200000 43525.0
479596.200000 4199905.500000 43585.0
479660.100000 4199784.300000 43615.0
479928.600000 4199654.900000 43645.0
479772.800000 4199557.500000 43675.0
479548.300000 4199361.700000 43705.0
479371.100000 4199141.200000 43735.0
479297.100000 4199036.000000 43765.0
479257.400000 4199002.700000 43795.0
479159.900000 4198999.500000 43825.0
479065.200000 4199079.800000 43855.0
478968.500000 4199086.800000 43885.0
478966.900000 4199085.500000 43915.0
478839.300000 4199030.400000 43945.0
478742.400000 4199255.000000 43975.0
478639.800000 4199324.200000 44005.0
478621.400000 4199308.600000 44035.0
478610.800000 4199319.600000 44065.0
478523.200000 4199407.500000 44095.0
478421.600000 4199506.400000 44125.0
478388.500000 4199594.100000 44155.0
478171.500000 4199613.700000 44185.0
477834.500000 4199742.000000 44215.0
477718.900000 4199860.800000 44245.0
477542.900000 4199803.700000 44275.0
477520.900000 4199798.300000 44305.0
477526.000000 4199762.700000 44335.0
477643.400000 4199582.500000 44365.0
477772.400000 4199214.800000 44395.0
477806.400000 4199130.500000 44425.0
477902.400000 4198886.000000 44455.0
478004.500000 4198638.100000 44485.0
478023.000000 4198348.600000 44515.0
478007.100000 4197962.600000 44545.0
477997.800000 4197747.200000 44575.0
477979.100000 4197332.500000 44605.0
477972.400000 4197160.600000 44635.0
477959.400000 4196891.100000 44665.0
477935.600000 4196490.700000 44695.0
477877.400000 4196117.200000 44725.0
477850.300000 4195821.000000 44755.0
477888.700000 4195715.500000 44785.0
478084.800000 4195405.500000 44815.0
478193.100000 4195172.100000 44845.0
478197.400000 4195150.900000 44875.0
478295.100000 4194877.600000 44905.0
478192.000000 4194750.500000 44935.0
478236.500000 4194652.600000 44965.0
478260.400000 4194669.100000 44995.0
478326.400000 4194703.200000 45025.0
478321.400000 4194800.900000 45055.0
478217.500000 4195060.700000 45085.0
478233.000000 4195270.100000 45115.0
478259.500000 4195681.900000 45145.0
478259.700000 4195765.300000 45175.0
478299.400000 4196114.800000 45205.0
478305.900000 4196242.100000 45235.0
478328.700000 4196549.400000 45265.0
478400.400000 4196729.100000 45295.0
478531.800000 4196898.400000 45325.0
478683.400000 4197045.800000 45355.0
478717.400000 4196967.800000 45385.0
478728.800000 4196962.300000 45415.0
478727.900000 4196965.700000 45445.0
478747.800000 4197187.400000 45475.0
478634.400000 4197148.700000 45505.0
478450.000000 4196913.900000 45535.0
478363.600000 4196810.800000 45565.0
478370.400000 4197030.500000 45595.0
478384.300000 4197311.100000 45625.0
478384.700000 4197456.200000 45655.0
478532.700000 4197572.200000 45685.0
478693.200000 4197791.500000 45715.0
478666.500000 4198051.000000 45745.0
478646.000000 4198260.600000 45775.0
478668.600000 4198535.600000 45805.0
478813.500000 4198829.400000 45835.0
478893.100000 4198998.900000 45865.0
479050.200000 4199318.100000 45895.0
479192.000000 4199458.700000 45925.0
479376.300000 4199697.800000 45955.0
479465.500000 4199861.800000 45985.0
479495.400000 4200196.900000 46015.0
480017.300000 4200604.100000 46075.0
480077.400000 4201133.000000 46105.0
481436.800000 4202110.500000 46225.0
481727.500000 4202489.500000 46255.0
481377.000000 4202865.300000 46285.0
481075.100000 4203340.900000 46315.0
480843.200000 4203695.200000 46345.0
480740.000000 4203869.800000 46375.0
480490.600000 4204239.900000 46405.0
480321.700000 4204496.800000 46435.0
480253.400000 4204560.100000 46465.0
480193.900000 4204696.500000 46495.0
480180.000000 4204749.800000 46525.0
480378.900000 4204954.700000 46555.0
480415.000000 4204993.500000 46585.0
480517.900000 4205075.400000 46615.0
480684.200000 4205219.300000 46645.0
480787.100000 4205323.200000 46675.0
480917.300000 4205460.400000 46705.0
481209.400000 4205681.600000 46735.0
481495.000000 4205814.200000 46765.0
481512.700000 4205829.900000 46795.0
481778.300000 4206068.000000 46825.0
482042.100000 4206242.600000 46855.0
482458.500000 4206383.900000 46885.0
482729.200000 4206512.000000 46915.0
482836.500000 4206577.400000 46945.0
482943.800000 4206642.800000 46975.0
482943.800000 4206647.000000 47005.0
482993.900000 4206681.200000 47035.0
483051.900000 4206715.400000 47065.0
483058.100000 4206715.400000 47095.0
483197.900000 4206784.900000 47155.0
483208.400000 4206784.900000 47185.0
483210.100000 4206783.600000 47215.0
483413.800000 4206837.400000 47245.0
483728.300000 4206929.900000 47275.0
483786.200000 4206950.900000 47305.0
483814.400000 4206959.800000 47335.0
483817.900000 4206959.700000 47365.0
483869.700000 4206980.800000 47425.0
483869.700000 4206986.300000 47455.0
484004.900000 4207044.900000 47485.0
484163.000000 4207073.400000 47515.0
484163.000000 4207074.600000 47545.0
484275.400000 4207087.500000 47575.0
484311.400000 4207090.800000 47605.0
484311.400000 4207090.800000 47635.0
484347.400000 4207092.100000 47665.0
484405.400000 4207098.700000 47695.0
484413.200000 4207096.600000 47725.0
484481.700000 4207098.600000 47755.0
484515.000000 4207100.600000 47785.0
484551.800000 4207092.900000 47815.0
484567.600000 4207092.900000 47845.0
484605.300000 4207096.200000 47875.0
484628.000000 4207094.100000 47905.0
484672.700000 4207090.600000 47995.0
484729.000000 4207094.700000 48025.0
484759.800000 4207096.800000 48055.0
484764.200000 4207098.000000 48085.0
484791.400000 4207098.000000 48115.0
484810.700000 4207101.300000 48145.0
484857.300000 4207102.500000 48235.0
484892.400000 4207100.300000 48265.0
484899.400000 4207096.100000 48295.0
484948.600000 4207087.100000 48385.0
484978.400000 4207081.600000 48415.0
484998.700000 4207080.300000 48445.0
485030.300000 4207083.600000 48535.0
485052.300000 4207081.400000 48565.0
485095.300000 4207072.500000 48625.0
485124.200000 4207063.500000 48655.0
485174.300000 4207053.300000 48775.0
485174.300000 4207053.300000 48805.0
485234.000000 4207036.700000 48835.0
485281.400000 4207023.500000 48865.0
485293.600000 4207014.500000 48895.0
485330.400000 4207002.200000 48955.0
485374.200000 4206989.000000 48985.0
485412.900000 4206976.700000 49015.0
485423.400000 4206974.500000 49045.0
485452.400000 4206973.200000 49075.0
485534.100000 4206939.600000 49195.0
485566.500000 4206919.700000 49225.0
485588.400000 4206903.100000 49255.0
485606.800000 4206892.900000 49285.0
485604.100000 4206882.800000 49315.0
485630.400000 4206866.200000 49405.0
485660.100000 4206850.500000 49435.0
485702.300000 4206825.100000 49465.0
485762.900000 4206792.800000 49495.0
485963.900000 4206759.000000 49735.0
486059.500000 4206743.200000 49765.0
486075.200000 4206734.300000 49795.0
486212.900000 4206709.500000 49915.0
486585.000000 4206626.800000 49945.0
486989.600000 4206520.700000 49975.0
487063.600000 4206118.900000 50005.0
487366.900000 4205816.700000 50035.0
487683.500000 4205568.600000 50065.0
488040.600000 4205382.700000 50095.0
488339.700000 4205161.300000 50125.0
488652.000000 4204998.000000 50155.0
488830.900000 4204737.000000 50185.0
488895.000000 4204749.200000 50215.0
488779.400000 4204955.900000 50245.0
488957.100000 4205248.500000 50275.0
489060.200000 4205532.400000 50305.0
489316.000000 4205758.500000 50335.0
489407.300000 4205815.100000 50365.0
489639.900000 4205791.500000 50395.0
489781.100000 4205690.200000 50425.0
490111.200000 4205700.000000 50455.0
490385.700000 4205435.500000 50485.0
490476.900000 4205360.900000 50515.0
490477.700000 4205357.500000 50545.0
490324.100000 4205493.200000 51265.0
490175.900000 4205625.400000 51295.0
490010.900000 4205697.500000 51325.0
489805.400000 4205667.700000 51355.0
489643.100000 4205785.600000 51385.0
489424.600000 4205814.700000 51415.0
489270.700000 4205710.700000 51445.0
489038.700000 4205494.800000 51475.0
488941.600000 4205175.300000 51505.0
488785.000000 4204921.600000 51535.0
488897.200000 4204736.100000 51565.0
488876.900000 4204707.300000 51595.0
488856.600000 4204675.200000 51625.0
488669.100000 4204395.600000 51655.0
488409.300000 4204495.900000 51685.0
488163.200000 4204302.000000 51715.0
488143.900000 4204284.200000 51745.0
488053.200000 4204118.900000 51775.0
487958.200000 4204001.300000 51805.0
487813.400000 4204069.300000 51835.0
487647.500000 4204081.800000 51865.0
487669.100000 4203858.700000 51895.0
487485.100000 4203611.400000 51925.0
487371.900000 4203574.700000 51955.0
487251.700000 4203629.100000 51985.0
487191.300000 4203798.900000 52015.0
487070.100000 4203830.000000 52045.0
486817.900000 4203782.600000 52075.0
486817.100000 4203782.600000 52105.0
486739.900000 4203782.700000 52135.0
486463.200000 4203822.100000 52165.0
486265.700000 4203871.100000 52195.0
486260.700000 4204006.500000 52225.0
486317.800000 4204010.700000 52255.0
486431.900000 4203950.400000 52285.0
486698.900000 4203949.900000 52315.0
486755.900000 4203878.700000 52345.0
486822.100000 4203566.700000 52375.0
486891.000000 4203268.200000 52405.0
486987.800000 4202817.700000 52435.0
486965.800000 4202287.400000 52465.0
486961.800000 4201996.600000 52495.0
486947.300000 4201728.300000 52525.0
486754.300000 4201312.600000 52555.0
486664.300000 4201076.500000 52585.0
486660.600000 4200977.900000 52615.0
486733.400000 4200917.700000 52645.0
486726.200000 4200770.000000 52675.0
486750.600000 4200637.900000 52705.0
486801.500000 4200604.400000 52735.0
486863.100000 4200667.400000 52765.0
486898.600000 4200881.500000 52795.0
487064.600000 4200831.300000 52825.0
487151.400000 4200785.800000 52855.0
487185.500000 4200712.600000 52885.0
487123.900000 4200609.400000 52915.0
487172.100000 4200610.600000 52945.0
487253.000000 4200707.000000 52975.0
487338.400000 4200769.100000 53005.0
487406.000000 4200672.500000 53035.0
487457.600000 4200606.800000 53065.0
487486.600000 4200556.800000 53095.0
487547.100000 4200451.300000 53125.0
487554.900000 4200438.200000 53155.0
487611.100000 4200342.900000 53185.0
487647.800000 4200286.100000 53215.0
487678.600000 4200248.400000 53245.0
487768.900000 4200081.900000 53275.0
487888.000000 4199844.300000 53305.0
488051.100000 4199635.400000 53335.0
488409.900000 4199299.700000 53365.0
488757.400000 4198957.600000 53395.0
489088.200000 4198548.700000 53425.0
489437.400000 4198124.600000 53455.0
489669.900000 4197842.500000 53485.0
489730.900000 4197439.400000 53515.0
489729.500000 4196980.200000 53545.0
490217.900000 4196773.100000 53575.0
490446.700000 4196293.700000 53605.0
490631.600000 4195866.400000 53635.0
490631.500000 4195744.600000 53665.0
490584.600000 4195505.900000 53695.0
490565.600000 4195001.000000 53725.0
490821.100000 4194636.700000 53755.0
491291.300000 4194559.600000 53785.0
491675.300000 4194340.800000 53815.0
491987.900000 4194057.800000 53845.0
492361.300000 4193757.800000 53875.0
492749.600000 4193465.800000 53905.0
493013.100000 4193126.200000 53935.0
493287.300000 4192924.000000 53965.0
493511.500000 4192828.600000 53995.0
493646.900000 4192916.100000 54025.0
493897.400000 4192792.800000 54055.0
494017.800000 4192682.700000 54085.0
493985.200000 4192606.100000 54115.0
493853.300000 4192563.900000 54145.0
493696.000000 4192621.500000 54175.0
493605.600000 4192783.700000 54205.0
493537.800000 4192811.700000 54235.0
493245.900000 4192931.700000 54265.0
492977.900000 4193167.200000 54295.0
492672.200000 4193510.300000 54325.0
492301.500000 4193798.000000 54355.0
491950.900000 4194079.000000 54385.0
491594.200000 4194432.300000 54415.0
491131.900000 4194592.400000 54445.0
490670.500000 4194766.000000 54475.0
490557.600000 4195174.500000 54505.0
490559.300000 4195251.100000 54535.0
490564.600000 4195340.900000 54565.0
490564.600000 4195340.900000 54595.0
490570.900000 4195420.800000 54625.0
490579.800000 4195527.500000 54655.0
490602.700000 4195639.600000 54685.0
490633.700000 4195793.600000 54715.0
490489.100000 4196183.200000 54745.0
490256.900000 4196682.900000 54775.0
489877.400000 4196925.000000 54805.0
489618.500000 4197271.600000 54835.0
489798.400000 4197662.000000 54865.0
489548.400000 4197985.200000 54895.0
489663.100000 4198311.400000 54925.0
489831.700000 4198202.400000 54955.0
490089.100000 4198087.800000 54985.0
490252.000000 4198402.600000 55015.0
490345.500000 4198676.300000 55045.0
490470.600000 4199004.600000 55075.0
490586.100000 4199322.700000 55105.0
490782.500000 4199813.900000 55135.0
490952.600000 4200285.200000 55165.0
491083.000000 4200571.200000 55195.0
491101.700000 4200834.000000 55225.0
491109.000000 4201081.600000 55255.0
491100.500000 4201253.400000 55285.0
491100.600000 4201362.200000 55315.0
491198.200000 4201418.800000 55345.0
491486.400000 4201522.600000 55375.0
491696.400000 4201581.300000 55405.0
491642.000000 4201645.700000 55435.0
491596.500000 4201861.100000 55465.0
491550.200000 4202121.900000 55495.0
491490.800000 4202482.600000 55525.0
491298.000000 4202805.700000 55555.0
490976.800000 4203076.900000 55585.0
490629.300000 4203360.000000 55615.0
490275.800000 4203658.000000 55645.0
489874.800000 4203967.900000 55675.0
489555.600000 4204244.700000 55705.0
489470.000000 4204657.400000 55735.0
489377.400000 4205091.400000 55765.0
489338.500000 4205519.800000 55795.0
489379.300000 4205860.400000 55825.0
489310.900000 4205965.900000 55855.0
489144.100000 4205953.800000 55885.0
488834.300000 4206024.100000 55915.0
488566.600000 4206113.300000 55945.0
488263.800000 4206184.900000 55975.0
488016.400000 4206245.300000 56005.0
487744.400000 4206322.300000 56035.0
487539.100000 4206390.400000 56065.0
487393.700000 4206567.900000 56095.0
487201.700000 4206703.700000 56125.0
486980.700000 4206861.500000 56155.0
486625.300000 4206894.200000 56185.0
486433.100000 4206900.000000 56215.0
486309.500000 4207000.100000 56245.0
486208.600000 4207037.100000 56275.0
486191.100000 4207046.000000 56305.0
486143.700000 4207072.800000 56365.0
486126.000000 4207007.200000 56395.0
486127.300000 4206786.200000 56425.0
485886.700000 4206763.400000 56455.0
485705.100000 4206828.000000 56485.0
485663.000000 4206852.600000 56515.0
485607.800000 4206884.900000 56545.0
485512.300000 4206939.200000 56575.0
485460.600000 4206958.400000 56605.0
485305.300000 4207001.000000 56635.0
485286.000000 4207004.400000 56665.0
485159.700000 4207038.100000 56695.0
485082.500000 4207060.200000 56725.0
484902.600000 4207090.600000 56755.0
484551.500000 4207090.000000 56785.0
484421.600000 4207086.000000 56815.0
484246.900000 4207064.300000 56845.0
484244.200000 4207065.600000 56875.0
484153.200000 4207158.900000 56905.0
484074.300000 4207263.100000 56935.0
483822.100000 4207152.700000 56965.0
483668.400000 4207155.200000 56995.0
483559.400000 4207032.200000 57025.0
