483397.400000 4207851.500000 55535.0
483364.000000 4207787.300000 55775.0
483239.500000 4207830.700000 55805.0
483088.600000 4207886.400000 55835.0
482947.500000 4207944.300000 55865.0
482767.600000 4208016.600000 55895.0
482611.500000 4208050.400000 55925.0
482534.400000 4208101.800000 55955.0
482412.300000 4208046.600000 55985.0
482369.200000 4208039.100000 56015.0
482137.600000 4208061.600000 56045.0
481998.100000 4208098.700000 56075.0
481799.900000 4208182.500000 56105.0
481710.300000 4208182.700000 56135.0
481691.000000 4208148.500000 56165.0
481625.000000 4208052.100000 56195.0
481602.200000 4208047.900000 56225.0
481522.400000 4208094.700000 56315.0
481429.500000 4208160.500000 56345.0
481426.000000 4208157.100000 56375.0
481298.900000 4208242.900000 56405.0
480974.800000 4208509.000000 56435.0
480690.100000 4208730.600000 56465.0
480585.800000 4208804.100000 56495.0
480513.900000 4208855.500000 56525.0
480402.600000 4208933.600000 56555.0
480380.700000 4208950.200000 56585.0
480190.600000 4209095.000000 56615.0
479992.500000 4209220.700000 56645.0
479876.100000 4209327.700000 56675.0
479875.300000 4209327.700000 56705.0
479814.000000 4209367.600000 56735.0
479553.700000 4209154.100000 56765.0
479204.600000 4208872.200000 56795.0
479186.900000 4208833.300000 56825.0
478946.600000 4208513.100000 56855.0
478692.700000 4208094.300000 56885.0
478494.000000 4207968.300000 56915.0
478311.600000 4208080.900000 56945.0
478212.100000 4207934.700000 56975.0
478199.800000 4207890.300000 57005.0
478187.400000 4207830.300000 57035.0
478188.200000 4207821.400000 57065.0
478181.100000 4207782.400000 57095.0
478098.700000 4207506.300000 57125.0
477900.400000 4207226.200000 57155.0
477835.200000 4207140.900000 57185.0
477835.200000 4207136.600000 57215.0
477802.600000 4207115.600000 57245.0
477720.600000 4207017.200000 57275.0
477688.100000 4206976.200000 57305.0
477748.400000 4206861.800000 57335.0
477781.400000 4206749.500000 57365.0
477781.300000 4206735.100000 57395.0
477861.600000 4206580.800000 57425.0
477883.700000 4206337.800000 57455.0
477788.300000 4206086.200000 57485.0
477570.900000 4205906.100000 57515.0
477387.800000 4205744.500000 57545.0
477228.300000 4205517.700000 57575.0
477101.500000 4205412.600000 57605.0
477049.500000 4205298.500000 57635.0
476898.800000 4205149.100000 57665.0
476850.500000 4205099.300000 57695.0
476726.200000 4205210.500000 57725.0
476725.400000 4205240.600000 57755.0
476838.200000 4205372.300000 57785.0
476909.600000 4205483.000000 57815.0
476981.100000 4205580.600000 57845.0
477050.700000 4205680.300000 57875.0
477165.300000 4205809.900000 57905.0
477346.200000 4205847.000000 57935.0
477572.000000 4205926.400000 57965.0
477751.400000 4206024.500000 57995.0
477759.300000 4206028.800000 58025.0
477865.400000 4206296.000000 58055.0
477740.800000 4206312.800000 58085.0
477575.100000 4206404.300000 58115.0
477541.900000 4206436.500000 58145.0
477541.100000 4206437.800000 58175.0
477407.400000 4206665.400000 58205.0
477293.300000 4206689.000000 58235.0
477058.800000 4206680.800000 58265.0
476951.000000 4206750.100000 58295.0
476966.100000 4207092.900000 58325.0
477076.900000 4207152.700000 58355.0
477233.800000 4207102.300000 58385.0
477340.400000 4207241.700000 58415.0
477341.200000 4207251.800000 58445.0
477385.600000 4207446.000000 58475.0
477502.600000 4207533.300000 58505.0
477605.600000 4207680.700000 58535.0
477605.000000 4207757.300000 58565.0
477569.900000 4207788.300000 58595.0
477470.200000 4207932.900000 58625.0
477550.500000 4208109.200000 58655.0
477608.700000 4208201.300000 58685.0
477711.700000 4208357.600000 58715.0
477763.700000 4208445.100000 58745.0
477861.300000 4208505.000000 58775.0
477908.000000 4208562.400000 58805.0
477930.900000 4208610.200000 58835.0
478033.700000 4208695.400000 58865.0
477978.700000 4208770.000000 58895.0
477961.400000 4208873.300000 58925.0
477975.400000 4208872.000000 58955.0
477987.000000 4208932.100000 58985.0
477990.000000 4209078.500000 59015.0
477997.100000 4209103.100000 59045.0
478176.500000 4209209.300000 59075.0
478427.600000 4209269.500000 59105.0
478568.600000 4209174.800000 59135.0
478679.900000 4209100.000000 59165.0
478792.400000 4209180.600000 59195.0
478754.900000 4209227.200000 59225.0
478688.900000 4209159.700000 59255.0
478630.000000 4209097.600000 59285.0
478377.000000 4208992.900000 59315.0
478260.400000 4209012.200000 59345.0
