478258.900000 4208963.500000 18813.0
478325.600000 4208977.800000 18933.0
478434.400000 4208989.800000 18963.0
478698.000000 4209092.300000 18993.0
478824.500000 4209139.800000 19023.0
479052.900000 4209262.400000 19053.0
479340.900000 4209307.000000 19083.0
479523.900000 4209424.200000 19113.0
479688.900000 4209428.000000 19143.0
479694.100000 4209429.300000 19173.0
479837.000000 4209335.800000 19203.0
480075.200000 4209149.000000 19233.0
480300.300000 4208988.900000 19263.0
480520.200000 4208822.000000 19293.0
480692.000000 4208690.800000 19323.0
480903.200000 4208526.100000 19353.0
480999.600000 4208452.700000 19383.0
481173.900000 4208318.900000 19413.0
481331.100000 4207972.400000 19443.0
481154.600000 4207546.500000 19473.0
480992.500000 4207318.400000 19503.0
480796.900000 4207042.400000 19533.0
480595.200000 4206754.200000 19563.0
480279.000000 4206325.800000 19593.0
480096.700000 4206036.700000 19623.0
479868.400000 4205682.200000 19653.0
479599.000000 4205370.900000 19683.0
479424.000000 4204909.600000 19713.0
479403.700000 4204869.800000 19743.0
479309.100000 4204620.400000 19773.0
479148.700000 4204367.700000 19803.0
479147.000000 4204368.900000 19833.0
478971.800000 4204165.400000 19863.0
478835.100000 4203970.600000 19893.0
478665.100000 4203762.400000 19923.0
478468.900000 4203611.800000 19953.0
478408.100000 4203549.700000 19983.0
478161.400000 4203241.000000 20013.0
478104.900000 4203181.000000 20043.0
477883.900000 4202969.600000 20073.0
477887.900000 4202830.700000 20103.0
477888.700000 4202825.200000 20133.0
478044.300000 4202576.400000 20163.0
478108.800000 4202364.100000 20193.0
478112.900000 4202276.500000 20223.0
478130.500000 4202269.700000 20253.0
478129.600000 4202260.800000 21093.0
478140.900000 4202237.500000 21123.0
478168.900000 4202175.200000 21153.0
478168.900000 4202171.000000 21183.0
478169.700000 4202153.200000 21213.0
478169.600000 4202105.400000 21243.0
478240.500000 4201990.900000 21273.0
478243.100000 4201989.600000 21303.0
478286.300000 4202029.300000 21333.0
478296.400000 4202190.100000 21363.0
478373.100000 4202296.600000 21393.0
478552.600000 4202401.500000 21423.0
478553.500000 4202402.800000 21453.0
478703.100000 4202554.300000 21483.0
478732.200000 4202599.500000 21513.0
478738.400000 4202599.500000 21543.0
478806.400000 4202699.200000 21753.0
478889.400000 4202873.400000 21783.0
478885.100000 4202882.300000 21813.0
478904.500000 4202941.100000 21843.0
478968.000000 4203073.000000 21873.0
479023.600000 4203188.400000 21903.0
479059.800000 4203259.400000 21933.0
479059.800000 4203263.600000 21963.0
478966.000000 4203338.300000 21993.0
478889.600000 4203338.500000 22023.0
478844.700000 4203288.700000 22053.0
478809.300000 4203170.300000 22083.0
478773.800000 4203062.900000 22113.0
478758.000000 4203019.700000 22143.0
478870.100000 4202933.100000 22173.0
478872.800000 4202933.100000 22203.0
478959.700000 4202893.900000 22233.0
479029.800000 4202856.900000 22263.0
479104.400000 4202828.000000 22293.0
479224.600000 4202787.900000 22323.0
479302.700000 4202755.500000 22353.0
479366.700000 4202665.600000 22383.0
479496.400000 4202585.300000 22413.0
479614.900000 4202540.600000 22443.0
479701.000000 4202506.900000 22473.0
479701.000000 4202511.200000 22503.0
479716.700000 4202506.900000 22593.0
479801.900000 4202476.600000 22623.0
479821.200000 4202471.100000 22653.0
479965.100000 4202398.800000 22683.0
480005.300000 4202359.700000 22713.0
479911.100000 4202241.500000 22743.0
479846.700000 4202169.700000 22773.0
479752.900000 4202218.600000 22803.0
479690.800000 4202324.100000 22833.0
479727.900000 4202409.500000 22863.0
479697.100000 4202430.800000 22893.0
479685.900000 4202517.100000 22923.0
479763.400000 4202618.900000 22953.0
479589.700000 4202711.600000 22983.0
479502.900000 4202765.200000 23013.0
479416.000000 4202778.500000 23043.0
479419.500000 4202777.200000 23073.0
479418.000000 4202817.000000 23133.0
479431.300000 4202847.900000 23163.0
479483.300000 4202963.300000 23193.0
479550.400000 4203114.200000 23223.0
479651.400000 4203117.400000 23253.0
479702.600000 4203232.800000 23283.0
479756.300000 4203295.700000 23313.0
479744.200000 4203335.600000 23343.0
479735.600000 4203358.900000 23373.0
479699.700000 4203404.200000 23433.0
479684.000000 4203433.000000 23463.0
479659.600000 4203524.100000 23493.0
479608.900000 4203600.800000 23523.0
479565.100000 4203666.600000 23553.0
479486.300000 4203775.500000 23763.0
479480.200000 4203788.700000 23793.0
479387.400000 4203931.100000 23823.0
479344.500000 4203982.400000 23853.0
479336.600000 4203990.100000 23883.0
479297.200000 4204033.300000 23913.0
479293.700000 4204037.600000 23943.0
479285.900000 4204057.500000 23973.0
479318.500000 4204101.900000 24003.0
479350.300000 4204144.100000 24033.0
479366.100000 4204170.700000 24063.0
479399.600000 4204241.700000 24093.0
479411.900000 4204265.000000 24123.0
479469.100000 4204307.200000 24153.0
479520.100000 4204342.600000 24183.0
479706.600000 4204504.200000 24213.0
479743.500000 4204539.700000 24243.0
479920.300000 4204648.100000 24273.0
479985.300000 4204678.800000 24303.0
480002.100000 4204683.000000 24333.0
480042.500000 4204700.700000 24363.0
480135.800000 4204762.700000 24393.0
480218.500000 4204833.600000 24453.0
480368.100000 4204974.100000 24483.0
480390.000000 4204990.600000 24513.0
480443.700000 4205029.400000 24543.0
480540.500000 4205100.300000 24573.0
480655.000000 4205192.300000 24603.0
480686.700000 4205218.900000 24633.0
480693.700000 4205224.400000 24663.0
480792.200000 4205317.300000 24693.0
480901.400000 4205430.000000 24723.0
481202.200000 4205671.000000 24753.0
481549.300000 4205832.300000 24783.0
481762.300000 4206031.600000 24813.0
482008.500000 4206213.100000 24843.0
482323.000000 4206324.600000 24873.0
482437.300000 4206364.100000 24903.0
482438.200000 4206364.100000 24933.0
482699.100000 4206484.600000 24963.0
483112.200000 4206728.800000 24993.0
483141.200000 4206741.900000 25023.0
483251.000000 4206782.700000 25053.0
483287.000000 4206793.600000 25083.0
483287.800000 4206794.900000 25113.0
483328.400000 4206898.100000 25203.0
483451.500000 4207024.400000 25233.0
483621.400000 4207248.400000 25263.0
483633.700000 4207271.600000 25293.0
483415.500000 4207402.000000 25323.0
483090.100000 4207566.900000 25353.0
483089.300000 4207568.200000 25383.0
483152.700000 4207694.600000 25413.0
483473.300000 4207789.200000 25443.0
483505.100000 4207851.300000 25473.0
483404.200000 4207885.800000 25503.0
483404.200000 4207882.400000 25533.0
483468.500000 4207968.600000 25653.0
483549.200000 4207965.100000 25683.0
483658.400000 4208179.000000 25713.0
483759.600000 4208304.100000 25743.0
483685.200000 4208435.000000 25773.0
483590.600000 4208507.200000 25803.0
483499.500000 4208576.400000 25833.0
483426.800000 4208625.200000 25863.0
483382.900000 4208593.100000 25893.0
483333.600000 4208550.900000 25923.0
483314.300000 4208559.800000 25953.0
483309.100000 4208559.800000 25983.0
483318.800000 4208537.800000 26403.0
483110.400000 4208374.000000 26433.0
482982.900000 4208247.700000 26463.0
483092.300000 4208123.000000 26493.0
483258.600000 4208341.100000 26523.0
483375.400000 4208371.800000 26553.0
483543.000000 4208407.000000 26583.0
483706.900000 4208317.800000 26613.0
483635.500000 4208164.700000 26643.0
483631.900000 4208146.900000 26673.0
483635.400000 4208145.600000 26703.0
483629.200000 4208116.900000 26793.0
483519.000000 4207859.800000 26823.0
483504.800000 4207811.100000 26853.0
483506.500000 4207809.000000 26883.0
483362.400000 4207762.700000 26913.0
483285.300000 4207798.400000 26943.0
483356.600000 4207868.100000 26973.0
483378.600000 4207866.800000 27003.0
483373.400000 4207866.800000 27033.0
483429.900000 4207988.600000 29343.0
483520.100000 4207902.100000 29373.0
483518.200000 4207806.800000 29403.0
483543.500000 4207720.500000 29433.0
483524.000000 4207608.300000 29463.0
483523.800000 4207513.100000 29493.0
483484.100000 4207409.100000 29523.0
483658.400000 4207266.500000 29553.0
483674.200000 4207254.200000 29583.0
483708.300000 4207229.600000 29613.0
483751.200000 4207199.400000 29643.0
483754.800000 4207197.300000 29673.0
483789.900000 4207181.600000 29733.0
483791.600000 4207180.300000 29763.0
483875.000000 4207213.600000 29853.0
484120.100000 4207299.500000 29883.0
484312.700000 4207505.600000 29913.0
484439.200000 4207568.500000 29943.0
484438.400000 4207579.500000 29973.0
484513.200000 4207651.300000 30033.0
484313.300000 4207746.900000 30063.0
484113.400000 4207804.800000 30093.0
483871.600000 4207597.900000 30123.0
483692.000000 4207382.800000 30153.0
483535.100000 4207453.000000 30183.0
483413.900000 4207440.900000 30213.0
483396.200000 4207423.200000 30243.0
483395.400000 4207421.900000 30273.0
483301.600000 4207470.000000 30303.0
483279.700000 4207477.600000 30333.0
483247.200000 4207492.100000 30363.0
483154.200000 4207540.900000 30393.0
483152.500000 4207540.900000 30423.0
483136.800000 4207548.600000 30453.0
483036.800000 4207598.700000 30483.0
483034.100000 4207598.700000 30513.0
482985.000000 4207622.100000 30543.0
482983.700000 4207838.400000 30573.0
483095.500000 4207964.700000 30603.0
483293.700000 4207887.700000 30633.0
483367.300000 4207866.400000 30663.0
483372.500000 4207873.200000 30693.0
483394.700000 4207983.200000 35463.0
483247.200000 4208003.400000 35493.0
483197.900000 4207926.900000 35523.0
483044.100000 4207899.200000 35553.0
482900.300000 4207953.700000 35583.0
482754.700000 4208012.800000 35613.0
482595.900000 4208013.200000 35643.0
482558.000000 4207925.600000 35673.0
482528.900000 4207865.600000 35703.0
482510.400000 4207835.600000 35733.0
482499.800000 4207810.200000 35763.0
482368.100000 4207744.000000 35793.0
482222.600000 4207821.000000 35823.0
482162.900000 4207858.800000 35853.0
482156.800000 4207863.000000 35883.0
482160.300000 4207882.900000 35913.0
482178.000000 4207915.000000 35943.0
482241.000000 4207892.900000 35973.0
482243.700000 4207884.000000 36003.0
482377.800000 4207818.100000 37683.0
482457.600000 4207782.400000 37713.0
482562.000000 4207750.000000 37743.0
482843.600000 4207669.400000 37773.0
482972.000000 4207842.200000 37803.0
483097.800000 4207965.200000 37833.0
483281.200000 4207893.700000 37863.0
483362.800000 4207877.800000 37893.0
483385.600000 4207896.800000 37923.0
483398.000000 4207987.800000 42453.0
483537.600000 4207976.500000 42483.0
483502.200000 4207819.200000 42513.0
483208.000000 4207727.500000 42543.0
483049.900000 4207688.900000 42573.0
482999.800000 4207673.300000 42603.0
482647.700000 4207581.800000 42633.0
482445.700000 4207528.000000 42663.0
482389.400000 4207513.800000 42693.0
482104.000000 4207472.000000 42723.0
482015.300000 4207495.500000 42753.0
482011.800000 4207496.800000 42783.0
481918.000000 4207566.000000 42873.0
481708.200000 4207919.400000 42903.0
481435.700000 4208157.500000 42933.0
481434.000000 4208158.800000 42963.0
481418.300000 4208171.100000 42993.0
481119.500000 4208410.500000 43023.0
481023.100000 4208482.700000 43053.0
480641.100000 4208773.100000 43083.0
480359.000000 4208968.800000 43113.0
480112.900000 4209148.100000 43143.0
479829.000000 4209369.700000 43173.0
479825.500000 4209371.000000 43203.0
479577.600000 4209177.300000 43263.0
479173.000000 4208823.200000 43293.0
478892.900000 4208429.000000 43323.0
478616.300000 4207987.000000 43353.0
478464.600000 4207730.900000 43383.0
478464.600000 4207727.500000 43413.0
478424.000000 4207635.400000 43443.0
478353.400000 4207455.700000 43473.0
478332.100000 4207399.000000 43503.0
478226.100000 4207135.200000 43533.0
478203.200000 4207070.900000 43563.0
478177.500000 4207006.600000 43593.0
477944.200000 4207098.300000 43623.0
477889.000000 4207117.400000 43653.0
477583.600000 4207177.100000 43683.0
477412.700000 4207263.900000 43713.0
477176.800000 4207296.700000 43743.0
477031.100000 4207313.600000 43773.0
476825.800000 4207342.200000 43803.0
476758.100000 4207321.200000 43833.0
476751.100000 4207321.200000 43863.0
476679.000000 4207304.900000 43893.0
476519.400000 4207333.300000 43923.0
476375.400000 4207337.900000 43953.0
476146.400000 4207363.200000 43983.0
476103.500000 4207376.400000 44013.0
476098.300000 4207381.900000 44043.0
476040.400000 4207403.200000 44073.0
476036.100000 4207407.500000 44103.0
476006.200000 4207384.300000 44133.0
476009.300000 4207254.300000 44163.0
476016.000000 4207134.500000 44193.0
476015.900000 4207103.700000 44223.0
476027.800000 4206976.200000 44253.0
476037.400000 4206930.900000 44283.0
476047.700000 4206867.800000 44313.0
476050.400000 4206855.500000 44343.0
476165.400000 4206856.500000 44373.0
476385.000000 4206890.100000 44403.0
476540.400000 4206882.000000 44433.0
476578.900000 4206846.400000 44463.0
476576.000000 4206738.900000 44493.0
476582.100000 4206733.400000 44523.0
476579.300000 4206683.400000 44553.0
476571.900000 4206556.900000 44583.0
476575.100000 4206444.700000 44613.0
476579.100000 4206324.900000 44643.0
476538.000000 4206066.400000 44673.0
476511.400000 4205940.000000 44703.0
476465.200000 4205764.900000 44733.0
476415.300000 4205527.600000 44763.0
476401.900000 4205494.200000 44793.0
476317.700000 4205495.700000 44823.0
476305.500000 4205504.600000 44853.0
476306.600000 4205588.000000 44883.0
476397.900000 4205591.900000 44913.0
476403.000000 4205590.700000 44943.0
476526.100000 4205632.600000 44973.0
476559.600000 4205686.700000 45003.0
476567.500000 4205722.200000 45033.0
476579.100000 4205789.900000 45063.0
476596.000000 4205855.500000 45093.0
476606.000000 4205930.800000 45123.0
476619.300000 4205979.400000 45153.0
476655.100000 4206184.600000 45183.0
476654.500000 4206276.900000 45213.0
476667.300000 4206491.000000 45243.0
476676.400000 4206633.200000 45273.0
476866.000000 4206623.800000 45303.0
477197.100000 4206644.900000 45333.0
477409.500000 4206633.300000 45363.0
477459.100000 4206760.500000 45393.0
477558.700000 4206960.000000 45423.0
477657.800000 4206933.100000 45453.0
477737.000000 4206989.600000 45483.0
477803.100000 4207096.100000 45513.0
477803.100000 4207097.400000 45543.0
477831.200000 4207111.700000 45573.0
477964.300000 4207270.000000 45603.0
478166.500000 4207403.700000 45633.0
478361.600000 4207457.300000 45663.0
478469.400000 4207717.800000 45693.0
478730.300000 4208123.000000 45723.0
479044.900000 4208610.200000 45753.0
479368.900000 4209057.600000 45783.0
479817.400000 4209410.300000 45813.0
479945.900000 4209596.300000 45843.0
480019.000000 4209701.500000 45873.0
480055.100000 4209758.100000 45903.0
480192.200000 4209820.800000 45933.0
480348.600000 4209931.400000 45963.0
480639.100000 4209559.900000 45993.0
481187.900000 4209334.300000 46023.0
481704.500000 4209173.600000 46053.0
481823.600000 4209096.700000 46083.0
482083.900000 4208914.100000 46113.0
482044.000000 4208763.100000 46143.0
482073.500000 4208609.800000 46173.0
482232.100000 4208502.800000 46203.0
482292.600000 4208450.600000 46233.0
482524.200000 4208390.000000 46263.0
482815.800000 4208469.400000 46293.0
482831.200000 4208310.700000 46323.0
482841.700000 4208294.100000 46353.0
482847.900000 4208281.000000 46383.0
482986.400000 4208240.900000 46413.0
483122.200000 4208075.100000 46443.0
483186.000000 4207941.700000 46473.0
483323.800000 4207964.700000 46503.0
483537.100000 4207965.500000 46533.0
483496.500000 4207815.800000 46563.0
483496.500000 4207815.800000 46593.0
483389.300000 4207779.200000 46623.0
483352.400000 4207771.600000 46653.0
483361.200000 4207790.700000 46683.0
483356.800000 4207775.000000 47853.0
483355.900000 4207777.100000 47883.0
483363.000000 4207809.300000 47913.0
483388.600000 4207880.300000 47943.0
483505.200000 4207828.000000 47973.0
483531.500000 4207812.300000 48003.0
483570.700000 4207702.200000 48033.0
483500.300000 4207531.300000 48063.0
483489.500000 4207409.500000 48093.0
483489.500000 4207409.500000 48123.0
483601.600000 4207309.400000 48183.0
483656.600000 4207175.900000 48213.0
483614.100000 4207017.300000 48243.0
483671.100000 4206952.800000 48273.0
483672.700000 4206949.500000 48303.0
483683.300000 4206940.500000 48363.0
483471.500000 4206864.400000 48393.0
483127.200000 4206761.800000 48423.0
482736.900000 4206532.800000 48453.0
482563.700000 4206435.400000 48483.0
482510.900000 4206401.200000 48513.0
482087.500000 4206256.900000 48543.0
481888.800000 4206162.100000 48573.0
481607.300000 4205898.600000 48603.0
481348.900000 4205742.600000 48633.0
481275.100000 4205703.800000 48663.0
480955.100000 4205487.000000 48693.0
480676.100000 4205218.100000 48723.0
480545.100000 4205110.900000 48753.0
480524.000000 4205099.900000 48783.0
480426.300000 4205031.100000 48813.0
480405.200000 4205016.800000 48843.0
480335.700000 4204969.100000 48873.0
480318.100000 4204958.200000 48903.0
480239.700000 4204883.900000 48933.0
480209.900000 4204856.000000 48963.0
480205.500000 4204851.800000 48993.0
480177.200000 4204784.100000 49023.0
480261.000000 4204617.600000 49053.0
480472.700000 4204240.800000 49083.0
480726.400000 4203860.600000 49113.0
480541.300000 4203595.600000 49143.0
480119.100000 4203350.300000 49173.0
479811.900000 4203408.600000 49203.0
479626.800000 4203474.700000 49233.0
479433.700000 4203469.600000 49263.0
479235.800000 4203403.700000 49293.0
479224.400000 4203392.700000 49323.0
479204.100000 4203377.100000 49353.0
479189.200000 4203375.000000 49383.0
479180.500000 4203375.000000 49413.0
479151.500000 4203366.200000 49443.0
479149.800000 4203362.900000 49473.0
479122.500000 4203350.600000 49533.0
479126.000000 4203339.600000 49563.0
479094.200000 4203295.300000 49593.0
479092.500000 4203296.500000 49623.0
478932.800000 4203350.300000 49683.0
478860.900000 4203363.600000 49713.0
478801.100000 4203367.100000 49743.0
478780.800000 4203365.900000 49773.0
478722.900000 4203398.200000 49803.0
478706.200000 4203394.000000 49833.0
478683.300000 4203383.100000 49863.0
478639.400000 4203356.500000 49893.0
478586.500000 4203321.100000 49923.0
478554.800000 4203293.300000 49953.0
478507.300000 4203251.100000 49983.0
478538.800000 4203197.700000 50013.0
478555.600000 4203207.800000 50043.0
478580.200000 4203220.800000 50073.0
478591.600000 4203226.300000 50103.0
478728.900000 4203306.800000 50133.0
478821.100000 4203290.900000 50163.0
478840.200000 4203223.100000 50193.0
478775.600000 4203035.800000 50223.0
478765.800000 4203018.000000 50253.0
478763.100000 4203011.300000 50283.0
478766.600000 4203001.100000 50313.0
478809.600000 4202970.100000 50343.0
478809.600000 4202968.000000 50373.0
478806.900000 4202969.300000 50403.0
478849.100000 4202944.600000 50433.0
478849.900000 4202944.600000 50463.0
478899.900000 4202919.100000 50493.0
479024.400000 4202874.300000 50523.0
479108.600000 4202819.900000 50553.0
479235.800000 4202774.300000 50583.0
479317.400000 4202741.900000 50613.0
479403.300000 4202640.600000 50643.0
479591.000000 4202558.000000 50673.0
479645.400000 4202521.000000 50703.0
479724.400000 4202514.100000 50733.0
479814.800000 4202478.300000 50763.0
479945.500000 4202420.400000 50793.0
480001.700000 4202369.100000 50823.0
479907.400000 4202233.000000 50853.0
479812.400000 4202184.600000 50883.0
479751.000000 4202223.700000 50913.0
479696.000000 4202344.800000 50943.0
479706.800000 4202426.900000 50973.0
479649.800000 4202474.900000 51003.0
479761.800000 4202634.200000 51033.0
479524.000000 4202753.300000 51063.0
479424.900000 4202784.400000 51093.0
479415.200000 4202784.400000 51123.0
479415.400000 4202847.500000 51153.0
479368.900000 4202888.700000 51183.0
479369.700000 4202879.800000 51213.0
479331.800000 4202782.100000 51243.0
479232.600000 4202803.500000 51273.0
479079.000000 4202861.500000 51303.0
479033.300000 4202879.400000 51333.0
478966.700000 4202904.900000 51363.0
478954.500000 4202903.700000 51393.0
478910.600000 4202922.900000 51423.0
478903.600000 4202921.600000 51453.0
478771.400000 4202703.500000 51513.0
478601.200000 4202466.500000 51543.0
478601.200000 4202464.400000 51573.0
478401.000000 4202470.400000 51603.0
478251.900000 4202515.300000 51633.0
478203.800000 4202576.400000 51663.0
478196.800000 4202598.400000 51693.0
478186.300000 4202614.100000 51723.0
478185.500000 4202614.100000 51753.0
478162.800000 4202645.000000 51783.0
478136.600000 4202681.900000 51813.0
478097.200000 4202742.100000 51843.0
478071.000000 4202779.000000 51873.0
478068.300000 4202780.300000 51903.0
478045.600000 4202804.900000 51933.0
478047.300000 4202813.800000 51963.0
477935.800000 4202818.300000 52023.0
477920.000000 4202815.000000 52053.0
477917.300000 4202815.000000 52083.0
477921.500000 4202756.100000 52113.0
478085.100000 4202525.900000 52143.0
478106.700000 4202397.200000 52173.0
478096.000000 4202331.600000 52203.0
478099.500000 4202328.200000 52233.0
478109.100000 4202289.200000 52293.0
478110.700000 4202281.600000 52323.0
478129.800000 4202224.800000 52353.0
478131.500000 4202220.600000 52383.0
478126.900000 4202141.900000 52413.0
477986.500000 4202199.000000 52443.0
477884.400000 4202399.000000 52473.0
477888.200000 4202502.300000 52503.0
477863.600000 4202505.700000 52533.0
477707.400000 4202559.500000 52563.0
477708.600000 4202684.800000 52593.0
477854.600000 4202807.500000 52623.0
477854.600000 4202802.000000 52653.0
478046.200000 4202846.800000 52683.0
478196.700000 4202915.400000 52713.0
478271.500000 4202976.200000 52743.0
478403.900000 4203224.300000 52773.0
478543.100000 4203438.100000 52803.0
478546.600000 4203441.400000 52833.0
478765.500000 4203542.000000 52863.0
479022.400000 4203720.000000 52893.0
479147.500000 4203901.700000 52923.0
479190.600000 4203943.900000 52953.0
479273.500000 4204047.800000 52983.0
479375.600000 4204150.800000 53013.0
479423.200000 4204241.700000 53043.0
479502.400000 4204321.500000 53073.0
479607.100000 4204394.400000 53103.0
479781.400000 4204557.000000 53133.0
479913.200000 4204643.000000 53163.0
479920.300000 4204647.200000 53193.0
479959.000000 4204670.400000 53223.0
480067.200000 4204714.600000 53253.0
480123.500000 4204754.200000 53283.0
480134.900000 4204766.500000 53313.0
480232.600000 4204841.600000 53343.0
480251.900000 4204862.700000 53373.0
480274.700000 4204884.600000 53403.0
480351.300000 4204956.400000 53433.0
480408.500000 4205004.100000 53463.0
480440.200000 4205028.600000 53493.0
480465.000000 4205095.000000 53523.0
480410.100000 4205260.600000 53553.0
480392.600000 4205307.200000 53583.0
480504.700000 4205533.400000 53613.0
480581.400000 4205651.700000 53643.0
480603.400000 4205685.100000 53673.0
480660.700000 4205769.200000 53703.0
480783.900000 4205900.900000 53733.0
480873.400000 4205881.700000 53763.0
480981.900000 4206076.600000 53793.0
481096.500000 4206242.600000 53823.0
481130.000000 4206310.300000 53853.0
481253.300000 4206522.900000 53883.0
481388.400000 4206851.000000 53913.0
481480.800000 4206908.400000 53943.0
481693.000000 4206801.200000 53973.0
481812.200000 4206734.500000 54003.0
481995.200000 4206889.500000 54033.0
482194.600000 4206919.100000 54063.0
482340.500000 4207043.200000 54093.0
482561.900000 4207138.000000 54123.0
482587.700000 4207341.100000 54153.0
482589.800000 4207524.300000 54183.0
482605.600000 4207542.100000 54213.0
482728.500000 4207576.100000 54243.0
482732.900000 4207583.700000 54273.0
482869.100000 4207620.200000 54303.0
482869.100000 4207622.400000 54333.0
483137.800000 4207692.900000 54393.0
483453.100000 4207785.400000 54423.0
483477.700000 4207793.000000 54453.0
483492.600000 4207797.200000 54483.0
483413.700000 4207875.200000 54513.0
483396.200000 4207884.100000 54543.0
483395.300000 4207884.100000 54573.0
483380.300000 4207843.100000 54603.0
483379.500000 4207830.000000 54633.0
483353.900000 4207781.400000 55743.0
483358.300000 4207782.600000 55773.0
483321.500000 4207782.700000 55803.0
483321.500000 4207782.700000 55833.0
483196.900000 4207804.100000 55953.0
483006.600000 4207887.900000 55983.0
482794.400000 4207986.900000 56013.0
482624.300000 4208060.500000 56043.0
482599.700000 4208091.500000 56073.0
482526.900000 4208089.500000 56103.0
482483.800000 4208076.500000 56133.0
482476.800000 4208078.600000 56163.0
482449.500000 4208074.400000 56193.0
482381.800000 4208050.000000 56223.0
482356.400000 4208050.100000 56253.0
482299.300000 4208074.800000 56283.0
482119.300000 4208058.600000 56313.0
482071.000000 4207986.800000 56343.0
481866.600000 4208081.600000 56373.0
481817.400000 4208099.500000 56403.0
481661.200000 4208095.600000 56433.0
481582.200000 4208085.600000 56463.0
481570.800000 4208085.700000 56493.0
481525.200000 4208110.300000 56523.0
481448.100000 4208163.800000 56553.0
481443.700000 4208162.600000 56583.0
481251.000000 4208299.300000 56613.0
481081.100000 4208444.000000 56643.0
480873.400000 4208605.300000 56673.0
480862.900000 4208612.100000 56703.0
480816.400000 4208653.300000 56733.0
480740.200000 4208710.200000 56763.0
480628.100000 4208791.300000 56793.0
480581.600000 4208821.400000 56823.0
480423.000000 4208934.800000 56853.0
480413.400000 4208940.400000 56883.0
480319.600000 4209009.600000 56913.0
480065.600000 4209177.800000 56943.0
479974.500000 4209254.600000 56973.0
479873.000000 4209343.800000 57003.0
479870.300000 4209343.800000 57033.0
479773.000000 4209386.300000 57063.0
479473.100000 4209142.900000 57093.0
479171.300000 4208815.200000 57123.0
478879.800000 4208407.500000 57153.0
478658.600000 4208055.000000 57183.0
478550.400000 4207946.500000 57213.0
478314.700000 4208081.300000 57243.0
478233.700000 4207999.400000 57273.0
478193.900000 4207860.700000 57303.0
478193.000000 4207850.600000 57333.0
478159.400000 4207726.200000 57363.0
478084.000000 4207462.300000 57393.0
477877.800000 4207195.400000 57423.0
477862.000000 4207170.000000 57453.0
477821.600000 4207126.900000 57483.0
477732.400000 4206966.300000 57513.0
477781.100000 4206756.700000 57543.0
477877.900000 4206546.900000 57573.0
477893.300000 4206404.700000 57603.0
477826.000000 4206146.200000 57633.0
477584.700000 4205920.500000 57663.0
477475.500000 4205793.400000 57693.0
477248.200000 4205533.300000 57723.0
477131.900000 4205370.600000 57753.0
477051.800000 4205287.500000 57783.0
477017.500000 4205241.000000 57813.0
476926.800000 4205157.000000 57843.0
476789.000000 4205164.200000 57903.0
476734.900000 4205263.000000 57933.0
476855.400000 4205375.600000 57963.0
476891.700000 4205458.900000 57993.0
476949.800000 4205539.600000 58023.0
477035.400000 4205646.000000 58053.0
477140.200000 4205777.800000 58083.0
477349.500000 4205868.200000 58113.0
477618.300000 4205953.000000 58143.0
477764.200000 4206030.400000 58173.0
477777.500000 4206069.300000 58203.0
477885.500000 4206383.100000 58233.0
477686.100000 4206309.200000 58263.0
477554.800000 4206442.800000 58293.0
477525.900000 4206470.800000 58323.0
477339.500000 4206697.800000 58353.0
477213.900000 4206672.800000 58383.0
477036.600000 4206698.600000 58413.0
476946.100000 4206668.800000 58443.0
476937.400000 4206664.600000 58473.0
476933.000000 4206649.000000 58503.0
476856.000000 4206416.000000 58533.0
476809.900000 4206289.600000 58563.0
476720.300000 4206287.700000 58593.0
476684.400000 4206309.800000 58623.0
476762.800000 4206381.500000 58653.0
476845.600000 4206479.900000 58683.0
476925.300000 4206721.400000 58713.0
476935.600000 4206904.600000 58743.0
476942.300000 4207083.200000 58773.0
476972.100000 4207402.700000 58803.0
477120.700000 4207493.300000 58833.0
477405.800000 4207708.800000 58863.0
477422.000000 4207877.200000 58893.0
477483.800000 4208034.500000 58923.0
477522.700000 4208098.700000 58953.0
477582.800000 4208214.100000 58983.0
477643.600000 4208306.200000 59013.0
477743.000000 4208407.100000 59043.0
477831.800000 4208454.700000 59073.0
477868.900000 4208536.700000 59103.0
477898.000000 4208581.900000 59133.0
477924.400000 4208618.600000 59163.0
478062.400000 4208725.800000 59193.0
478284.700000 4208842.900000 59223.0
478573.100000 4209040.600000 59253.0
478818.300000 4209144.100000 59283.0
478772.000000 4209220.800000 59313.0
478671.800000 4209185.500000 59343.0
478674.200000 4209103.400000 59373.0
478384.400000 4208993.300000 59403.0
478270.200000 4209014.700000 59433.0
478260.500000 4209012.600000 59463.0
