487421.200000 4200476.000000 20141.0
487381.600000 4200421.900000 20231.0
487460.600000 4200357.500000 20261.0
487415.800000 4200282.200000 20291.0
487436.800000 4200233.500000 20321.0
487576.500000 4200206.600000 20351.0
487675.700000 4200185.300000 20381.0
487791.600000 4200163.100000 20411.0
488069.300000 4200198.300000 20441.0
488368.100000 4200203.400000 20471.0
488790.800000 4200269.200000 20501.0
489232.000000 4200376.100000 20531.0
489627.400000 4200432.400000 20561.0
489840.200000 4200594.200000 20591.0
490181.200000 4200739.000000 20621.0
490537.100000 4200924.800000 20651.0
490807.300000 4201299.500000 20681.0
491100.000000 4201421.000000 20711.0
491426.800000 4201495.200000 20741.0
491700.100000 4201578.300000 20771.0
491619.500000 4201740.500000 20801.0
491598.600000 4201897.100000 20831.0
491558.500000 4202235.700000 20861.0
491414.900000 4202660.800000 20891.0
491083.200000 4202988.400000 20921.0
490848.100000 4203182.900000 20951.0
490687.600000 4203313.800000 20981.0
490391.100000 4203561.800000 21011.0
490049.900000 4203848.300000 21041.0
489676.200000 4204112.900000 21071.0
489549.100000 4204328.500000 21101.0
489496.700000 4204564.700000 21131.0
489406.800000 4204974.100000 21161.0
489332.600000 4205339.000000 21191.0
489375.200000 4205686.500000 21221.0
489383.400000 4205940.400000 21251.0
489475.700000 4205945.800000 21281.0
489474.800000 4205950.000000 21311.0
489688.100000 4205926.500000 21611.0
490050.800000 4205995.000000 21641.0
490460.700000 4206006.800000 21671.0
490901.300000 4205905.200000 21701.0
491031.200000 4205878.400000 21731.0
491414.800000 4205822.500000 21761.0
491891.500000 4205806.400000 21791.0
492195.900000 4205556.400000 21821.0
492645.200000 4205384.100000 21851.0
493121.000000 4205259.300000 21881.0
493614.400000 4205297.800000 21911.0
494079.900000 4205456.200000 21941.0
494495.400000 4205689.100000 21971.0
494664.900000 4205747.900000 22001.0
494959.000000 4205864.100000 22031.0
495402.500000 4206035.700000 22061.0
495846.900000 4206179.800000 22091.0
496276.300000 4206356.000000 22121.0
496700.300000 4206410.100000 22151.0
497110.200000 4206663.900000 22181.0
497521.200000 4206839.000000 22211.0
497852.300000 4207170.700000 22241.0
498031.500000 4207492.300000 22271.0
498109.700000 4207547.800000 22301.0
498273.000000 4207855.000000 22331.0
498332.800000 4208024.700000 22361.0
498336.400000 4208427.600000 22391.0
498377.600000 4208831.400000 22421.0
498514.600000 4209224.200000 22451.0
498855.100000 4209541.600000 22481.0
498996.400000 4209976.700000 22511.0
498873.600000 4210423.600000 22541.0
498772.800000 4210882.900000 22571.0
498594.800000 4211341.300000 22601.0
498431.700000 4211786.100000 22631.0
498282.700000 4212237.800000 22661.0
498263.500000 4212667.000000 22691.0
498287.400000 4213090.600000 22721.0
498325.100000 4213585.400000 22751.0
498274.400000 4214048.100000 22781.0
498097.300000 4214465.400000 22811.0
497917.600000 4214889.100000 22841.0
497776.500000 4215225.200000 22871.0
497768.600000 4215247.300000 22901.0
497657.300000 4215542.300000 22931.0
497512.700000 4215959.700000 22961.0
497375.200000 4216401.200000 22991.0
497243.900000 4216863.000000 23021.0
497203.800000 4217312.500000 23051.0
497201.300000 4217905.100000 23081.0
497196.300000 4218495.500000 23111.0
497195.700000 4219051.200000 23141.0
497175.500000 4219269.600000 23171.0
497110.000000 4219755.600000 23201.0
497040.100000 4220281.700000 23231.0
496921.900000 4220824.400000 23261.0
496838.100000 4221379.300000 23291.0
496750.700000 4221919.800000 23321.0
496505.500000 4222333.900000 23351.0
496552.900000 4222561.200000 23381.0
496715.900000 4222760.900000 23411.0
496561.000000 4223019.500000 23441.0
496449.800000 4223272.700000 23471.0
496572.600000 4223607.900000 23501.0
496576.200000 4223946.500000 23531.0
496398.500000 4224079.900000 23561.0
496690.300000 4224195.300000 23591.0
496970.700000 4224409.400000 23621.0
497248.400000 4224621.300000 23651.0
497302.800000 4224949.800000 23681.0
497532.500000 4225317.900000 23711.0
497798.000000 4225603.200000 23741.0
497855.000000 4225911.700000 23771.0
497601.200000 4226255.900000 23801.0
497347.500000 4226635.600000 23831.0
497217.100000 4226960.700000 23861.0
497097.300000 4227304.900000 23891.0
497157.900000 4227638.800000 23921.0
496993.300000 4227883.100000 23951.0
496942.600000 4227984.300000 23981.0
496736.900000 4228125.300000 24011.0
496644.000000 4228000.900000 24041.0
496736.800000 4227879.000000 24071.0
496862.000000 4227771.400000 24101.0
496924.900000 4227703.700000 24131.0
496907.400000 4227734.600000 24161.0
496839.900000 4227786.700000 24191.0
496849.700000 4227904.300000 24221.0
496932.000000 4227986.400000 24251.0
496995.000000 4227941.900000 24281.0
497077.300000 4227758.600000 24311.0
497084.200000 4227528.000000 24341.0
497107.800000 4227192.700000 24371.0
497271.300000 4226828.700000 24401.0
497467.300000 4226453.600000 24431.0
497772.000000 4226000.600000 24461.0
497806.000000 4225629.800000 24491.0
497544.000000 4225356.000000 24521.0
497311.900000 4224967.600000 24551.0
497259.100000 4224673.400000 24581.0
496973.500000 4224422.900000 24611.0
496676.500000 4224185.600000 24641.0
496404.000000 4224052.400000 24671.0
496580.900000 4223908.000000 24701.0
496566.700000 4223543.100000 24731.0
496408.800000 4223239.300000 24761.0
496247.500000 4223146.200000 24791.0
496371.700000 4222842.300000 24821.0
496509.100000 4222565.000000 24851.0
496678.200000 4222315.200000 24881.0
496925.000000 4221886.800000 24911.0
497020.300000 4221583.700000 24941.0
497002.800000 4221563.800000 24971.0
496858.200000 4221550.700000 25001.0
496852.900000 4221316.600000 25031.0
496924.600000 4220820.600000 25061.0
497034.900000 4220288.100000 25091.0
497106.600000 4219761.100000 25121.0
497178.300000 4219237.500000 25151.0
497192.300000 4218920.000000 25181.0
497192.900000 4218345.200000 25211.0
497196.200000 4217765.000000 25241.0
497198.700000 4217231.200000 25271.0
497275.700000 4216747.400000 25301.0
497421.000000 4216247.100000 25331.0
497585.800000 4215731.100000 25361.0
497734.700000 4215330.600000 25391.0
497764.400000 4215256.100000 25421.0
497841.500000 4215072.900000 25451.0
497938.800000 4214844.300000 25481.0
497958.000000 4214790.900000 25511.0
498109.700000 4214432.400000 25541.0
498177.200000 4214274.900000 25571.0
498217.500000 4214187.300000 25601.0
498335.000000 4213803.400000 25631.0
498293.800000 4213298.500000 25661.0
498271.000000 4212895.500000 25691.0
498414.900000 4212963.200000 25721.0
498561.400000 4213117.300000 25751.0
498730.800000 4213211.600000 25781.0
498815.900000 4213278.100000 25811.0
499048.300000 4213468.900000 25841.0
499236.900000 4213542.100000 25871.0
499345.600000 4213340.200000 25901.0
499304.400000 4213074.000000 25931.0
499234.300000 4212770.100000 25961.0
499315.900000 4212498.400000 25991.0
499322.100000 4212208.900000 26021.0
499430.000000 4212167.800000 26051.0
499420.300000 4212003.600000 26081.0
499208.800000 4211698.400000 26111.0
498974.500000 4211405.600000 26141.0
498777.000000 4211082.600000 26171.0
498772.600000 4210901.900000 26201.0
498867.300000 4210541.300000 26231.0
499086.700000 4210585.700000 26261.0
499253.400000 4210622.500000 26291.0
499298.100000 4210377.500000 26321.0
499322.700000 4210237.800000 26351.0
499233.900000 4210135.800000 26381.0
499011.000000 4210090.500000 26411.0
498997.800000 4209877.600000 26441.0
498746.800000 4209498.000000 26471.0
498465.900000 4209236.000000 26501.0
498225.400000 4209440.100000 26531.0
498347.500000 4209578.900000 26561.0
498357.200000 4209656.800000 26591.0
498332.600000 4209675.800000 26621.0
498165.000000 4209568.300000 26651.0
498174.700000 4209493.900000 26681.0
498340.600000 4209313.100000 26711.0
498474.800000 4209202.200000 26741.0
498484.500000 4209194.600000 26771.0
498484.500000 4209157.700000 26801.0
498610.000000 4209085.800000 26831.0
498914.500000 4209172.100000 26861.0
499132.100000 4208922.300000 26891.0
499405.100000 4208823.700000 26921.0
499649.100000 4208734.800000 26951.0
499777.200000 4208519.400000 26981.0
500020.300000 4208289.500000 27011.0
500144.800000 4208235.400000 27041.0
500268.500000 4208116.900000 27071.0
500367.700000 4207969.100000 27101.0
500470.300000 4207824.000000 27131.0
500618.600000 4207577.700000 27161.0
500693.300000 4207460.000000 27191.0
500974.300000 4207332.600000 27221.0
501213.000000 4207193.000000 27251.0
501237.700000 4206927.600000 27281.0
501242.100000 4206773.600000 27311.0
501325.500000 4206638.100000 27341.0
501330.700000 4206469.700000 27371.0
501304.400000 4206404.100000 27401.0
501380.000000 4206356.300000 27431.0
501365.000000 4206487.000000 27461.0
501299.200000 4206665.600000 27491.0
501121.900000 4206713.400000 27521.0
501015.700000 4206770.100000 27551.0
500955.100000 4206950.000000 27581.0
501069.200000 4207259.400000 27611.0
500896.300000 4207331.400000 27641.0
500700.500000 4207449.000000 27671.0
500492.400000 4207352.500000 27701.0
500218.500000 4207349.100000 27731.0
500100.000000 4207341.400000 27761.0
499898.100000 4207369.400000 27791.0
499615.500000 4207435.800000 27821.0
499291.500000 4207530.200000 27851.0
499001.000000 4207606.900000 27881.0
498969.400000 4207605.600000 27911.0
498925.500000 4207687.700000 27941.0
498679.800000 4207626.800000 27971.0
498260.200000 4207542.600000 28001.0
498163.600000 4207550.300000 28031.0
498159.300000 4207554.500000 28061.0
498179.500000 4207670.900000 28121.0
498279.700000 4207901.600000 28151.0
498271.800000 4207894.800000 28181.0
498284.000000 4207899.000000 28211.0
498154.100000 4207623.900000 28241.0
498123.300000 4207576.100000 28271.0
498119.700000 4207580.300000 28301.0
497944.100000 4207426.300000 28331.0
497747.400000 4207060.300000 28361.0
497325.900000 4206725.200000 28391.0
496840.400000 4206491.300000 28421.0
496342.600000 4206405.100000 28451.0
495882.500000 4206202.200000 28481.0
495448.800000 4206057.200000 28511.0
495009.800000 4205884.400000 28541.0
494629.600000 4205741.500000 28571.0
494385.400000 4205715.000000 28601.0
494224.800000 4205785.000000 28631.0
494253.000000 4205770.600000 28661.0
494365.300000 4205720.500000 28691.0
494344.100000 4205613.900000 28721.0
494015.600000 4205436.800000 28751.0
493481.600000 4205292.000000 28781.0
492953.100000 4205302.600000 28811.0
492468.600000 4205450.700000 28841.0
492308.900000 4205504.200000 28871.0
492165.900000 4205655.400000 28901.0
491816.500000 4205816.600000 28931.0
491437.300000 4205827.100000 28961.0
491254.600000 4205852.700000 28991.0
491128.200000 4205870.600000 29021.0
491074.600000 4205880.900000 29051.0
490846.400000 4205924.300000 29081.0
490502.400000 4206003.400000 29111.0
490191.600000 4206022.800000 29141.0
490049.400000 4205995.000000 29171.0
490000.200000 4205984.100000 29201.0
489892.100000 4205963.100000 29231.0
489569.900000 4205947.000000 29261.0
489433.000000 4205951.400000 29291.0
489286.300000 4205952.800000 29321.0
489051.000000 4205960.700000 29351.0
488734.200000 4206071.200000 29381.0
488597.300000 4206111.200000 29411.0
488207.600000 4206200.600000 29441.0
487781.900000 4206307.900000 29471.0
487717.000000 4206323.600000 29501.0
487693.200000 4206327.900000 29531.0
487665.900000 4206338.100000 29561.0
487650.200000 4206341.500000 29591.0
487595.800000 4206356.000000 29621.0
487452.000000 4206530.600000 29651.0
487335.500000 4206612.900000 29681.0
487106.800000 4206841.800000 29711.0
486964.200000 4207229.300000 29741.0
486862.100000 4207521.100000 29771.0
486757.200000 4207814.100000 29801.0
486568.800000 4207988.800000 29831.0
486553.900000 4207995.600000 29861.0
486491.700000 4208022.400000 29891.0
486145.900000 4208083.900000 29921.0
485658.000000 4208149.100000 29951.0
485337.900000 4208294.000000 29981.0
485276.500000 4208339.400000 30011.0
485241.400000 4208335.200000 30041.0
485181.500000 4208276.500000 30071.0
485085.700000 4208186.900000 30101.0
484859.100000 4208126.400000 30131.0
484693.200000 4208113.600000 30161.0
484558.300000 4208203.500000 30191.0
484475.000000 4208263.800000 30221.0
484374.200000 4208308.400000 30251.0
484222.000000 4208145.800000 30281.0
484036.200000 4208218.100000 30311.0
483816.800000 4208287.500000 30341.0
483728.000000 4208252.100000 30371.0
483589.000000 4208022.600000 30401.0
483501.800000 4207866.100000 30431.0
483406.200000 4207886.200000 30461.0
483411.400000 4207886.200000 30491.0
483416.600000 4207873.900000 30581.0
483423.600000 4207862.900000 30611.0
483428.800000 4207880.700000 30641.0
483513.000000 4207862.700000 31331.0
483564.100000 4207971.400000 31361.0
483656.700000 4208165.500000 31391.0
483800.200000 4208345.900000 31421.0
483949.700000 4208534.400000 31451.0
484116.500000 4208560.800000 31481.0
484234.800000 4208460.600000 31511.0
484332.900000 4208374.100000 31541.0
484473.200000 4208258.300000 31571.0
484686.200000 4208111.500000 31601.0
484958.300000 4208152.000000 31631.0
485165.500000 4208205.800000 31661.0
485197.100000 4208218.000000 31691.0
485301.800000 4208319.000000 31721.0
485563.000000 4208157.700000 31751.0
485569.200000 4208156.400000 31781.0
485605.200000 4208152.100000 31811.0
485987.800000 4208098.100000 31841.0
486460.700000 4208024.100000 31871.0
486647.600000 4207938.300000 31901.0
486788.500000 4207682.900000 31931.0
486868.800000 4207452.900000 31961.0
487025.200000 4207010.000000 31991.0
487219.500000 4206688.800000 32021.0
487375.600000 4206545.500000 32051.0
487481.600000 4206463.300000 32081.0
487540.200000 4206363.300000 32111.0
487742.900000 4206318.500000 32141.0
487869.300000 4206282.800000 32171.0
488154.500000 4206209.200000 32201.0
488472.200000 4206130.800000 32231.0
488824.100000 4206029.200000 32261.0
489118.000000 4205957.700000 32291.0
489171.600000 4205954.200000 32321.0
489229.500000 4205952.000000 32351.0
489298.000000 4205950.700000 32381.0
489348.100000 4205949.300000 32411.0
489369.200000 4205945.100000 32441.0
489549.200000 4205936.000000 32471.0
489714.200000 4205846.000000 32501.0
489758.700000 4205687.300000 32531.0
490072.200000 4205703.400000 32561.0
490316.900000 4205485.500000 32591.0
490460.800000 4205351.200000 32621.0
490480.000000 4205355.400000 32651.0
490485.200000 4205356.700000 32681.0
490543.100000 4205264.300000 33401.0
490667.600000 4205218.900000 33431.0
490772.200000 4205270.900000 33461.0
490838.200000 4205477.300000 33491.0
490945.500000 4205592.800000 33521.0
491181.600000 4205599.300000 33551.0
491348.500000 4205668.100000 33581.0
491373.300000 4205814.500000 33611.0
491376.800000 4205824.700000 33641.0
491484.800000 4205821.200000 33671.0
491868.400000 4205810.600000 33701.0
492163.300000 4205622.900000 33731.0
492457.200000 4205449.500000 33761.0
492799.600000 4205340.400000 33791.0
493249.000000 4205271.000000 33821.0
493752.100000 4205324.000000 33851.0
494191.200000 4205518.800000 33881.0
494593.400000 4205727.200000 33911.0
494722.500000 4205690.300000 33941.0
494709.300000 4205750.400000 33971.0
494709.300000 4205753.800000 34001.0
494683.000000 4205764.800000 34061.0
494424.900000 4205690.400000 34091.0
494252.800000 4205767.200000 34121.0
494355.400000 4205726.000000 34151.0
494315.800000 4205606.300000 34181.0
493904.700000 4205399.200000 34211.0
493345.300000 4205287.500000 34241.0
492839.600000 4205336.500000 34271.0
492363.800000 4205491.000000 34301.0
492092.800000 4205782.900000 34331.0
491606.400000 4205825.700000 34361.0
491390.300000 4205790.400000 34391.0
491313.000000 4205678.300000 34421.0
491130.200000 4205575.200000 34451.0
491013.500000 4205593.100000 34481.0
490874.700000 4205481.100000 34511.0
490778.800000 4205242.500000 34541.0
490610.200000 4205235.900000 34571.0
490483.900000 4205355.800000 34601.0
490282.100000 4205533.400000 34631.0
490043.600000 4205722.500000 34661.0
489757.400000 4205720.700000 34691.0
489470.500000 4205808.700000 34721.0
489389.800000 4205815.500000 34751.0
489129.600000 4205603.000000 34781.0
488976.500000 4205294.600000 34811.0
488799.600000 4205012.100000 34841.0
488834.500000 4204856.800000 34871.0
488873.000000 4204730.200000 34901.0
488868.700000 4204723.400000 34931.0
488867.800000 4204721.300000 34961.0
488783.700000 4204781.500000 34991.0
488647.800000 4205003.500000 35021.0
488311.000000 4205191.400000 35051.0
487953.900000 4205436.200000 35081.0
487566.300000 4205669.900000 35111.0
487244.400000 4205895.600000 35141.0
487054.300000 4206141.000000 35171.0
486992.300000 4206320.900000 35201.0
486985.300000 4206353.100000 35231.0
486983.600000 4206368.800000 35261.0
487002.100000 4206431.000000 35291.0
487050.400000 4206420.700000 35321.0
487050.400000 4206425.000000 35351.0
487075.800000 4206422.800000 35501.0
487073.100000 4206426.200000 35531.0
486996.800000 4206446.200000 35801.0
486985.500000 4206465.300000 35831.0
486984.600000 4206466.600000 35861.0
486989.800000 4206491.100000 35891.0
486989.800000 4206491.100000 35921.0
486925.000000 4206560.200000 35951.0
486919.000000 4206666.900000 35981.0
486856.800000 4206718.200000 36011.0
486812.900000 4206730.500000 36041.0
486809.400000 4206731.800000 36071.0
486772.600000 4206736.100000 36191.0
486756.000000 4206833.900000 36221.0
486675.300000 4206878.500000 36251.0
486432.300000 4206900.000000 36281.0
486320.900000 4206987.800000 36311.0
486187.600000 4207054.500000 36341.0
486073.600000 4207153.300000 36371.0
485860.600000 4207385.600000 36401.0
485667.100000 4207673.300000 36431.0
485581.300000 4207833.000000 36461.0
485577.000000 4207829.700000 36491.0
485485.900000 4207924.200000 36911.0
485252.700000 4208129.900000 36941.0
485066.800000 4208175.500000 36971.0
484727.800000 4208095.300000 37001.0
484531.500000 4208222.200000 37031.0
484295.900000 4208414.800000 37061.0
484137.300000 4208554.800000 37091.0
484041.800000 4208637.100000 37121.0
483917.800000 4208489.600000 37151.0
483755.100000 4208295.700000 37181.0
483622.100000 4208096.100000 37211.0
483534.800000 4207896.500000 37241.0
483441.700000 4207875.600000 37271.0
483387.800000 4207894.300000 45226.0
483390.600000 4207927.700000 45256.0
483395.000000 4207990.800000 45286.0
483333.600000 4207971.000000 45316.0
483211.500000 4207950.100000 45346.0
483101.300000 4207709.500000 45376.0
482959.100000 4207667.500000 45406.0
482650.900000 4207587.300000 45436.0
482421.700000 4207528.900000 45466.0
482410.300000 4207527.700000 45496.0
482060.900000 4207496.300000 45526.0
481874.200000 4207647.800000 45556.0
481682.700000 4207974.500000 45586.0
481440.100000 4208164.700000 45616.0
481438.400000 4208168.900000 45646.0
481190.400000 4208360.400000 45676.0
481079.900000 4208441.500000 45706.0
480739.200000 4208706.400000 45736.0
480176.400000 4209107.300000 45790.0
479897.900000 4209322.100000 45820.0
479240.100000 4208954.700000 45905.0
478912.500000 4208470.400000 45964.0
478906.300000 4208470.500000 45994.0
478793.400000 4208263.400000 46354.0
478563.500000 4207903.300000 46384.0
478516.700000 4207826.900000 46414.0
478500.900000 4207799.000000 46444.0
478457.700000 4207710.200000 46474.0
478456.800000 4207708.900000 46504.0
478382.700000 4207536.000000 46534.0
478305.900000 4207352.100000 46564.0
478300.600000 4207324.200000 46594.0
478201.600000 4207060.300000 46624.0
478191.000000 4207040.500000 46654.0
478299.600000 4206931.400000 46684.0
478307.400000 4206925.900000 46714.0
478356.700000 4206930.000000 46744.0
478504.000000 4206883.000000 46774.0
478511.100000 4206902.900000 46804.0
478536.600000 4206917.200000 46834.0
478375.200000 4206962.900000 46864.0
478355.800000 4206906.300000 46894.0
478347.000000 4206899.500000 46924.0
478404.000000 4206846.000000 46954.0
478545.800000 4206710.200000 46984.0
478742.800000 4206494.300000 47014.0
478721.300000 4206353.400000 47044.0
479005.400000 4206182.900000 47074.0
478908.100000 4205930.100000 47104.0
478722.200000 4205662.200000 47134.0
478722.200000 4205649.100000 47164.0
478707.100000 4205586.900000 47194.0
478677.200000 4205545.900000 47224.0
478680.700000 4205542.500000 47254.0
478577.500000 4205338.800000 47284.0
478350.700000 4205236.100000 47314.0
478206.100000 4205009.200000 47344.0
478231.800000 4204811.500000 47374.0
478337.800000 4204720.200000 47404.0
478387.700000 4204676.900000 47434.0
478491.700000 4204803.200000 47464.0
478554.300000 4204883.900000 47494.0
478618.700000 4204999.200000 47524.0
478644.800000 4205246.800000 47554.0
478713.700000 4205394.300000 47584.0
478729.000000 4205565.300000 47614.0
478848.600000 4205645.000000 47644.0
479032.100000 4205619.900000 47674.0
479182.300000 4205616.200000 47704.0
479247.300000 4205617.300000 47734.0
479268.400000 4205619.300000 47764.0
479275.700000 4205740.400000 47794.0
479328.000000 4205962.000000 47824.0
479336.000000 4206000.900000 47854.0
479360.800000 4206084.300000 47884.0
479383.800000 4206165.000000 47914.0
479533.000000 4206494.400000 47944.0
479643.200000 4206702.800000 47974.0
479757.400000 4206702.500000 48004.0
479914.400000 4206700.800000 48034.0
480105.100000 4206760.500000 48064.0
480326.400000 4206788.700000 48094.0
480495.500000 4206674.100000 48124.0
480550.800000 4206668.400000 48154.0
480812.300000 4207031.800000 48184.0
481085.300000 4207407.400000 48214.0
481233.200000 4207612.400000 48244.0
481356.800000 4207912.600000 48274.0
481363.900000 4207942.700000 48304.0
481376.200000 4207980.300000 48334.0
481453.300000 4207945.800000 48364.0
481546.200000 4207884.700000 48394.0
481618.100000 4207830.300000 48424.0
481625.100000 4207830.300000 48454.0
481652.500000 4207842.500000 48514.0
481656.000000 4207842.500000 48544.0
481685.000000 4207867.000000 48604.0
481685.800000 4207868.300000 48634.0
481707.800000 4207901.700000 48664.0
481788.900000 4208067.000000 48694.0
481807.300000 4208077.100000 48724.0
482024.700000 4207974.600000 48754.0
482421.000000 4207804.500000 48849.0
482550.800000 4207754.200000 48879.0
482814.000000 4207675.800000 48909.0
482974.200000 4207851.100000 48950.0
483087.600000 4207960.900000 48980.0
483276.100000 4207886.100000 49010.0
483412.400000 4207967.900000 49040.0
483387.800000 4207870.200000 49085.0
483403.400000 4207890.000000 49134.0
483442.000000 4207879.800000 51174.0
483499.900000 4207866.600000 51204.0
483289.900000 4207739.600000 51234.0
483326.500000 4207639.600000 51264.0
483543.000000 4207496.100000 51294.0
483489.300000 4207395.100000 51324.0
483488.400000 4207395.100000 51354.0
483577.000000 4207316.200000 51414.0
483678.600000 4207205.900000 51444.0
483585.200000 4207046.600000 51474.0
483645.700000 4206977.400000 51504.0
483648.300000 4206976.200000 51534.0
483685.900000 4206937.200000 51564.0
483685.900000 4206935.000000 51594.0
483857.100000 4206955.900000 51684.0
483918.300000 4206847.000000 51714.0
484040.100000 4206688.000000 51744.0
484160.000000 4206536.700000 51774.0
484222.900000 4206440.100000 51804.0
484378.700000 4206191.300000 51834.0
484436.500000 4206107.800000 51864.0
484451.300000 4206088.700000 51894.0
484463.500000 4206069.700000 51924.0
484467.000000 4206066.300000 51954.0
484541.500000 4205939.600000 51984.0
484667.000000 4205910.600000 52014.0
484751.100000 4205838.500000 52044.0
484785.500000 4205960.300000 52074.0
484849.700000 4206002.500000 52104.0
484849.000000 4206077.000000 52134.0
484781.500000 4206172.400000 52164.0
484723.700000 4206241.500000 52194.0
484663.300000 4206320.300000 52224.0
484661.800000 4206444.700000 52254.0
484767.300000 4206542.300000 52284.0
484806.100000 4206581.200000 52314.0
485026.400000 4206550.700000 52344.0
485127.500000 4206663.500000 52374.0
485207.500000 4206732.400000 52404.0
485174.800000 4206594.900000 52434.0
485257.500000 4206685.700000 52464.0
485181.300000 4206766.700000 52494.0
485106.700000 4206809.200000 52524.0
485013.700000 4206887.200000 52554.0
484855.700000 4206910.800000 52584.0
484696.700000 4206851.000000 52614.0
484506.000000 4206756.100000 52644.0
484363.900000 4206758.500000 52674.0
484274.500000 4206866.200000 52704.0
484214.100000 4206975.100000 52734.0
484213.300000 4207018.200000 52764.0
484209.800000 4207027.100000 52794.0
484360.900000 4207048.900000 52884.0
484620.800000 4207067.400000 52914.0
484750.700000 4207071.400000 52944.0
484971.600000 4207071.000000 53024.0
485076.000000 4207042.000000 53054.0
485098.700000 4207029.700000 53084.0
485397.100000 4206954.700000 53114.0
485804.100000 4206750.800000 53144.0
486077.200000 4206710.600000 53174.0
486426.500000 4206649.000000 53204.0
486755.600000 4206573.200000 53234.0
486810.000000 4206558.700000 53264.0
486835.400000 4206551.900000 53294.0
486961.700000 4206460.700000 53324.0
487034.000000 4206153.300000 53354.0
487255.600000 4205879.100000 53384.0
487577.500000 4205641.200000 53414.0
487919.600000 4205445.500000 53444.0
488249.400000 4205226.700000 53474.0
488610.000000 4205020.900000 53504.0
488780.000000 4204765.400000 53534.0
489114.200000 4204470.800000 53564.0
489552.000000 4204178.600000 53594.0
489566.900000 4204174.400000 53624.0
489508.500000 4204495.300000 53654.0
489379.300000 4205094.800000 53684.0
489365.100000 4205623.800000 53714.0
489472.500000 4205786.700000 53744.0
489760.300000 4205674.100000 53774.0
490093.100000 4205684.700000 53804.0
490297.500000 4205490.200000 53834.0
490457.900000 4205350.400000 53864.0
490483.400000 4205366.000000 53894.0
490489.600000 4205373.600000 53924.0
490373.000000 4205438.100000 54554.0
490148.500000 4205638.100000 54584.0
490058.100000 4205708.100000 54614.0
489966.800000 4205704.800000 54644.0
489780.800000 4205688.500000 54674.0
489619.300000 4205790.700000 54704.0
489408.700000 4205808.800000 54734.0
489269.000000 4205821.200000 54764.0
489206.900000 4205930.100000 54794.0
489128.700000 4205943.300000 54824.0
488821.500000 4206025.800000 54854.0
488761.800000 4206058.100000 54884.0
488727.700000 4206073.800000 54914.0
488641.600000 4206102.700000 54944.0
488489.800000 4206136.300000 54974.0
488023.800000 4206242.400000 55004.0
487739.400000 4206316.000000 55034.0
487700.700000 4206324.900000 55064.0
487669.900000 4206335.100000 55094.0
487644.500000 4206338.600000 55124.0
487561.100000 4206353.100000 55154.0
487482.900000 4206368.900000 55184.0
487483.000000 4206379.000000 55214.0
487414.500000 4206386.700000 55244.0
487292.500000 4206432.200000 55274.0
487002.100000 4206534.700000 55304.0
486680.100000 4206606.300000 55334.0
486292.300000 4206685.700000 55364.0
485899.100000 4206743.000000 55394.0
485487.700000 4206944.400000 55424.0
485369.200000 4206989.900000 55454.0
485345.500000 4206993.300000 55484.0
485001.500000 4207074.800000 55514.0
484641.600000 4207091.100000 55544.0
484457.200000 4207078.300000 55574.0
484294.800000 4207065.500000 55604.0
484294.000000 4207065.500000 55634.0
484257.900000 4207057.900000 55664.0
483970.900000 4207010.700000 55694.0
483538.800000 4206867.200000 55724.0
483346.400000 4206810.900000 55754.0
483342.900000 4206810.900000 55784.0
483320.200000 4206806.700000 55814.0
483382.100000 4206653.300000 55844.0
483364.000000 4206380.400000 55874.0
483230.500000 4206373.000000 55904.0
483042.600000 4206344.600000 55934.0
482977.000000 4206455.700000 55964.0
482844.300000 4206399.200000 55994.0
482709.800000 4206325.000000 56024.0
482513.900000 4206252.200000 56054.0
482781.700000 4205605.300000 56486.0
482763.500000 4205341.200000 56516.0
482782.700000 4205272.200000 56546.0
482834.400000 4205250.900000 56576.0
482736.700000 4205134.800000 56606.0
482658.100000 4204972.000000 56636.0
482620.100000 4204811.200000 56666.0
482543.600000 4204761.400000 56696.0
482417.100000 4204716.400000 56726.0
482267.600000 4204624.500000 56756.0
481953.800000 4204462.200000 56786.0
481793.900000 4204408.400000 56816.0
481738.200000 4204227.800000 56846.0
481631.600000 4204065.000000 56876.0
481630.800000 4204052.800000 56906.0
481678.200000 4203674.300000 56966.0
481490.400000 4203753.400000 56996.0
481367.500000 4203764.700000 57026.0
481333.200000 4203719.500000 57056.0
481277.900000 4203701.800000 57086.0
481168.400000 4203786.300000 57116.0
481472.600000 4203956.600000 57146.0
481560.500000 4204008.500000 57176.0
481461.200000 4204373.600000 57206.0
481811.600000 4204407.100000 57236.0
482211.600000 4204584.800000 57266.0
482419.100000 4204706.300000 57296.0
482511.600000 4204818.200000 57326.0
482466.500000 4206316.600000 57591.0
482465.700000 4206332.300000 57651.0
482445.800000 4206474.500000 57681.0
482489.400000 4206775.000000 57711.0
482544.500000 4207063.500000 57741.0
482594.800000 4207214.500000 57771.0
482609.400000 4207458.700000 57801.0
482596.300000 4207519.700000 57831.0
482603.400000 4207538.700000 57861.0
482621.800000 4207545.400000 57891.0
482765.100000 4207587.500000 57921.0
482888.900000 4207622.700000 57951.0
482895.900000 4207627.000000 57981.0
483055.700000 4207673.200000 58011.0
483416.700000 4207780.000000 58041.0
483502.900000 4207839.900000 58071.0
483366.800000 4207836.800000 58101.0
483363.200000 4207824.500000 58131.0
483371.900000 4207820.300000 58161.0
483352.600000 4207767.000000 59421.0
483060.100000 4207688.800000 59451.0
482952.900000 4207659.000000 59481.0
482952.100000 4207659.000000 59511.0
482637.600000 4207573.300000 59541.0
482460.200000 4207527.100000 59571.0
482397.100000 4207514.200000 59601.0
482269.000000 4207489.900000 59631.0
482069.700000 4207479.300000 59661.0
482011.800000 4207498.500000 59691.0
481832.300000 4207705.400000 59721.0
481746.600000 4207859.700000 59751.0
481720.400000 4207904.200000 59781.0
481493.500000 4208117.600000 59811.0
481457.600000 4208144.300000 59841.0
481177.200000 4208368.000000 59871.0
480907.300000 4208578.200000 59901.0
480787.300000 4208670.700000 59931.0
480479.800000 4208884.300000 59961.0
480444.700000 4208907.700000 59991.0
480254.600000 4209045.700000 60021.0
479970.700000 4209246.200000 60051.0
479883.200000 4209328.500000 60081.0
479823.500000 4209369.700000 60111.0
479822.700000 4209369.700000 60141.0
479761.300000 4209380.000000 60171.0
479490.000000 4209320.600000 60201.0
479097.500000 4209273.700000 60231.0
478881.400000 4209196.400000 60261.0
478724.200000 4209127.800000 60291.0
478418.400000 4209008.800000 60321.0
478207.300000 4208829.500000 60351.0
478020.900000 4208674.700000 60381.0
477908.100000 4208468.400000 60411.0
477796.900000 4208268.100000 60441.0
477743.900000 4208176.000000 60471.0
477712.900000 4208119.300000 60501.0
477697.800000 4208041.500000 60531.0
477696.100000 4208040.200000 60561.0
477746.100000 4208010.100000 60591.0
477746.100000 4208008.800000 60621.0
477728.200000 4207907.700000 60651.0
477561.500000 4207605.100000 60681.0
477398.700000 4207471.400000 60711.0
477344.700000 4207300.500000 60741.0
477344.700000 4207296.300000 60771.0
477351.700000 4207277.200000 60801.0
477690.100000 4207113.300000 60831.0
477725.700000 4206974.400000 60861.0
477713.800000 4206771.300000 60891.0
477680.200000 4206690.500000 60921.0
477539.200000 4206471.200000 60951.0
477539.200000 4206467.000000 60981.0
477554.500000 4206334.900000 61011.0
477653.400000 4206244.900000 61041.0
477693.400000 4206114.000000 61071.0
477745.000000 4206051.700000 61101.0
477754.700000 4206051.600000 61131.0
477816.400000 4206153.500000 61161.0
477882.000000 4206368.700000 61191.0
477715.800000 4206287.100000 61221.0
477554.600000 4206417.400000 61251.0
477548.400000 4206425.100000 61281.0
477547.600000 4206426.300000 61311.0
477523.200000 4206501.800000 61341.0
477342.000000 4206678.700000 61371.0
477165.400000 4206640.300000 61401.0
477039.900000 4206681.700000 61431.0
476946.200000 4206755.200000 61461.0
476946.800000 4206952.800000 61491.0
476957.900000 4207177.100000 61521.0
476968.800000 4207290.100000 61551.0
476968.000000 4207294.400000 61581.0
477007.800000 4207396.200000 61641.0
477141.400000 4207478.000000 61671.0
477359.600000 4207653.900000 61701.0
477524.000000 4207787.600000 61731.0
477554.000000 4207866.200000 61761.0
477507.000000 4208014.100000 61791.0
477575.900000 4208150.200000 61821.0
477690.100000 4208146.500000 61851.0
477707.600000 4208145.200000 61881.0
477828.400000 4208353.500000 61911.0
477966.000000 4208599.500000 61941.0
478138.600000 4208798.800000 61971.0
478354.200000 4208979.000000 62001.0
478242.800000 4209013.500000 62031.0
