475885.600000 4210441.800000 21445.0
475943.400000 4210418.400000 21475.0
475871.000000 4210274.300000 21505.0
475765.000000 4210027.000000 21535.0
475636.000000 4209695.500000 21565.0
475501.600000 4209340.800000 21595.0
475349.500000 4208995.000000 21625.0
475177.500000 4208682.800000 21655.0
475085.200000 4208640.700000 21685.0
475073.700000 4208629.800000 21715.0
475079.700000 4208540.000000 21745.0
475082.900000 4208177.300000 21775.0
475088.700000 4207765.400000 21805.0
475158.600000 4207340.300000 21835.0
475243.900000 4207113.600000 21865.0
475249.800000 4207021.300000 21895.0
475370.100000 4206683.600000 21925.0
475473.600000 4206380.200000 21955.0
475478.500000 4206255.800000 21985.0
475440.900000 4206014.200000 22015.0
475442.300000 4205923.200000 22045.0
475454.300000 4205834.300000 22075.0
475464.400000 4205693.300000 22105.0
475469.200000 4205566.700000 22135.0
475472.200000 4205410.100000 22165.0
475465.700000 4205292.500000 22195.0
475464.800000 4205271.300000 22225.0
475461.700000 4205141.400000 22255.0
475479.900000 4205059.200000 22285.0
475523.100000 4204841.500000 22315.0
475552.600000 4204721.700000 22345.0
475567.300000 4204664.900000 22375.0
475656.600000 4204539.400000 22405.0
475780.300000 4204532.200000 22435.0
475822.500000 4204528.700000 22465.0
475852.300000 4204526.500000 22495.0
476036.600000 4204481.500000 22525.0
476124.200000 4204447.000000 22555.0
476121.600000 4204462.700000 22585.0
476125.000000 4204461.800000 23273.0
476165.300000 4204461.700000 24623.0
476254.900000 4204443.600000 24653.0
476449.800000 4204417.700000 24683.0
476458.700000 4204515.400000 24713.0
476593.200000 4204571.800000 24743.0
476675.800000 4204559.300000 24773.0
477004.000000 4204498.200000 24803.0
477059.400000 4204552.300000 24833.0
477090.600000 4204676.600000 24863.0
477224.400000 4204779.500000 24893.0
477415.000000 4204795.500000 24923.0
477515.100000 4204779.600000 24953.0
477530.800000 4204772.700000 24983.0
477515.600000 4204637.300000 25013.0
477554.900000 4204580.500000 25043.0
477584.700000 4204569.400000 25073.0
477735.700000 4204532.200000 25103.0
477738.400000 4204530.900000 25133.0
477771.900000 4204608.700000 25163.0
477799.500000 4204703.900000 25193.0
477796.800000 4204719.500000 25223.0
477865.600000 4204810.300000 25253.0
477796.000000 4204731.800000 25283.0
477756.800000 4204533.400000 25313.0
477746.700000 4204403.500000 25343.0
477737.000000 4204402.300000 25373.0
477722.800000 4204368.900000 25403.0
477719.300000 4204364.600000 25433.0
477696.400000 4204299.100000 25463.0
477583.000000 4204236.300000 25493.0
477433.500000 4204147.000000 25523.0
477378.500000 4204241.500000 25553.0
477346.100000 4204282.700000 25583.0
477266.200000 4204278.700000 25613.0
477178.200000 4204193.400000 25643.0
477085.000000 4204152.600000 25673.0
476909.900000 4204032.100000 25703.0
476717.300000 4203916.200000 25733.0
476572.200000 4203821.400000 25763.0
476665.700000 4203674.700000 25793.0
476775.900000 4203500.000000 25823.0
476822.300000 4203419.900000 25853.0
476969.300000 4203206.600000 25883.0
477048.600000 4203021.000000 25913.0
477047.800000 4203019.700000 25943.0
477097.900000 4203009.400000 25973.0
477170.000000 4203055.700000 26003.0
477198.300000 4203109.800000 26033.0
477158.900000 4203168.800000 26063.0
477222.300000 4203231.700000 26093.0
477175.800000 4203256.400000 26123.0
477171.500000 4203300.800000 26153.0
477085.400000 4203587.200000 26183.0
477368.000000 4203847.100000 26213.0
477689.100000 4204040.500000 26243.0
477616.300000 4204068.600000 26273.0
477490.000000 4204102.400000 26303.0
477611.500000 4204184.200000 26333.0
477772.400000 4204310.300000 26363.0
477762.800000 4204331.500000 26393.0
477757.600000 4204341.700000 26423.0
477892.700000 4204312.500000 26453.0
478020.700000 4204276.600000 26483.0
478043.500000 4204280.000000 26513.0
478064.000000 4204370.900000 26543.0
478127.600000 4204538.300000 26573.0
478216.500000 4204591.400000 26603.0
478437.600000 4204537.500000 26633.0
478467.300000 4204485.400000 26663.0
478620.900000 4204436.300000 26693.0
478622.600000 4204440.500000 26723.0
478689.500000 4204520.400000 26753.0
478756.400000 4204629.000000 26783.0
478977.200000 4204785.800000 26813.0
478946.600000 4204870.200000 26843.0
478974.400000 4205074.100000 26873.0
479064.400000 4205231.300000 26903.0
479279.400000 4205144.400000 26933.0
479384.600000 4205064.200000 26963.0
479439.700000 4205029.700000 26993.0
479401.700000 4204882.100000 27023.0
479400.000000 4204863.100000 27053.0
479399.100000 4204859.700000 27083.0
479388.500000 4204831.800000 27143.0
479388.500000 4204828.400000 27173.0
479384.100000 4204812.800000 27203.0
479381.400000 4204803.900000 27233.0
479381.400000 4204803.900000 27263.0
479391.900000 4204801.700000 27293.0
479510.500000 4205126.500000 27323.0
479800.400000 4205563.800000 27353.0
479957.200000 4205773.000000 27383.0
479986.200000 4205803.800000 27413.0
480092.000000 4205986.800000 27443.0
480225.200000 4206209.500000 27473.0
480379.400000 4206427.600000 27503.0
480485.100000 4206568.300000 27533.0
480816.300000 4206644.100000 27563.0
480928.000000 4206752.600000 27593.0
481176.000000 4206982.700000 27623.0
481360.800000 4207149.900000 27653.0
481414.500000 4207227.700000 27683.0
481403.900000 4207192.100000 27713.0
481529.600000 4207272.700000 27743.0
481568.300000 4207284.900000 27773.0
481625.500000 4207302.500000 27803.0
481761.700000 4207374.200000 27833.0
481865.200000 4207293.100000 27863.0
481994.200000 4207237.400000 27893.0
482137.200000 4207189.200000 27923.0
482186.600000 4207284.400000 27953.0
482200.800000 4207319.900000 27983.0
482288.500000 4207300.700000 28013.0
482326.000000 4207227.300000 28043.0
482322.900000 4207050.900000 28073.0
482375.600000 4207022.000000 28103.0
482429.200000 4207040.900000 28133.0
482642.600000 4207076.000000 28163.0
482948.800000 4206963.200000 28193.0
483230.500000 4206955.800000 28223.0
483333.200000 4206944.600000 28253.0
483368.300000 4206957.700000 28283.0
483568.900000 4207175.700000 28313.0
483622.600000 4207261.900000 28343.0
483762.100000 4207197.300000 28373.0
483785.900000 4207185.000000 28403.0
483791.100000 4207188.400000 28433.0
483827.000000 4207180.700000 28493.0
484061.600000 4207266.600000 28523.0
484298.900000 4207370.200000 28553.0
484547.600000 4207510.700000 28583.0
484764.600000 4207611.400000 28613.0
484877.100000 4207697.600000 28643.0
485016.000000 4207871.700000 28673.0
485130.500000 4208026.800000 28703.0
485160.300000 4208054.700000 28733.0
485174.400000 4208047.900000 28763.0
485219.100000 4208026.700000 28793.0
485270.600000 4207934.300000 28823.0
485196.800000 4207840.100000 28853.0
485207.200000 4207760.100000 28883.0
485287.700000 4207677.800000 28913.0
485321.900000 4207684.500000 28943.0
485406.300000 4207794.400000 28973.0
485478.500000 4207881.900000 29003.0
485513.600000 4207870.800000 29033.0
485694.800000 4207622.900000 29063.0
485767.400000 4207492.800000 29093.0
485968.100000 4207266.100000 29123.0
486054.000000 4207160.500000 29153.0
486090.700000 4207112.600000 29183.0
486105.600000 4207088.100000 29213.0
486106.200000 4206980.500000 29273.0
486106.100000 4206884.000000 29303.0
486123.500000 4206782.900000 29333.0
486123.500000 4206781.600000 29363.0
486170.700000 4206697.300000 29393.0
486583.200000 4206614.500000 29423.0
486994.800000 4206527.500000 29453.0
487275.600000 4206425.900000 29483.0
487383.500000 4206383.400000 29513.0
487426.500000 4206370.200000 29543.0
487451.100000 4206365.900000 29573.0
487503.900000 4206351.500000 29603.0
487618.000000 4206333.500000 29633.0
487733.900000 4206308.800000 29663.0
487769.000000 4206299.900000 29693.0
487842.700000 4206282.000000 29723.0
487896.200000 4206266.200000 29753.0
487964.700000 4206247.100000 29783.0
488032.300000 4206231.300000 29813.0
488062.100000 4206223.700000 29843.0
488141.100000 4206210.400000 29873.0
488237.700000 4206189.100000 29903.0
488249.100000 4206184.900000 29933.0
488494.000000 4206123.600000 29963.0
488734.500000 4206060.200000 29993.0
488768.700000 4206047.900000 30023.0
488967.000000 4205975.700000 30053.0
489025.700000 4205957.800000 30083.0
489078.500000 4205951.000000 30113.0
489103.100000 4205950.900000 30143.0
489156.700000 4205950.900000 30173.0
489219.800000 4205950.800000 30203.0
489244.400000 4205948.600000 30233.0
489305.000000 4205947.300000 30263.0
489369.200000 4205945.100000 30293.0
489448.200000 4205945.000000 30323.0
489674.700000 4205885.900000 30353.0
489742.100000 4205718.200000 30383.0
489755.300000 4205691.500000 30413.0
489978.400000 4205706.900000 30443.0
490164.300000 4205612.300000 30473.0
490341.500000 4205458.900000 30503.0
490460.800000 4205367.700000 30533.0
490469.500000 4205369.800000 30563.0
490448.400000 4205372.000000 32213.0
490306.400000 4205491.900000 32243.0
490194.100000 4205597.400000 32273.0
490181.900000 4205607.600000 32303.0
490181.900000 4205607.600000 32333.0
489995.000000 4205706.400000 32363.0
489742.100000 4205714.400000 32393.0
489543.800000 4205795.500000 32423.0
489362.100000 4205806.700000 32453.0
489280.500000 4205878.800000 32483.0
489226.200000 4205949.900000 32513.0
489021.600000 4205960.400000 32543.0
488901.400000 4205996.100000 32573.0
488683.800000 4206078.500000 32603.0
488453.800000 4206144.400000 32633.0
488411.600000 4206154.600000 32663.0
488299.300000 4206179.300000 32693.0
488216.000000 4206210.300000 32723.0
488110.600000 4206214.700000 32753.0
487969.400000 4206252.600000 32783.0
487661.400000 4206329.700000 32813.0
487385.800000 4206382.100000 32843.0
487082.300000 4206500.300000 32873.0
486912.100000 4206548.400000 32903.0
486476.900000 4206641.300000 32933.0
486154.000000 4206702.000000 32963.0
485759.100000 4206782.600000 32993.0
485466.300000 4206980.800000 33023.0
485334.900000 4207094.000000 33053.0
485214.900000 4207194.100000 33083.0
485133.400000 4207298.400000 33113.0
485025.600000 4207434.900000 33143.0
484937.100000 4207551.500000 33173.0
484887.300000 4207693.800000 33203.0
484729.500000 4207824.000000 33233.0
484509.400000 4207959.800000 33263.0
484247.800000 4207900.200000 33293.0
484089.900000 4207950.500000 33323.0
483697.300000 4207856.900000 33353.0
483343.400000 4207765.300000 33383.0
483281.300000 4207850.900000 33413.0
483371.700000 4207871.900000 33443.0
483379.200000 4207874.000000 34778.0
483393.400000 4207937.000000 34838.0
483399.700000 4207959.000000 34868.0
483469.000000 4207976.700000 34898.0
483591.200000 4208042.000000 34928.0
483705.700000 4208236.100000 34958.0
483890.500000 4208463.000000 34988.0
484061.200000 4208680.200000 35018.0
484234.600000 4208949.500000 35048.0
484233.800000 4208958.400000 35078.0
484234.600000 4208948.200000 35108.0
484235.400000 4208948.200000 35138.0
484235.100000 4208947.000000 35168.0
484058.100000 4208668.800000 35288.0
483851.400000 4208409.800000 35318.0
483587.100000 4208032.700000 35371.0
483513.900000 4207832.300000 35401.0
483426.100000 4207782.500000 35431.0
483273.500000 4207804.000000 35461.0
483367.500000 4207866.800000 35491.0
483376.200000 4207870.200000 35521.0
483384.100000 4207864.700000 35551.0
483404.600000 4207994.600000 46111.0
483538.000000 4207973.100000 46141.0
483512.200000 4207822.100000 46171.0
483811.700000 4207894.700000 46201.0
484148.000000 4207976.200000 46231.0
484257.500000 4207900.600000 46261.0
484229.200000 4207791.900000 46291.0
484405.500000 4207718.400000 46321.0
484448.500000 4207691.600000 46351.0
484477.400000 4207670.400000 46381.0
484530.100000 4207636.900000 46411.0
484623.000000 4207558.000000 46441.0
484712.700000 4207601.000000 46471.0
484922.800000 4207768.200000 46501.0
485079.100000 4207862.300000 46531.0
485209.700000 4207738.900000 46561.0
485283.200000 4207645.600000 46591.0
485225.900000 4207571.200000 46621.0
485125.600000 4207436.000000 46651.0
484912.700000 4207227.700000 46681.0
485059.300000 4207176.200000 46711.0
485215.500000 4207145.900000 46741.0
485203.100000 4207063.800000 46771.0
485203.100000 4207060.400000 46801.0
485179.200000 4206991.500000 46831.0
484958.500000 4206710.400000 46871.0
485040.000000 4206600.200000 46901.0
485077.600000 4206566.700000 46931.0
485177.400000 4206354.500000 46961.0
482495.100000 4207544.400000 59828.0
482477.500000 4207541.100000 59858.0
482344.900000 4207520.200000 59888.0
482159.000000 4207599.300000 59918.0
482044.100000 4207658.400000 59948.0
481982.800000 4207686.500000 59978.0
481925.700000 4207709.900000 60008.0
481844.000000 4207720.200000 60038.0
481808.100000 4207747.000000 60068.0
481762.600000 4207821.600000 60098.0
481683.000000 4207958.000000 60128.0
481618.200000 4208019.100000 60158.0
481606.800000 4208028.000000 60188.0
481523.600000 4208090.400000 60218.0
481504.400000 4208103.600000 60248.0
481408.900000 4208173.600000 60278.0
481405.400000 4208177.000000 60308.0
481382.700000 4208190.200000 60338.0
481320.500000 4207838.600000 60368.0
481157.300000 4207520.700000 60398.0
481090.500000 4207416.700000 60428.0
481006.000000 4207298.400000 60458.0
480979.600000 4207266.300000 60488.0
480944.400000 4207228.700000 60518.0
480846.600000 4207090.100000 60548.0
480648.700000 4206925.100000 60578.0
480428.100000 4206853.700000 60608.0
480389.700000 4206957.000000 60638.0
480348.800000 4207093.400000 60668.0
480065.400000 4207095.400000 60698.0
479833.900000 4207176.800000 60728.0
479689.600000 4207048.500000 60758.0
479615.500000 4206881.000000 60788.0
479671.300000 4206697.600000 60818.0
479537.300000 4206489.300000 60848.0
479397.900000 4206200.100000 60878.0
479397.100000 4206193.400000 60908.0
479335.800000 4205934.100000 60938.0
479258.900000 4205696.800000 60968.0
479258.000000 4205696.800000 60998.0
479157.800000 4205678.000000 61028.0
478932.300000 4205669.700000 61058.0
478791.700000 4205662.500000 61088.0
478704.600000 4205569.600000 61118.0
478666.600000 4205449.900000 61148.0
478531.100000 4205328.300000 61178.0
478371.200000 4205262.300000 61208.0
478230.200000 4205094.200000 61238.0
478244.900000 4205001.900000 61268.0
478367.600000 4204910.600000 61298.0
478449.200000 4204859.200000 61328.0
478533.300000 4204803.500000 61358.0
478505.200000 4204821.300000 61388.0
478421.500000 4204717.400000 61418.0
478328.200000 4204658.900000 61448.0
478296.900000 4204452.400000 61478.0
478256.000000 4204275.200000 61508.0
478245.500000 4204258.700000 61538.0
478128.800000 4204278.000000 61568.0
478081.400000 4204291.300000 61598.0
478075.200000 4204287.900000 61628.0
478038.200000 4204233.800000 61688.0
478024.000000 4204172.900000 61718.0
478095.600000 4204044.100000 61748.0
478034.900000 4204013.300000 61778.0
477753.200000 4204085.200000 61808.0
477597.800000 4204083.500000 61838.0
477458.200000 4204101.700000 61868.0
477438.000000 4204133.900000 61898.0
477377.700000 4204255.100000 61928.0
477369.000000 4204264.000000 61958.0
477373.400000 4204285.200000 61988.0
477457.800000 4204354.800000 62018.0
477480.600000 4204350.500000 62048.0
477491.100000 4204337.300000 62078.0
477529.000000 4204388.400000 62108.0
477562.700000 4204531.400000 62138.0
477571.400000 4204550.400000 62168.0
477578.600000 4204609.200000 62198.0
477573.800000 4204732.400000 62228.0
477418.400000 4204758.200000 62258.0
477200.700000 4204760.100000 62288.0
477106.600000 4204723.500000 62318.0
476916.700000 4204600.900000 62348.0
476761.100000 4204550.100000 62378.0
476568.900000 4204575.200000 62408.0
476439.900000 4204593.400000 62438.0
476437.200000 4204597.600000 62468.0
476381.000000 4204610.900000 62498.0
476283.500000 4204630.200000 62528.0
476238.300000 4204459.400000 62558.0
476238.300000 4204460.600000 62588.0
476188.500000 4204255.500000 62618.0
476107.600000 4204193.500000 62648.0
476020.700000 4204203.900000 62678.0
475952.200000 4204216.400000 62708.0
475875.000000 4204195.500000 62738.0
475729.000000 4204122.700000 62768.0
475631.400000 4204058.600000 62798.0
475548.800000 4204056.700000 62828.0
475566.700000 4204156.600000 62858.0
475588.800000 4204228.500000 62888.0
475628.000000 4204387.100000 62918.0
475627.100000 4204387.100000 62948.0
475609.800000 4204456.100000 62978.0
475535.800000 4204698.000000 63008.0
475515.000000 4204791.200000 63038.0
475484.600000 4204933.500000 63068.0
475476.100000 4205002.500000 63098.0
475472.600000 4205030.500000 63128.0
475472.700000 4205044.800000 63158.0
475477.000000 4205315.700000 63188.0
475488.000000 4205453.200000 63218.0
475484.600000 4205524.400000 63248.0
475476.600000 4205745.300000 63278.0
475444.700000 4205948.600000 63308.0
475456.400000 4206057.300000 63338.0
475478.900000 4206222.700000 63368.0
475480.700000 4206290.500000 63398.0
475448.700000 4206449.300000 63428.0
475364.200000 4206681.500000 63458.0
475299.700000 4206845.900000 63488.0
475255.400000 4206969.200000 63518.0
475256.200000 4206976.000000 63548.0
475260.000000 4207068.200000 63578.0
475261.700000 4207072.400000 63608.0
475198.000000 4207199.200000 63638.0
475087.900000 4207672.300000 63668.0
475082.700000 4207986.400000 63698.0
475083.500000 4208277.200000 63728.0
475092.200000 4208523.500000 63758.0
475139.000000 4208615.600000 63788.0
475196.400000 4208726.300000 63818.0
475379.100000 4209073.300000 63848.0
475493.000000 4209334.900000 63878.0
475592.000000 4209570.800000 63908.0
475737.900000 4209976.300000 63938.0
475912.800000 4210364.300000 63968.0
475918.200000 4210421.900000 63998.0
475835.100000 4210509.700000 64028.0
