476001.900000 4213523.700000 23279.0
476001.900000 4213540.200000 23429.0
475999.100000 4213492.400000 23459.0
476142.900000 4213448.800000 23489.0
476240.400000 4213489.500000 23519.0
476300.100000 4213489.400000 23549.0
476478.800000 4213391.100000 23579.0
476512.900000 4213383.400000 23609.0
476527.100000 4213413.400000 23639.0
476546.600000 4213514.500000 23669.0
476564.900000 4213788.300000 23699.0
476554.400000 4214088.800000 23729.0
476554.100000 4214275.100000 23759.0
476463.200000 4214371.800000 23789.0
476457.100000 4214411.600000 23819.0
476441.700000 4214514.900000 23849.0
476452.900000 4214722.300000 23879.0
476680.900000 4214749.600000 23909.0
476810.200000 4214847.800000 23939.0
476823.100000 4215111.900000 23969.0
476823.100000 4215410.300000 23999.0
476848.400000 4215632.000000 24029.0
476903.600000 4215960.300000 24059.0
476960.700000 4216260.700000 24089.0
477070.400000 4216633.300000 24119.0
477192.200000 4216866.200000 24149.0
477309.400000 4217124.400000 24179.0
477332.300000 4217486.300000 24209.0
477403.400000 4217837.800000 24239.0
477475.400000 4218178.300000 24269.0
477519.300000 4218514.300000 24299.0
477523.600000 4218812.700000 24329.0
477856.700000 4218829.500000 24359.0
478166.100000 4218806.700000 24389.0
478296.000000 4218885.100000 24419.0
478630.100000 4218902.000000 24449.0
478832.400000 4218812.600000 24479.0
478946.900000 4219018.800000 24509.0
479109.900000 4219346.900000 24539.0
479241.200000 4219617.400000 24569.0
479298.600000 4219772.600000 24599.0
479298.600000 4219776.000000 24629.0
479314.600000 4219893.600000 24659.0
479270.300000 4220033.400000 24689.0
479176.300000 4219950.300000 24719.0
479176.300000 4219937.200000 24749.0
479082.500000 4219615.700000 24779.0
478914.300000 4219271.200000 24809.0
478757.500000 4218952.000000 24839.0
478523.300000 4218904.000000 24869.0
478299.700000 4218897.800000 24899.0
478114.700000 4218833.900000 24929.0
477724.600000 4218833.700000 24959.0
477516.300000 4218659.900000 24989.0
477472.100000 4218190.600000 25019.0
477361.300000 4217735.900000 25049.0
477314.700000 4217400.000000 25079.0
477274.300000 4217042.900000 25109.0
477201.900000 4216900.800000 25139.0
477180.800000 4216865.300000 25169.0
477175.600000 4216856.500000 25199.0
477173.900000 4216853.100000 25229.0
477033.500000 4216535.200000 25319.0
476939.600000 4216210.400000 25349.0
476899.500000 4215964.200000 25379.0
476890.600000 4215912.100000 25409.0
476849.600000 4215643.900000 25439.0
476837.100000 4215570.700000 25469.0
476895.700000 4215527.400000 25499.0
477168.400000 4215497.800000 25529.0
477277.700000 4215384.500000 25559.0
477279.300000 4215374.300000 25589.0
477354.500000 4215284.400000 25619.0
477278.100000 4215223.700000 25649.0
477170.800000 4215128.700000 25679.0
477148.500000 4214998.000000 25709.0
477145.100000 4214751.700000 25739.0
477168.700000 4214696.200000 25769.0
477302.100000 4214711.500000 25799.0
477300.000000 4214572.600000 25829.0
477222.700000 4214492.000000 25859.0
476982.200000 4214471.500000 25889.0
476805.000000 4214431.000000 25919.0
476812.600000 4214353.100000 25949.0
476932.300000 4214205.000000 25979.0
476963.000000 4214156.200000 26009.0
476962.900000 4214147.300000 26039.0
476981.200000 4214100.700000 26069.0
477022.900000 4213939.800000 26099.0
476946.000000 4213709.300000 26129.0
476959.800000 4213323.300000 26159.0
477083.900000 4213189.600000 26189.0
477056.000000 4212955.600000 26219.0
477039.900000 4212841.400000 26249.0
476947.700000 4212845.900000 26279.0
476972.300000 4212524.100000 26309.0
476927.400000 4212172.500000 26339.0
476826.400000 4211843.100000 26369.0
476811.700000 4211592.600000 26399.0
476814.200000 4211535.800000 26429.0
476822.000000 4211502.400000 26459.0
476822.800000 4211498.100000 26489.0
476841.800000 4211416.000000 26519.0
476809.900000 4211330.600000 26549.0
476780.000000 4211289.600000 26579.0
476725.500000 4211234.300000 26609.0
476568.300000 4211150.500000 26639.0
476563.600000 4211026.100000 26669.0
476551.800000 4210876.300000 26699.0
476570.700000 4211054.900000 26729.0
476700.200000 4211211.900000 26759.0
476739.500000 4211169.500000 26789.0
476743.800000 4211144.100000 26819.0
476769.100000 4211096.200000 26909.0
476825.200000 4211037.200000 26939.0
476840.800000 4211000.300000 26969.0
476844.300000 4210985.900000 26999.0
476831.900000 4210920.400000 27029.0
476823.100000 4210880.600000 27059.0
476821.300000 4210842.900000 27089.0
476822.800000 4210786.200000 27119.0
476824.300000 4210743.900000 27149.0
476818.000000 4210692.700000 27179.0
476784.100000 4210463.000000 27209.0
476802.200000 4210355.400000 27239.0
476861.400000 4210180.800000 27269.0
476884.900000 4210083.000000 27299.0
476898.800000 4210038.500000 27329.0
476924.500000 4210112.900000 27359.0
476922.200000 4210243.700000 27389.0
476941.600000 4210313.500000 27419.0
477066.200000 4210328.800000 27449.0
477084.700000 4210356.700000 27479.0
477057.000000 4210518.900000 27509.0
477293.600000 4210754.400000 27539.0
477417.700000 4210900.500000 27569.0
477488.100000 4211007.800000 27599.0
477657.100000 4211172.900000 27629.0
477642.500000 4211287.200000 27659.0
477613.600000 4211306.300000 27689.0
477620.800000 4211371.900000 27719.0
477750.700000 4211362.700000 27749.0
477792.700000 4211302.400000 27779.0
477793.500000 4211302.400000 27809.0
477825.800000 4211253.700000 27839.0
477826.700000 4211253.700000 27869.0
477871.200000 4211198.100000 27959.0
477871.200000 4211200.200000 27989.0
477870.800000 4211038.100000 28079.0
477956.200000 4210812.700000 28109.0
478001.600000 4210697.000000 28139.0
478032.600000 4210467.100000 28169.0
477973.000000 4210510.500000 28199.0
478032.800000 4210552.600000 28229.0
478184.700000 4210595.400000 28259.0
478219.900000 4210595.300000 28289.0
478359.200000 4210490.800000 28319.0
478525.200000 4210574.600000 28349.0
478660.400000 4210594.200000 28379.0
478814.900000 4210314.000000 28409.0
478877.900000 4210246.100000 28439.0
479085.600000 4210147.800000 28469.0
478937.800000 4209980.600000 28499.0
479079.600000 4209876.100000 28529.0
479149.600000 4209815.800000 28559.0
479330.900000 4209694.300000 28589.0
479554.300000 4209540.500000 28619.0
479669.300000 4209540.200000 28649.0
479772.700000 4209471.000000 28679.0
479863.800000 4209428.400000 28709.0
479984.900000 4209388.300000 28739.0
480145.500000 4209410.000000 28769.0
480240.100000 4209367.400000 28799.0
480275.500000 4209132.000000 28829.0
480281.600000 4209084.200000 28859.0
480287.700000 4209035.500000 28889.0
480288.500000 4209035.500000 28919.0
480291.200000 4209016.400000 28949.0
480377.000000 4208945.100000 28979.0
480628.500000 4208750.200000 29009.0
480675.800000 4208712.400000 29039.0
480734.400000 4208667.900000 29069.0
480864.900000 4208566.400000 29099.0
480966.500000 4208486.200000 29129.0
481108.400000 4208378.300000 29159.0
481261.800000 4208265.800000 29189.0
481262.700000 4208264.600000 29219.0
481373.100000 4208176.700000 29249.0
481567.700000 4208031.100000 29279.0
481721.200000 4207945.200000 29309.0
481753.800000 4208007.400000 29339.0
481780.200000 4208058.500000 29369.0
481786.400000 4208062.800000 29399.0
481855.600000 4208044.800000 29429.0
481985.400000 4207984.400000 29459.0
481985.400000 4207984.400000 29489.0
482028.400000 4207964.500000 29519.0
482029.200000 4207964.500000 29549.0
482110.900000 4207932.100000 29579.0
482320.400000 4207839.400000 29609.0
482487.900000 4207780.200000 29639.0
482697.500000 4207713.300000 29669.0
482918.600000 4207673.100000 29699.0
482945.100000 4207758.500000 29729.0
483029.700000 4207981.400000 29759.0
483187.700000 4207929.800000 29789.0
483330.700000 4207875.400000 29819.0
483370.200000 4207879.500000 29849.0
483374.600000 4207883.700000 29879.0
483386.900000 4207933.700000 29939.0
483459.000000 4207981.300000 29969.0
483538.000000 4207968.900000 29999.0
483578.400000 4208031.100000 30029.0
483629.500000 4208128.700000 30059.0
483665.600000 4208185.400000 30089.0
483681.400000 4208201.800000 30119.0
483781.800000 4208328.200000 30149.0
483847.700000 4208410.200000 30179.0
483966.500000 4208559.800000 30209.0
484047.300000 4208609.600000 30239.0
484151.600000 4208519.600000 30269.0
484262.100000 4208422.900000 30299.0
484395.300000 4208307.100000 30329.0
484581.000000 4208169.200000 30359.0
484719.500000 4208097.800000 30389.0
484866.200000 4208131.000000 30419.0
485088.300000 4208184.800000 30449.0
485179.500000 4208200.300000 30479.0
485348.900000 4208189.800000 30509.0
485572.700000 4208156.000000 30539.0
485844.700000 4208118.700000 30569.0
486184.300000 4208073.700000 30599.0
486475.600000 4208019.000000 30629.0
486569.500000 4207985.400000 30659.0
486748.300000 4207786.600000 30689.0
486847.000000 4207518.100000 30719.0
486977.200000 4207153.100000 30749.0
487119.700000 4206777.900000 30779.0
487296.800000 4206623.500000 30809.0
487373.900000 4206539.200000 30839.0
487390.600000 4206524.800000 30869.0
487382.700000 4206487.100000 30899.0
487362.300000 4206453.700000 30929.0
487362.300000 4206450.300000 30959.0
487334.200000 4206416.100000 31169.0
487381.500000 4206394.000000 31199.0
487473.700000 4206363.000000 31229.0
487563.300000 4206338.300000 31259.0
487584.400000 4206338.200000 31289.0
487587.900000 4206338.200000 31319.0
487649.300000 4206325.900000 31349.0
487739.700000 4206306.700000 31379.0
487792.400000 4206290.900000 31409.0
487879.300000 4206268.800000 31439.0
488014.400000 4206230.900000 31469.0
488210.900000 4206182.000000 31499.0
488424.200000 4206133.900000 31529.0
488719.900000 4206065.700000 31559.0
488940.200000 4205987.600000 31589.0
488998.100000 4205968.400000 31619.0
488992.800000 4205893.900000 31649.0
489005.900000 4205744.100000 31679.0
489118.200000 4205718.600000 31709.0
489250.800000 4205711.600000 31739.0
489384.400000 4205800.300000 31769.0
489636.400000 4205774.600000 31799.0
489703.000000 4205734.700000 31829.0
489954.000000 4205707.800000 31859.0
490154.000000 4205622.000000 31889.0
490419.800000 4205395.300000 31919.0
490468.000000 4205352.900000 31949.0
490468.000000 4205359.700000 31979.0
490447.700000 4205375.400000 33329.0
490323.300000 4205485.500000 33359.0
490159.300000 4205630.100000 33389.0
490040.000000 4205716.500000 33419.0
489803.900000 4205688.100000 33449.0
489671.400000 4205770.300000 33479.0
489483.500000 4205807.400000 33509.0
489389.600000 4205838.400000 33539.0
489389.700000 4205897.200000 33569.0
489388.000000 4205908.200000 33599.0
489388.100000 4205932.800000 33629.0
489387.200000 4205938.300000 33659.0
489255.600000 4205956.200000 33689.0
489080.000000 4205956.500000 33719.0
489056.200000 4205958.600000 33749.0
488972.000000 4205984.100000 33779.0
488934.400000 4205996.400000 33809.0
488833.400000 4206035.500000 33839.0
488815.900000 4206037.700000 33869.0
488770.200000 4206055.500000 33899.0
488677.900000 4206084.400000 33929.0
488566.500000 4206112.500000 33959.0
488430.400000 4206141.500000 33989.0
488293.400000 4206171.700000 34019.0
488215.300000 4206190.900000 34049.0
488161.700000 4206204.100000 34079.0
488105.500000 4206215.200000 34109.0
487981.800000 4206253.000000 34139.0
487844.000000 4206290.900000 34169.0
487705.400000 4206326.600000 34199.0
487555.300000 4206367.900000 34229.0
487475.600000 4206510.200000 34259.0
487377.500000 4206587.000000 34289.0
487295.800000 4206635.800000 34319.0
487143.300000 4206768.100000 34349.0
487061.900000 4206948.900000 34379.0
486998.000000 4207127.700000 34409.0
486953.500000 4207246.200000 34439.0
486881.900000 4207442.700000 34469.0
486810.200000 4207635.900000 34499.0
486756.900000 4207796.800000 34529.0
486631.500000 4207955.700000 34559.0
486518.500000 4208007.100000 34589.0
486511.400000 4208011.300000 34619.0
486197.300000 4208074.900000 34649.0
485820.900000 4208128.900000 34679.0
485550.600000 4208162.800000 34709.0
485348.800000 4208195.300000 34739.0
485204.800000 4208207.900000 34769.0
484904.500000 4208144.100000 34799.0
484683.300000 4208119.100000 34829.0
484470.300000 4208263.800000 34859.0
484350.300000 4208360.500000 34889.0
484227.700000 4208467.400000 34919.0
484089.300000 4208590.900000 34949.0
483952.200000 4208537.000000 34979.0
483785.100000 4208334.100000 35009.0
483639.100000 4208140.100000 35039.0
483537.000000 4207971.900000 35069.0
483379.000000 4207996.700000 35099.0
483264.800000 4208000.400000 35129.0
483217.300000 4207939.500000 35159.0
483318.200000 4207894.900000 35189.0
483376.100000 4207893.500000 35219.0
483373.400000 4207894.800000 35249.0
483371.700000 4207885.900000 40049.0
483372.600000 4207890.100000 40709.0
483372.600000 4207888.800000 40739.0
483391.200000 4207990.800000 45239.0
483358.900000 4208071.700000 45269.0
483419.900000 4208257.000000 45299.0
483423.500000 4208345.800000 45329.0
483416.500000 4208352.600000 45359.0
483361.400000 4208415.000000 45449.0
483312.300000 4208484.000000 45479.0
483310.700000 4208484.100000 45509.0
483264.200000 4208540.900000 45539.0
483260.100000 4208668.300000 45569.0
483414.200000 4208865.600000 45599.0
483535.900000 4209092.700000 45629.0
483657.500000 4209301.900000 45659.0
483826.000000 4209287.200000 45689.0
484034.900000 4209306.700000 45719.0
484038.800000 4209481.100000 45749.0
484004.200000 4209788.400000 45779.0
484007.200000 4209950.500000 45809.0
484005.700000 4210019.500000 45839.0
484006.200000 4210276.900000 45869.0
483929.700000 4210609.700000 45899.0
483757.300000 4210880.900000 45929.0
483603.400000 4211147.400000 45959.0
483503.700000 4211355.000000 45989.0
483547.700000 4211412.500000 46019.0
483548.500000 4211416.700000 46049.0
483523.200000 4211459.100000 46079.0
483523.200000 4211462.500000 46109.0
483468.900000 4211485.900000 46139.0
483442.600000 4211496.900000 46169.0
483433.900000 4211498.200000 46199.0
483387.400000 4211511.400000 46229.0
483366.300000 4211519.100000 46259.0
483223.300000 4211548.200000 46349.0
483141.700000 4211578.400000 46379.0
483045.300000 4211618.400000 46409.0
483007.600000 4211627.300000 46439.0
482977.900000 4211650.700000 46469.0
482999.200000 4211752.600000 46529.0
482811.500000 4211792.800000 46559.0
482741.300000 4211767.600000 46589.0
482659.000000 4211832.100000 46619.0
482527.600000 4211916.600000 46649.0
482354.200000 4212023.600000 46679.0
482156.100000 4212129.400000 46709.0
482010.700000 4212196.200000 46739.0
481944.000000 4212169.700000 46769.0
481928.300000 4212169.700000 46799.0
481760.700000 4212123.500000 46829.0
481480.900000 4212115.300000 46859.0
481324.000000 4212145.700000 46889.0
481153.200000 4212197.300000 46919.0
480850.100000 4212402.000000 46949.0
480686.500000 4212539.900000 46979.0
480437.500000 4212607.000000 47009.0
480294.600000 4212669.500000 47039.0
480269.200000 4212685.300000 47069.0
480224.600000 4212713.300000 47099.0
480147.700000 4212804.500000 47129.0
480041.700000 4212856.000000 47159.0
479890.000000 4212891.900000 47189.0
479700.000000 4213034.600000 47219.0
479589.400000 4213034.800000 47249.0
479341.800000 4212903.400000 47279.0
479250.300000 4212780.500000 47309.0
479081.900000 4212797.400000 47339.0
479069.600000 4212796.200000 47369.0
478961.600000 4212734.200000 47399.0
478885.700000 4212593.500000 47429.0
479045.200000 4212525.300000 47459.0
478922.100000 4212425.800000 47489.0
478786.900000 4212349.500000 47519.0
478702.600000 4212299.800000 47549.0
478499.900000 4212266.900000 47579.0
478447.800000 4212117.200000 47609.0
478604.400000 4211981.300000 47639.0
478490.700000 4211772.900000 47669.0
478650.800000 4211631.600000 47699.0
478719.100000 4211571.300000 47729.0
478728.400000 4211393.900000 47759.0
478773.100000 4211404.800000 47789.0
478979.800000 4211306.500000 47819.0
479041.000000 4211194.200000 47849.0
479178.400000 4211070.700000 47879.0
479194.000000 4211049.500000 47909.0
479247.500000 4210995.200000 47969.0
479369.200000 4210902.600000 47999.0
479548.900000 4210798.000000 48029.0
479672.400000 4210719.800000 48059.0
479703.800000 4210659.700000 48089.0
479760.000000 4210628.600000 48119.0
479851.200000 4210615.300000 48149.0
479890.800000 4210678.200000 48179.0
479849.700000 4210708.400000 48209.0
479896.400000 4210752.700000 48239.0
479994.400000 4210670.400000 48269.0
479866.600000 4210407.800000 48299.0
479866.600000 4210405.700000 48329.0
479863.000000 4210390.100000 48359.0
480098.500000 4210202.000000 48389.0
480214.000000 4210077.300000 48419.0
480214.000000 4210077.300000 48449.0
480294.500000 4210000.500000 48479.0
480380.400000 4209923.700000 48509.0
480566.900000 4209750.100000 48539.0
480817.200000 4209501.100000 48569.0
481354.900000 4209350.000000 48599.0
481787.100000 4209134.900000 48629.0
482013.200000 4208983.300000 48659.0
482078.100000 4208938.700000 48689.0
482096.300000 4208872.200000 48719.0
482016.900000 4208677.200000 48749.0
482116.800000 4208600.400000 48779.0
482247.300000 4208491.400000 48809.0
482293.000000 4208462.500000 48839.0
482466.600000 4208399.900000 48869.0
482711.600000 4208456.100000 48899.0
482854.700000 4208427.000000 48929.0
482838.800000 4208322.900000 48959.0
482853.600000 4208287.300000 48989.0
482987.800000 4208252.800000 49019.0
483075.300000 4208149.300000 49049.0
483111.000000 4208040.500000 49079.0
483152.100000 4207969.300000 49109.0
483256.400000 4207921.200000 49139.0
483363.500000 4207873.200000 49169.0
483381.100000 4207894.300000 49199.0
483389.000000 4207925.200000 51179.0
483349.700000 4207993.000000 51209.0
483226.800000 4207997.500000 51239.0
483116.600000 4207740.400000 51269.0
483038.300000 4207691.900000 51299.0
482990.100000 4207676.300000 51329.0
482960.300000 4207669.600000 51359.0
482581.700000 4207566.300000 51389.0
482313.000000 4207501.200000 51419.0
482114.600000 4207473.700000 51449.0
481974.200000 4207519.300000 51479.0
481973.400000 4207519.300000 51509.0
481838.600000 4207681.700000 51539.0
481669.000000 4207970.700000 51569.0
481544.700000 4208074.300000 51599.0
481400.100000 4208177.900000 51629.0
481400.100000 4208177.900000 51659.0
481384.400000 4208186.800000 51689.0
481089.100000 4208422.800000 51719.0
480638.700000 4208764.600000 51749.0
480488.900000 4208875.000000 51779.0
480407.300000 4208930.600000 51809.0
480361.700000 4208964.200000 51839.0
480184.700000 4209095.400000 51869.0
479850.900000 4209349.300000 51899.0
479577.600000 4209544.300000 51929.0
479408.400000 4209653.500000 51959.0
479188.500000 4209798.300000 51989.0
479097.500000 4209860.800000 52019.0
478979.300000 4209985.500000 52049.0
479114.800000 4210159.600000 52079.0
479115.600000 4210163.800000 52109.0
479067.500000 4210202.900000 52169.0
478988.700000 4210278.400000 52199.0
478847.700000 4210357.500000 52229.0
478805.700000 4210426.600000 52259.0
478753.900000 4210405.600000 52289.0
478612.200000 4210228.600000 52319.0
478384.800000 4210166.100000 52349.0
478222.300000 4210132.300000 52379.0
478265.400000 4210162.200000 52409.0
478297.100000 4210168.900000 52439.0
478304.100000 4210170.100000 52469.0
478349.800000 4210184.400000 52499.0
478352.500000 4210185.700000 52529.0
478428.900000 4210207.500000 52559.0
478533.500000 4210271.500000 52589.0
478486.400000 4210372.800000 52619.0
478433.000000 4210422.900000 52649.0
478421.600000 4210436.100000 52679.0
478422.500000 4210439.400000 52709.0
478501.700000 4210549.300000 52739.0
478703.200000 4210725.300000 52769.0
478739.300000 4210762.000000 52799.0
478718.200000 4210779.800000 52829.0
478405.200000 4210887.300000 52859.0
478153.800000 4211067.800000 52889.0
478113.800000 4211192.400000 52919.0
478273.900000 4211343.100000 52949.0
478394.600000 4211571.300000 52979.0
478508.400000 4211798.300000 53009.0
478535.800000 4211842.700000 53039.0
478562.400000 4211999.200000 53069.0
478423.100000 4212082.900000 53099.0
478293.500000 4211859.000000 53129.0
478141.000000 4211583.000000 53159.0
478013.200000 4211349.300000 53189.0
477930.900000 4211428.200000 53219.0
477826.700000 4211511.900000 53249.0
477745.800000 4211408.000000 53279.0
477755.300000 4211341.500000 53309.0
477716.500000 4211273.900000 53339.0
477715.600000 4211272.600000 53369.0
477705.900000 4211270.500000 53459.0
477620.000000 4211324.900000 53489.0
477558.500000 4211264.100000 53519.0
477641.500000 4211172.900000 53549.0
477536.800000 4211061.000000 53579.0
477447.000000 4210948.300000 53609.0
477389.600000 4210853.200000 53639.0
477270.000000 4210755.800000 53669.0
477036.900000 4210519.000000 53699.0
477157.800000 4210409.800000 53729.0
477108.500000 4210367.700000 53759.0
476983.200000 4210454.400000 53789.0
476913.700000 4210385.600000 53819.0
476819.700000 4210340.500000 53849.0
476800.600000 4210392.600000 53879.0
476794.600000 4210462.500000 53909.0
476794.700000 4210500.200000 53939.0
476805.600000 4210639.800000 53999.0
476798.700000 4210688.500000 54029.0
476682.300000 4210759.900000 54059.0
476576.500000 4210860.100000 54089.0
476479.200000 4210893.900000 54119.0
476372.300000 4210954.300000 54149.0
476321.700000 4211077.600000 54179.0
476369.000000 4211333.900000 54209.0
476434.200000 4211723.100000 54239.0
476456.500000 4211868.300000 54269.0
476503.100000 4212162.300000 54299.0
476626.800000 4212484.900000 54329.0
476869.700000 4212456.300000 54359.0
476976.700000 4212443.700000 54389.0
476961.400000 4212574.500000 54419.0
476998.900000 4212833.900000 54449.0
477055.300000 4212913.700000 54479.0
477077.700000 4213090.100000 54509.0
476978.100000 4213241.500000 54539.0
476935.300000 4213600.100000 54569.0
477024.000000 4213988.500000 54599.0
476987.600000 4214113.000000 54629.0
476972.000000 4214160.900000 54659.0
476949.400000 4214196.500000 54689.0
476885.500000 4214267.800000 54719.0
476858.400000 4214319.100000 54749.0
476944.500000 4214366.600000 54779.0
477178.100000 4214460.400000 54809.0
477216.000000 4214554.700000 54839.0
477183.900000 4214686.800000 54869.0
476924.100000 4214609.700000 54899.0
476752.000000 4214552.600000 54929.0
476768.200000 4214726.900000 54959.0
476789.500000 4214805.600000 54989.0
476816.300000 4215003.200000 55019.0
476817.000000 4215266.000000 55049.0
476826.300000 4215472.500000 55079.0
476829.900000 4215499.200000 55109.0
476877.300000 4215799.600000 55139.0
476931.700000 4216132.100000 55169.0
477039.900000 4216537.700000 55199.0
477154.700000 4216793.900000 55229.0
477190.800000 4216862.800000 55259.0
477280.800000 4217045.800000 55289.0
477316.700000 4217337.300000 55319.0
477342.100000 4217639.000000 55349.0
477432.500000 4217965.100000 55379.0
477502.700000 4218326.800000 55409.0
477521.300000 4218707.300000 55439.0
477634.700000 4218839.000000 55469.0
477902.000000 4218836.200000 55499.0
478176.300000 4218806.700000 55529.0
478427.200000 4218904.600000 55559.0
478801.500000 4218909.200000 55589.0
478895.300000 4218915.700000 55619.0
479066.200000 4219264.900000 55649.0
479241.500000 4219623.800000 55679.0
479299.800000 4219784.500000 55709.0
479318.600000 4219976.600000 55739.0
479198.700000 4220026.800000 55769.0
479180.200000 4219953.600000 55799.0
479122.500000 4219697.300000 55829.0
478937.500000 4219320.600000 55859.0
478773.600000 4218985.800000 55889.0
478543.700000 4218911.100000 55919.0
478464.400000 4218775.900000 55949.0
478507.200000 4218361.000000 55979.0
478530.300000 4218115.800000 56009.0
478536.300000 4218076.000000 56039.0
478563.700000 4217810.600000 56069.0
478569.900000 4217480.800000 56099.0
478449.300000 4217258.100000 56129.0
478332.800000 4216965.500000 56159.0
478225.000000 4216676.300000 56189.0
478110.400000 4216471.300000 56219.0
477987.700000 4216200.700000 56249.0
477970.900000 4216174.100000 56279.0
478229.000000 4215934.700000 56309.0
478516.000000 4215669.800000 56339.0
478604.400000 4215589.600000 56369.0
478637.600000 4215556.100000 56399.0
478850.200000 4215364.600000 56429.0
478978.900000 4215237.800000 56459.0
479115.100000 4215022.000000 56489.0
479081.000000 4214704.600000 56519.0
478982.000000 4214360.700000 56549.0
478926.200000 4214152.200000 56579.0
478922.500000 4214090.000000 56609.0
478961.800000 4213983.300000 56639.0
478943.200000 4213926.600000 56669.0
478821.600000 4213755.900000 56699.0
478777.400000 4213611.700000 56729.0
478800.700000 4213414.000000 56759.0
478803.200000 4213340.700000 56789.0
478803.100000 4213323.000000 56819.0
478803.000000 4213289.500000 56849.0
478803.000000 4213269.600000 56879.0
478802.000000 4213214.200000 56909.0
478801.000000 4213160.000000 56939.0
478801.000000 4213132.100000 56969.0
478798.200000 4213091.000000 56999.0
478790.900000 4212980.100000 57029.0
478830.900000 4212881.400000 57059.0
478913.900000 4212743.600000 57089.0
478878.400000 4212588.400000 57119.0
479052.700000 4212518.100000 57149.0
479111.200000 4212427.000000 57179.0
479270.800000 4212419.800000 57209.0
479489.200000 4212418.000000 57239.0
479705.000000 4212424.200000 57269.0
479836.400000 4212391.700000 57299.0
479966.200000 4212359.200000 57329.0
480109.900000 4212271.300000 57359.0
480189.500000 4212184.700000 57389.0
480070.500000 4211983.100000 57419.0
479942.900000 4211780.300000 57449.0
479782.700000 4211557.600000 57479.0
479638.300000 4211354.800000 57509.0
479522.000000 4211178.600000 57539.0
479656.900000 4211100.400000 57569.0
479735.000000 4211062.500000 57599.0
479840.900000 4210982.300000 57629.0
479764.200000 4210840.200000 57659.0
479885.200000 4210768.800000 57689.0
480000.000000 4210691.900000 57719.0
479858.100000 4210420.600000 57749.0
479859.700000 4210415.100000 57779.0
479862.300000 4210387.100000 57809.0
480060.300000 4210240.200000 57839.0
480067.300000 4210231.300000 57869.0
480099.700000 4210195.600000 57899.0
480115.400000 4210179.100000 57929.0
480155.600000 4210136.700000 57959.0
480157.300000 4210132.400000 57989.0
480194.800000 4210090.000000 58049.0
480194.800000 4210090.000000 58079.0
480296.300000 4209986.500000 58109.0
480598.300000 4209638.300000 58139.0
480962.900000 4209430.000000 58169.0
481310.100000 4209338.200000 58199.0
481653.000000 4209207.500000 58229.0
481850.200000 4209083.900000 58259.0
481985.100000 4208992.600000 58289.0
482042.900000 4208946.000000 58319.0
482076.000000 4208821.400000 58349.0
482045.800000 4208639.500000 58379.0
482136.000000 4208568.200000 58409.0
482270.900000 4208479.000000 58439.0
482310.300000 4208402.300000 58469.0
482603.400000 4208401.700000 58499.0
482853.600000 4208472.300000 58529.0
482856.000000 4208340.200000 58559.0
482848.100000 4208303.400000 58589.0
482956.100000 4208313.400000 58619.0
483090.800000 4208151.000000 58649.0
483104.900000 4208126.400000 58679.0
483108.900000 4207987.600000 58709.0
483272.000000 4207920.800000 58739.0
483333.600000 4208002.800000 58769.0
483330.900000 4208002.800000 58799.0
483385.000000 4208218.100000 58829.0
483591.000000 4208100.000000 58859.0
483531.900000 4207943.500000 58889.0
483387.800000 4207892.600000 58919.0
483382.600000 4207879.500000 58949.0
483382.600000 4207875.300000 58979.0
483366.700000 4207825.400000 59099.0
483370.300000 4207819.800000 59129.0
483373.700000 4207797.800000 59399.0
483309.600000 4207794.600000 59429.0
483336.200000 4207954.100000 59459.0
483404.400000 4208233.700000 59489.0
483432.700000 4208342.400000 59519.0
483343.400000 4208441.200000 59549.0
483325.900000 4208467.900000 59579.0
483313.700000 4208483.600000 59609.0
483312.000000 4208483.600000 59639.0
483282.300000 4208520.500000 59669.0
483173.000000 4208704.000000 59699.0
483066.000000 4208785.100000 59729.0
483202.600000 4209038.700000 59759.0
483314.500000 4209245.100000 59789.0
483351.500000 4209316.900000 59819.0
483516.700000 4209396.600000 59849.0
483905.300000 4209272.700000 59879.0
483863.900000 4209175.000000 59909.0
483777.000000 4209145.100000 59939.0
483749.100000 4209257.300000 59969.0
483915.000000 4209272.600000 59999.0
484048.800000 4209452.300000 60029.0
484006.500000 4209860.800000 60059.0
484114.000000 4210013.800000 60089.0
484376.600000 4210125.500000 60119.0
484735.900000 4210354.600000 60149.0
484840.400000 4210431.000000 60179.0
484779.800000 4210385.900000 60209.0
484430.100000 4210190.100000 60239.0
484086.300000 4210239.400000 60269.0
484022.500000 4210382.600000 60299.0
483841.700000 4210790.200000 60329.0
483658.800000 4211064.400000 60359.0
483518.100000 4211341.000000 60389.0
483513.000000 4211363.100000 60419.0
483548.200000 4211410.800000 60449.0
483556.100000 4211425.200000 60479.0
483565.800000 4211440.800000 60509.0
483565.800000 4211442.100000 60539.0
483373.900000 4211522.500000 60569.0
483334.400000 4211534.800000 60599.0
483151.100000 4211583.000000 60629.0
482968.700000 4211637.600000 60659.0
482980.300000 4211764.100000 60689.0
482768.800000 4211780.200000 60719.0
482715.300000 4211771.400000 60749.0
482520.800000 4211925.900000 60779.0
482386.000000 4212011.700000 60809.0
482128.400000 4212168.900000 60839.0
481915.200000 4212153.700000 60869.0
481756.400000 4212120.600000 60899.0
481404.700000 4212125.600000 60929.0
481296.800000 4212151.200000 60959.0
481257.900000 4212035.800000 60989.0
481138.200000 4211865.100000 61019.0
481123.100000 4211772.800000 61049.0
481072.800000 4211676.400000 61079.0
481026.400000 4211710.800000 61109.0
481129.300000 4211874.800000 61139.0
481248.200000 4212043.000000 61169.0
481268.600000 4212135.200000 61199.0
481267.000000 4212131.800000 61229.0
481204.800000 4212167.500000 61259.0
480857.900000 4212377.000000 61289.0
480518.900000 4212577.600000 61319.0
480520.000000 4212697.400000 61349.0
480488.600000 4212791.800000 61379.0
480444.100000 4212838.500000 61409.0
480359.000000 4212868.700000 61439.0
480184.600000 4212928.000000 61469.0
480116.800000 4212837.200000 61499.0
479868.700000 4212911.000000 61529.0
479657.600000 4213072.300000 61559.0
479445.000000 4212968.700000 61589.0
479262.000000 4212777.000000 61619.0
479047.000000 4212784.400000 61649.0
478976.000000 4212837.900000 61679.0
478988.500000 4212925.500000 61709.0
478978.700000 4212904.300000 61739.0
478971.300000 4212755.800000 61769.0
479144.300000 4212816.300000 61799.0
479159.700000 4212688.800000 61829.0
479110.200000 4212580.200000 61859.0
479011.800000 4212470.400000 61889.0
478865.000000 4212381.900000 61919.0
478621.700000 4212253.800000 61949.0
478490.200000 4212258.400000 61979.0
478396.500000 4212033.500000 62009.0
478256.300000 4211793.000000 62039.0
478106.500000 4211499.300000 62069.0
478030.600000 4211357.300000 62099.0
478085.500000 4211221.700000 62129.0
478024.700000 4211158.800000 62159.0
477929.700000 4211052.400000 62189.0
477903.300000 4210994.900000 62219.0
477990.300000 4210752.900000 62249.0
478029.500000 4210617.400000 62279.0
478014.200000 4210479.900000 62309.0
477960.600000 4210453.400000 62339.0
477815.400000 4210301.800000 62369.0
477613.600000 4210004.800000 62399.0
477317.000000 4209684.800000 62429.0
477208.700000 4209592.000000 62459.0
477171.800000 4209556.500000 62489.0
477106.900000 4209574.500000 62519.0
477057.800000 4209587.700000 62549.0
477018.300000 4209602.200000 62579.0
476973.600000 4209616.800000 62609.0
476716.400000 4209551.900000 62639.0
476683.500000 4209400.900000 62669.0
476591.600000 4209173.800000 62699.0
476407.200000 4209143.500000 62729.0
476339.300000 4209039.500000 62759.0
476232.400000 4208789.300000 62789.0
476228.900000 4208779.100000 62819.0
476062.700000 4208667.400000 62849.0
476006.900000 4208470.000000 62879.0
475953.300000 4208470.100000 62909.0
475748.200000 4208582.900000 62939.0
475770.500000 4208688.200000 62969.0
475766.200000 4208716.100000 62999.0
475799.000000 4208815.900000 63029.0
475812.300000 4208851.500000 63059.0
475878.900000 4208858.900000 63089.0
475946.100000 4209035.200000 63119.0
476023.900000 4209265.600000 63149.0
476106.400000 4209253.100000 63179.0
476128.500000 4209308.500000 63209.0
476273.300000 4209602.200000 63239.0
476364.900000 4209750.500000 63269.0
476478.800000 4209984.300000 63299.0
476517.300000 4210296.100000 63329.0
476379.900000 4210425.200000 63359.0
476210.100000 4210541.200000 63389.0
476227.400000 4210748.600000 63419.0
476300.500000 4211156.800000 63449.0
476340.000000 4211422.100000 63479.0
476196.400000 4211551.100000 63509.0
476218.000000 4211737.300000 63539.0
476281.500000 4212167.600000 63569.0
476358.300000 4212620.200000 63599.0
476437.500000 4212999.700000 63629.0
476518.400000 4213370.200000 63659.0
476560.400000 4213669.800000 63689.0
476511.000000 4213868.400000 63719.0
476454.500000 4213790.700000 63749.0
476453.500000 4213727.600000 63779.0
476453.500000 4213726.400000 63809.0
476383.800000 4213576.700000 63899.0
476274.100000 4213544.900000 63929.0
476219.600000 4213476.100000 63959.0
476126.500000 4213453.100000 63989.0
475994.100000 4213492.400000 64019.0
476000.400000 4213525.800000 64049.0
