483396.000000 4207882.900000 18786.0
483387.200000 4207863.000000 19056.0
483391.600000 4207863.000000 19086.0
483386.400000 4207843.900000 19356.0
483302.000000 4207784.000000 19386.0
483187.800000 4207738.900000 19416.0
482963.800000 4207661.500000 19446.0
482904.000000 4207647.300000 19476.0
482598.300000 4207565.800000 19506.0
482457.700000 4207525.000000 19536.0
482183.700000 4207464.700000 19566.0
481908.400000 4207578.300000 19596.0
481764.000000 4207805.900000 19626.0
481753.500000 4207821.600000 19656.0
481555.600000 4208037.500000 19686.0
481189.300000 4208314.700000 19716.0
480886.200000 4208554.100000 19746.0
480606.800000 4208767.600000 19776.0
480340.400000 4208952.400000 19806.0
480276.700000 4209133.300000 19836.0
480270.200000 4209348.700000 19866.0
480237.100000 4209446.600000 19896.0
480201.100000 4209444.500000 19926.0
480191.400000 4209448.800000 19956.0
480046.900000 4209553.300000 20286.0
479992.600000 4209595.700000 20316.0
480024.500000 4209702.300000 20346.0
480143.400000 4209877.200000 20376.0
480161.900000 4209917.000000 20406.0
480341.900000 4209937.700000 20436.0
480608.800000 4209612.000000 20466.0
481057.500000 4209387.900000 20496.0
481503.000000 4209295.900000 20526.0
481843.900000 4209107.600000 20556.0
481878.200000 4209187.600000 20586.0
482019.300000 4209481.400000 20616.0
482297.300000 4209762.700000 20646.0
482505.000000 4210094.900000 20676.0
482801.700000 4210520.500000 20706.0
482944.200000 4210720.900000 20736.0
483095.100000 4211107.800000 20766.0
483201.600000 4211319.700000 20796.0
483257.000000 4211426.200000 20826.0
483310.000000 4211552.700000 20856.0
483178.100000 4211859.400000 20886.0
483113.400000 4212348.800000 20916.0
483135.800000 4212627.200000 20946.0
483160.000000 4212810.500000 20976.0
483292.300000 4213188.600000 21006.0
483293.300000 4213306.200000 21036.0
483296.200000 4213419.200000 21066.0
483287.600000 4213429.400000 21096.0
483319.400000 4213534.800000 21126.0
483366.100000 4213625.700000 21156.0
483358.700000 4213867.400000 21186.0
483351.800000 4213902.900000 21216.0
483431.200000 4214153.300000 21246.0
483540.500000 4214412.600000 21276.0
483677.200000 4214753.900000 21306.0
483734.900000 4215108.900000 21336.0
483793.000000 4215238.700000 21366.0
483894.200000 4215395.900000 21396.0
483900.400000 4215424.700000 21426.0
483960.300000 4215513.500000 21456.0
484172.900000 4215684.100000 21486.0
484341.000000 4216041.000000 21516.0
484417.800000 4216347.300000 21546.0
484485.800000 4216543.500000 21576.0
484724.800000 4216809.300000 21606.0
485025.900000 4217078.400000 21636.0
485343.800000 4217375.400000 21666.0
485451.000000 4217450.500000 21696.0
485505.400000 4217478.300000 21726.0
485766.800000 4217622.200000 21756.0
485845.900000 4217677.500000 21786.0
485966.100000 4217759.400000 21816.0
486018.800000 4217790.200000 21846.0
485883.700000 4217720.600000 21876.0
485564.400000 4217583.600000 21906.0
485575.800000 4217571.300000 21936.0
485583.600000 4217541.300000 21966.0
485493.200000 4217480.500000 22326.0
485114.700000 4217178.100000 22356.0
484738.800000 4216820.300000 22386.0
484645.600000 4216716.300000 22416.0
484570.900000 4216625.500000 22446.0
484553.300000 4216605.600000 22476.0
484534.800000 4216550.200000 22506.0
484533.700000 4216434.700000 22536.0
484499.500000 4216378.000000 22566.0
484414.200000 4216260.500000 22596.0
484395.800000 4216253.300000 23862.0
484303.700000 4216323.400000 23892.0
484409.700000 4216269.000000 23952.0
484364.800000 4216176.800000 24012.0
484487.300000 4216032.200000 24042.0
484531.900000 4216001.200000 24072.0
484418.500000 4215835.100000 24102.0
484414.600000 4215597.700000 24132.0
484167.300000 4215555.800000 24162.0
484142.700000 4215533.900000 24192.0
483981.900000 4215318.700000 24222.0
483946.600000 4215262.100000 24252.0
483976.900000 4215023.300000 24282.0
483969.900000 4215016.600000 24312.0
483968.200000 4215018.700000 24342.0
483992.300000 4214734.600000 24372.0
483995.700000 4214706.700000 24402.0
484020.100000 4214576.700000 24432.0
484114.800000 4214189.200000 24462.0
484157.500000 4214028.300000 24492.0
484166.000000 4213916.100000 24522.0
484139.000000 4213552.200000 24552.0
484152.500000 4213231.300000 24582.0
484155.800000 4213163.600000 24612.0
484164.400000 4213085.700000 24642.0
484163.400000 4213007.800000 24672.0
484186.000000 4212947.700000 24702.0
484299.100000 4212945.300000 24732.0
484372.700000 4212938.400000 24762.0
484461.400000 4212921.800000 24792.0
484597.400000 4212929.100000 24822.0
484616.400000 4212786.900000 24852.0
484745.200000 4212674.500000 24882.0
484807.400000 4212670.100000 24912.0
485395.400000 4212305.100000 24972.0
485444.500000 4212283.000000 25002.0
485452.300000 4212238.500000 25032.0
485442.400000 4212140.700000 25062.0
485445.900000 4212123.000000 25092.0
485409.600000 4211930.900000 25122.0
485361.100000 4211734.600000 25152.0
485352.400000 4211746.900000 25182.0
485269.500000 4211537.500000 25212.0
485123.400000 4211250.400000 25242.0
485075.100000 4211193.700000 25272.0
485256.400000 4211041.500000 25302.0
485212.200000 4210855.300000 25332.0
485090.700000 4210659.100000 25362.0
485075.600000 4210553.800000 25392.0
484853.500000 4210433.100000 25422.0
484913.600000 4210153.200000 25452.0
484930.900000 4209994.500000 25482.0
484934.200000 4209926.800000 25512.0
484861.300000 4209859.200000 25542.0
484836.700000 4209834.700000 25572.0
484776.000000 4209773.800000 25602.0
484760.200000 4209760.700000 25632.0
484745.300000 4209754.000000 25662.0
484706.600000 4209728.700000 25692.0
484697.800000 4209710.900000 25722.0
484686.400000 4209691.900000 25812.0
484668.000000 4209670.800000 25842.0
484641.700000 4209642.900000 25872.0
484621.400000 4209618.400000 25902.0
484586.100000 4209586.300000 25932.0
484567.700000 4209566.400000 25962.0
484550.900000 4209545.300000 25992.0
484524.600000 4209520.800000 26022.0
484464.700000 4209459.900000 26052.0
484438.400000 4209436.700000 26082.0
484423.500000 4209425.700000 26112.0
484308.300000 4209313.800000 26142.0
484178.200000 4209210.800000 26172.0
484020.900000 4209041.300000 26202.0
483918.000000 4208907.400000 26232.0
484107.200000 4208773.700000 26262.0
484100.900000 4208722.500000 26292.0
483702.700000 4207969.900000 26352.0
483533.100000 4207866.100000 26382.0
483512.800000 4207853.800000 26412.0
483425.900000 4207867.100000 26442.0
483413.000000 4207869.300000 41214.0
483396.300000 4207873.500000 41304.0
483436.600000 4207869.200000 41334.0
483502.400000 4207824.700000 41364.0
483502.300000 4207814.500000 41394.0
483577.000000 4207813.100000 41454.0
483979.200000 4207912.200000 41484.0
484433.200000 4208022.200000 41514.0
484917.100000 4208150.000000 41544.0
485200.800000 4208292.500000 41574.0
485348.600000 4208501.800000 41604.0
485457.700000 4208649.300000 41634.0
485607.900000 4208645.600000 41664.0
485935.800000 4208467.700000 41694.0
486073.600000 4208489.500000 41724.0
486397.300000 4208348.000000 41754.0
486599.100000 4208310.900000 41784.0
486651.000000 4208359.500000 41814.0
486871.300000 4208389.200000 41844.0
487166.900000 4208287.500000 41874.0
487504.800000 4208200.700000 41904.0
487574.500000 4207884.400000 41934.0
487585.200000 4207415.000000 41964.0
487583.700000 4206986.700000 41994.0
487453.500000 4206848.000000 42024.0
487333.900000 4206656.100000 42054.0
487323.200000 4206598.500000 42084.0
487338.100000 4206582.800000 42114.0
487355.700000 4206575.200000 42144.0
487359.200000 4206575.200000 42174.0
487377.600000 4206567.500000 42234.0
487379.300000 4206563.300000 42264.0
487403.800000 4206543.400000 42294.0
487403.800000 4206521.400000 42324.0
487399.400000 4206498.100000 42384.0
487399.400000 4206491.300000 42414.0
487388.800000 4206470.200000 42444.0
487380.100000 4206449.000000 42474.0
487376.600000 4206447.700000 42504.0
487350.200000 4206413.500000 42534.0
487353.700000 4206408.000000 42564.0
487337.800000 4206289.500000 42624.0
487163.100000 4206272.000000 42654.0
487216.500000 4206118.700000 42684.0
487239.900000 4205910.000000 42714.0
487493.400000 4205728.900000 42744.0
487792.400000 4205505.400000 42774.0
487862.600000 4205477.400000 42804.0
488076.600000 4205351.800000 42834.0
488416.000000 4205112.600000 42864.0
488435.300000 4205102.400000 42894.0
488435.300000 4205101.100000 42924.0
488641.600000 4205127.500000 42954.0
488946.300000 4205174.900000 42984.0
488986.100000 4205387.700000 43014.0
489150.600000 4205625.000000 43044.0
489371.200000 4205797.800000 43074.0
489487.900000 4205801.900000 43104.0
489725.700000 4205727.100000 43134.0
489805.600000 4205690.200000 43164.0
490107.700000 4205693.200000 43194.0
490311.100000 4205489.800000 43224.0
490405.700000 4205339.800000 43254.0
490373.100000 4205305.600000 43284.0
490373.100000 4205304.300000 43314.0
490289.700000 4205232.500000 43344.0
490272.100000 4205216.000000 43374.0
490275.600000 4205217.300000 43404.0
490382.800000 4205297.100000 43494.0
490400.500000 4205316.100000 43524.0
490406.700000 4205352.100000 44974.0
490408.500000 4205428.700000 45004.0
490222.600000 4205585.500000 45034.0
490129.600000 4205677.900000 45064.0
489935.500000 4205700.200000 45094.0
489775.800000 4205690.200000 45124.0
489701.300000 4205866.800000 45154.0
489663.700000 4205905.800000 45184.0
489652.300000 4205905.800000 45214.0
489580.300000 4205932.500000 45304.0
489543.500000 4205941.500000 45334.0
489493.400000 4205944.900000 45364.0
489390.800000 4205941.700000 45394.0
489211.600000 4205940.600000 45424.0
489093.900000 4205931.900000 45454.0
488839.400000 4206006.700000 45484.0
488777.200000 4206041.100000 45514.0
488687.600000 4206078.900000 45544.0
488642.000000 4206094.600000 45574.0
488631.600000 4206263.100000 45604.0
488531.200000 4206634.800000 45634.0
488595.000000 4207160.900000 45664.0
488598.200000 4207494.800000 45694.0
488269.900000 4207523.200000 45724.0
488148.400000 4207342.600000 45754.0
488066.900000 4207440.500000 45784.0
487942.500000 4207579.500000 45814.0
487648.800000 4207780.600000 45844.0
487589.200000 4207859.400000 45874.0
487537.900000 4208144.700000 45904.0
487526.500000 4208187.900000 45934.0
487205.400000 4208279.400000 45964.0
486844.900000 4208393.000000 45994.0
486748.300000 4208434.200000 46024.0
486745.700000 4208434.200000 46054.0
486528.200000 4208520.100000 46084.0
486240.600000 4208718.200000 46114.0
486131.600000 4208635.000000 46144.0
485945.600000 4208622.200000 46174.0
485648.400000 4208788.200000 46204.0
485637.100000 4208792.500000 46234.0
485589.700000 4208814.500000 46264.0
485574.900000 4208825.600000 46294.0
485473.600000 4208671.700000 46354.0
485373.300000 4208543.200000 46384.0
485260.700000 4208375.800000 46414.0
485129.700000 4208230.800000 46444.0
484789.000000 4208118.500000 46474.0
484616.000000 4208075.600000 46504.0
484165.500000 4207990.100000 46534.0
483834.300000 4207893.000000 46564.0
483656.900000 4207848.900000 46594.0
483524.300000 4207849.200000 46624.0
483426.100000 4207869.300000 46654.0
483395.300000 4207865.900000 46684.0
483349.500000 4207840.600000 47580.0
483352.200000 4207821.600000 47610.0
483371.400000 4207809.300000 47640.0
483359.100000 4207779.200000 47670.0
483248.400000 4207765.100000 47700.0
483310.100000 4207853.800000 47730.0
483353.400000 4208021.300000 47760.0
483386.300000 4208206.700000 47790.0
483542.800000 4208379.500000 47820.0
483650.200000 4208522.300000 47850.0
483766.400000 4208676.100000 47880.0
483824.400000 4208749.300000 47910.0
483729.800000 4208830.300000 47940.0
483761.600000 4208885.700000 47970.0
483999.800000 4209065.100000 48000.0
484216.900000 4209235.700000 48030.0
484317.200000 4209333.200000 48060.0
484384.900000 4209405.100000 48090.0
484459.700000 4209479.400000 48120.0
484462.400000 4209484.900000 48150.0
484569.800000 4209602.400000 48240.0
484513.700000 4209699.000000 48270.0
484443.800000 4209829.100000 48300.0
484556.400000 4209956.200000 48330.0
484775.200000 4210155.600000 48360.0
484893.800000 4210217.600000 48390.0
484876.400000 4210308.600000 48420.0
484872.300000 4210478.400000 48450.0
484987.300000 4210484.900000 48480.0
485131.600000 4210704.300000 48510.0
485219.700000 4210899.300000 48540.0
485191.900000 4211067.800000 48570.0
485109.500000 4211152.200000 48600.0
485109.500000 4211150.100000 48630.0
485084.100000 4211174.700000 48660.0
485084.100000 4211172.600000 48690.0
485071.900000 4211190.400000 48750.0
485079.000000 4211218.300000 48780.0
485082.500000 4211222.500000 48810.0
485101.800000 4211234.700000 48840.0
485179.300000 4211413.200000 48870.0
485308.800000 4211671.600000 48900.0
485416.400000 4212005.300000 48930.0
485427.900000 4212044.300000 48960.0
485431.400000 4212055.300000 48990.0
485469.400000 4212226.200000 49020.0
485402.900000 4212291.900000 49050.0
485070.800000 4212486.800000 49080.0
484844.700000 4212628.100000 49110.0
484616.900000 4212764.000000 49140.0
484526.800000 4212914.000000 49170.0
484263.600000 4212936.500000 49200.0
484162.800000 4212936.700000 49230.0
484155.800000 4212993.400000 49260.0
484139.700000 4213293.100000 49290.0
484150.900000 4213640.600000 49320.0
484155.400000 4213719.300000 49350.0
484169.800000 4213897.900000 49380.0
484154.300000 4213999.100000 49410.0
484111.600000 4214181.200000 49440.0
484031.600000 4214505.100000 49470.0
484014.200000 4214570.800000 49500.0
483953.600000 4214961.600000 49530.0
483964.300000 4215090.200000 49560.0
484018.900000 4215168.800000 49590.0
484119.200000 4215318.500000 49620.0
484041.200000 4215389.700000 49650.0
484075.500000 4215459.500000 49680.0
484266.800000 4215569.200000 49710.0
484437.900000 4215649.700000 49740.0
484533.900000 4215887.000000 49770.0
484510.500000 4216087.600000 49800.0
484509.000000 4216173.100000 49830.0
484541.700000 4216317.400000 49860.0
484606.800000 4216437.100000 49890.0
484742.700000 4216389.000000 49920.0
484775.000000 4216287.800000 49950.0
484789.800000 4216266.600000 49980.0
484739.200000 4216406.300000 50010.0
484538.500000 4216475.700000 50040.0
484540.200000 4216479.100000 50070.0
484527.000000 4216495.600000 50130.0
484526.200000 4216497.700000 50160.0
484491.000000 4216482.100000 50220.0
484413.500000 4216251.600000 50250.0
484299.700000 4216375.000000 50280.0
484120.900000 4216467.600000 50310.0
484092.600000 4216363.600000 50340.0
484010.900000 4216337.000000 50370.0
483942.700000 4216449.300000 50400.0
483998.400000 4216681.200000 50430.0
484000.100000 4216718.000000 50460.0
484147.600000 4216805.300000 50490.0
484231.700000 4216762.800000 50520.0
484286.100000 4216825.800000 50550.0
484462.900000 4216671.400000 50580.0
484532.100000 4216615.800000 50610.0
484558.400000 4216628.000000 50640.0
484846.500000 4216927.200000 50670.0
485213.700000 4217277.000000 50700.0
485441.100000 4217412.000000 50730.0
485560.000000 4217243.300000 50760.0
485671.800000 4217004.400000 50790.0
485739.400000 4217013.200000 50820.0
485988.500000 4217075.800000 50850.0
486032.300000 4217106.700000 50880.0
486193.000000 4217257.500000 50910.0
486256.300000 4217410.600000 50940.0
486111.100000 4217610.600000 50970.0
486010.500000 4217768.300000 51000.0
486253.700000 4217982.000000 51030.0
486542.500000 4218197.000000 51060.0
486689.000000 4218241.200000 51090.0
486829.400000 4218310.800000 51120.0
486940.800000 4218355.100000 51150.0
486947.900000 4218355.000000 51180.0
486939.200000 4218360.600000 51240.0
486960.000000 4218227.200000 51270.0
486971.100000 4218055.300000 51300.0
486986.000000 4218037.500000 51330.0
487007.900000 4218032.000000 51360.0
487048.100000 4217996.400000 51510.0
487077.000000 4217969.700000 51540.0
487097.400000 4218105.900000 51570.0
487109.200000 4218344.600000 51600.0
487087.500000 4218472.100000 51630.0
487283.300000 4218725.700000 51660.0
487418.400000 4218816.500000 51690.0
487520.700000 4218678.800000 51720.0
487719.100000 4218339.000000 51750.0
487883.600000 4218060.300000 51780.0
487893.200000 4218045.900000 51810.0
488008.600000 4217830.300000 51840.0
488074.100000 4217678.200000 51870.0
488126.000000 4217841.100000 51900.0
488159.500000 4217990.900000 51930.0
488176.700000 4218308.300000 51960.0
488069.100000 4218498.100000 51990.0
488008.500000 4218459.200000 52020.0
487882.500000 4218570.300000 52050.0
487976.400000 4218659.100000 52080.0
488329.000000 4218750.800000 52110.0
488563.100000 4218825.000000 52140.0
488468.900000 4219082.500000 52170.0
488432.200000 4219180.300000 52200.0
488332.200000 4219164.800000 52230.0
488333.900000 4219166.000000 52260.0
488150.600000 4219115.100000 52290.0
487752.500000 4219004.800000 52320.0
487855.700000 4218795.100000 52350.0
487863.500000 4218755.300000 52380.0
487752.800000 4218639.900000 52410.0
487558.400000 4218752.400000 52440.0
487471.700000 4218782.600000 52470.0
487409.500000 4218807.200000 52500.0
487326.100000 4218725.200000 52530.0
486994.200000 4218375.300000 52560.0
486573.100000 4218183.800000 52590.0
486189.500000 4217909.300000 52620.0
485974.400000 4217764.500000 52650.0
485598.800000 4217527.700000 52680.0
485146.700000 4217198.800000 52710.0
484794.600000 4216860.800000 52740.0
484566.200000 4216616.200000 52770.0
484506.300000 4216521.100000 52800.0
484447.200000 4216307.000000 52830.0
484344.100000 4215976.600000 52860.0
484262.100000 4215803.700000 52890.0
484116.200000 4215622.000000 52920.0
483936.100000 4215432.700000 52950.0
483864.000000 4215330.800000 52980.0
483824.300000 4215236.500000 53010.0
483780.900000 4215027.900000 53040.0
483610.100000 4214671.000000 53070.0
483580.000000 4214537.800000 53100.0
483569.400000 4214470.100000 53130.0
483569.200000 4214404.500000 53160.0
483547.200000 4214322.400000 53190.0
483438.000000 4214111.800000 53220.0
483388.400000 4213928.700000 53250.0
483405.800000 4213838.900000 53280.0
483428.400000 4213756.700000 53310.0
483411.500000 4213680.200000 53340.0
483401.000000 4213664.500000 53370.0
483356.200000 4213598.200000 53400.0
483310.300000 4213506.000000 53430.0
483306.600000 4213422.600000 53460.0
483305.700000 4213390.400000 53490.0
483298.600000 4213353.600000 53520.0
483291.500000 4213322.800000 53550.0
483285.300000 4213297.400000 53610.0
483284.300000 4213226.300000 53640.0
483273.600000 4213136.600000 53670.0
483272.700000 4213091.300000 53700.0
483273.400000 4213070.100000 53730.0
483240.900000 4213011.300000 53760.0
483217.100000 4212983.500000 53790.0
483163.300000 4212862.500000 53820.0
483163.900000 4212755.900000 53850.0
483156.900000 4212755.900000 53880.0
483130.500000 4212703.900000 53910.0
483135.700000 4212697.100000 53940.0
483175.500000 4212873.500000 54000.0
483370.900000 4213180.400000 54030.0
483399.200000 4213287.000000 54060.0
483440.600000 4213391.000000 54090.0
483454.700000 4213445.200000 54120.0
483519.100000 4213582.600000 54150.0
483657.600000 4213570.100000 54180.0
483887.600000 4213641.600000 54210.0
483998.400000 4213782.300000 54240.0
484112.500000 4213779.900000 54270.0
484134.400000 4213773.100000 54300.0
484115.400000 4213448.100000 54330.0
484318.600000 4213320.300000 54360.0
484554.400000 4213291.900000 54390.0
484620.800000 4213169.900000 54420.0
484624.700000 4212907.900000 54450.0
484652.700000 4212860.000000 54480.0
484553.700000 4212440.800000 54510.0
484230.400000 4212156.100000 54540.0
483984.300000 4211924.600000 54570.0
483933.900000 4211752.900000 54600.0
484110.100000 4211643.800000 54630.0
484267.000000 4211640.100000 54660.0
484424.800000 4211539.900000 54690.0
484521.200000 4211438.600000 54720.0
484759.700000 4211366.200000 54750.0
485060.300000 4211232.300000 54780.0
485148.800000 4211117.800000 54810.0
485269.700000 4210997.800000 54840.0
485117.500000 4210742.900000 54870.0
485019.000000 4210587.700000 54900.0
484839.800000 4210534.700000 54930.0
484836.300000 4210521.600000 54960.0
484866.700000 4210348.400000 54990.0
484860.100000 4210124.100000 55020.0
484703.700000 4209970.400000 55050.0
484602.500000 4209855.000000 55080.0
484710.300000 4209761.700000 55110.0
484713.000000 4209754.100000 55140.0
484662.000000 4209675.400000 55170.0
484446.500000 4209465.000000 55200.0
484165.100000 4209217.100000 55230.0
483880.300000 4208985.700000 55260.0
483730.000000 4208892.900000 55290.0
483913.200000 4208755.000000 55320.0
483969.100000 4208617.300000 55350.0
483760.600000 4208359.100000 55380.0
483588.000000 4208116.500000 55410.0
483500.600000 4207886.900000 55440.0
483389.200000 4207907.000000 55470.0
483375.800000 4207811.400000 55906.0
483366.100000 4207827.000000 55936.0
483368.800000 4207839.300000 55966.0
483364.400000 4207844.800000 55996.0
483477.600000 4207856.900000 56056.0
483568.400000 4208038.700000 56086.0
483677.600000 4208237.000000 56116.0
483865.000000 4208461.800000 56146.0
483995.300000 4208664.700000 56176.0
483847.300000 4208780.500000 56206.0
483724.600000 4208871.800000 56236.0
483959.200000 4209033.400000 56266.0
484302.100000 4209321.400000 56296.0
484517.600000 4209546.200000 56326.0
484610.000000 4209642.500000 56356.0
484718.200000 4209752.400000 56386.0
484822.000000 4209855.400000 56416.0
484908.100000 4209929.800000 56446.0
484930.100000 4209949.600000 56476.0
485100.600000 4210108.900000 56506.0
485303.600000 4210299.400000 56536.0
485541.800000 4210520.800000 56566.0
485716.700000 4210677.100000 56596.0
485770.300000 4210729.000000 56626.0
486004.100000 4210923.800000 56656.0
486251.800000 4211146.400000 56686.0
486512.700000 4211372.400000 56716.0
486902.400000 4211410.700000 56746.0
487298.100000 4211382.200000 56776.0
487530.500000 4211342.900000 56806.0
487532.200000 4211345.000000 56836.0
487369.900000 4211386.300000 56896.0
487163.800000 4211411.200000 56926.0
487119.100000 4211423.500000 56956.0
487118.300000 4211422.200000 56986.0
487184.300000 4211621.900000 57016.0
487384.700000 4211891.200000 57046.0
487351.900000 4212175.300000 57076.0
487247.900000 4212469.600000 57106.0
487370.100000 4212599.300000 57136.0
487478.100000 4212688.100000 57166.0
487236.000000 4212654.100000 57196.0
486962.000000 4212487.000000 57226.0
486753.300000 4212540.600000 57256.0
486688.200000 4212457.400000 57286.0
486667.900000 4212412.900000 57316.0
486535.400000 4212435.200000 57346.0
486478.200000 4212367.500000 57376.0
486385.000000 4212241.100000 57406.0
486186.800000 4212293.500000 57436.0
485983.400000 4212352.700000 57466.0
485940.400000 4212331.600000 57496.0
485802.700000 4212362.800000 57526.0
485579.200000 4212452.900000 57556.0
485514.000000 4212292.100000 57586.0
485367.500000 4212311.500000 57616.0
485097.500000 4212482.900000 57646.0
484763.600000 4212654.500000 57676.0
484648.200000 4212885.400000 57706.0
484491.300000 4212913.700000 57736.0
484141.600000 4213060.800000 57766.0
484125.500000 4213403.600000 57796.0
484149.000000 4213758.700000 57826.0
484156.200000 4213858.600000 57856.0
484159.700000 4213873.000000 57886.0
484135.100000 4213886.100000 57916.0
483444.200000 4213959.500000 58006.0
483013.700000 4213988.300000 58066.0
482985.600000 4213989.600000 58126.0
482977.700000 4213988.300000 58156.0
482973.300000 4213963.800000 58186.0
482974.900000 4213935.900000 58216.0
482960.800000 4213894.800000 58246.0
482938.900000 4213892.800000 58276.0
482677.400000 4213805.700000 58306.0
482673.700000 4213753.600000 58336.0
482669.800000 4213529.300000 58366.0
482712.500000 4213386.200000 58396.0
482794.500000 4213590.000000 58426.0
482789.500000 4213662.000000 58456.0
482801.300000 4213868.500000 58486.0
482797.000000 4213895.200000 58516.0
482685.600000 4213911.100000 58546.0
482363.800000 4213952.800000 58576.0
482365.900000 4214131.400000 58606.0
482361.700000 4214200.400000 58636.0
482370.100000 4214470.000000 58666.0
482345.300000 4214754.100000 58696.0
482318.000000 4215130.400000 58726.0
482333.000000 4215162.600000 58756.0
482333.000000 4215165.900000 58786.0
482377.800000 4215252.200000 58816.0
482487.900000 4215476.300000 58846.0
482604.900000 4215691.500000 58876.0
482728.100000 4215896.500000 58906.0
482938.000000 4216056.900000 58936.0
483054.100000 4216224.300000 58966.0
483144.700000 4216350.600000 58996.0
483142.100000 4216393.000000 59026.0
483125.400000 4216412.000000 59056.0
483109.400000 4216308.000000 59086.0
483150.400000 4216197.800000 59116.0
483160.900000 4216192.300000 59146.0
483316.000000 4216161.900000 59176.0
483463.000000 4215990.600000 59206.0
483447.100000 4215875.100000 59236.0
483584.600000 4215801.600000 59266.0
483664.500000 4215887.800000 59296.0
483768.300000 4216025.200000 59326.0
483933.900000 4215944.800000 59356.0
484026.800000 4215889.200000 59386.0
484056.700000 4215941.200000 59416.0
483889.500000 4216050.300000 59446.0
483882.900000 4216289.000000 59476.0
483975.400000 4216462.000000 59506.0
484210.100000 4216330.700000 59536.0
484401.100000 4216238.100000 59566.0
484393.000000 4216145.800000 59596.0
484448.000000 4216034.800000 59626.0
484496.200000 4216013.600000 59656.0
484391.500000 4215878.300000 59686.0
484388.500000 4215674.300000 59716.0
484252.400000 4215604.800000 59746.0
484077.700000 4215487.400000 59776.0
483980.900000 4215364.500000 59806.0
483920.200000 4215268.100000 59836.0
483953.700000 4214960.700000 59866.0
484029.900000 4214503.400000 59896.0
484109.200000 4214202.800000 59926.0
484157.700000 4213893.300000 59956.0
484150.500000 4213804.400000 59986.0
484127.900000 4213445.100000 60016.0
484152.600000 4213043.400000 60046.0
484206.800000 4212948.100000 60076.0
484369.900000 4212940.100000 60106.0
484470.800000 4212923.400000 60136.0
484603.300000 4212918.900000 60166.0
484557.900000 4212571.500000 60196.0
484452.200000 4212308.900000 60226.0
484084.000000 4211983.300000 60256.0
483932.700000 4211806.200000 60286.0
484020.000000 4211602.000000 60316.0
484178.900000 4211653.800000 60346.0
484352.400000 4211564.600000 60376.0
484466.300000 4211434.400000 60406.0
484831.900000 4211319.500000 60436.0
485062.400000 4211190.400000 60466.0
485184.100000 4211045.800000 60496.0
485214.700000 4210899.300000 60526.0
485124.800000 4210710.700000 60556.0
485006.000000 4210522.200000 60586.0
484878.700000 4210479.200000 60616.0
484843.500000 4210475.000000 60646.0
484848.700000 4210456.000000 60676.0
484864.300000 4210390.400000 60706.0
484880.900000 4210337.000000 60736.0
484894.900000 4210278.100000 60766.0
484919.200000 4210142.600000 60796.0
484793.500000 4210001.900000 60826.0
484731.900000 4209939.800000 60856.0
484740.200000 4209740.000000 60886.0
484734.000000 4209716.800000 60916.0
484509.800000 4209513.200000 60946.0
484280.400000 4209276.200000 60976.0
484083.600000 4209130.100000 61006.0
483895.500000 4208964.100000 61036.0
483978.700000 4208884.000000 61066.0
484055.800000 4208852.900000 61096.0
484116.100000 4208710.600000 61126.0
483922.700000 4208480.300000 61156.0
483687.800000 4208215.400000 61186.0
483571.500000 4207991.300000 61216.0
483476.500000 4207871.700000 61246.0
483431.800000 4207871.800000 61276.0
