476114.400000 4204461.000000 23376.0
476149.500000 4204446.500000 24576.0
476237.300000 4204434.000000 24606.0
476416.400000 4204400.000000 24636.0
476493.100000 4204526.300000 24666.0
476605.600000 4204568.300000 24696.0
476690.800000 4204555.000000 24726.0
477018.300000 4204498.600000 24756.0
477044.600000 4204526.500000 24786.0
477083.700000 4204668.600000 24816.0
477252.800000 4204812.400000 24846.0
477498.500000 4204780.900000 24876.0
477536.000000 4204710.900000 24906.0
477496.200000 4204604.400000 24936.0
477574.400000 4204583.000000 24966.0
477728.800000 4204531.400000 24996.0
477772.900000 4204616.700000 25026.0
477795.100000 4204698.800000 25056.0
477864.700000 4204798.500000 25086.0
477798.700000 4204734.300000 25116.0
477788.100000 4204722.100000 25146.0
477773.800000 4204626.900000 25176.0
477741.600000 4204409.400000 25206.0
477686.100000 4204344.000000 25236.0
477695.800000 4204346.100000 25266.0
477619.200000 4204251.000000 25326.0
477479.300000 4204172.700000 25356.0
477378.400000 4204215.300000 25386.0
477317.200000 4204306.500000 25416.0
477236.300000 4204250.000000 25446.0
477157.100000 4204191.400000 25476.0
477033.900000 4204113.000000 25506.0
476899.400000 4204030.000000 25536.0
476816.700000 4203981.500000 25566.0
476684.700000 4203885.400000 25596.0
476588.900000 4203805.700000 25626.0
476665.700000 4203687.800000 25656.0
476670.900000 4203674.700000 25686.0
476787.200000 4203527.900000 25716.0
476833.600000 4203458.800000 25746.0
476978.700000 4203228.500000 25776.0
477073.100000 4203066.200000 25806.0
477063.300000 4203038.300000 25836.0
477108.900000 4203019.100000 25866.0
477109.800000 4203022.500000 25896.0
477130.100000 4203040.200000 25926.0
477169.100000 4203154.400000 25956.0
477162.100000 4203174.300000 25986.0
477202.800000 4203284.200000 26016.0
477078.700000 4203457.700000 26046.0
477212.100000 4203739.200000 26076.0
477475.200000 4203909.500000 26106.0
477696.000000 4204048.500000 26136.0
477635.500000 4204078.700000 26166.0
477469.600000 4204112.600000 26196.0
477502.200000 4204144.700000 26226.0
477657.800000 4204235.300000 26256.0
477734.300000 4204266.000000 26286.0
477891.400000 4204262.200000 26316.0
477991.500000 4204246.200000 26346.0
478056.600000 4204304.900000 26376.0
478080.600000 4204369.200000 26406.0
478083.400000 4204395.800000 26436.0
478103.900000 4204510.000000 26466.0
478215.700000 4204591.900000 26496.0
478421.000000 4204533.800000 26526.0
478463.300000 4204544.700000 26556.0
478535.300000 4204554.600000 26586.0
478662.500000 4204520.900000 26616.0
478854.300000 4204673.600000 26646.0
478968.800000 4204759.600000 26676.0
478975.200000 4204866.300000 26706.0
478974.800000 4205034.700000 26736.0
479079.800000 4205234.200000 26766.0
479205.400000 4205206.000000 26796.0
479437.500000 4204995.900000 26856.0
479390.500000 4204837.300000 26916.0
479393.200000 4204838.500000 26946.0
479383.400000 4204809.800000 27006.0
479383.400000 4204805.600000 27036.0
479382.500000 4204777.600000 27066.0
479432.000000 4204901.900000 27096.0
479576.200000 4205288.900000 27126.0
479878.200000 4205666.500000 27156.0
479944.300000 4205756.100000 27186.0
479948.600000 4205762.800000 27216.0
479999.700000 4205820.300000 27246.0
480079.900000 4205964.400000 27276.0
480173.400000 4206132.600000 27306.0
480346.100000 4206382.800000 27336.0
480462.400000 4206542.100000 27366.0
480756.600000 4206632.400000 27396.0
481056.600000 4206870.400000 27426.0
481297.700000 4207087.400000 27456.0
481423.500000 4207204.800000 27486.0
481403.300000 4207226.800000 27516.0
481399.700000 4207193.400000 27546.0
481400.500000 4207192.100000 27576.0
481555.300000 4207276.000000 27606.0
481625.500000 4207299.100000 27636.0
481657.100000 4207314.700000 27666.0
481764.400000 4207373.300000 27696.0
481891.400000 4207274.400000 27726.0
481973.100000 4207238.700000 27756.0
482096.700000 4207188.500000 27786.0
482180.100000 4207217.100000 27816.0
482224.200000 4207308.000000 27846.0
482328.600000 4207272.200000 27876.0
482339.900000 4207229.000000 27906.0
482340.200000 4207000.500000 27936.0
482429.900000 4207024.800000 27966.0
482573.100000 4207067.700000 27996.0
482844.100000 4206963.000000 28026.0
483147.100000 4206984.400000 28056.0
483329.600000 4206941.700000 28086.0
483378.900000 4206957.200000 28116.0
483590.000000 4207196.400000 28146.0
483626.100000 4207256.400000 28176.0
483627.000000 4207256.400000 28206.0
483658.600000 4207260.600000 28236.0
483692.700000 4207238.500000 28266.0
483753.300000 4207200.700000 28296.0
483753.300000 4207200.700000 28326.0
483790.900000 4207185.000000 28386.0
483790.900000 4207183.700000 28416.0
483886.600000 4207215.700000 28506.0
484177.200000 4207301.500000 28536.0
484398.400000 4207323.000000 28566.0
484459.800000 4207312.800000 28596.0
484564.300000 4207288.000000 28626.0
484705.500000 4207254.300000 28656.0
484872.200000 4207210.900000 28686.0
485038.400000 4207351.500000 28716.0
485140.300000 4207453.300000 28746.0
485298.700000 4207636.300000 28776.0
485325.100000 4207669.700000 28806.0
485325.900000 4207669.700000 28836.0
485267.300000 4207762.900000 28896.0
485266.700000 4207902.600000 28926.0
485342.400000 4207994.700000 28956.0
485362.700000 4208019.200000 28986.0
485391.600000 4208023.400000 29016.0
485531.800000 4207843.300000 29046.0
485720.900000 4207591.100000 29076.0
485890.700000 4207345.800000 29106.0
486015.000000 4207211.400000 29136.0
486094.700000 4207105.900000 29166.0
486114.900000 4207077.000000 29196.0
486115.700000 4207020.300000 29256.0
486116.200000 4206845.900000 29286.0
486124.000000 4206785.800000 29316.0
486124.000000 4206757.000000 29346.0
486426.700000 4206660.000000 29376.0
486868.900000 4206559.400000 29406.0
486958.400000 4206539.400000 29436.0
486968.000000 4206441.600000 29466.0
486978.400000 4206358.200000 29496.0
486997.600000 4206288.300000 29526.0
487008.100000 4206257.400000 29556.0
487029.900000 4206189.700000 29586.0
487061.400000 4206098.600000 29616.0
487092.100000 4206014.400000 29646.0
487179.700000 4205939.700000 29676.0
487290.300000 4205870.600000 29706.0
487372.800000 4205812.900000 29736.0
487506.100000 4205716.200000 29766.0
487572.600000 4205653.000000 29796.0
487671.600000 4205570.700000 29826.0
487738.200000 4205531.700000 29856.0
487927.700000 4205438.300000 29886.0
488146.000000 4205289.400000 29916.0
488322.300000 4205162.600000 29946.0
488347.700000 4205143.600000 29976.0
488436.400000 4205094.800000 30006.0
488490.800000 4205073.500000 30036.0
488612.800000 4205014.500000 30066.0
488638.300000 4204994.600000 30096.0
488711.800000 4204896.700000 30126.0
488834.500000 4204711.200000 30156.0
488877.600000 4204733.100000 30186.0
488803.000000 4204856.400000 30216.0
488798.100000 4205007.500000 30246.0
488924.700000 4205180.400000 30276.0
488959.000000 4205281.500000 30306.0
489033.000000 4205499.800000 30336.0
489144.700000 4205612.700000 30366.0
489292.400000 4205743.300000 30396.0
489389.900000 4205808.800000 30426.0
489512.800000 4205797.600000 30456.0
489715.500000 4205733.000000 30486.0
489763.700000 4205687.700000 30516.0
489934.000000 4205704.000000 30546.0
489959.500000 4205707.300000 30576.0
490053.400000 4205707.200000 30606.0
490113.200000 4205683.900000 30636.0
490192.100000 4205603.800000 30666.0
490400.100000 4205414.800000 30696.0
490460.700000 4205393.500000 30726.0
490460.700000 4205396.900000 30756.0
490440.400000 4205384.700000 32076.0
490321.100000 4205488.100000 32106.0
490178.100000 4205612.700000 32136.0
490008.600000 4205634.100000 32166.0
489832.100000 4205609.700000 32196.0
489831.300000 4205609.700000 32226.0
489798.800000 4205611.000000 32256.0
489787.400000 4205662.300000 32286.0
489783.100000 4205671.100000 32316.0
489763.900000 4205705.500000 32376.0
489674.400000 4205762.300000 32406.0
489461.100000 4205807.000000 32436.0
489417.200000 4205810.400000 32466.0
489397.000000 4205813.800000 32496.0
489292.500000 4205821.600000 32526.0
489270.600000 4205884.700000 32556.0
489270.700000 4205944.800000 32586.0
489263.700000 4205955.000000 32616.0
489195.200000 4205957.200000 32706.0
489178.500000 4205960.600000 32736.0
489159.200000 4205959.300000 32766.0
489137.300000 4205958.100000 32826.0
489115.300000 4205958.100000 32856.0
489093.400000 4205958.100000 32886.0
489030.300000 4205965.800000 33126.0
489011.000000 4205970.100000 33156.0
488973.400000 4205981.200000 33186.0
488964.700000 4205984.600000 33216.0
488940.000000 4205991.400000 33456.0
488922.500000 4205999.000000 33486.0
488896.200000 4206010.000000 33516.0
488882.100000 4206011.300000 33546.0
488832.900000 4206027.900000 33576.0
488766.300000 4206054.700000 33846.0
488733.800000 4206067.000000 33876.0
488642.600000 4206089.100000 33906.0
488614.500000 4206095.900000 33936.0
488588.200000 4206102.700000 33966.0
488563.600000 4206110.400000 34146.0
488510.000000 4206121.500000 34176.0
488468.900000 4206131.700000 34206.0
488448.600000 4206135.100000 34236.0
488412.600000 4206144.000000 34296.0
488399.400000 4206146.200000 34326.0
488342.300000 4206159.400000 34356.0
488259.800000 4206177.300000 34386.0
488116.700000 4206209.600000 34416.0
488082.500000 4206218.600000 34446.0
487993.800000 4206247.500000 34476.0
487963.000000 4206256.400000 34506.0
487958.700000 4206257.700000 34536.0
487940.300000 4206263.200000 34566.0
487877.100000 4206281.100000 34596.0
487776.200000 4206310.000000 34626.0
487603.300000 4206343.700000 34656.0
487547.100000 4206390.400000 34686.0
487420.900000 4206545.900000 34716.0
487295.500000 4206628.200000 34746.0
487089.500000 4206843.900000 34776.0
486807.800000 4206860.000000 34806.0
486412.800000 4206895.000000 34836.0
486319.100000 4206999.200000 34866.0
486154.100000 4207063.800000 34896.0
486065.500000 4207156.300000 34926.0
485842.900000 4207390.700000 34956.0
485605.600000 4207749.600000 34986.0
485575.900000 4207818.700000 35016.0
485568.900000 4207826.300000 35046.0
485513.800000 4207870.800000 35556.0
485289.500000 4208096.400000 35586.0
485147.500000 4208200.800000 35616.0
484840.200000 4208126.800000 35646.0
484628.700000 4208149.200000 35676.0
484441.100000 4208283.800000 35706.0
484333.300000 4208373.700000 35736.0
484187.900000 4208495.900000 35766.0
484042.500000 4208628.200000 35796.0
483908.800000 4208477.400000 35826.0
483731.900000 4208265.700000 35856.0
483583.100000 4208029.800000 35886.0
483388.400000 4208125.400000 35916.0
483287.600000 4208162.400000 35946.0
483206.500000 4207957.300000 35976.0
483372.200000 4207887.100000 36006.0
483373.900000 4207871.500000 36036.0
483387.100000 4207884.600000 45756.0
483404.100000 4207976.800000 46086.0
483547.200000 4207969.700000 46116.0
483506.500000 4207818.700000 46146.0
483452.900000 4207799.800000 46176.0
483351.900000 4207765.700000 46206.0
483447.400000 4207735.500000 46236.0
483646.700000 4207735.100000 46266.0
483867.800000 4207752.400000 46296.0
483995.900000 4207756.400000 46326.0
484183.900000 4207816.100000 46356.0
484330.400000 4207739.200000 46386.0
484426.900000 4207703.500000 46416.0
484549.700000 4207627.900000 46446.0
484617.200000 4207555.900000 46476.0
484646.100000 4207560.000000 46506.0
484660.200000 4207566.800000 46536.0
484678.600000 4207564.600000 46566.0
484779.300000 4207414.600000 46596.0
484898.900000 4207523.200000 46626.0
485021.200000 4207647.400000 46656.0
485189.000000 4207779.100000 46686.0
485288.800000 4207632.500000 46716.0
485240.500000 4207577.100000 46746.0
485103.300000 4207415.300000 46776.0
484941.400000 4207261.500000 46806.0
485031.700000 4207191.500000 46836.0
485086.100000 4207177.000000 46866.0
485110.700000 4207173.600000 46896.0
485199.200000 4207050.300000 46926.0
485200.900000 4207048.100000 46956.0
485091.800000 4206880.700000 47046.0
484950.100000 4206704.500000 47076.0
485055.200000 4206594.300000 47106.0
485111.300000 4206490.000000 47136.0
484958.400000 4206358.300000 47166.0
484801.100000 4206226.500000 47196.0
484779.100000 4206215.500000 47226.0
484776.400000 4206215.500000 47256.0
484730.700000 4206200.000000 47316.0
484660.400000 4206150.100000 47346.0
484550.600000 4206079.200000 47376.0
484535.700000 4206067.000000 47406.0
484347.800000 4206085.100000 47436.0
484321.600000 4206083.900000 47466.0
484162.400000 4205958.900000 47496.0
484009.200000 4205706.100000 47526.0
483896.600000 4205583.200000 47556.0
483699.000000 4205586.900000 47586.0
483781.200000 4205825.500000 47616.0
483963.400000 4206112.500000 47646.0
483845.900000 4206219.400000 47676.0
483642.800000 4206453.000000 47706.0
483566.600000 4206536.600000 47736.0
483473.700000 4206638.800000 47766.0
483409.700000 4206688.800000 47796.0
483388.200000 4206509.000000 47826.0
483298.300000 4206372.900000 47856.0
483169.200000 4206374.400000 47886.0
483004.100000 4206341.300000 47916.0
482858.500000 4206366.200000 47946.0
482744.200000 4206356.200000 47976.0
482569.400000 4206283.400000 48006.0
482481.600000 4206251.400000 48036.0
482314.700000 4206190.800000 48066.0
482181.200000 4206141.200000 48096.0
482041.300000 4206028.500000 48126.0
481910.200000 4205895.400000 48156.0
481864.200000 4205788.900000 48186.0
482105.200000 4205534.400000 48216.0
482197.200000 4205434.300000 48246.0
482329.600000 4205326.500000 48276.0
482447.600000 4205438.400000 48306.0
482556.700000 4205555.800000 48336.0
482693.900000 4205668.600000 48366.0
482676.600000 4205795.200000 48396.0
482539.500000 4206145.100000 48426.0
482472.200000 4206330.600000 48456.0
482465.200000 4206337.400000 48486.0
482458.200000 4206360.700000 48546.0
482422.400000 4206445.000000 48576.0
482492.400000 4206741.100000 48606.0
482501.600000 4206962.000000 48636.0
482680.900000 4207070.400000 48666.0
482903.800000 4206992.100000 48696.0
482946.500000 4207228.200000 48726.0
483004.100000 4207473.100000 48756.0
483122.800000 4207553.700000 48786.0
483303.600000 4207560.100000 48816.0
483295.900000 4207663.400000 48846.0
483289.900000 4207734.500000 48876.0
483488.400000 4207799.700000 48906.0
483456.900000 4207862.800000 48936.0
483398.200000 4207882.000000 48966.0
483403.400000 4207897.700000 48996.0
483501.600000 4207859.800000 51156.0
483497.100000 4207806.500000 51186.0
483228.400000 4207730.400000 51216.0
483337.100000 4207637.900000 51246.0
483551.900000 4207495.300000 51276.0
483516.600000 4207435.200000 51306.0
483510.400000 4207431.900000 51336.0
483475.200000 4207393.000000 51396.0
483476.900000 4207391.700000 51426.0
483559.300000 4207326.000000 51456.0
483703.100000 4207224.500000 51486.0
483581.500000 4207050.400000 51516.0
483676.900000 4206941.400000 51546.0
483678.600000 4206940.100000 51576.0
483610.800000 4206895.000000 51636.0
483495.700000 4206856.300000 51666.0
483495.700000 4206856.300000 51696.0
483514.900000 4206818.600000 51726.0
483598.000000 4206693.100000 51756.0
483774.200000 4206517.500000 51786.0
483903.900000 4206389.900000 51816.0
483979.100000 4206255.600000 51846.0
484029.000000 4206151.300000 51876.0
484075.400000 4206067.900000 51906.0
484164.800000 4205995.700000 51936.0
484296.600000 4206074.200000 51966.0
484316.800000 4206070.000000 51996.0
484384.400000 4206043.200000 52026.0
484398.500000 4206037.600000 52056.0
484411.600000 4205958.900000 52086.0
484350.800000 4205863.800000 52116.0
484213.400000 4205667.600000 52146.0
484082.800000 4205751.300000 52176.0
484036.200000 4205741.200000 52206.0
483989.500000 4205666.800000 52236.0
483933.100000 4205610.200000 52266.0
483738.100000 4205539.500000 52296.0
483717.300000 4205688.100000 52326.0
483758.700000 4205787.900000 52356.0
483950.200000 4205876.400000 52386.0
484111.900000 4205890.500000 52416.0
484264.900000 4206078.900000 52446.0
484263.400000 4206132.300000 52476.0
484206.400000 4206207.700000 52506.0
484083.500000 4206197.800000 52536.0
483876.200000 4206118.200000 52566.0
483754.200000 4206155.300000 52596.0
483678.900000 4206248.500000 52626.0
483591.000000 4206206.400000 52656.0
483707.500000 4206102.900000 52686.0
483807.700000 4206099.300000 52716.0
483860.500000 4206139.000000 52746.0
483759.800000 4206292.400000 52776.0
483617.000000 4206464.500000 52806.0
483489.200000 4206613.300000 52836.0
483475.400000 4206752.200000 52866.0
483461.500000 4206819.900000 52896.0
483608.300000 4206873.800000 52926.0
483676.000000 4206895.700000 52956.0
483839.300000 4206952.900000 52986.0
484072.100000 4207036.700000 53016.0
484257.300000 4207054.100000 53046.0
484563.700000 4207072.600000 53076.0
484837.600000 4207078.900000 53106.0
485037.700000 4207060.700000 53136.0
485082.300000 4207046.200000 53166.0
485172.700000 4207024.100000 53196.0
485443.000000 4206951.600000 53226.0
485814.900000 4206756.700000 53256.0
486254.600000 4206692.900000 53286.0
486585.500000 4206611.500000 53316.0
486586.300000 4206610.300000 53346.0
486604.800000 4206610.200000 53826.0
486949.600000 4206539.800000 53856.0
487019.200000 4206233.300000 53886.0
487211.800000 4205914.700000 53916.0
487491.500000 4205728.900000 53946.0
487757.300000 4205525.300000 53976.0
487974.000000 4205418.400000 54006.0
488097.700000 4205334.800000 54036.0
488485.300000 4205083.700000 54066.0
488798.400000 4204751.400000 54096.0
488889.700000 4204792.400000 54126.0
488771.400000 4204958.900000 54156.0
488937.600000 4205196.100000 54186.0
489059.300000 4205531.100000 54216.0
489295.700000 4205745.000000 54246.0
489486.400000 4205802.300000 54276.0
489742.600000 4205717.800000 54306.0
489760.200000 4205696.600000 54336.0
489932.400000 4205705.200000 54366.0
490201.800000 4205598.300000 54396.0
490428.200000 4205396.100000 54426.0
490452.800000 4205381.700000 54456.0
490452.800000 4205380.400000 54486.0
490418.600000 4205401.600000 54576.0
490226.600000 4205576.200000 54606.0
490001.200000 4205716.200000 54636.0
489785.100000 4205689.800000 54666.0
489698.300000 4205750.000000 54696.0
489497.300000 4205803.600000 54726.0
489400.600000 4205807.100000 54756.0
489262.700000 4205712.900000 54786.0
489076.400000 4205548.900000 54816.0
488982.200000 4205350.500000 54846.0
488929.200000 4205179.600000 54876.0
488788.500000 4204994.400000 54906.0
488834.000000 4204845.800000 54936.0
488895.400000 4204762.300000 54966.0
488867.200000 4204717.000000 54996.0
488736.600000 4204868.300000 55026.0
488434.800000 4205104.100000 55056.0
488075.100000 4205348.800000 55086.0
487830.300000 4205490.100000 55116.0
487569.000000 4205660.200000 55146.0
487418.100000 4205782.300000 55176.0
487168.200000 4205940.200000 55206.0
486990.600000 4206325.600000 55236.0
486977.600000 4206446.700000 55266.0
486988.200000 4206532.200000 55296.0
486696.000000 4206603.700000 55326.0
486308.200000 4206689.900000 55356.0
486298.700000 4206813.000000 55386.0
486299.700000 4206911.700000 55416.0
486236.700000 4207026.000000 55446.0
486076.400000 4207131.700000 55476.0
485871.300000 4207359.300000 55506.0
485632.300000 4207706.000000 55536.0
485459.800000 4207945.000000 55566.0
485345.700000 4207987.500000 55596.0
485183.400000 4208050.900000 55626.0
485148.200000 4208018.800000 55656.0
485313.100000 4207911.000000 55686.0
485394.500000 4207767.800000 55716.0
485296.000000 4207641.400000 55746.0
485123.600000 4207441.900000 55776.0
485055.900000 4207418.800000 55806.0
484957.000000 4207547.600000 55836.0
484866.000000 4207659.900000 55866.0
484706.100000 4207576.800000 55896.0
484608.700000 4207572.800000 55926.0
484450.000000 4207706.400000 55956.0
484254.500000 4207785.500000 55986.0
484140.400000 4207819.200000 56016.0
483904.900000 4207683.300000 56046.0
483666.900000 4207668.100000 56076.0
483616.200000 4207722.400000 56106.0
483479.200000 4207722.700000 56136.0
483393.200000 4207737.300000 56166.0
483379.200000 4207755.100000 56196.0
483438.000000 4207788.400000 56226.0
483480.200000 4207800.600000 56256.0
483545.400000 4207933.800000 56286.0
483566.700000 4208029.000000 56316.0
483426.400000 4208101.200000 56346.0
483291.500000 4208204.700000 56376.0
483164.500000 4208334.900000 56406.0
483041.700000 4208327.600000 56436.0
483010.900000 4208368.700000 56466.0
482870.400000 4208338.900000 56496.0
482871.500000 4208432.000000 56526.0
482894.300000 4208492.900000 56556.0
482971.800000 4208630.300000 56586.0
482876.300000 4208675.000000 56616.0
482506.300000 4208784.500000 56646.0
482443.200000 4208797.800000 56676.0
482262.300000 4208755.900000 56706.0
482104.200000 4208734.200000 56736.0
482126.500000 4208887.400000 56766.0
481946.000000 4209032.100000 56796.0
481813.700000 4209123.400000 56826.0
481657.100000 4208956.100000 56916.0
481508.700000 4208905.200000 56946.0
481321.200000 4209057.600000 56976.0
481131.900000 4209150.300000 57006.0
480968.800000 4209176.100000 57036.0
480756.400000 4209180.800000 57066.0
480587.000000 4209175.700000 57096.0
480517.100000 4209296.900000 57126.0
480484.400000 4209520.000000 57156.0
480264.500000 4209703.800000 57186.0
480060.900000 4209657.800000 57216.0
480000.200000 4209609.200000 57246.0
479949.400000 4209643.700000 57276.0
479738.200000 4209785.100000 57306.0
479665.800000 4209961.800000 57336.0
479731.900000 4210113.600000 57366.0
479844.000000 4210344.000000 57396.0
479847.500000 4210356.200000 57426.0
479707.300000 4210451.000000 57456.0
479582.000000 4210527.900000 57486.0
479508.500000 4210565.800000 57516.0
479486.600000 4210585.700000 57546.0
479481.400000 4210587.000000 57576.0
479423.600000 4210618.000000 57606.0
479369.300000 4210650.300000 57636.0
479280.700000 4210701.800000 57666.0
479200.000000 4210698.600000 57696.0
479157.100000 4210754.100000 57726.0
479156.400000 4210776.100000 57756.0
479160.800000 4210820.600000 57786.0
479121.500000 4210892.600000 57816.0
479025.100000 4210953.000000 57846.0
479108.700000 4211052.700000 57876.0
479251.100000 4211191.100000 57906.0
479485.200000 4211447.000000 57936.0
479450.300000 4211533.500000 57966.0
479392.600000 4211600.100000 57996.0
479482.100000 4211614.200000 58026.0
479554.000000 4211570.900000 58056.0
479631.400000 4211676.100000 58086.0
479807.500000 4211930.900000 58116.0
479935.400000 4212220.100000 58146.0
480010.200000 4212303.300000 58176.0
480192.600000 4212233.000000 58206.0
480221.400000 4212172.800000 58236.0
480298.300000 4212040.600000 58266.0
480337.800000 4212081.500000 58296.0
480358.400000 4212194.500000 58326.0
480344.400000 4212236.800000 58356.0
480263.500000 4212147.300000 58386.0
480254.800000 4212139.700000 58416.0
480310.800000 4212019.800000 58446.0
480421.800000 4211860.000000 58476.0
480506.700000 4211720.100000 58506.0
480661.400000 4211502.200000 58536.0
480661.400000 4211502.200000 58566.0
480555.600000 4211624.300000 58596.0
480480.400000 4211727.800000 58626.0
480299.400000 4211619.400000 58656.0
480094.400000 4211395.600000 58686.0
480067.900000 4211294.500000 58716.0
480067.600000 4211187.000000 58746.0
480235.800000 4211071.000000 58776.0
480152.100000 4210915.900000 58806.0
480065.700000 4210765.000000 58836.0
480005.700000 4210658.500000 58866.0
479881.500000 4210420.100000 58896.0
479880.600000 4210414.600000 58926.0
479889.200000 4210373.500000 58956.0
480111.700000 4210185.500000 58986.0
480180.800000 4210108.700000 59016.0
480180.800000 4210103.200000 59046.0
480226.400000 4210051.900000 59106.0
480226.400000 4210051.900000 59136.0
480304.400000 4209977.200000 59166.0
480550.400000 4209759.000000 59196.0
480713.000000 4209530.100000 59226.0
481046.100000 4209393.000000 59256.0
481418.100000 4209338.000000 59286.0
481712.700000 4209169.700000 59316.0
481760.800000 4209143.000000 59346.0
482007.000000 4208976.900000 59376.0
482060.500000 4208934.500000 59406.0
482063.200000 4208933.200000 59436.0
482044.400000 4208767.800000 59466.0
482065.200000 4208620.000000 59496.0
482135.200000 4208569.900000 59526.0
482234.100000 4208499.800000 59556.0
482291.100000 4208445.500000 59586.0
482434.100000 4208397.400000 59616.0
482658.800000 4208427.800000 59646.0
482850.300000 4208467.200000 59676.0
482848.400000 4208354.200000 59706.0
482846.600000 4208297.500000 59736.0
482854.400000 4208276.300000 59766.0
482879.000000 4208276.300000 59796.0
482963.200000 4208270.600000 59826.0
483091.900000 4208109.500000 59856.0
483104.900000 4207978.700000 59886.0
483267.100000 4207912.700000 59916.0
483355.000000 4207996.800000 59946.0
483438.200000 4207903.500000 59976.0
483374.000000 4207841.400000 60006.0
483374.000000 4207840.200000 60036.0
483356.300000 4207795.700000 60066.0
483126.100000 4207709.900000 60096.0
482936.500000 4207660.300000 60126.0
482615.000000 4207570.000000 60156.0
482479.800000 4207531.300000 60186.0
482212.000000 4207478.600000 60216.0
482185.700000 4207475.300000 60246.0
482069.900000 4207473.400000 60276.0
482029.500000 4207485.700000 60306.0
481918.200000 4207560.500000 60336.0
481896.300000 4207585.900000 60366.0
481871.800000 4207624.900000 60396.0
481829.800000 4207694.000000 60426.0
481803.600000 4207741.900000 60456.0
481770.400000 4207799.500000 60486.0
481759.000000 4207818.600000 60516.0
481719.700000 4207887.700000 60546.0
481719.700000 4207887.700000 60576.0
481569.000000 4208051.000000 60606.0
481498.000000 4208102.300000 60636.0
481421.000000 4208160.100000 60666.0
481406.900000 4208172.400000 60696.0
481405.300000 4208172.400000 60726.0
481359.600000 4208181.400000 60756.0
481312.300000 4207850.900000 60786.0
481210.800000 4207615.800000 60816.0
481116.600000 4207482.700000 60846.0
481052.200000 4207387.600000 60876.0
481024.000000 4207348.800000 60906.0
480857.600000 4207128.200000 60936.0
480694.800000 4206947.900000 60966.0
480470.700000 4206877.300000 60996.0
480355.900000 4206941.900000 61026.0
480393.000000 4207078.100000 61056.0
480101.500000 4207082.200000 61086.0
479817.300000 4207187.000000 61116.0
479676.400000 4207027.800000 61146.0
479608.500000 4206891.600000 61176.0
479663.200000 4206673.100000 61206.0
479535.500000 4206494.800000 61236.0
479406.700000 4206229.700000 61266.0
479395.300000 4206198.900000 61296.0
479342.000000 4206004.700000 61326.0
479259.600000 4205707.400000 61356.0
479256.900000 4205703.200000 61386.0
479239.200000 4205681.200000 61416.0
478946.800000 4205665.400000 61446.0
478900.200000 4205662.200000 61476.0
478720.900000 4205592.800000 61506.0
478654.600000 4205428.800000 61536.0
478479.600000 4205297.200000 61566.0
478299.300000 4205192.200000 61596.0
478206.600000 4205009.200000 61626.0
478289.100000 4204981.100000 61656.0
478348.700000 4204939.800000 61686.0
478543.400000 4204814.900000 61716.0
478554.700000 4204786.900000 61746.0
478431.300000 4204628.500000 61776.0
478329.400000 4204584.400000 61806.0
478268.200000 4204386.900000 61836.0
478209.000000 4204233.000000 61866.0
478067.800000 4204261.300000 61896.0
478028.800000 4204160.200000 61926.0
478075.100000 4204054.700000 61956.0
478082.100000 4204041.600000 61986.0
478052.900000 4203956.100000 62016.0
477916.100000 4204045.400000 62046.0
477681.700000 4204061.700000 62076.0
477512.300000 4204103.200000 62106.0
477437.700000 4204139.000000 62136.0
477430.600000 4204145.700000 62166.0
477358.100000 4204256.000000 62196.0
477469.000000 4204330.200000 62226.0
477510.300000 4204361.000000 62256.0
477510.300000 4204363.100000 62286.0
477556.400000 4204486.100000 62316.0
477572.300000 4204562.700000 62346.0
477598.100000 4204690.000000 62376.0
477567.500000 4204752.300000 62406.0
477405.100000 4204787.000000 62436.0
477160.000000 4204756.800000 62466.0
477122.300000 4204742.500000 62496.0
477116.100000 4204742.600000 62526.0
476914.600000 4204613.200000 62556.0
476756.300000 4204561.600000 62586.0
476701.100000 4204563.000000 62616.0
476395.600000 4204626.100000 62646.0
476394.700000 4204626.100000 62676.0
476365.800000 4204631.700000 62706.0
476308.700000 4204642.800000 62736.0
476215.100000 4204475.500000 62766.0
476215.100000 4204474.200000 62796.0
476176.900000 4204281.300000 62826.0
476144.900000 4204192.500000 62856.0
476111.600000 4204199.400000 62886.0
476064.300000 4204208.400000 62916.0
476062.600000 4204210.600000 62946.0
476015.200000 4204223.000000 62976.0
475954.600000 4204221.000000 63006.0
475898.100000 4204164.500000 63036.0
475828.600000 4204110.500000 63066.0
475744.200000 4204050.700000 63096.0
475732.000000 4204043.100000 63126.0
475625.800000 4204046.800000 63156.0
475592.000000 4204163.300000 63186.0
475607.900000 4204229.700000 63216.0
