483383.900000 4207842.700000 18583.0
483367.100000 4207814.800000 19573.0
483241.300000 4207738.400000 19603.0
482969.100000 4207667.000000 19633.0
482824.200000 4207626.300000 19663.0
482416.700000 4207521.700000 19693.0
482005.000000 4207504.900000 19723.0
481983.900000 4207515.100000 19753.0
481823.800000 4207711.800000 19783.0
481717.000000 4207897.400000 19813.0
481484.000000 4208117.600000 19843.0
481408.600000 4208177.900000 19873.0
481083.600000 4208444.000000 19903.0
480685.900000 4208743.300000 19933.0
480323.100000 4209003.600000 19963.0
480276.400000 4209271.200000 19993.0
480245.200000 4209453.300000 20023.0
480076.800000 4209533.700000 20053.0
479980.400000 4209611.800000 20083.0
479835.900000 4209715.500000 20113.0
479637.100000 4209852.200000 20143.0
479432.100000 4209995.800000 20173.0
479219.200000 4210128.400000 20203.0
479057.000000 4210199.900000 20233.0
478834.400000 4210316.900000 20263.0
478698.100000 4210565.700000 20293.0
478699.300000 4210705.400000 20323.0
478790.000000 4210812.600000 20353.0
478811.900000 4210828.200000 20383.0
478810.300000 4210833.800000 20413.0
478828.700000 4210858.300000 20983.0
478980.000000 4210987.800000 21013.0
479107.400000 4211082.700000 21043.0
479156.700000 4211122.400000 21073.0
479168.100000 4211123.600000 21103.0
479298.300000 4211246.500000 21163.0
479433.700000 4211384.900000 21193.0
479541.200000 4211541.300000 21223.0
479703.200000 4211752.900000 21253.0
479803.600000 4211906.700000 21283.0
479803.700000 4211916.900000 21313.0
479826.600000 4211995.600000 21523.0
479899.000000 4212167.200000 21553.0
479974.000000 4212338.900000 21583.0
480007.400000 4212375.600000 21613.0
480115.700000 4212523.100000 21643.0
480218.600000 4212683.700000 21673.0
480366.700000 4212623.200000 21703.0
480599.000000 4212540.600000 21733.0
480800.500000 4212434.700000 21763.0
480813.700000 4212424.500000 21793.0
480948.400000 4212284.500000 21823.0
481208.600000 4212162.900000 21853.0
481508.500000 4212105.500000 21883.0
481733.100000 4212117.200000 21913.0
481735.800000 4212117.200000 21943.0
481758.600000 4212154.000000 21973.0
481779.000000 4212201.800000 22003.0
481771.900000 4212203.900000 22033.0
481809.900000 4212344.800000 22543.0
481814.300000 4212364.700000 22573.0
481836.600000 4212527.600000 22603.0
481848.100000 4212574.100000 22633.0
481885.300000 4212757.300000 22663.0
481985.500000 4212853.600000 22693.0
482215.200000 4212755.300000 22723.0
482431.700000 4212674.800000 22753.0
482455.500000 4212676.900000 22783.0
482490.500000 4212607.000000 22813.0
482476.800000 4212403.900000 22843.0
482462.400000 4212250.700000 22873.0
482571.900000 4212193.700000 22903.0
482694.700000 4212166.800000 22933.0
482684.700000 4212054.700000 22963.0
482669.600000 4211958.200000 22993.0
482679.300000 4211936.200000 23023.0
482737.000000 4211849.700000 23053.0
482729.100000 4211825.200000 23083.0
482649.400000 4211869.800000 23113.0
482494.300000 4211963.200000 23143.0
482390.800000 4212029.900000 23173.0
482334.700000 4212054.600000 23203.0
482266.200000 4212038.200000 23233.0
482148.200000 4211890.700000 23263.0
482067.100000 4211670.000000 23293.0
482128.300000 4211573.300000 23323.0
482191.300000 4211546.500000 23353.0
482215.900000 4211539.700000 23383.0
482347.300000 4211482.700000 23413.0
482234.700000 4211303.100000 23443.0
482100.100000 4211156.900000 23473.0
481986.600000 4210986.200000 23503.0
481825.200000 4211004.300000 23533.0
481849.900000 4211076.200000 23563.0
482000.900000 4211065.700000 23593.0
482011.400000 4211060.200000 23623.0
482143.900000 4211061.200000 23653.0
482202.600000 4211039.900000 23683.0
482271.000000 4211020.700000 23713.0
482551.600000 4210916.800000 23743.0
482561.000000 4210779.200000 23773.0
482676.700000 4210684.600000 23803.0
482720.400000 4210634.600000 23833.0
482800.000000 4210522.200000 23863.0
482552.900000 4210251.900000 23893.0
482459.300000 4209993.500000 23923.0
482439.000000 4209959.200000 23953.0
482270.900000 4209722.100000 23983.0
482264.700000 4209717.900000 24013.0
482311.900000 4209651.400000 24043.0
482349.400000 4209575.900000 24073.0
482413.100000 4209350.600000 24103.0
482487.900000 4209047.400000 24133.0
482499.100000 4208970.800000 24163.0
482554.500000 4209018.500000 24193.0
482777.200000 4208894.900000 24223.0
483021.000000 4208789.000000 24253.0
483096.400000 4208749.000000 24283.0
483211.900000 4208584.600000 24313.0
483241.700000 4208548.900000 24343.0
483245.200000 4208545.600000 24373.0
483261.900000 4208529.000000 24403.0
483268.100000 4208527.700000 24433.0
483282.900000 4208515.400000 24463.0
483286.400000 4208514.200000 24493.0
483346.100000 4208436.200000 24553.0
483337.800000 4208259.700000 24583.0
483456.200000 4208186.200000 24613.0
483593.000000 4208096.200000 24643.0
483511.800000 4207875.400000 24673.0
483389.000000 4207888.800000 24703.0
483392.500000 4207878.600000 24733.0
483421.400000 4207884.100000 24853.0
483411.700000 4207882.000000 48427.0
483381.900000 4207869.800000 48457.0
483376.700000 4207852.000000 48487.0
483368.800000 4207852.000000 48517.0
483433.000000 4207876.400000 48817.0
483482.900000 4207827.700000 48847.0
483489.100000 4207820.000000 48877.0
483727.100000 4207867.400000 48907.0
484121.400000 4207984.300000 48937.0
484551.700000 4208061.300000 48967.0
484778.300000 4208113.000000 48997.0
484842.400000 4208128.500000 49027.0
484888.100000 4208140.700000 49057.0
484939.000000 4208156.300000 49087.0
485054.100000 4208195.000000 49117.0
485068.200000 4208202.600000 49147.0
485186.900000 4208294.700000 49177.0
485381.600000 4208197.800000 49207.0
485834.300000 4208122.500000 49237.0
486347.600000 4208049.700000 49267.0
486458.200000 4208030.500000 49297.0
486475.800000 4208027.100000 49327.0
486559.400000 4208154.300000 49357.0
486574.300000 4208187.700000 49387.0
486592.000000 4208235.500000 49417.0
486629.000000 4208316.300000 49447.0
486673.000000 4208401.700000 49477.0
486829.900000 4208385.800000 49507.0
486971.200000 4208334.400000 49537.0
487101.000000 4208280.900000 49567.0
487416.800000 4208211.400000 49597.0
487488.700000 4208199.000000 49627.0
487522.800000 4208136.700000 49657.0
487589.800000 4207698.600000 49687.0
487587.200000 4207132.700000 49717.0
487459.600000 4206853.100000 49747.0
487326.700000 4206678.900000 49777.0
487383.500000 4206498.100000 49807.0
487340.400000 4206435.100000 49837.0
487340.400000 4206433.000000 49867.0
487369.300000 4206404.200000 49897.0
487520.300000 4206371.800000 49927.0
487868.600000 4206296.800000 49957.0
488359.200000 4206168.700000 49987.0
488832.300000 4206038.100000 50017.0
488878.600000 4205900.400000 50047.0
488891.700000 4205805.200000 50077.0
489040.800000 4205736.000000 50107.0
489148.800000 4205711.300000 50137.0
489304.300000 4205762.300000 50167.0
489404.500000 4205803.300000 50197.0
489605.600000 4205792.800000 50227.0
489748.600000 4205700.400000 50257.0
489775.900000 4205694.900000 50287.0
489956.800000 4205715.800000 50317.0
490107.800000 4205695.700000 50347.0
490344.700000 4205459.300000 50377.0
490416.600000 4205352.500000 50407.0
490390.200000 4205324.600000 50437.0
490373.500000 4205309.000000 50467.0
490376.200000 4205307.700000 50497.0
490255.800000 4205204.600000 50707.0
490282.100000 4205222.300000 50737.0
490277.800000 4205221.100000 50767.0
490274.200000 4205222.300000 50797.0
490291.800000 4205238.800000 54157.0
490368.300000 4205303.100000 54187.0
490369.100000 4205301.800000 54217.0
490374.300000 4205314.900000 54427.0
490407.700000 4205340.300000 54457.0
490410.400000 4205343.600000 54487.0
490430.700000 4205392.300000 57487.0
490274.600000 4205533.400000 57517.0
490102.600000 4205697.800000 57547.0
489846.300000 4205694.800000 57577.0
489737.500000 4205798.200000 57607.0
489704.400000 4205931.500000 57637.0
489571.800000 4205949.500000 57667.0
489526.100000 4205955.000000 57697.0
489447.000000 4205955.100000 57727.0
489284.600000 4205955.400000 57757.0
489005.500000 4205974.800000 57787.0
488595.800000 4206117.500000 57817.0
488222.800000 4206202.300000 57847.0
487887.500000 4206288.300000 57877.0
487640.100000 4206347.500000 57907.0
487619.100000 4206394.100000 57937.0
487654.700000 4206650.500000 57967.0
487603.400000 4206938.000000 57997.0
487599.400000 4207191.100000 58027.0
487605.200000 4207608.400000 58057.0
487603.700000 4207715.000000 58087.0
487577.700000 4207931.400000 58117.0
487535.300000 4208296.300000 58147.0
487499.900000 4208731.400000 58177.0
487378.300000 4209032.100000 58207.0
487271.400000 4209141.100000 58237.0
487304.000000 4209238.800000 58267.0
487130.600000 4209454.500000 58297.0
486817.800000 4209816.900000 58327.0
486521.000000 4210163.600000 58357.0
486531.000000 4210324.400000 58387.0
486250.400000 4210485.700000 58417.0
485915.500000 4210678.400000 58447.0
485849.900000 4210789.400000 58477.0
486103.800000 4210987.500000 58507.0
486371.900000 4211290.100000 58537.0
486764.200000 4211346.200000 58567.0
486955.300000 4211232.900000 58597.0
487096.500000 4211208.100000 58627.0
487243.100000 4211188.800000 58657.0
487408.900000 4211167.400000 58687.0
487525.500000 4211169.300000 58717.0
487529.200000 4211254.800000 58747.0
487532.000000 4211351.300000 58777.0
487257.400000 4211386.000000 58807.0
486841.600000 4211367.600000 58837.0
486431.900000 4211331.500000 58867.0
486094.400000 4210980.300000 58897.0
485813.200000 4210765.400000 58927.0
485720.900000 4210680.000000 58957.0
485557.400000 4210526.200000 58987.0
485537.100000 4210505.100000 59017.0
485536.200000 4210479.700000 59047.0
485778.800000 4210238.500000 59077.0
486036.300000 4209958.300000 59107.0
486021.100000 4209791.900000 59137.0
485898.900000 4209677.900000 59167.0
486021.500000 4209547.700000 59197.0
485872.100000 4209378.300000 59227.0
485713.600000 4209116.500000 59257.0
485565.700000 4208841.700000 59287.0
485395.800000 4208568.100000 59317.0
485259.400000 4208393.100000 59347.0
485246.100000 4208359.700000 59377.0
484994.800000 4208170.600000 59407.0
484891.100000 4208145.400000 59437.0
484861.300000 4208137.800000 59467.0
484800.700000 4208123.500000 59497.0
484775.200000 4208116.800000 59527.0
484714.600000 4208101.200000 59557.0
484487.600000 4208248.100000 59587.0
484361.400000 4208352.500000 59617.0
484264.100000 4208436.900000 59647.0
484130.100000 4208554.800000 59677.0
484044.200000 4208631.600000 59707.0
483889.300000 4208460.900000 59737.0
483675.500000 4208207.400000 59767.0
483540.800000 4207952.400000 59797.0
483422.900000 4207878.100000 59827.0
483405.400000 4207890.500000 59857.0
483372.800000 4207860.500000 59887.0
483366.600000 4207844.000000 59917.0
483375.400000 4207870.600000 59947.0
