486097.200000 4220288.200000 20.0
486050.800000 4220330.600000 22550.0
486033.300000 4220334.000000 22580.0
486068.400000 4220325.100000 23510.0
486087.500000 4220241.700000 23540.0
486045.300000 4220196.400000 23570.0
485889.300000 4220203.500000 23600.0
485876.100000 4220200.100000 23630.0
485802.500000 4220166.800000 23780.0
485683.600000 4219865.200000 23810.0
485538.300000 4219476.100000 23840.0
485299.200000 4219061.700000 23870.0
485022.400000 4218720.600000 23900.0
484796.800000 4218495.900000 23930.0
484563.000000 4218212.300000 23960.0
484378.500000 4218012.000000 23990.0
484072.600000 4217613.100000 24020.0
483738.800000 4217253.100000 24050.0
483587.100000 4217225.500000 24080.0
483609.700000 4217143.300000 24110.0
483493.800000 4217065.700000 24140.0
483075.900000 4216841.300000 24170.0
482577.400000 4216590.500000 24200.0
482058.500000 4216329.600000 24230.0
481666.700000 4215936.500000 24260.0
481445.700000 4215566.200000 24290.0
481155.300000 4215100.800000 24320.0
480839.300000 4214584.300000 24350.0
480478.500000 4214100.100000 24380.0
479972.500000 4213783.100000 24410.0
479449.900000 4213518.100000 24440.0
478906.300000 4213242.300000 24470.0
478360.800000 4212961.000000 24500.0
477932.600000 4212569.300000 24530.0
477661.800000 4212037.600000 24560.0
477476.000000 4211483.200000 24590.0
477256.600000 4211096.500000 24620.0
477255.800000 4211095.300000 24650.0
477220.500000 4211054.300000 24710.0
476872.800000 4210651.500000 24740.0
476530.100000 4210144.100000 24770.0
476371.500000 4209579.900000 24800.0
476083.100000 4209054.700000 24830.0
475874.500000 4208538.100000 24860.0
475711.500000 4208037.000000 24890.0
475400.100000 4207556.200000 24920.0
475135.600000 4207164.300000 24950.0
474918.100000 4207214.900000 24980.0
474762.000000 4207272.100000 25010.0
474809.700000 4207365.000000 25040.0
474811.400000 4207377.300000 25070.0
474764.600000 4207293.200000 26720.0
474768.100000 4207289.000000 26750.0
474716.900000 4207178.200000 26780.0
474657.900000 4207106.500000 26810.0
474466.900000 4207213.700000 26840.0
474373.100000 4207255.100000 26870.0
474349.300000 4207259.400000 26900.0
474309.000000 4207267.100000 27680.0
474226.500000 4207301.700000 27710.0
474271.100000 4207516.900000 27740.0
474296.000000 4207631.200000 27770.0
474341.100000 4207747.400000 27800.0
474420.000000 4207957.900000 27830.0
474437.800000 4208051.000000 27860.0
474453.700000 4208099.600000 27890.0
474464.800000 4208272.700000 27920.0
474415.400000 4208492.500000 27950.0
474378.500000 4208719.900000 27980.0
474341.400000 4208919.800000 28010.0
474319.000000 4209027.400000 28040.0
474319.900000 4209043.100000 28070.0
474294.100000 4209187.500000 28100.0
474276.900000 4209307.300000 28130.0
474251.000000 4209445.000000 28160.0
474251.000000 4209455.100000 28190.0
474242.500000 4209507.200000 28280.0
474152.100000 4209498.600000 28310.0
474148.600000 4209502.000000 28340.0
474108.200000 4209500.000000 28400.0
474072.200000 4209489.100000 28430.0
474030.600000 4209666.600000 28460.0
473966.400000 4209904.200000 28490.0
473814.500000 4210127.800000 28520.0
473739.300000 4210232.100000 28550.0
473666.600000 4210260.300000 28580.0
473606.700000 4210200.400000 28610.0
473580.400000 4210191.600000 28640.0
473561.100000 4210191.700000 28670.0
473473.700000 4210276.200000 29030.0
473320.500000 4210412.100000 29060.0
473252.300000 4210484.300000 29090.0
473114.900000 4210604.500000 29120.0
473094.700000 4210620.200000 29150.0
473091.200000 4210620.300000 29180.0
473027.200000 4210656.000000 29210.0
472955.000000 4210561.900000 29240.0
472893.200000 4210467.700000 29270.0
472765.700000 4210364.800000 29300.0
472688.300000 4210288.500000 29330.0
472600.300000 4210195.700000 29360.0
472524.400000 4210068.500000 29390.0
472409.600000 4210125.600000 29420.0
472216.000000 4210239.300000 29450.0
472086.400000 4210316.300000 29480.0
471874.400000 4210434.700000 29510.0
471589.800000 4210602.000000 29540.0
471445.900000 4210627.100000 29570.0
471343.600000 4210453.100000 29600.0
471266.800000 4210317.000000 29630.0
471188.100000 4210178.500000 29660.0
471000.600000 4210011.500000 29690.0
470962.700000 4209960.500000 29720.0
470942.500000 4209957.100000 29750.0
471010.600000 4209870.600000 30800.0
471215.000000 4209822.000000 30830.0
471408.300000 4209626.200000 30860.0
471551.700000 4209470.400000 30890.0
471731.000000 4209275.500000 30920.0
471865.600000 4209132.800000 30950.0
472047.500000 4208934.500000 30980.0
472060.800000 4208720.300000 31010.0
471917.200000 4208564.200000 31040.0
471819.700000 4208555.600000 31070.0
471687.400000 4208640.300000 31100.0
471506.700000 4208665.500000 31130.0
471372.400000 4208643.900000 31160.0
471373.000000 4208586.400000 31190.0
471360.800000 4208580.900000 31220.0
471475.700000 4208560.600000 31280.0
471656.500000 4208542.200000 31310.0
471839.000000 4208522.600000 31340.0
471940.600000 4208453.200000 31370.0
471990.400000 4208375.200000 31400.0
472092.500000 4208222.900000 31430.0
472138.800000 4208159.600000 31460.0
472287.800000 4208121.500000 31490.0
472312.100000 4208032.500000 31520.0
472426.200000 4208006.700000 31550.0
472426.000000 4207928.800000 31580.0
472446.200000 4207913.100000 31610.0
472446.000000 4207872.100000 31850.0
472420.400000 4207809.100000 31880.0
472542.800000 4207666.500000 31910.0
472572.400000 4207630.800000 31940.0
472584.600000 4207614.300000 31970.0
472579.300000 4207569.800000 32000.0
472477.200000 4207477.900000 32030.0
472176.600000 4207616.500000 32060.0
472068.700000 4207641.400000 32090.0
472058.200000 4207650.300000 32120.0
471944.100000 4207681.600000 32540.0
471878.800000 4207812.600000 32570.0
471931.700000 4207856.900000 32600.0
471998.300000 4207856.600000 32630.0
471993.100000 4207868.900000 32660.0
471984.300000 4207832.100000 32720.0
471909.600000 4207820.100000 32750.0
471909.300000 4207727.900000 32780.0
471871.300000 4207629.400000 32810.0
471839.200000 4207490.600000 32840.0
471778.600000 4207490.900000 32870.0
471665.600000 4207552.200000 32900.0
471593.300000 4207462.700000 32930.0
471559.900000 4207434.900000 32960.0
471533.500000 4207408.300000 33470.0
471461.500000 4207412.800000 33500.0
471404.500000 4207432.000000 33530.0
471398.300000 4207426.600000 33560.0
471369.300000 4207432.200000 33710.0
471214.100000 4207481.400000 33740.0
471143.100000 4207509.600000 33770.0
471136.900000 4207517.200000 33800.0
471043.100000 4207553.100000 33890.0
471006.900000 4207499.000000 33920.0
470969.800000 4207415.800000 33950.0
471020.500000 4207358.900000 33980.0
471021.300000 4207344.500000 34010.0
471073.800000 4207272.400000 34130.0
471143.500000 4207151.100000 34160.0
470960.700000 4207103.000000 34190.0
470887.700000 4207066.500000 34220.0
470741.800000 4207006.000000 34250.0
470560.700000 4206936.900000 34280.0
470448.500000 4206979.600000 34310.0
470291.500000 4206980.100000 34340.0
470280.900000 4206980.200000 34370.0
470246.700000 4206959.100000 34400.0
470239.700000 4206957.100000 34430.0
470213.000000 4206864.000000 34520.0
470218.200000 4206864.000000 34550.0
470239.600000 4206941.800000 34580.0
470241.300000 4206941.800000 34610.0
470101.800000 4206990.100000 34640.0
469778.800000 4206982.400000 34670.0
469520.600000 4206938.100000 34700.0
469269.300000 4206841.300000 34730.0
469099.700000 4206818.600000 34760.0
469134.200000 4206909.500000 34790.0
469179.400000 4207030.400000 34820.0
469215.700000 4207117.900000 34850.0
469250.200000 4207207.500000 34880.0
469256.500000 4207223.900000 34910.0
469269.000000 4207291.600000 35090.0
469188.800000 4207425.300000 35120.0
469107.200000 4207459.000000 35150.0
469072.700000 4207375.700000 35180.0
469057.700000 4207343.600000 35210.0
469056.800000 4207343.600000 35240.0
469086.500000 4207299.100000 35600.0
469181.100000 4207268.700000 35630.0
469279.500000 4207279.300000 35660.0
469255.100000 4207345.000000 35690.0
469166.900000 4207482.900000 35720.0
469136.400000 4207580.800000 35750.0
469233.300000 4207646.000000 35780.0
469259.800000 4207717.000000 35810.0
469188.200000 4207801.500000 35840.0
469133.200000 4207876.200000 35870.0
469057.900000 4207933.200000 35900.0
468962.900000 4207870.500000 35930.0
468993.200000 4207747.200000 35960.0
469132.000000 4207525.800000 35990.0
469243.700000 4207350.100000 36020.0
469411.300000 4207068.900000 36050.0
469444.300000 4206981.100000 36080.0
469479.200000 4206920.900000 36110.0
469912.200000 4206972.600000 36140.0
470184.300000 4206979.300000 36170.0
470298.500000 4206977.600000 36200.0
470544.100000 4206913.600000 36230.0
470545.700000 4206912.400000 36260.0
470701.400000 4206987.100000 36320.0
470902.800000 4207071.900000 36350.0
471008.200000 4207112.600000 36380.0
471238.200000 4207099.500000 36410.0
471479.900000 4206909.900000 36440.0
471717.000000 4206679.300000 36470.0
471860.500000 4206525.500000 36500.0
472032.000000 4206343.000000 36530.0
472288.500000 4206147.800000 36560.0
472341.000000 4206062.100000 36590.0
472341.000000 4206060.000000 36620.0
472504.800000 4205987.500000 36650.0
472755.400000 4205863.500000 36680.0
472917.400000 4205708.900000 36710.0
473049.400000 4205849.400000 36740.0
473249.300000 4206037.500000 36770.0
473510.900000 4206035.400000 36800.0
473659.000000 4205951.600000 36830.0
473783.400000 4205891.100000 36860.0
473796.600000 4205897.800000 36890.0
473883.700000 4205940.700000 36920.0
473973.400000 4205979.300000 36950.0
474059.400000 4205966.800000 36980.0
474083.000000 4206225.300000 37010.0
474085.600000 4206531.800000 37040.0
474090.900000 4206544.900000 37070.0
474093.600000 4206544.900000 37100.0
474091.500000 4206731.100000 37160.0
474100.000000 4206933.000000 37190.0
474208.400000 4207077.000000 37220.0
474331.600000 4207160.000000 37250.0
474411.600000 4207205.000000 37280.0
474609.600000 4207079.900000 37310.0
474685.300000 4207156.300000 37340.0
474736.500000 4207247.200000 37370.0
474818.700000 4207403.500000 37400.0
474835.500000 4207428.000000 37430.0
474843.400000 4207433.500000 37460.0
474871.500000 4207436.800000 37700.0
475024.000000 4207347.400000 37730.0
474981.800000 4207353.100000 37760.0
474985.300000 4207354.300000 37790.0
475005.700000 4207398.700000 38840.0
475016.000000 4207322.100000 38870.0
474923.600000 4207269.000000 38900.0
474761.300000 4207296.200000 38930.0
474760.400000 4207292.800000 38960.0
474569.400000 4207385.700000 39020.0
474377.000000 4207590.300000 39050.0
474320.100000 4207659.400000 39080.0
474260.100000 4207869.100000 39110.0
474001.800000 4208077.300000 39140.0
473795.500000 4208334.500000 39170.0
473685.000000 4208637.900000 39200.0
473644.700000 4208909.800000 39230.0
473694.000000 4208940.500000 39260.0
473848.700000 4209002.200000 39290.0
473841.900000 4209070.000000 39320.0
473818.600000 4209212.300000 39350.0
473737.700000 4209462.200000 39380.0
473646.900000 4209606.900000 39410.0
473551.800000 4209754.900000 39440.0
473431.100000 4209901.700000 39470.0
473186.200000 4210150.100000 39500.0
473093.600000 4210289.300000 39530.0
473199.600000 4210501.000000 39560.0
473090.300000 4210588.900000 39590.0
473085.100000 4210597.800000 39620.0
473022.600000 4210528.200000 40190.0
472938.900000 4210416.300000 40220.0
472823.600000 4210302.400000 40250.0
472861.100000 4210271.400000 40280.0
472869.800000 4210259.100000 40310.0
472869.800000 4210257.000000 40340.0
472906.400000 4210211.600000 40400.0
472795.400000 4210097.700000 40430.0
472707.700000 4210097.900000 40460.0
472603.500000 4210161.400000 40490.0
472499.200000 4210215.900000 40520.0
472413.400000 4210266.100000 40550.0
472400.200000 4210269.600000 40580.0
472374.800000 4210279.800000 40670.0
472243.400000 4210332.300000 40700.0
472148.100000 4210414.700000 40730.0
472041.200000 4210479.400000 40760.0
471997.400000 4210501.600000 40790.0
471978.300000 4210517.300000 40820.0
471930.200000 4210551.800000 41630.0
471828.600000 4210611.000000 41660.0
471871.100000 4210703.900000 41690.0
471925.900000 4210807.000000 41720.0
471974.400000 4210896.600000 41750.0
472035.300000 4210999.600000 41780.0
472096.700000 4211002.800000 41810.0
472020.800000 4210873.100000 41840.0
471936.500000 4210841.300000 41870.0
471824.400000 4210908.100000 41900.0
471726.100000 4210881.800000 41930.0
471631.400000 4210880.800000 41960.0
471547.800000 4210803.200000 41990.0
471498.300000 4210732.300000 42020.0
471424.300000 4210612.800000 42050.0
471324.600000 4210445.500000 42080.0
471224.900000 4210272.700000 42110.0
471083.900000 4210098.000000 42140.0
471084.400000 4209999.400000 42170.0
471128.900000 4209937.000000 42200.0
471131.500000 4209928.100000 42230.0
471178.700000 4209867.000000 42350.0
471241.500000 4209806.700000 42380.0
471393.600000 4209645.300000 42410.0
471565.900000 4209467.400000 42440.0
471739.800000 4209274.600000 42470.0
471881.400000 4209123.000000 42500.0
472012.600000 4209000.700000 42530.0
472059.300000 4208814.300000 42560.0
472050.100000 4208672.100000 42590.0
472121.200000 4208641.800000 42620.0
472181.700000 4208625.900000 42650.0
472296.600000 4208598.900000 42680.0
472367.800000 4208596.500000 42710.0
472487.000000 4208548.300000 42740.0
472537.800000 4208529.100000 42770.0
472592.700000 4208431.100000 42800.0
472622.100000 4208323.500000 42830.0
472628.800000 4208227.000000 42860.0
472641.900000 4208179.100000 42890.0
472633.300000 4208192.300000 42920.0
472633.200000 4208163.500000 43130.0
472601.300000 4208112.400000 43160.0
472506.500000 4208077.100000 43190.0
472512.400000 4207990.800000 43220.0
472497.300000 4207951.900000 43250.0
472494.600000 4207940.900000 43280.0
472505.100000 4207923.100000 43310.0
472579.700000 4207888.500000 43340.0
472644.600000 4207875.200000 43370.0
472719.900000 4207805.100000 43400.0
472692.300000 4207732.000000 43430.0
