477290.000000 4197108.300000 19029.0
477271.500000 4197105.000000 19059.0
477093.200000 4197125.400000 19089.0
477175.000000 4197123.000000 19119.0
477175.000000 4197121.700000 19149.0
477204.000000 4197125.900000 19179.0
477217.300000 4197115.700000 19209.0
477292.800000 4197103.200000 19479.0
477364.100000 4197100.900000 19509.0
477377.200000 4196769.000000 19539.0
477374.300000 4196324.200000 19569.0
477377.500000 4196203.200000 19599.0
477395.000000 4196151.100000 19629.0
477601.200000 4196017.200000 19659.0
477817.700000 4195783.400000 19689.0
477827.400000 4195770.200000 19719.0
478023.400000 4195476.800000 19749.0
478179.000000 4195151.300000 19779.0
478226.100000 4195017.900000 19809.0
478285.400000 4194793.400000 19839.0
478195.400000 4194698.400000 19869.0
478274.500000 4194672.800000 19899.0
478275.300000 4194668.600000 19929.0
478337.700000 4194690.400000 19959.0
478351.000000 4194691.700000 19989.0
478427.000000 4194516.200000 20019.0
478615.900000 4194169.500000 20049.0
478840.400000 4193945.900000 20079.0
478595.000000 4193939.800000 20109.0
478348.800000 4193924.800000 20139.0
478111.300000 4193917.800000 20169.0
477869.500000 4193911.600000 20199.0
477645.300000 4193906.700000 20229.0
477643.300000 4193793.700000 20259.0
477672.800000 4193658.200000 20289.0
477691.900000 4193598.100000 20319.0
477691.900000 4193598.100000 20349.0
477741.300000 4193340.600000 20379.0
477916.300000 4192982.900000 20409.0
477695.000000 4192763.800000 20439.0
477571.100000 4192796.300000 20469.0
477570.300000 4192795.100000 20499.0
477489.700000 4192882.900000 20559.0
477478.300000 4192893.100000 20589.0
477620.300000 4192730.600000 20619.0
477724.200000 4192784.500000 20649.0
477901.400000 4192942.700000 20679.0
477955.000000 4192889.300000 20709.0
477996.000000 4192802.800000 20739.0
477999.500000 4192795.200000 20769.0
478206.500000 4192603.800000 20799.0
478469.600000 4192322.500000 20829.0
478569.000000 4192376.400000 20859.0
478716.900000 4192428.000000 20889.0
478902.900000 4192597.300000 20919.0
478974.800000 4192525.200000 20949.0
479039.500000 4192362.000000 20979.0
479047.700000 4192154.600000 21009.0
479075.100000 4191848.100000 21039.0
479112.100000 4191560.700000 21069.0
479312.600000 4191597.800000 21099.0
479496.400000 4191580.900000 21129.0
479509.200000 4191384.400000 21159.0
479549.400000 4191309.800000 21189.0
479627.700000 4191266.500000 21219.0
479662.600000 4191136.500000 21249.0
479685.200000 4191041.200000 21279.0
479587.500000 4191034.600000 21309.0
479410.500000 4190959.700000 21339.0
479261.700000 4190882.200000 21369.0
479305.300000 4190765.700000 21399.0
479311.500000 4190755.600000 21429.0
479222.400000 4190673.700000 21459.0
479285.300000 4190514.800000 21489.0
479353.500000 4190355.100000 21519.0
479310.100000 4190248.500000 21549.0
479087.400000 4190160.200000 21579.0
479086.900000 4189951.500000 21609.0
479250.300000 4189554.100000 21639.0
479389.200000 4189156.800000 21669.0
479510.600000 4188745.900000 21699.0
479651.900000 4188300.800000 21729.0
479802.200000 4187855.600000 21759.0
479842.300000 4187371.700000 21789.0
479824.900000 4187109.800000 21819.0
479853.000000 4187074.100000 21849.0
480166.200000 4187078.900000 21879.0
480194.400000 4187072.000000 21909.0
480195.200000 4187072.000000 21939.0
480430.900000 4187027.000000 21969.0
480819.900000 4187042.600000 21999.0
480953.700000 4187063.500000 22029.0
481057.600000 4187093.300000 22059.0
481100.800000 4187117.700000 22089.0
481210.900000 4187167.400000 22119.0
481240.800000 4187181.800000 22149.0
481317.400000 4187223.900000 22179.0
481376.400000 4187244.900000 22209.0
481447.700000 4187240.500000 22239.0
481584.100000 4187224.600000 22269.0
481786.500000 4187199.600000 22299.0
482088.100000 4187136.700000 22329.0
482212.900000 4187111.900000 22359.0
482292.900000 4187096.100000 22389.0
482367.800000 4187084.900000 22419.0
482420.600000 4187073.800000 22449.0
482543.000000 4187087.900000 22479.0
482692.800000 4187207.400000 22509.0
483027.700000 4187470.800000 22539.0
483324.700000 4187703.400000 22569.0
483723.000000 4188002.300000 22599.0
484005.100000 4188233.600000 22629.0
484269.400000 4188433.800000 22659.0
484569.000000 4188622.000000 22689.0
484789.400000 4188831.100000 22719.0
484846.000000 4188987.600000 22749.0
484959.200000 4189303.500000 22779.0
485098.600000 4189547.500000 22809.0
485312.600000 4189675.800000 22839.0
485556.300000 4189750.700000 22869.0
485810.600000 4189800.200000 22899.0
486018.500000 4189987.300000 22929.0
486325.900000 4190201.000000 22959.0
486650.000000 4190526.700000 22989.0
487012.200000 4190943.500000 23019.0
487414.700000 4191304.700000 23049.0
487867.300000 4191639.300000 23079.0
488257.400000 4191941.800000 23109.0
488618.500000 4192309.500000 23139.0
489006.800000 4192688.600000 23169.0
489324.800000 4193039.900000 23199.0
489449.200000 4193442.700000 23229.0
489417.800000 4193680.200000 23259.0
489233.400000 4193852.200000 23289.0
488969.900000 4194064.600000 23319.0
488826.800000 4194246.800000 23349.0
488675.000000 4194463.300000 23379.0
488653.300000 4194677.500000 23409.0
488660.600000 4194860.700000 23439.0
488665.100000 4194964.800000 23469.0
488658.100000 4194964.900000 23499.0
488663.400000 4195098.200000 23769.0
488696.200000 4195304.700000 23799.0
488756.700000 4195724.000000 23829.0
488888.300000 4196224.100000 23859.0
488852.900000 4196729.100000 23889.0
488717.400000 4197261.700000 23919.0
488573.100000 4197772.400000 23949.0
488430.300000 4198198.800000 23979.0
488329.700000 4198505.300000 24009.0
488210.800000 4198952.500000 24039.0
488069.300000 4199458.400000 24069.0
487855.500000 4199876.900000 24099.0
487748.600000 4200094.600000 24129.0
487655.700000 4200254.300000 24159.0
487483.000000 4200555.100000 24189.0
487498.200000 4200710.400000 24219.0
487467.400000 4200754.900000 24249.0
487463.900000 4200761.700000 24279.0
487391.200000 4200877.300000 24339.0
487444.900000 4200949.200000 24369.0
487388.500000 4200881.600000 24399.0
487481.500000 4200736.200000 24429.0
487572.800000 4200727.200000 24459.0
487775.100000 4200916.500000 24489.0
487921.400000 4201239.300000 24519.0
487872.600000 4201582.200000 24549.0
487843.200000 4201873.000000 24579.0
487765.500000 4202203.700000 24609.0
487778.000000 4202433.500000 24639.0
487718.400000 4202569.800000 24669.0
487837.300000 4202781.700000 24699.0
487913.100000 4202909.000000 24729.0
488133.900000 4203167.300000 24759.0
488229.300000 4203602.200000 24789.0
488041.900000 4203928.800000 24819.0
488060.600000 4204135.400000 24849.0
488281.400000 4204414.800000 24879.0
488479.900000 4204436.500000 24909.0
488731.000000 4204487.400000 24939.0
488843.600000 4204662.500000 24969.0
488845.300000 4204662.500000 24999.0
488747.200000 4204833.600000 25029.0
488528.000000 4205062.500000 25059.0
488161.200000 4205283.900000 25089.0
487798.000000 4205497.300000 25119.0
487441.000000 4205757.300000 25149.0
487376.400000 4206038.000000 25179.0
487435.700000 4206349.900000 25209.0
487439.200000 4206360.000000 25239.0
487233.100000 4206443.700000 25269.0
487316.700000 4206590.100000 25299.0
487129.900000 4206766.800000 25329.0
486958.500000 4207217.400000 25359.0
486817.800000 4207610.500000 25389.0
486756.700000 4207791.300000 25419.0
486648.800000 4207850.300000 25449.0
486520.700000 4207834.800000 25479.0
486455.900000 4207909.400000 25509.0
486491.100000 4207971.600000 25539.0
486303.400000 4208049.800000 25569.0
485738.400000 4208132.800000 25599.0
485320.800000 4208306.700000 25629.0
485183.800000 4208279.000000 25659.0
484961.600000 4208155.000000 25689.0
484736.000000 4208103.300000 25719.0
484686.000000 4208091.100000 25749.0
484316.300000 4208004.200000 25779.0
483955.400000 4207919.400000 25809.0
483554.900000 4207821.600000 25839.0
483403.000000 4207776.600000 25869.0
483370.500000 4207766.500000 25899.0
483302.100000 4207792.000000 25929.0
483330.400000 4207875.400000 25959.0
483383.100000 4207871.900000 25989.0
483382.300000 4207893.900000 26019.0
483386.700000 4207915.900000 28299.0
483349.200000 4207987.900000 28329.0
483370.600000 4208150.000000 28359.0
483454.200000 4208294.100000 28389.0
483586.200000 4208465.700000 28419.0
483508.100000 4208537.000000 28449.0
483411.700000 4208612.500000 28479.0
483411.700000 4208618.000000 28509.0
483336.900000 4208546.200000 28539.0
483309.600000 4208547.500000 28569.0
483314.000000 4208551.800000 28599.0
483301.700000 4208501.800000 28869.0
483334.000000 4208445.100000 28899.0
483358.400000 4208321.800000 28929.0
483264.800000 4208086.700000 28959.0
483262.800000 4207921.200000 28989.0
483373.400000 4207875.700000 29019.0
483376.900000 4207879.100000 29049.0
483396.200000 4207920.100000 33069.0
483378.000000 4207989.100000 33099.0
483302.500000 4207990.600000 33129.0
483188.100000 4207898.500000 33159.0
483059.600000 4207694.800000 33189.0
482675.800000 4207586.800000 33219.0
482369.300000 4207508.700000 33249.0
482119.900000 4207475.800000 33279.0
481959.500000 4207526.100000 33309.0
481951.600000 4207524.900000 33339.0
481775.700000 4207784.700000 33369.0
481688.300000 4207936.800000 33399.0
481445.700000 4208140.600000 33429.0
481412.400000 4208162.600000 33459.0
481408.100000 4208172.800000 33489.0
481357.100000 4208103.900000 33579.0
481288.700000 4207768.900000 33609.0
481109.800000 4207470.900000 33639.0
481005.000000 4207322.600000 33669.0
481005.000000 4207315.800000 33699.0
480835.600000 4207329.300000 33729.0
480718.300000 4207515.800000 33759.0
480624.000000 4207692.500000 33789.0
480425.500000 4207647.700000 33819.0
480312.000000 4207512.500000 33849.0
480433.500000 4207293.800000 33879.0
480390.000000 4207094.200000 33909.0
480124.000000 4207091.400000 33939.0
479932.800000 4207176.100000 33969.0
479790.800000 4207248.400000 33999.0
479781.200000 4207268.300000 34029.0
479774.200000 4207289.500000 34059.0
479769.000000 4207290.800000 34089.0
479761.500000 4207301.400000 34122.0
479738.900000 4207362.400000 34422.0
479728.700000 4207516.500000 34452.0
479942.900000 4207527.000000 34482.0
480144.600000 4207453.300000 34512.0
480201.900000 4207547.500000 34542.0
480279.400000 4207679.400000 34572.0
480292.300000 4207527.400000 34602.0
480400.700000 4207368.400000 34632.0
480526.800000 4207205.200000 34662.0
480620.400000 4207087.300000 34692.0
480752.400000 4207262.200000 34722.0
480905.100000 4207270.700000 34752.0
480911.300000 4207269.400000 34782.0
481025.700000 4207333.500000 34872.0
481257.300000 4207660.200000 34902.0
481365.000000 4207925.300000 34932.0
481397.200000 4208158.400000 34962.0
481491.300000 4208225.900000 34992.0
481664.000000 4208151.100000 35022.0
481797.300000 4208100.800000 35052.0
481910.400000 4208043.900000 35082.0
481935.800000 4208034.900000 35112.0
481955.000000 4208022.600000 35142.0
482004.200000 4208014.900000 35232.0
482009.400000 4208011.500000 35262.0
482032.200000 4208007.200000 35292.0
482035.700000 4207998.300000 35322.0
482050.500000 4207986.000000 35352.0
482145.200000 4207951.500000 35382.0
482150.400000 4207944.700000 35412.0
482295.100000 4207873.300000 35442.0
482373.200000 4207841.000000 35472.0
482487.300000 4207807.300000 35502.0
482647.700000 4207752.800000 35532.0
482895.000000 4207682.400000 35562.0
482970.900000 4207854.100000 35592.0
483020.300000 4207971.700000 35622.0
483119.400000 4207969.300000 35652.0
483243.000000 4207917.000000 35682.0
483350.100000 4207886.800000 35712.0
483372.100000 4207893.900000 37636.0
483395.000000 4207980.200000 41686.0
483287.900000 4207991.400000 41716.0
483173.400000 4207855.400000 41746.0
483047.500000 4207691.400000 41776.0
482982.500000 4207670.400000 41806.0
482963.300000 4207664.900000 41836.0
482960.600000 4207664.900000 41866.0
482932.400000 4207626.000000 41926.0
482891.400000 4207324.300000 41956.0
482840.700000 4207003.600000 41986.0
482637.300000 4207086.200000 42016.0
482506.200000 4206925.600000 42046.0
482492.200000 4206599.300000 42076.0
482530.700000 4206476.100000 42106.0
482535.800000 4206456.200000 42136.0
482504.900000 4206425.300000 42166.0
482490.000000 4206408.800000 42196.0
482208.000000 4206309.600000 42226.0
481938.100000 4206188.300000 42256.0
481875.700000 4206134.200000 42286.0
481641.600000 4205915.100000 42316.0
481598.500000 4205881.700000 42346.0
481554.600000 4205845.000000 42376.0
481314.700000 4205727.900000 42406.0
480954.100000 4205490.000000 42436.0
480770.100000 4205298.300000 42466.0
480764.900000 4205297.000000 42496.0
480599.400000 4205152.200000 42526.0
480283.700000 4204916.800000 42556.0
480208.800000 4204848.000000 42586.0
480207.200000 4204848.000000 42616.0
480184.200000 4204763.800000 42646.0
480269.800000 4204576.100000 42676.0
480472.700000 4204240.400000 42706.0
480715.000000 4203881.300000 42736.0
480622.200000 4203664.000000 42766.0
480490.300000 4203556.800000 42796.0
480048.200000 4203370.400000 42826.0
479782.100000 4203412.100000 42856.0
479777.700000 4203412.100000 42886.0
479673.900000 4203355.600000 42916.0
479567.400000 4203232.700000 42946.0
479524.200000 4203185.000000 42976.0
479503.100000 4203172.800000 43006.0
479491.700000 4203151.600000 43036.0
479441.000000 4202907.500000 43066.0
479392.300000 4202741.300000 43096.0
479352.600000 4202655.100000 43126.0
479197.100000 4202656.700000 43156.0
479031.200000 4202710.500000 43186.0
479022.500000 4202689.400000 43216.0
479037.400000 4202717.300000 43246.0
478889.800000 4202707.500000 43276.0
478848.700000 4202730.900000 43306.0
478841.700000 4202741.900000 43336.0
478870.900000 4202830.700000 43366.0
478873.600000 4202848.500000 43396.0
478877.200000 4202869.600000 43456.0
478876.400000 4202878.500000 43486.0
478933.900000 4203030.300000 43516.0
479066.200000 4203280.500000 43546.0
479178.500000 4203253.600000 43576.0
479201.300000 4203252.300000 43606.0
479459.200000 4203165.300000 43636.0
479571.500000 4203143.800000 43666.0
479709.300000 4203098.200000 43696.0
480047.200000 4202981.800000 43726.0
480242.200000 4202975.800000 43756.0
480176.600000 4203074.600000 43786.0
480138.000000 4203099.300000 43816.0
479927.400000 4203186.100000 43846.0
479844.100000 4203199.400000 43876.0
479815.200000 4203244.800000 43906.0
479810.900000 4203261.300000 43936.0
479796.100000 4203314.700000 43966.0
479755.000000 4203357.100000 43996.0
479802.400000 4203378.200000 44026.0
480180.900000 4203319.700000 44056.0
480555.500000 4203582.900000 44086.0
480722.700000 4203722.200000 44116.0
480760.500000 4203753.000000 44146.0
480761.300000 4203754.200000 44176.0
480701.100000 4203935.100000 44206.0
480444.700000 4204308.600000 44236.0
480445.500000 4204309.900000 44266.0
480304.700000 4204533.300000 44296.0
480214.800000 4204742.100000 44326.0
480213.900000 4204744.300000 44356.0
480188.600000 4204777.800000 44386.0
480181.600000 4204786.700000 44416.0
480142.300000 4204904.400000 44506.0
480272.800000 4205114.900000 44536.0
480305.400000 4205168.100000 44566.0
480316.000000 4205193.500000 44596.0
480345.900000 4205230.300000 44626.0
480349.500000 4205243.400000 44656.0
480351.100000 4205248.900000 44686.0
480492.200000 4205493.600000 44716.0
480644.700000 4205732.800000 44746.0
480819.700000 4205882.200000 44776.0
480900.500000 4205929.900000 44806.0
480904.000000 4205937.500000 44836.0
481035.300000 4206161.500000 44866.0
481097.000000 4206268.900000 44896.0
481125.300000 4206314.100000 44926.0
481147.300000 4206357.200000 44956.0
481280.500000 4206596.500000 44986.0
481355.600000 4206805.000000 45016.0
481414.600000 4206910.200000 45046.0
481546.200000 4206882.000000 45076.0
481831.200000 4206737.000000 45106.0
482035.200000 4206941.900000 45136.0
482259.100000 4206969.300000 45166.0
482411.900000 4207015.500000 45196.0
482512.200000 4207070.800000 45226.0
482821.900000 4206993.500000 45256.0
482875.300000 4207284.200000 45286.0
482796.600000 4207440.900000 45316.0
482782.800000 4207592.100000 45346.0
482899.600000 4207631.600000 45376.0
482905.800000 4207632.900000 45406.0
483083.200000 4207686.700000 45436.0
483474.000000 4207798.900000 45466.0
483481.900000 4207800.200000 45496.0
483430.300000 4207876.900000 45556.0
483404.900000 4207889.200000 45586.0
483513.600000 4207861.000000 47536.0
483526.800000 4207808.900000 47566.0
483823.600000 4207881.600000 47596.0
484206.500000 4207995.100000 47626.0
484410.000000 4207964.700000 47656.0
484525.700000 4207887.900000 47686.0
484567.800000 4207851.000000 47716.0
484609.000000 4207820.000000 47746.0
484567.600000 4207736.700000 47776.0
484589.300000 4207615.600000 47806.0
484630.400000 4207562.200000 47836.0
484751.400000 4207462.100000 47866.0
484896.700000 4207229.900000 47896.0
485008.100000 4207198.800000 47926.0
485018.700000 4207207.600000 47956.0
485092.400000 4207259.500000 47986.0
485096.000000 4207258.300000 48016.0
485148.700000 4207279.300000 48046.0
485076.900000 4207386.100000 48076.0
485186.000000 4207516.700000 48106.0
485229.900000 4207563.200000 48136.0
485236.100000 4207564.500000 48166.0
485383.100000 4207744.900000 48196.0
485344.800000 4207927.000000 48226.0
485383.600000 4208023.400000 48256.0
485491.400000 4207892.400000 48286.0
485635.300000 4207845.600000 48316.0
485810.700000 4207770.800000 48346.0
485844.900000 4207767.400000 48376.0
485994.900000 4207650.700000 48406.0
486260.700000 4207543.600000 48436.0
486177.800000 4207334.300000 48466.0
486217.200000 4207222.000000 48496.0
486249.300000 4207035.800000 48526.0
486274.800000 4207023.400000 48556.0
486276.400000 4207022.200000 48586.0
486453.700000 4207006.200000 48616.0
486489.700000 4207004.000000 48646.0
486613.400000 4206991.600000 48676.0
486650.900000 4206896.300000 48706.0
486938.900000 4206867.900000 48736.0
487046.000000 4206862.200000 48766.0
487193.300000 4206721.000000 48796.0
487360.700000 4206565.400000 48826.0
487372.800000 4206487.500000 48856.0
487336.700000 4206430.900000 48886.0
487440.300000 4206382.900000 48916.0
487509.600000 4206369.700000 48946.0
487583.200000 4206356.400000 48976.0
487793.000000 4206310.800000 49006.0
488255.400000 4206185.700000 49036.0
488538.800000 4206122.300000 49066.0
488795.100000 4206047.400000 49096.0
488914.500000 4206079.400000 49126.0
489135.700000 4206016.100000 49156.0
489399.100000 4206014.500000 49186.0
489486.900000 4206107.500000 49216.0
489483.400000 4206117.600000 49246.0
489410.600000 4206096.600000 49276.0
489400.700000 4205986.500000 49306.0
489400.700000 4205986.500000 49336.0
489378.600000 4205890.100000 49396.0
489381.300000 4205888.800000 49426.0
489405.800000 4205817.600000 49456.0
489655.100000 4205781.800000 49486.0
489742.900000 4205797.300000 49516.0
489894.800000 4205818.300000 49546.0
489960.600000 4205825.800000 49576.0
489762.100000 4205785.000000 49606.0
489689.300000 4205753.000000 49636.0
489561.100000 4205714.200000 49666.0
489539.700000 4205505.500000 49696.0
489424.600000 4205450.200000 49726.0
489335.700000 4205320.400000 49756.0
489432.600000 4204873.300000 49786.0
489525.200000 4204447.000000 49816.0
489578.500000 4204206.100000 49846.0
489699.600000 4204102.700000 49876.0
490057.600000 4203849.100000 49906.0
490473.400000 4203498.200000 49936.0
490870.000000 4203174.800000 49966.0
491248.300000 4202865.900000 49996.0
491480.600000 4202537.200000 50026.0
491565.500000 4202135.400000 50056.0
491600.400000 4201914.500000 50086.0
491610.900000 4201848.800000 50116.0
491717.100000 4201829.700000 50146.0
491772.300000 4201718.700000 50176.0
491748.500000 4201717.500000 50206.0
491638.800000 4201779.800000 50236.0
491617.900000 4201917.400000 50266.0
491576.900000 4202211.600000 50296.0
491471.100000 4202593.500000 50326.0
491161.400000 4202943.400000 50356.0
490806.900000 4203232.500000 50386.0
490434.900000 4203538.000000 50416.0
490087.500000 4203831.300000 50446.0
490211.400000 4203914.600000 50476.0
490370.500000 4204069.700000 50506.0
490393.300000 4204082.000000 50536.0
490450.500000 4204117.400000 50566.0
490515.500000 4204180.400000 50596.0
490498.800000 4204180.500000 50626.0
490379.300000 4204077.300000 50656.0
490185.900000 4203894.300000 50686.0
490012.900000 4203885.600000 50716.0
489624.100000 4204154.400000 50746.0
489197.700000 4204411.400000 50776.0
488949.400000 4204618.300000 50806.0
488841.500000 4204663.800000 50836.0
488619.000000 4204406.700000 50866.0
488342.400000 4204457.000000 50896.0
488106.000000 4204239.000000 50926.0
487958.100000 4204000.500000 50956.0
487647.400000 4204166.400000 50986.0
487254.300000 4204384.600000 51016.0
486835.800000 4204613.800000 51046.0
486569.100000 4204762.800000 51076.0
486630.300000 4204580.700000 51106.0
486697.600000 4204373.200000 51136.0
486719.300000 4204211.000000 51166.0
486719.300000 4204208.900000 51196.0
486817.500000 4204148.700000 51226.0
486906.900000 4204039.800000 51256.0
486931.600000 4204039.700000 51286.0
486932.400000 4204043.100000 51316.0
486981.600000 4204047.300000 54796.0
487070.600000 4204152.500000 54826.0
487174.600000 4204344.500000 54856.0
487301.000000 4204344.300000 54886.0
487538.800000 4204215.300000 54916.0
487788.000000 4204075.200000 54946.0
487911.700000 4204014.900000 54976.0
488016.300000 4204091.400000 55006.0
488200.300000 4204357.400000 55036.0
488421.700000 4204484.400000 55066.0
488696.500000 4204454.000000 55096.0
488800.400000 4204610.500000 55126.0
488801.200000 4204610.500000 55156.0
488818.800000 4204635.000000 55186.0
488837.300000 4204660.400000 55216.0
488838.100000 4204660.400000 55246.0
488900.400000 4204653.500000 55276.0
489235.500000 4204373.300000 55306.0
489575.100000 4204174.400000 55336.0
489526.200000 4204427.500000 55366.0
489452.900000 4204766.200000 55396.0
489370.000000 4205144.700000 55426.0
489349.300000 4205439.800000 55456.0
489532.000000 4205478.500000 55486.0
489511.200000 4205682.500000 55516.0
489594.600000 4205713.300000 55546.0
489662.300000 4205752.100000 55576.0
489750.000000 4205687.700000 55606.0
489995.800000 4205718.300000 55636.0
490229.300000 4205564.000000 55666.0
490441.600000 4205381.700000 55696.0
490464.300000 4205372.800000 55726.0
490475.700000 4205366.000000 55756.0
490374.800000 4205436.000000 57436.0
490140.600000 4205650.400000 57466.0
489950.100000 4205698.500000 57496.0
489777.100000 4205686.400000 57526.0
489581.500000 4205793.300000 57556.0
489402.300000 4205806.600000 57586.0
489393.700000 4205868.900000 57616.0
489393.700000 4205892.200000 57646.0
489383.200000 4205925.600000 57676.0
489095.200000 4205934.900000 57706.0
488782.900000 4206035.200000 57736.0
488489.800000 4206124.500000 57766.0
488213.300000 4206190.400000 57796.0
487846.400000 4206290.900000 57826.0
487612.000000 4206343.300000 57856.0
487343.500000 4206399.100000 57886.0
487126.800000 4206491.700000 57916.0
486970.700000 4206538.500000 57946.0
486664.400000 4206606.700000 57976.0
486526.600000 4206633.600000 58006.0
486452.900000 4206646.900000 58036.0
486209.900000 4206695.100000 58066.0
485895.700000 4206740.100000 58096.0
485535.200000 4206915.900000 58126.0
485398.300000 4206967.400000 58156.0
485382.600000 4206971.600000 58186.0
485223.800000 4207013.000000 58216.0
485153.500000 4206938.600000 58246.0
484953.800000 4206701.500000 58276.0
484788.500000 4206583.300000 58306.0
484675.200000 4206542.500000 58336.0
484600.400000 4206479.500000 58366.0
484687.900000 4206322.800000 58396.0
484752.700000 4206236.300000 58426.0
484633.900000 4206136.700000 58456.0
484496.800000 4206048.000000 58486.0
484480.000000 4206032.400000 58516.0
484407.000000 4205927.100000 58546.0
484298.700000 4205775.400000 58576.0
484255.500000 4205709.900000 58606.0
483949.600000 4205538.600000 58636.0
483734.100000 4205391.300000 58666.0
483438.000000 4205296.700000 58696.0
483342.300000 4205234.700000 58726.0
483223.500000 4205157.000000 58756.0
483072.100000 4204983.000000 58786.0
482937.500000 4204826.600000 58816.0
482812.700000 4204716.800000 58846.0
482628.100000 4204663.900000 58876.0
482583.400000 4204653.800000 58906.0
482513.400000 4204717.100000 58936.0
482442.200000 4204713.800000 58966.0
482298.800000 4204632.000000 58996.0
482057.800000 4204493.700000 59026.0
481793.300000 4204399.100000 59056.0
481755.400000 4204265.800000 59086.0
481642.600000 4204076.500000 59116.0
481379.600000 4203910.700000 59146.0
481336.100000 4203718.600000 59176.0
481237.700000 4203708.700000 59206.0
481171.200000 4203780.800000 59236.0
480875.900000 4203697.300000 59266.0
480811.100000 4203783.800000 59296.0
480801.400000 4203780.400000 59326.0
480968.400000 4203480.300000 59356.0
481245.000000 4203065.800000 59386.0
481562.100000 4202717.600000 59416.0
481668.600000 4202391.000000 59446.0
481418.500000 4202076.700000 59476.0
481191.900000 4201671.300000 59506.0
480671.400000 4201510.400000 59536.0
480269.400000 4201259.500000 59566.0
480021.900000 4200974.800000 59596.0
480083.700000 4200735.100000 59626.0
480067.800000 4200672.900000 59656.0
479751.800000 4200428.600000 59686.0
479485.900000 4200161.000000 59716.0
479483.900000 4200043.300000 59746.0
479374.100000 4199694.000000 59776.0
479225.100000 4199492.500000 59806.0
479019.700000 4199248.800000 59836.0
478901.300000 4199004.800000 59866.0
478845.700000 4198889.400000 59896.0
478704.300000 4198595.600000 59926.0
478613.400000 4198437.200000 59956.0
478663.600000 4198145.400000 59986.0
478708.300000 4197756.800000 60016.0
478495.100000 4197565.200000 60046.0
478422.100000 4197531.900000 60076.0
478393.700000 4197430.800000 60106.0
478365.300000 4197028.000000 60136.0
478335.100000 4196572.200000 60166.0
478309.600000 4196247.200000 60196.0
478294.300000 4196074.100000 60226.0
478273.200000 4195771.200000 60256.0
478264.900000 4195635.700000 60286.0
478236.600000 4195269.700000 60316.0
478236.600000 4195266.300000 60346.0
478231.200000 4195184.200000 60376.0
478224.900000 4195147.400000 60406.0
478309.400000 4194838.600000 60436.0
478468.300000 4194420.900000 60466.0
478531.300000 4194310.700000 60496.0
478718.800000 4194055.000000 60526.0
478852.800000 4193874.800000 60556.0
478832.200000 4193757.200000 60586.0
478818.500000 4193586.200000 60616.0
478840.900000 4193432.100000 60646.0
478880.200000 4193296.600000 60676.0
478909.900000 4193253.300000 60706.0
