478274.500000 4209041.800000 19150.0
478271.100000 4209082.900000 19180.0
478241.500000 4209161.700000 19210.0
478320.800000 4209265.600000 19240.0
478590.300000 4209286.000000 19270.0
478758.800000 4209244.600000 19300.0
478819.200000 4209164.400000 19330.0
478980.900000 4209222.800000 19360.0
479089.700000 4209225.900000 19390.0
479089.700000 4209238.200000 19420.0
479173.100000 4209261.300000 19450.0
479433.800000 4209282.600000 19480.0
479532.400000 4209406.800000 19510.0
479655.200000 4209413.300000 19540.0
479831.400000 4209328.600000 19570.0
480063.500000 4209148.200000 19600.0
480164.300000 4209084.900000 19630.0
480256.400000 4209018.200000 19660.0
480294.000000 4208994.800000 19690.0
480531.400000 4208817.800000 19720.0
480689.100000 4208695.500000 19750.0
480847.700000 4208568.600000 19780.0
481130.600000 4208358.400000 19810.0
481330.100000 4208086.200000 19840.0
481318.300000 4207913.100000 19870.0
481205.300000 4207626.000000 19900.0
480962.200000 4207283.700000 19930.0
480959.600000 4207276.100000 19960.0
480859.100000 4207132.000000 19990.0
480594.000000 4206759.700000 20020.0
480362.400000 4206445.400000 20050.0
480180.100000 4206180.400000 20080.0
479987.900000 4205854.600000 20110.0
479750.000000 4205537.700000 20140.0
479509.300000 4205133.300000 20170.0
479393.500000 4204844.000000 20200.0
479327.300000 4204673.200000 20230.0
479116.600000 4204324.100000 20260.0
478906.100000 4204091.500000 20290.0
478903.400000 4204093.600000 20320.0
478844.400000 4203998.500000 20350.0
478659.400000 4203770.400000 20380.0
478504.500000 4203649.800000 20410.0
478468.400000 4203619.800000 20440.0
478303.700000 4203404.800000 20470.0
478127.400000 4203202.100000 20500.0
478083.400000 4203157.000000 20530.0
477863.200000 4202951.000000 20560.0
477863.200000 4202946.800000 20590.0
477883.300000 4202855.700000 20650.0
477895.400000 4202815.900000 20680.0
477984.600000 4202662.400000 20710.0
478114.100000 4202465.700000 20740.0
478120.600000 4202276.900000 20770.0
478134.600000 4202264.600000 20800.0
478191.500000 4202151.400000 21250.0
478228.900000 4202035.000000 21280.0
478230.500000 4202007.000000 21310.0
478249.700000 4202002.700000 21340.0
478289.400000 4202069.100000 21370.0
478281.100000 4202204.500000 21400.0
478460.700000 4202357.300000 21430.0
478536.400000 4202398.100000 21460.0
478546.100000 4202401.500000 21490.0
478711.700000 4202566.600000 21520.0
478758.500000 4202636.300000 21550.0
478763.700000 4202651.900000 21580.0
478807.000000 4202727.200000 21760.0
478868.800000 4202886.600000 21790.0
478875.100000 4202900.900000 21820.0
478876.800000 4202905.200000 21850.0
478942.100000 4203045.900000 21880.0
478961.500000 4203079.300000 21910.0
478964.100000 4203079.300000 21940.0
479032.100000 4203203.600000 21970.0
479032.200000 4203209.100000 22000.0
479064.000000 4203274.600000 22030.0
479064.800000 4203275.900000 22060.0
479068.400000 4203290.300000 22090.0
479000.800000 4203326.000000 22120.0
478920.100000 4203358.400000 22480.0
478883.300000 4203361.800000 22540.0
478842.000000 4203342.900000 22690.0
478876.000000 4203247.600000 22720.0
478763.100000 4203050.200000 22750.0
478863.800000 4202960.200000 22780.0
478989.200000 4202871.000000 22810.0
479055.900000 4202847.600000 22840.0
479108.600000 4202833.000000 22870.0
479160.300000 4202813.000000 22900.0
479202.500000 4202789.600000 22930.0
479229.700000 4202779.400000 22960.0
479237.600000 4202776.000000 22990.0
479256.000000 4202769.200000 23050.0
479272.800000 4202767.900000 23080.0
479322.000000 4202743.200000 23140.0
479371.800000 4202654.200000 23170.0
479561.200000 4202567.400000 23200.0
479619.100000 4202544.000000 23230.0
479716.500000 4202502.700000 23260.0
479793.700000 4202474.500000 23290.0
479963.000000 4202388.600000 23350.0
479962.800000 4202290.900000 23380.0
479859.800000 4202181.100000 23410.0
479754.500000 4202214.800000 23440.0
479744.000000 4202227.100000 23470.0
479719.800000 4202404.500000 23500.0
479681.200000 4202432.500000 23530.0
479557.500000 4202469.600000 23560.0
479351.600000 4202665.200000 23590.0
479238.600000 4202768.800000 23620.0
479269.700000 4202896.100000 23650.0
479454.200000 4202912.200000 23680.0
479509.500000 4202895.500000 23710.0
479698.300000 4202905.200000 23800.0
479725.800000 4202987.300000 23830.0
479739.100000 4203024.100000 23860.0
479879.600000 4203003.800000 23890.0
479922.900000 4203121.400000 23920.0
479802.800000 4203188.100000 23950.0
479767.200000 4203338.000000 23980.0
479748.000000 4203362.600000 24010.0
479704.300000 4203434.700000 24040.0
479690.300000 4203471.500000 24070.0
479651.000000 4203566.000000 24100.0
479637.800000 4203583.800000 24130.0
479598.400000 4203633.900000 24160.0
479594.100000 4203642.800000 24190.0
479563.300000 4203681.800000 24220.0
479556.300000 4203690.700000 24250.0
479529.100000 4203725.100000 24310.0
479511.600000 4203742.900000 24340.0
479420.600000 4203869.700000 24430.0
479397.900000 4203903.100000 24460.0
479369.100000 4203962.000000 24490.0
479365.500000 4203963.300000 24520.0
479351.500000 4203973.500000 24550.0
479330.400000 4203991.400000 24580.0
479324.300000 4203994.800000 24610.0
479306.800000 4204051.500000 24640.0
479418.800000 4204233.200000 24670.0
479644.900000 4204405.800000 24700.0
479909.700000 4204619.300000 24730.0
480365.300000 4204947.900000 24760.0
480454.300000 4205018.800000 24790.0
480478.900000 4205038.600000 24820.0
480757.000000 4205269.900000 24850.0
480876.700000 4205394.900000 24880.0
481009.600000 4205525.400000 24910.0
481040.500000 4205549.900000 24940.0
481130.200000 4205615.300000 24970.0
481130.200000 4205616.600000 25000.0
481219.900000 4205675.200000 25030.0
481326.200000 4205720.200000 25060.0
481401.000000 4205751.000000 25090.0
481534.600000 4205819.600000 25120.0
481605.900000 4205891.400000 25150.0
481463.100000 4206064.900000 25180.0
481384.600000 4206275.800000 25210.0
481483.200000 4206448.700000 25240.0
481601.200000 4206539.500000 25270.0
481747.400000 4206772.300000 25300.0
481890.500000 4206770.800000 25330.0
482061.200000 4206940.100000 25360.0
482288.600000 4206976.400000 25390.0
482374.100000 4207082.900000 25420.0
482597.300000 4207167.900000 25450.0
482610.100000 4207455.300000 25480.0
482593.500000 4207535.300000 25510.0
482614.600000 4207545.400000 25540.0
482756.000000 4207582.000000 25600.0
482779.800000 4207589.500000 25630.0
482801.700000 4207597.100000 25660.0
483140.000000 4207688.700000 25690.0
483466.600000 4207785.800000 25720.0
483476.300000 4207790.000000 25750.0
483477.200000 4207794.200000 25780.0
483413.200000 4207871.000000 25810.0
483404.500000 4207884.100000 25840.0
483404.500000 4207884.100000 25870.0
483461.600000 4207856.100000 26020.0
483556.600000 4207990.000000 26050.0
483447.900000 4208068.100000 26080.0
483431.200000 4208081.300000 26110.0
483419.000000 4208092.300000 26140.0
483393.600000 4208115.700000 26170.0
483375.200000 4208128.000000 26200.0
483347.100000 4208147.100000 26230.0
483325.200000 4208162.800000 26260.0
483266.300000 4208052.000000 26290.0
483281.700000 4207907.600000 26320.0
483380.700000 4207875.300000 26350.0
483379.900000 4207863.000000 26380.0
483372.000000 4207854.100000 34330.0
483373.700000 4207860.900000 34360.0
483386.000000 4207921.000000 34840.0
483355.400000 4207990.900000 34870.0
483380.300000 4208168.200000 34900.0
483516.800000 4208365.500000 34930.0
483633.000000 4208521.900000 34960.0
483760.500000 4208678.300000 34990.0
483663.300000 4208779.600000 35020.0
483827.600000 4208910.100000 35050.0
484091.300000 4209131.400000 35080.0
484271.500000 4209272.000000 35110.0
484312.800000 4209312.900000 35140.0
484343.700000 4209343.800000 35170.0
484384.900000 4209389.000000 35200.0
484460.500000 4209463.300000 35230.0
484501.800000 4209505.600000 35260.0
484533.500000 4209539.000000 35290.0
484569.600000 4209577.800000 35320.0
484585.300000 4209596.800000 35350.0
484601.100000 4209612.500000 35380.0
484644.200000 4209651.300000 35410.0
484660.900000 4209669.100000 35440.0
484685.600000 4209693.600000 35470.0
484705.900000 4209714.700000 35500.0
484731.400000 4209743.400000 35530.0
484738.400000 4209754.400000 35560.0
484749.000000 4209766.700000 36460.0
484832.200000 4209686.500000 36490.0
484690.700000 4209568.300000 36520.0
484586.900000 4209446.600000 36550.0
484456.800000 4209321.500000 36580.0
484371.700000 4209396.200000 36610.0
484208.200000 4209239.100000 36640.0
483944.500000 4209016.500000 36670.0
483759.100000 4208886.100000 36700.0
483731.800000 4208870.500000 36730.0
483657.000000 4208820.700000 36760.0
483567.300000 4208762.000000 36790.0
483413.400000 4208619.300000 36820.0
483370.300000 4208577.000000 36850.0
483153.100000 4208397.600000 36880.0
482824.500000 4208254.000000 36910.0
482675.200000 4208178.900000 36940.0
482638.400000 4208163.300000 36970.0
482593.600000 4208138.000000 37000.0
482552.400000 4208119.100000 37030.0
482496.100000 4208079.400000 37060.0
482456.500000 4208063.000000 37090.0
482408.300000 4208043.200000 37120.0
482356.500000 4208047.500000 37150.0
482272.400000 4208078.600000 37180.0
482218.000000 4208094.400000 37210.0
482099.300000 4207984.600000 37240.0
482093.100000 4207984.600000 37270.0
482151.700000 4207933.300000 37300.0
482185.800000 4207923.100000 37330.0
482248.000000 4207886.100000 37360.0
482251.600000 4207886.100000 37390.0
482278.800000 4207872.900000 37420.0
482342.900000 4207847.400000 37450.0
482473.500000 4207799.300000 37480.0
482647.200000 4207747.700000 37510.0
482861.200000 4207678.300000 37540.0
482937.000000 4207836.800000 37570.0
483048.000000 4207981.800000 37600.0
483234.800000 4207912.400000 37630.0
483340.100000 4207886.800000 37660.0
483371.700000 4207885.400000 37690.0
483396.500000 4207956.500000 42280.0
483351.900000 4207992.100000 42310.0
483244.700000 4208008.900000 42340.0
483118.600000 4207732.700000 42370.0
482994.000000 4207681.800000 42400.0
482982.600000 4207676.300000 42430.0
482589.100000 4207569.600000 42460.0
482286.900000 4207501.300000 42490.0
481992.900000 4207519.700000 42520.0
481958.800000 4207544.300000 42550.0
481932.600000 4207563.400000 42580.0
481730.600000 4207878.800000 42610.0
481542.300000 4208077.700000 42640.0
481412.600000 4208165.600000 42670.0
481405.600000 4208167.700000 42700.0
481341.600000 4208211.000000 42730.0
480956.100000 4208526.800000 42760.0
480774.800000 4208669.500000 42790.0
480437.400000 4208911.900000 42820.0
480397.100000 4208940.800000 42850.0
480209.600000 4209083.500000 42880.0
479908.200000 4209314.000000 42910.0
479646.600000 4209225.000000 42940.0
479236.100000 4208961.900000 42970.0
479151.400000 4208771.200000 43000.0
478867.100000 4208384.600000 43030.0
478629.000000 4208006.900000 43060.0
478465.900000 4207725.400000 43090.0
478465.900000 4207719.900000 43120.0
478445.500000 4207668.700000 43150.0
478390.700000 4207530.100000 43180.0
478336.800000 4207402.800000 43210.0
478334.100000 4207393.900000 43240.0
478214.000000 4207100.100000 43270.0
478182.900000 4207024.800000 43300.0
478178.600000 4207012.600000 43330.0
478104.900000 4207030.500000 43360.0
478090.900000 4207034.800000 43390.0
478033.000000 4207059.500000 43420.0
478002.300000 4207077.400000 43450.0
477957.600000 4207102.000000 43480.0
477928.700000 4207117.800000 43510.0
477920.000000 4207117.800000 43540.0
477565.600000 4207196.600000 43570.0
477178.800000 4207303.100000 43600.0
477146.300000 4207307.400000 43630.0
477021.800000 4207317.900000 43660.0
476906.800000 4207333.900000 43690.0
476806.700000 4207340.900000 43720.0
476767.200000 4207330.100000 43750.0
476742.500000 4207319.100000 43780.0
476743.400000 4207319.100000 43810.0
476599.400000 4207314.000000 43840.0
476538.000000 4207329.900000 43870.0
476377.400000 4207346.000000 43900.0
476327.400000 4207340.600000 43930.0
476142.300000 4207378.000000 43960.0
476065.200000 4207394.700000 43990.0
476045.900000 4207400.300000 44020.0
476045.100000 4207402.400000 44050.0
476000.300000 4207357.200000 44080.0
476003.500000 4207262.800000 44110.0
476010.900000 4207102.000000 44140.0
476024.600000 4206961.000000 44170.0
476026.200000 4206957.600000 44200.0
476040.900000 4206869.900000 44230.0
476042.500000 4206866.500000 44260.0
476104.000000 4206860.900000 44290.0
476344.700000 4206893.600000 44320.0
476525.500000 4206880.000000 44350.0
476573.600000 4206870.900000 44380.0
476578.000000 4206874.300000 44410.0
476601.500000 4206790.000000 44470.0
476589.100000 4206700.300000 44500.0
476585.200000 4206562.800000 44530.0
476577.800000 4206465.000000 44560.0
476582.600000 4206322.000000 44590.0
476537.200000 4206059.200000 44620.0
476534.400000 4206014.000000 44650.0
476499.800000 4205885.400000 44680.0
476504.200000 4205879.900000 44710.0
476481.900000 4205774.600000 44740.0
476426.000000 4205526.300000 44770.0
476409.100000 4205494.100000 44800.0
476355.500000 4205487.500000 44830.0
476325.700000 4205483.400000 44860.0
476313.600000 4205511.300000 44890.0
476350.600000 4205576.800000 44920.0
476397.100000 4205574.600000 44950.0
476429.600000 4205584.700000 44980.0
476457.400000 4205732.300000 45010.0
476548.100000 4206140.500000 45040.0
476577.700000 4206355.800000 45070.0
476580.400000 4206361.300000 45100.0
476584.500000 4206557.700000 45130.0
476586.300000 4206620.800000 45160.0
476586.300000 4206624.200000 45190.0
476672.400000 4206637.000000 45220.0
476759.300000 4206630.000000 45250.0
476908.500000 4206622.800000 45280.0
477106.100000 4206621.000000 45310.0
477345.800000 4206655.900000 45340.0
477454.800000 4206737.700000 45370.0
477563.400000 4206961.700000 45400.0
477701.900000 4206882.600000 45430.0
477739.900000 4207016.700000 45460.0
477739.900000 4207018.000000 45490.0
477747.800000 4207039.900000 45520.0
477754.900000 4207046.700000 45550.0
477763.600000 4207059.800000 45580.0
477781.300000 4207079.600000 45610.0
477782.900000 4207080.900000 45640.0
477809.300000 4207105.400000 45670.0
477819.800000 4207109.600000 45700.0
477984.400000 4207289.900000 45760.0
478218.200000 4207382.400000 45790.0
478327.800000 4207360.900000 45820.0
478423.200000 4207604.900000 45850.0
478460.300000 4207680.100000 45880.0
478566.100000 4207869.500000 45910.0
478852.500000 4208306.000000 45940.0
479163.500000 4208756.800000 45970.0
479407.300000 4209077.800000 46000.0
479813.500000 4209404.000000 46030.0
479931.600000 4209578.100000 46060.0
480027.500000 4209713.300000 46090.0
480173.300000 4209773.100000 46120.0
480257.800000 4209882.900000 46150.0
480480.600000 4209829.000000 46180.0
480848.300000 4209467.600000 46210.0
481405.200000 4209337.600000 46240.0
481664.700000 4209194.000000 46270.0
481917.900000 4209038.100000 46300.0
482001.100000 4208974.800000 46330.0
482082.700000 4208915.800000 46360.0
481998.000000 4208678.600000 46390.0
482104.900000 4208589.400000 46420.0
482249.500000 4208485.800000 46450.0
482287.100000 4208432.400000 46480.0
482359.000000 4208396.700000 46510.0
482652.100000 4208426.200000 46540.0
482848.600000 4208402.500000 46570.0
482848.400000 4208275.100000 46600.0
482992.200000 4208221.400000 46630.0
483119.100000 4208062.500000 46660.0
483176.000000 4207942.600000 46690.0
483293.600000 4207915.700000 46720.0
483446.400000 4207975.400000 46750.0
483414.500000 4207868.900000 46780.0
483404.800000 4207870.100000 46810.0
483370.600000 4207819.000000 47680.0
483369.700000 4207819.000000 47710.0
483355.600000 4207776.700000 47740.0
483271.300000 4207737.900000 47770.0
483245.000000 4207732.500000 47800.0
483217.700000 4207723.700000 47830.0
483192.300000 4207718.200000 47860.0
483162.400000 4207706.000000 47890.0
483109.700000 4207697.200000 47920.0
483051.700000 4207679.500000 48130.0
483006.000000 4207672.900000 48160.0
482926.900000 4207621.000000 48460.0
482896.600000 4207420.400000 48490.0
482843.200000 4207070.100000 48520.0
482960.700000 4206972.100000 48550.0
482931.200000 4206745.700000 48580.0
482790.400000 4206577.500000 48610.0
482558.400000 4206447.200000 48640.0
482388.800000 4206366.700000 48670.0
481974.000000 4206217.800000 48700.0
481802.600000 4206082.700000 48730.0
481508.800000 4205820.600000 48760.0
481364.600000 4205748.900000 48790.0
481326.900000 4205719.000000 48820.0
481221.400000 4205678.100000 48850.0
481050.900000 4205564.300000 48880.0
480989.300000 4205517.800000 48910.0
480977.900000 4205514.500000 48940.0
480856.400000 4205400.500000 49000.0
480779.000000 4205318.600000 49030.0
480750.800000 4205294.100000 49060.0
480702.500000 4205251.000000 49090.0
480547.600000 4205122.700000 49120.0
480508.000000 4205094.900000 49150.0
480497.500000 4205088.100000 49180.0
480471.100000 4205067.000000 49210.0
480424.500000 4205035.000000 49240.0
480367.300000 4204991.900000 49270.0
480267.900000 4204903.300000 49300.0
480239.700000 4204872.400000 49330.0
480237.000000 4204872.500000 49360.0
480202.600000 4204743.900000 49390.0
480253.200000 4204627.400000 49420.0
480407.100000 4204339.600000 49450.0
480609.200000 4204051.700000 49480.0
480742.100000 4203783.900000 49510.0
480589.000000 4203652.200000 49540.0
480273.200000 4203392.300000 49570.0
479871.900000 4203414.400000 49600.0
479640.300000 4203495.000000 49630.0
479491.900000 4203522.000000 49660.0
479469.900000 4203486.500000 49690.0
479454.100000 4203467.500000 49720.0
479382.900000 4203457.500000 49750.0
479359.100000 4203446.600000 49780.0
479335.200000 4203422.100000 49810.0
479300.000000 4203392.100000 49840.0
479285.000000 4203381.100000 49870.0
479226.200000 4203371.100000 49930.0
479215.700000 4203371.200000 49960.0
479178.800000 4203352.200000 50020.0
479170.900000 4203352.200000 50050.0
479105.900000 4203339.300000 50200.0
479105.000000 4203337.100000 50230.0
479004.800000 4203335.300000 50260.0
478966.200000 4203351.000000 50290.0
478937.200000 4203362.100000 50320.0
478880.200000 4203383.400000 50470.0
478868.800000 4203380.100000 50500.0
478857.300000 4203362.300000 50530.0
478808.100000 4203360.300000 50560.0
478779.100000 4203356.200000 50590.0
478758.800000 4203350.700000 50620.0
478708.700000 4203359.700000 50710.0
478689.500000 4203357.700000 50740.0
478654.300000 4203338.700000 50770.0
478639.300000 4203334.500000 50800.0
478610.300000 4203310.100000 50830.0
478592.700000 4203299.900000 50860.0
478591.800000 4203297.800000 50890.0
478543.600000 4203290.300000 50920.0
478531.300000 4203287.000000 50950.0
478509.200000 4203230.300000 50980.0
478572.400000 4203228.900000 51010.0
478680.500000 4203257.400000 51040.0
478839.500000 4203281.500000 51070.0
478867.500000 4203230.200000 51100.0
478765.200000 4203046.400000 51130.0
478769.400000 4202992.200000 51160.0
478787.000000 4202979.000000 51220.0
478803.700000 4202972.200000 51250.0
478810.700000 4202959.100000 51280.0
478811.600000 4202965.900000 51310.0
478862.400000 4202936.900000 51340.0
478872.200000 4202936.900000 51370.0
478988.800000 4202883.300000 51430.0
479104.600000 4202836.400000 51460.0
479237.200000 4202808.200000 51490.0
479316.100000 4202759.300000 51520.0
479333.600000 4202723.700000 51550.0
479519.400000 4202593.300000 51580.0
479649.300000 4202541.800000 51610.0
479714.200000 4202517.100000 51640.0
479829.200000 4202468.900000 51670.0
479964.200000 4202397.500000 51700.0
479930.600000 4202267.700000 51730.0
479816.100000 4202181.600000 51760.0
479743.300000 4202222.800000 51790.0
479722.700000 4202411.600000 51820.0
479562.200000 4202486.500000 51850.0
479443.800000 4202574.400000 51880.0
479308.200000 4202785.600000 51910.0
479280.200000 4202855.500000 51940.0
479320.800000 4202943.000000 51970.0
479464.800000 4202919.300000 52000.0
479487.500000 4202896.000000 52030.0
479730.100000 4202958.500000 52090.0
479733.700000 4203006.300000 52120.0
479738.900000 4203020.700000 52150.0
479748.700000 4203046.000000 52180.0
479749.600000 4203052.800000 52210.0
479510.100000 4203137.600000 52240.0
479287.200000 4203227.900000 52270.0
479116.900000 4203288.400000 52300.0
479117.000000 4203292.700000 52330.0
479041.300000 4203247.600000 52390.0
479040.500000 4203244.200000 52420.0
479022.800000 4203203.200000 52450.0
479019.200000 4203201.100000 52480.0
479004.200000 4203154.600000 52510.0
478990.900000 4203132.600000 52540.0
478990.100000 4203129.200000 52570.0
478958.300000 4203070.400000 52600.0
478951.200000 4203052.700000 52630.0
478919.300000 4202981.700000 52660.0
478912.300000 4202971.500000 52690.0
478895.400000 4202931.800000 52720.0
478744.400000 4202641.400000 52750.0
478544.600000 4202458.600000 52780.0
478428.700000 4202478.000000 52810.0
478205.000000 4202597.100000 52840.0
478068.500000 4202774.000000 52870.0
478032.600000 4202806.200000 52900.0
478003.600000 4202828.300000 52930.0
477991.800000 4202654.000000 52960.0
478114.900000 4202406.000000 52990.0
478110.300000 4202325.200000 53020.0
478015.800000 4202441.000000 53050.0
477944.000000 4202513.100000 53080.0
477824.600000 4202525.700000 53110.0
477725.400000 4202538.300000 53140.0
477767.300000 4202798.900000 53170.0
477857.000000 4202806.300000 53200.0
477937.800000 4202821.700000 53230.0
478207.800000 4202927.600000 53260.0
478206.900000 4202931.000000 53290.0
478391.200000 4203168.000000 53320.0
478461.100000 4203415.400000 53350.0
478616.800000 4203479.300000 53380.0
478808.400000 4203555.500000 53410.0
479040.000000 4203788.900000 53440.0
479131.500000 4203892.000000 53470.0
479209.000000 4203977.300000 53500.0
479234.400000 4203982.700000 53530.0
479387.600000 4204160.900000 53560.0
479491.700000 4204299.500000 53590.0
479640.400000 4204426.500000 53620.0
479720.500000 4204509.700000 53650.0
479846.300000 4204594.900000 53680.0
479959.700000 4204665.700000 53710.0
480034.500000 4204697.700000 53740.0
480057.300000 4204709.900000 53770.0
480130.300000 4204772.000000 53800.0
480210.300000 4204828.500000 53830.0
480227.100000 4204841.600000 53860.0
480316.900000 4204926.900000 53890.0
480405.800000 4205005.400000 53920.0
480408.500000 4205008.800000 53950.0
480456.000000 4205044.200000 53980.0
480456.000000 4205040.800000 54010.0
480431.700000 4205185.200000 54100.0
480437.500000 4205419.200000 54130.0
480520.400000 4205567.600000 54160.0
480594.300000 4205683.000000 54190.0
480688.600000 4205825.000000 54220.0
480692.100000 4205835.100000 54250.0
480717.700000 4205877.400000 54280.0
480719.400000 4205885.000000 54310.0
480719.500000 4205940.400000 54340.0
480583.600000 4206024.200000 54370.0
480405.700000 4206149.900000 54400.0
480263.700000 4206235.700000 54430.0
480353.700000 4206383.200000 54460.0
480506.000000 4206589.400000 54490.0
480601.100000 4206722.500000 54520.0
480890.900000 4207130.200000 54550.0
481104.100000 4207429.400000 54580.0
481315.500000 4207799.700000 54610.0
481413.800000 4208183.400000 54640.0
481643.800000 4208154.900000 54670.0
481776.200000 4208097.900000 54700.0
481993.700000 4207997.500000 54730.0
482025.300000 4207981.000000 54760.0
482119.100000 4207947.300000 54790.0
482126.100000 4207951.500000 54820.0
482291.900000 4207867.800000 54850.0
482462.000000 4207801.800000 54880.0
482798.800000 4207692.300000 54910.0
482951.600000 4207785.100000 54940.0
483053.000000 4207993.600000 54970.0
483198.500000 4207932.400000 55000.0
483353.800000 4207869.000000 55030.0
483440.100000 4207981.800000 55060.0
483385.500000 4207889.700000 55090.0
483372.200000 4207857.500000 55120.0
483380.000000 4207852.000000 55150.0
483382.700000 4207839.700000 55810.0
483356.300000 4207777.500000 55840.0
483146.400000 4207719.100000 55870.0
482904.000000 4207655.300000 55900.0
482531.600000 4207552.800000 55930.0
482449.000000 4207531.800000 55960.0
482001.300000 4207516.300000 55990.0
481789.500000 4207798.600000 56020.0
481769.300000 4207826.600000 56050.0
481628.400000 4208014.400000 56080.0
481333.100000 4208223.800000 56110.0
481051.000000 4208459.700000 56140.0
480772.500000 4208678.800000 56170.0
480679.600000 4208746.700000 56200.0
480655.000000 4208761.200000 56230.0
480518.300000 4208860.100000 56260.0
480499.900000 4208874.500000 56290.0
480362.400000 4208967.100000 56320.0
480118.700000 4209142.100000 56350.0
479889.200000 4209322.600000 56380.0
479884.800000 4209326.800000 56410.0
479814.800000 4209375.600000 56440.0
479812.100000 4209376.900000 56470.0
479702.200000 4209264.200000 56530.0
479288.300000 4209018.900000 56560.0
479177.200000 4208821.500000 56590.0
478958.000000 4208544.800000 56620.0
478686.500000 4208086.300000 56650.0
478570.200000 4207912.200000 56680.0
478539.300000 4207864.500000 56710.0
478513.700000 4207823.500000 56740.0
478474.800000 4207744.800000 56770.0
478473.100000 4207744.900000 56800.0
478426.300000 4207638.300000 56830.0
478301.800000 4207317.000000 56860.0
478202.000000 4207058.600000 56890.0
478190.500000 4207043.000000 56920.0
478179.900000 4207030.700000 56950.0
478032.800000 4206842.400000 56980.0
477820.900000 4206747.700000 57010.0
477812.100000 4206738.800000 57040.0
477798.100000 4206726.600000 57070.0
477897.700000 4206545.600000 57100.0
477915.100000 4206465.600000 57130.0
477885.900000 4206410.200000 57160.0
477843.300000 4206233.000000 57190.0
477673.300000 4206032.800000 57220.0
477490.000000 4205830.100000 57250.0
477346.400000 4205662.100000 57280.0
477156.200000 4205456.100000 57310.0
477036.500000 4205351.000000 57340.0
477025.900000 4205297.700000 57370.0
476943.500000 4205366.900000 57400.0
477002.500000 4205437.900000 57430.0
477132.800000 4205589.400000 57460.0
477231.500000 4205707.700000 57490.0
477201.000000 4205844.100000 57520.0
477411.800000 4205877.800000 57550.0
477652.700000 4205987.100000 57580.0
477767.100000 4206036.800000 57610.0
477774.900000 4206042.300000 57640.0
477865.200000 4206277.300000 57790.0
477838.100000 4206348.500000 57820.0
477653.700000 4206346.900000 57850.0
477560.000000 4206429.300000 57880.0
477550.300000 4206429.300000 57910.0
477491.900000 4206583.500000 57970.0
477344.700000 4206682.600000 58000.0
477097.900000 4206638.800000 58030.0
476961.100000 4206701.400000 58060.0
476958.200000 4206919.800000 58090.0
476971.200000 4207187.300000 58120.0
477060.700000 4207162.500000 58150.0
477243.200000 4207112.000000 58180.0
477319.100000 4207228.200000 58210.0
477389.500000 4207349.100000 58240.0
477389.800000 4207450.200000 58270.0
477531.400000 4207551.800000 58300.0
477612.500000 4207692.600000 58330.0
477569.700000 4207787.900000 58360.0
477490.800000 4207839.300000 58390.0
477514.000000 4207969.200000 58420.0
477571.300000 4208076.600000 58450.0
477620.800000 4208183.900000 58480.0
477716.900000 4208355.500000 58510.0
477784.800000 4208449.700000 58540.0
477871.800000 4208481.600000 58570.0
477907.100000 4208547.200000 58600.0
478040.900000 4208687.700000 58630.0
478271.200000 4208806.900000 58660.0
478516.600000 4209006.000000 58690.0
478745.900000 4209106.600000 58720.0
478772.400000 4209204.300000 58750.0
478734.800000 4209207.800000 58780.0
478711.800000 4209133.400000 58810.0
478512.400000 4209038.600000 58840.0
478328.800000 4209020.100000 58870.0
478306.100000 4209042.100000 58900.0
478235.200000 4209123.200000 58930.0
478271.500000 4209224.200000 58960.0
478303.200000 4209276.200000 58990.0
478306.800000 4209297.400000 59020.0
478439.300000 4209279.200000 59140.0
478571.600000 4209171.400000 59170.0
478528.300000 4209037.300000 59200.0
478285.100000 4209010.000000 59230.0
478263.200000 4209008.800000 59260.0
