481844.500000 4208895.200000 23282.0
481843.600000 4208873.200000 23402.0
481844.300000 4208807.600000 23432.0
481727.800000 4208889.900000 23462.0
481682.200000 4208943.400000 23492.0
481797.600000 4209108.600000 23522.0
481985.100000 4209379.100000 23552.0
482176.100000 4209608.500000 23582.0
482250.900000 4209678.200000 23612.0
482469.100000 4209947.300000 23642.0
482672.200000 4210173.300000 23672.0
482766.700000 4210444.800000 23702.0
482899.600000 4210598.600000 23732.0
482903.900000 4210598.600000 23762.0
482983.200000 4210751.700000 23792.0
483104.100000 4211103.200000 23822.0
483281.200000 4211474.400000 23852.0
483299.500000 4211824.800000 23882.0
483072.900000 4212105.900000 23912.0
483123.800000 4212523.100000 23942.0
483172.700000 4212909.100000 23972.0
483230.800000 4213004.200000 24002.0
483281.000000 4213089.600000 24032.0
483287.400000 4213175.900000 24062.0
483291.100000 4213271.100000 24092.0
483292.000000 4213328.700000 24122.0
483324.000000 4213475.100000 24152.0
483318.800000 4213481.800000 24182.0
483363.600000 4213574.000000 24212.0
483404.100000 4213663.700000 24242.0
483402.700000 4213788.100000 24272.0
483395.800000 4213842.300000 24302.0
483391.800000 4214017.500000 24332.0
483524.800000 4214288.200000 24362.0
483629.900000 4214649.800000 24392.0
483771.000000 4215011.400000 24422.0
483820.700000 4215254.300000 24452.0
483929.700000 4215425.900000 24482.0
484099.300000 4215597.400000 24512.0
484314.800000 4215881.000000 24542.0
484459.400000 4216316.700000 24572.0
484703.100000 4216743.300000 24602.0
485139.700000 4217181.900000 24632.0
485609.300000 4217531.500000 24662.0
485919.200000 4217731.600000 24692.0
486081.600000 4217841.400000 24722.0
486420.500000 4218129.500000 24752.0
486722.300000 4218233.100000 24782.0
486888.100000 4218319.200000 24812.0
487216.500000 4218661.500000 24842.0
487451.100000 4218975.200000 24872.0
487257.900000 4219350.500000 24902.0
487321.500000 4219722.000000 24932.0
487342.600000 4219780.800000 24962.0
487341.000000 4219776.600000 24992.0
487344.500000 4219801.100000 25322.0
487471.900000 4220046.000000 25352.0
487555.500000 4220254.500000 25382.0
487505.700000 4220356.600000 25412.0
487289.700000 4220660.000000 25442.0
487418.000000 4220983.600000 25472.0
487529.700000 4221187.500000 25502.0
487534.000000 4221195.100000 25532.0
487569.900000 4221159.500000 25562.0
487466.100000 4220936.600000 25592.0
487381.600000 4220656.100000 25622.0
487357.700000 4220563.800000 25652.0
487530.800000 4220310.500000 25682.0
487425.200000 4219978.800000 25712.0
487403.200000 4219950.900000 25742.0
487279.100000 4219557.000000 25772.0
487419.500000 4219110.700000 25802.0
487436.000000 4218934.100000 25832.0
487686.600000 4218985.000000 25862.0
488168.000000 4219107.400000 25892.0
488284.500000 4219137.300000 25922.0
488405.600000 4219170.600000 25952.0
488537.700000 4218909.700000 25982.0
488649.400000 4218579.800000 26012.0
488650.800000 4218349.100000 26042.0
488632.000000 4218096.100000 26072.0
488612.500000 4217846.400000 26102.0
488604.900000 4217466.700000 26132.0
488595.900000 4217225.000000 26162.0
488471.400000 4217155.400000 26192.0
488205.800000 4217253.500000 26222.0
487914.800000 4217383.900000 26252.0
487592.600000 4217607.400000 26282.0
487264.200000 4217836.500000 26312.0
487024.200000 4217995.600000 26342.0
486908.700000 4218113.400000 26372.0
486765.000000 4218195.800000 26402.0
486623.100000 4218212.500000 26432.0
486269.400000 4218001.000000 26462.0
486036.900000 4217818.200000 26492.0
485789.500000 4217648.800000 26522.0
485399.800000 4217419.700000 26552.0
485035.300000 4217078.800000 26582.0
484766.600000 4216852.000000 26612.0
484610.900000 4217018.600000 26642.0
484606.000000 4217174.000000 26672.0
484523.100000 4217337.100000 26702.0
484386.400000 4217380.500000 26732.0
484283.500000 4217215.200000 26762.0
484253.700000 4217175.500000 26792.0
484106.000000 4216975.100000 26822.0
484074.900000 4216827.500000 26852.0
484229.200000 4216769.600000 26882.0
484258.900000 4216769.600000 26912.0
484338.800000 4216797.300000 26942.0
484456.900000 4216680.700000 26972.0
484535.700000 4216611.600000 27002.0
484557.600000 4216601.400000 27032.0
484662.900000 4216623.200000 27062.0
484611.800000 4216476.800000 27092.0
484728.200000 4216411.000000 27122.0
484780.700000 4216298.800000 27152.0
484782.300000 4216298.800000 27182.0
484794.500000 4216268.700000 27212.0
484791.800000 4216281.800000 27242.0
484761.300000 4216407.200000 27272.0
484541.400000 4216499.800000 27302.0
484510.600000 4216512.200000 27332.0
484507.100000 4216512.200000 27362.0
484481.600000 4216475.400000 27452.0
484419.800000 4216247.000000 27482.0
484407.600000 4216257.100000 27512.0
484383.300000 4216302.900000 28314.0
484372.600000 4216234.300000 28380.0
484419.100000 4216234.300000 28410.0
484383.700000 4216093.400000 28440.0
484428.300000 4216034.500000 28470.0
484475.600000 4216011.100000 28500.0
484434.200000 4215907.000000 28530.0
484404.200000 4215762.800000 28560.0
484346.000000 4215586.400000 28590.0
484166.200000 4215577.800000 28620.0
484050.200000 4215444.700000 28650.0
484023.800000 4215411.400000 28680.0
483944.700000 4215290.500000 28710.0
483937.500000 4215199.500000 28740.0
483968.400000 4214832.000000 28770.0
484072.700000 4214370.000000 28800.0
484107.600000 4214237.900000 28830.0
484107.500000 4214234.500000 28860.0
484162.300000 4213997.000000 28890.0
484157.600000 4213813.700000 28920.0
484133.400000 4213575.000000 28950.0
484152.800000 4213150.100000 28980.0
484175.100000 4212940.500000 29010.0
484337.400000 4212938.100000 29040.0
484571.600000 4212914.400000 29070.0
484595.000000 4212717.900000 29100.0
484836.100000 4212634.100000 29130.0
485072.800000 4212499.500000 29160.0
485310.300000 4212349.200000 29190.0
485434.700000 4212294.800000 29220.0
485489.900000 4212304.900000 29250.0
485533.000000 4212351.400000 29280.0
485593.500000 4212324.600000 29310.0
485668.900000 4212280.000000 29340.0
485703.900000 4212217.700000 29370.0
485627.500000 4212137.000000 29400.0
485616.800000 4212067.200000 29430.0
485684.800000 4211792.000000 29460.0
485733.500000 4211531.200000 29490.0
485700.700000 4211298.000000 29520.0
485699.800000 4211294.600000 29550.0
485707.600000 4211253.600000 29580.0
485784.300000 4211007.100000 29610.0
485790.200000 4210810.700000 29640.0
485692.500000 4210657.600000 29670.0
485507.100000 4210481.500000 29700.0
485267.200000 4210243.200000 29730.0
485014.100000 4210004.900000 29760.0
484935.800000 4209933.100000 29790.0
484913.000000 4209915.400000 29820.0
484875.300000 4209883.300000 29850.0
484847.100000 4209856.700000 29880.0
484818.100000 4209830.000000 29910.0
484801.300000 4209819.100000 29940.0
484785.600000 4209806.800000 30000.0
484724.000000 4209739.200000 30030.0
484706.400000 4209722.700000 30060.0
484639.700000 4209653.900000 30090.0
484588.700000 4209597.300000 30120.0
484539.400000 4209546.100000 30150.0
484520.900000 4209526.300000 30180.0
484508.700000 4209520.800000 30210.0
484487.600000 4209497.600000 30240.0
484448.000000 4209460.800000 30270.0
484404.000000 4209413.100000 30300.0
484319.700000 4209331.100000 30330.0
484235.400000 4209254.700000 30360.0
484092.000000 4209151.700000 30390.0
484052.500000 4209116.200000 30420.0
484066.200000 4209009.900000 30464.0
484202.900000 4208903.000000 30494.0
484087.500000 4208719.100000 30524.0
483947.600000 4208544.200000 30554.0
483842.900000 4208412.300000 30584.0
483730.300000 4208280.500000 30614.0
483599.100000 4208050.900000 30644.0
483480.300000 4207944.500000 30674.0
483414.400000 4207883.700000 30704.0
483406.900000 4207891.300000 31107.0
483397.200000 4207902.300000 31137.0
483397.200000 4207902.300000 31167.0
483416.400000 4207884.500000 31197.0
483435.000000 4207896.700000 42218.0
483450.800000 4207892.500000 42308.0
483418.300000 4207884.900000 42338.0
483509.400000 4207851.300000 42578.0
483610.300000 4208080.500000 42633.0
483730.100000 4208265.700000 42663.0
483831.300000 4208392.000000 42693.0
483927.100000 4208517.100000 42723.0
484056.400000 4208618.900000 42753.0
484185.200000 4208506.500000 42783.0
484249.200000 4208443.300000 42813.0
484325.400000 4208372.000000 42843.0
484504.200000 4208223.100000 42873.0
484676.100000 4208108.500000 42903.0
484843.700000 4208126.000000 42933.0
484959.600000 4208154.500000 42963.0
485233.600000 4208202.700000 42993.0
485478.500000 4208172.200000 43023.0
485811.000000 4208116.200000 43053.0
486076.000000 4208089.100000 43083.0
486476.100000 4208020.700000 43113.0
486686.600000 4207908.200000 43143.0
486801.200000 4207657.500000 43173.0
486911.300000 4207355.500000 43203.0
487070.400000 4206911.300000 43233.0
487273.600000 4206652.300000 43263.0
487414.700000 4206520.100000 43293.0
487531.200000 4206371.300000 43323.0
487611.000000 4206346.700000 43353.0
487722.300000 4206210.200000 43383.0
487708.700000 4205955.000000 43413.0
487707.600000 4205747.600000 43443.0
487753.800000 4205534.700000 43473.0
487871.400000 4205474.400000 43503.0
488225.000000 4205252.100000 43533.0
488653.200000 4204996.300000 43563.0
488917.000000 4204649.700000 43593.0
489343.300000 4204306.300000 43623.0
489584.700000 4204202.700000 43653.0
489527.900000 4204453.300000 43683.0
489439.600000 4204861.900000 43713.0
489335.800000 4205372.500000 43743.0
489383.700000 4205818.500000 43773.0
489483.900000 4205817.100000 43803.0
489660.300000 4205774.600000 43833.0
489750.700000 4205717.700000 43863.0
489792.800000 4205692.300000 43893.0
490084.400000 4205704.200000 43923.0
490198.500000 4205602.900000 43953.0
490426.500000 4205398.700000 43983.0
490471.200000 4205348.700000 44013.0
490472.800000 4205348.700000 44043.0
490481.600000 4205359.700000 44073.0
490459.100000 4205373.600000 48469.0
490348.500000 4205470.300000 48499.0
490241.500000 4205573.700000 48529.0
490095.000000 4205703.800000 48559.0
489885.100000 4205699.800000 48589.0
489779.000000 4205695.700000 48619.0
489666.700000 4205780.100000 48649.0
489467.400000 4205801.500000 48679.0
489403.300000 4205803.700000 48709.0
489392.100000 4205918.000000 48739.0
489392.100000 4205919.200000 48769.0
489393.800000 4205934.900000 48799.0
489394.600000 4205936.200000 48829.0
489373.500000 4205951.900000 48859.0
489285.800000 4205954.100000 48889.0
489231.400000 4205957.500000 48919.0
489213.800000 4205963.100000 48949.0
489099.600000 4205963.200000 49009.0
489065.400000 4205961.100000 49039.0
488975.000000 4205979.000000 49069.0
488928.500000 4205996.900000 49099.0
488903.100000 4206010.000000 49129.0
488863.600000 4206029.100000 49159.0
488832.800000 4206041.500000 49189.0
488730.200000 4206073.800000 49219.0
488692.500000 4206084.000000 49249.0
488566.100000 4206117.600000 49279.0
488406.400000 4206151.200000 49309.0
488272.200000 4206181.500000 49339.0
488103.600000 4206224.000000 49369.0
487989.500000 4206254.300000 49399.0
487845.500000 4206296.800000 49429.0
487783.300000 4206313.400000 49459.0
487727.000000 4206331.300000 49489.0
487566.500000 4206376.800000 49519.0
487453.600000 4206539.100000 49549.0
487350.000000 4206613.700000 49579.0
487152.700000 4206763.800000 49609.0
486995.200000 4207152.600000 49639.0
486837.100000 4207599.800000 49669.0
486794.200000 4207729.800000 49699.0
486571.700000 4208001.100000 49729.0
486491.000000 4208026.600000 49759.0
486228.600000 4208072.300000 49789.0
485957.500000 4208106.200000 49819.0
485663.600000 4208156.700000 49849.0
485389.800000 4208201.600000 49879.0
485104.500000 4208205.500000 49909.0
484776.100000 4208130.800000 49939.0
484600.600000 4208184.400000 49969.0
484506.800000 4208252.300000 49999.0
484341.200000 4208384.700000 50029.0
484242.200000 4208464.900000 50059.0
484127.400000 4208560.300000 50089.0
484048.500000 4208632.400000 50119.0
484001.900000 4208605.800000 50149.0
483831.300000 4208394.100000 50179.0
483638.600000 4208138.000000 50209.0
483530.100000 4207896.600000 50239.0
483405.500000 4207887.900000 50269.0
483396.000000 4207872.300000 51264.0
483428.500000 4207882.400000 51294.0
483416.200000 4207857.000000 51324.0
483506.600000 4207849.200000 51354.0
483568.300000 4208003.100000 51384.0
483624.800000 4208111.800000 51414.0
483783.300000 4208331.200000 51444.0
483883.600000 4208452.900000 51474.0
483964.500000 4208550.500000 51504.0
484023.400000 4208622.300000 51534.0
483921.800000 4208714.800000 51564.0
483740.400000 4208841.700000 51594.0
483785.200000 4208886.900000 51624.0
483827.400000 4208914.700000 51654.0
483917.100000 4208971.300000 51684.0
483930.400000 4208985.600000 51714.0
483948.800000 4209004.700000 51744.0
483988.400000 4209044.400000 51774.0
484050.800000 4209103.100000 51804.0
484102.600000 4209147.400000 51834.0
484237.800000 4209244.900000 51864.0
484370.700000 4209375.500000 51894.0
484480.500000 4209488.300000 51924.0
484600.100000 4209607.800000 51954.0
484666.800000 4209673.300000 51984.0
484743.300000 4209751.000000 52014.0
484791.600000 4209799.600000 52044.0
484890.000000 4209902.700000 52074.0
484903.200000 4209909.500000 52104.0
484921.700000 4209925.100000 52134.0
484971.800000 4209968.200000 52164.0
485176.700000 4210158.700000 52194.0
485429.000000 4210390.200000 52224.0
485726.000000 4210662.700000 52254.0
485804.500000 4210869.100000 52284.0
485783.100000 4211162.000000 52314.0
485755.100000 4211234.000000 52344.0
485730.500000 4211249.700000 52374.0
485821.100000 4211370.600000 52404.0
486074.100000 4211567.800000 52434.0
485880.400000 4211669.300000 52464.0
485713.200000 4211835.100000 52494.0
485643.400000 4212026.100000 52524.0
485565.300000 4212067.300000 52554.0
485456.500000 4212051.000000 52584.0
485453.000000 4212052.300000 52614.0
485477.900000 4212197.400000 52644.0
485380.700000 4212300.800000 52674.0
485060.800000 4212497.800000 52704.0
484658.500000 4212687.300000 52734.0
484585.300000 4212911.800000 52764.0
484244.200000 4212933.600000 52794.0
484158.500000 4213091.200000 52824.0
484133.800000 4213449.800000 52854.0
484156.300000 4213770.500000 52884.0
484150.600000 4213995.700000 52914.0
484112.200000 4214152.400000 52944.0
484060.000000 4214367.900000 52974.0
483980.800000 4214713.100000 53004.0
483949.100000 4215057.200000 53034.0
484048.400000 4215217.900000 53064.0
484129.200000 4215337.500000 53094.0
484107.400000 4215362.100000 53124.0
484105.000000 4215489.500000 53154.0
484297.100000 4215559.000000 53184.0
484449.900000 4215679.700000 53214.0
484544.900000 4215902.600000 53244.0
484526.000000 4216075.800000 53274.0
484512.900000 4216132.500000 53304.0
484512.900000 4216136.700000 53334.0
484525.300000 4216225.600000 53364.0
484553.600000 4216341.900000 53394.0
484630.100000 4216442.900000 53424.0
484759.700000 4216372.900000 53454.0
484777.100000 4216290.700000 53484.0
484798.900000 4216228.500000 53514.0
484767.600000 4216388.100000 53544.0
484546.900000 4216490.500000 53574.0
484522.300000 4216502.800000 53604.0
484496.900000 4216509.700000 53634.0
484488.200000 4216499.500000 53664.0
484423.700000 4216260.900000 53694.0
484368.600000 4216287.700000 53724.0
484210.900000 4216414.500000 53754.0
484088.200000 4216436.800000 53784.0
484063.400000 4216324.700000 53814.0
483997.700000 4216342.600000 53844.0
483924.200000 4216363.900000 53874.0
483944.700000 4216493.800000 53904.0
483988.800000 4216656.600000 53934.0
484001.100000 4216706.600000 53964.0
484152.700000 4216635.200000 53994.0
484231.700000 4216690.500000 54024.0
484235.300000 4216745.900000 54054.0
484206.400000 4216765.000000 54084.0
484052.200000 4216809.700000 54114.0
484088.400000 4216939.600000 54144.0
484237.700000 4217142.500000 54174.0
484273.800000 4217186.900000 54204.0
484324.900000 4217354.400000 54234.0
484191.900000 4217473.100000 54264.0
484314.000000 4217569.400000 54294.0
484543.000000 4217731.100000 54324.0
484644.200000 4217936.200000 54354.0
484816.600000 4218213.100000 54384.0
484945.500000 4218193.800000 54414.0
485170.500000 4218064.700000 54444.0
485356.700000 4218301.900000 54474.0
485493.600000 4218380.300000 54504.0
485533.100000 4218392.500000 54534.0
485418.500000 4218546.800000 54564.0
485331.900000 4218627.800000 54594.0
485380.000000 4218595.600000 54624.0
485512.100000 4218411.200000 54654.0
485645.000000 4218231.100000 54684.0
485900.900000 4217889.100000 54742.0
485945.300000 4217767.900000 54772.0
485945.300000 4217764.600000 54802.0
485963.700000 4217759.000000 54832.0
486098.000000 4217845.100000 54862.0
486422.000000 4218124.400000 54892.0
486533.400000 4218172.900000 54922.0
486768.300000 4218185.600000 54952.0
487017.000000 4217996.400000 54982.0
487017.800000 4217995.200000 55012.0
487125.600000 4217907.400000 55042.0
487488.300000 4217723.500000 55072.0
487867.400000 4217424.600000 55102.0
488040.000000 4217343.500000 55132.0
488115.100000 4217661.700000 55162.0
488151.400000 4217911.300000 55192.0
488160.100000 4217936.700000 55222.0
488189.200000 4218066.600000 55252.0
488181.000000 4218371.800000 55282.0
488036.500000 4218467.200000 55312.0
487862.900000 4218454.400000 55342.0
487793.800000 4218554.400000 55372.0
487884.200000 4218611.000000 55402.0
487810.100000 4218887.500000 55432.0
487660.200000 4218973.200000 55462.0
487470.900000 4218925.600000 55492.0
487468.200000 4218929.000000 55522.0
487445.500000 4218948.900000 55552.0
487316.200000 4219208.600000 55582.0
487316.900000 4219705.500000 55612.0
487469.100000 4220043.900000 55642.0
487531.700000 4220311.300000 55672.0
487352.400000 4220562.100000 55702.0
487434.400000 4220880.300000 55732.0
487545.300000 4221133.200000 55762.0
487548.900000 4221233.100000 55792.0
487523.500000 4221215.400000 55822.0
487513.800000 4221204.400000 55852.0
487398.600000 4220963.700000 55882.0
487279.800000 4220678.600000 55912.0
487383.900000 4220514.300000 55942.0
487535.100000 4220291.000000 55972.0
487501.600000 4220106.900000 56002.0
487307.200000 4219703.400000 56032.0
487279.300000 4219258.600000 56062.0
487434.800000 4218924.400000 56092.0
487159.000000 4218567.600000 56122.0
486881.600000 4218308.600000 56152.0
486766.600000 4218247.800000 56182.0
486621.900000 4218204.900000 56212.0
486250.700000 4217966.800000 56242.0
485971.600000 4217757.700000 56272.0
485824.100000 4217656.800000 56302.0
485452.000000 4217445.400000 56332.0
485055.000000 4217090.200000 56362.0
484658.800000 4216707.000000 56392.0
484513.000000 4216538.800000 56422.0
484489.200000 4216497.800000 56452.0
484475.100000 4216469.900000 56482.0
484392.800000 4216108.200000 56512.0
484441.800000 4216013.700000 56542.0
484441.600000 4215898.100000 56572.0
484402.600000 4215735.300000 56602.0
484319.900000 4215575.900000 56632.0
484145.400000 4215545.300000 56662.0
484024.000000 4215388.900000 56692.0
483929.000000 4215255.800000 56722.0
483918.500000 4215251.600000 56752.0
483953.200000 4215029.700000 56782.0
483952.000000 4214861.300000 56812.0
484031.100000 4214481.400000 56842.0
484099.800000 4214208.300000 56872.0
484154.500000 4213935.200000 56902.0
484152.600000 4213808.600000 56932.0
484128.400000 4213582.200000 56962.0
484136.400000 4213246.200000 56992.0
484152.700000 4213037.500000 57022.0
484148.200000 4212947.700000 57052.0
484259.700000 4212947.500000 57082.0
484460.600000 4212930.600000 57112.0
484628.000000 4212907.100000 57142.0
484607.400000 4212706.500000 57172.0
484878.300000 4212620.500000 57202.0
484959.800000 4212566.100000 57232.0
484980.900000 4212550.400000 57262.0
485010.600000 4212523.700000 57292.0
485077.100000 4212478.300000 57322.0
485147.100000 4212430.400000 57352.0
485186.600000 4212408.300000 57382.0
485227.700000 4212378.200000 57412.0
485246.100000 4212368.000000 57442.0
485291.700000 4212341.200000 57472.0
485348.700000 4212306.800000 57502.0
485377.700000 4212330.100000 57532.0
485461.900000 4212354.500000 57562.0
485469.800000 4212358.700000 57592.0
485584.700000 4212326.300000 57652.0
485548.300000 4212124.500000 57682.0
485633.300000 4212011.300000 57712.0
485681.000000 4211723.800000 57742.0
485727.000000 4211400.000000 57772.0
485682.900000 4211282.400000 57802.0
485715.300000 4211256.900000 57832.0
485775.400000 4210979.600000 57862.0
485727.600000 4210697.800000 57892.0
485556.300000 4210529.600000 57922.0
485440.200000 4210416.800000 57952.0
485219.700000 4210228.400000 57982.0
484998.200000 4210003.700000 58012.0
484973.500000 4209984.700000 58042.0
484866.200000 4209887.100000 58072.0
484821.500000 4209851.600000 58102.0
484803.900000 4209833.900000 58132.0
484722.000000 4209755.300000 58162.0
484713.300000 4209755.300000 58192.0
484602.500000 4209641.300000 58222.0
484425.700000 4209459.600000 58252.0
484278.800000 4209325.700000 58282.0
484103.000000 4209183.000000 58312.0
484006.200000 4209086.700000 58342.0
484093.800000 4209003.100000 58372.0
484183.900000 4208872.100000 58402.0
484045.700000 4208667.100000 58432.0
483877.800000 4208462.200000 58462.0
483702.700000 4208248.400000 58492.0
483569.700000 4208022.200000 58522.0
483456.200000 4207871.300000 58552.0
483384.200000 4207868.100000 58582.0
483383.300000 4207837.200000 58612.0
483360.300000 4207842.700000 59555.0
483449.000000 4207867.100000 59585.0
483508.600000 4207856.400000 59632.0
483580.100000 4208028.100000 59662.0
483682.300000 4208211.200000 59692.0
483837.100000 4208396.200000 59722.0
483877.600000 4208447.400000 59752.0
483963.000000 4208556.000000 59782.0
483844.600000 4208634.100000 59812.0
483744.600000 4208693.100000 59842.0
483690.300000 4208739.800000 59872.0
483670.200000 4208811.800000 59902.0
483774.000000 4208879.300000 59932.0
484026.300000 4209075.200000 59962.0
484126.500000 4209162.600000 59992.0
484303.300000 4209313.400000 60022.0
484352.600000 4209361.100000 60052.0
484501.100000 4209506.000000 60082.0
484594.000000 4209420.300000 60112.0
484651.100000 4209410.100000 60142.0
484773.300000 4209528.400000 60172.0
484854.200000 4209610.300000 60202.0
484934.800000 4209583.500000 60232.0
484848.600000 4209480.400000 60262.0
484919.600000 4209420.200000 60292.0
484967.900000 4209464.500000 60322.0
485046.200000 4209555.400000 60352.0
485121.800000 4209627.200000 60382.0
485204.500000 4209704.900000 60412.0
485171.300000 4209787.100000 60442.0
485087.900000 4209725.000000 60472.0
485058.900000 4209700.500000 60502.0
484971.900000 4209625.300000 60532.0
484910.500000 4209672.000000 60562.0
484793.000000 4209768.700000 60592.0
484822.100000 4209828.800000 60622.0
484949.500000 4209947.000000 60652.0
485090.200000 4210073.300000 60682.0
485218.400000 4210188.700000 60712.0
485374.000000 4210334.800000 60742.0
485490.800000 4210442.100000 60772.0
485544.500000 4210489.900000 60802.0
485775.600000 4210702.400000 60832.0
485796.300000 4210937.700000 60862.0
485796.300000 4210966.400000 60892.0
485771.300000 4211195.000000 60922.0
485467.800000 4211213.300000 60952.0
485151.000000 4211222.800000 60982.0
485077.400000 4211235.200000 61012.0
484746.800000 4211364.500000 61042.0
484442.600000 4211491.600000 61072.0
484268.700000 4211357.800000 61102.0
484044.100000 4211362.400000 61132.0
483687.900000 4211400.800000 61162.0
483584.400000 4211444.200000 61192.0
483520.400000 4211479.900000 61222.0
483506.300000 4211484.100000 61252.0
483412.500000 4211518.600000 61282.0
483398.500000 4211520.700000 61312.0
483391.400000 4211522.000000 61342.0
483323.900000 4211573.400000 61372.0
483212.200000 4211850.800000 61402.0
483075.600000 4211964.100000 61432.0
483081.300000 4212223.600000 61462.0
483122.500000 4212637.400000 61492.0
483137.500000 4212691.600000 61522.0
483145.400000 4212695.800000 61552.0
483152.500000 4212734.700000 61672.0
483233.600000 4212991.900000 61702.0
483291.300000 4213279.200000 61732.0
483295.100000 4213414.600000 61762.0
483356.000000 4213578.700000 61792.0
483338.400000 4213609.600000 61822.0
483276.600000 4213384.600000 61852.0
483263.700000 4213046.000000 61882.0
483188.000000 4212926.400000 61912.0
483134.800000 4212667.000000 61942.0
483086.600000 4212270.100000 61972.0
483138.500000 4211868.300000 62002.0
483319.500000 4211617.400000 62032.0
483238.400000 4211396.600000 62062.0
483234.900000 4211394.500000 62092.0
483110.700000 4211126.400000 62122.0
482976.700000 4210817.300000 62152.0
482914.000000 4210640.100000 62182.0
482838.400000 4210562.400000 62212.0
482749.500000 4210484.700000 62242.0
482605.200000 4210314.000000 62272.0
482512.600000 4210107.600000 62302.0
482353.200000 4209843.900000 62332.0
482317.100000 4209804.100000 62362.0
482139.500000 4209619.100000 62392.0
481979.400000 4209426.500000 62422.0
481859.700000 4209263.800000 62452.0
481793.700000 4209187.300000 62482.0
481854.900000 4209075.000000 62512.0
481931.700000 4208922.900000 62542.0
481848.100000 4208823.200000 62572.0
481818.400000 4208864.300000 62602.0
481829.000000 4208887.600000 62632.0
