476001.200000 4213524.500000 25201.0
475998.600000 4213545.700000 25381.0
476023.000000 4213483.400000 25411.0
476144.000000 4213444.100000 25441.0
476228.300000 4213474.800000 25471.0
476305.400000 4213471.200000 25501.0
476504.200000 4213380.900000 25531.0
476532.500000 4213446.400000 25561.0
476560.500000 4213694.800000 25591.0
476562.000000 4213935.600000 25621.0
476546.900000 4214165.500000 25651.0
476639.500000 4214282.900000 25681.0
476780.900000 4214368.800000 25711.0
476884.900000 4214252.100000 25741.0
476936.400000 4214186.400000 25771.0
476940.800000 4214187.600000 25801.0
476957.500000 4214164.300000 26041.0
477014.800000 4213961.000000 26071.0
476950.000000 4213720.300000 26101.0
476959.700000 4213398.600000 26131.0
476941.100000 4213061.300000 26161.0
476937.500000 4212708.300000 26191.0
476976.100000 4212388.700000 26221.0
476891.000000 4212082.500000 26251.0
476828.100000 4211823.200000 26281.0
476812.500000 4211578.200000 26311.0
476836.700000 4211438.400000 26341.0
476756.400000 4211262.100000 26371.0
476837.300000 4211023.200000 26401.0
476842.400000 4210964.300000 26431.0
476816.600000 4210852.300000 26461.0
476818.000000 4210763.400000 26491.0
476805.500000 4210651.200000 26521.0
476785.800000 4210485.000000 26551.0
476789.000000 4210368.600000 26581.0
476849.100000 4210196.500000 26611.0
476876.000000 4210074.600000 26641.0
476884.600000 4210033.500000 26671.0
476971.400000 4210018.900000 26701.0
477050.300000 4209988.600000 26731.0
477062.600000 4209997.400000 26761.0
477174.700000 4210218.900000 26791.0
477346.400000 4210477.900000 26821.0
477527.100000 4210747.000000 26851.0
477556.200000 4210790.100000 26881.0
477564.100000 4210802.400000 26911.0
477607.200000 4210863.200000 26971.0
477627.600000 4210891.100000 27001.0
477627.600000 4210891.100000 27031.0
477692.700000 4210973.000000 27061.0
477728.800000 4211014.000000 27091.0
477728.800000 4211014.000000 27121.0
477799.100000 4211085.700000 27151.0
477808.800000 4211094.600000 27181.0
477809.700000 4211094.600000 27211.0
477892.800000 4210996.600000 27271.0
477938.900000 4210866.500000 27301.0
477965.000000 4210800.800000 27331.0
477971.200000 4210793.200000 27361.0
478033.900000 4210630.100000 27991.0
478110.400000 4210412.300000 28021.0
478200.200000 4210173.400000 28051.0
478333.500000 4210136.200000 28081.0
478277.800000 4209979.700000 28111.0
478411.100000 4209919.300000 28141.0
478663.900000 4209977.500000 28171.0
478803.200000 4209864.100000 28201.0
478810.200000 4209842.900000 28231.0
479096.500000 4209628.000000 28261.0
479258.600000 4209497.700000 28291.0
479373.500000 4209468.600000 28321.0
479765.700000 4209401.200000 28351.0
479765.700000 4209402.400000 28381.0
479809.400000 4209366.800000 28411.0
479971.500000 4209228.800000 28441.0
480053.800000 4209171.000000 28471.0
480100.300000 4209146.400000 28501.0
480216.800000 4209064.000000 28531.0
480257.100000 4209033.800000 28561.0
480372.700000 4208946.000000 28591.0
480483.100000 4208861.500000 28621.0
480788.100000 4208626.700000 28651.0
480977.200000 4208479.800000 28681.0
480991.300000 4208472.200000 28711.0
481025.400000 4208439.900000 28951.0
481049.900000 4208422.100000 28981.0
481051.600000 4208422.100000 29011.0
481084.000000 4208396.600000 29041.0
481094.500000 4208386.400000 29071.0
481181.300000 4208326.100000 29581.0
481277.700000 4208256.100000 29611.0
481278.500000 4208254.800000 29641.0
481471.200000 4208106.600000 29671.0
481723.500000 4207852.100000 29701.0
481858.000000 4207614.400000 29731.0
481860.700000 4207613.100000 29761.0
481882.600000 4207582.200000 29791.0
481912.300000 4207548.600000 29821.0
481913.100000 4207548.600000 29851.0
482086.700000 4207460.700000 29881.0
482234.300000 4207470.500000 29911.0
482351.000000 4207488.000000 29941.0
482352.700000 4207486.700000 29971.0
482483.500000 4207516.500000 30001.0
482878.600000 4207623.200000 30031.0
482904.100000 4207629.900000 30061.0
483022.700000 4207663.900000 30091.0
483484.700000 4207793.800000 30121.0
483893.100000 4207898.400000 30151.0
484051.200000 4207937.000000 30181.0
484340.100000 4208004.200000 30211.0
484659.700000 4208075.500000 30241.0
484907.200000 4208137.300000 30271.0
485193.400000 4208199.000000 30301.0
485387.400000 4208183.000000 30331.0
485684.000000 4208135.900000 30361.0
486003.300000 4208087.500000 30391.0
486342.100000 4208041.700000 30421.0
486536.900000 4207998.200000 30451.0
486774.300000 4207729.500000 30481.0
486943.800000 4207250.900000 30511.0
487180.900000 4206716.800000 30541.0
487379.900000 4206536.600000 30571.0
487488.600000 4206453.100000 30601.0
487524.500000 4206396.300000 30631.0
487526.200000 4206396.300000 30661.0
487557.800000 4206351.000000 30691.0
487582.400000 4206347.600000 30721.0
487583.200000 4206349.700000 30751.0
487607.000000 4206346.200000 30781.0
487613.200000 4206342.800000 30811.0
487666.700000 4206330.500000 30841.0
487702.700000 4206321.600000 30871.0
487731.700000 4206314.700000 30901.0
487794.000000 4206296.900000 30931.0
487839.600000 4206284.500000 30961.0
487890.500000 4206270.100000 30991.0
487935.200000 4206256.900000 31021.0
487981.800000 4206244.500000 31051.0
488003.700000 4206239.000000 31081.0
488039.700000 4206226.700000 31111.0
488075.600000 4206213.500000 31141.0
488143.300000 4206209.200000 31171.0
488242.400000 4206189.100000 31201.0
488454.000000 4206140.200000 31231.0
488695.400000 4206082.300000 31261.0
488848.000000 4206015.600000 31291.0
488848.800000 4206015.600000 31321.0
488891.800000 4205999.900000 31351.0
488902.400000 4205996.500000 31381.0
488953.200000 4205951.100000 31411.0
488985.500000 4205767.000000 31441.0
489079.400000 4205738.900000 31471.0
489255.000000 4205714.100000 31501.0
489416.700000 4205799.400000 31531.0
489705.500000 4205739.000000 31561.0
489919.600000 4205703.100000 31591.0
490129.400000 4205660.600000 31621.0
490317.900000 4205486.000000 31651.0
490470.500000 4205343.600000 31681.0
490481.900000 4205347.800000 31711.0
490499.400000 4205334.700000 31741.0
490353.900000 4205453.300000 48901.0
490147.000000 4205639.000000 48931.0
490031.200000 4205715.700000 48961.0
490054.900000 4205708.900000 48991.0
490241.800000 4205556.700000 49021.0
490463.600000 4205347.000000 49051.0
490467.100000 4205343.600000 49081.0
490403.100000 4205409.300000 49201.0
490175.100000 4205609.300000 49231.0
489983.800000 4205706.000000 49261.0
489749.300000 4205713.100000 49291.0
489486.900000 4205798.900000 49321.0
489380.700000 4205803.300000 49351.0
489282.500000 4205874.500000 49381.0
489271.200000 4205945.600000 49411.0
489163.200000 4205947.000000 49441.0
488920.100000 4205992.700000 49471.0
488776.200000 4206055.900000 49501.0
488682.300000 4206090.300000 49531.0
488606.800000 4206111.600000 49561.0
488534.800000 4206124.000000 49591.0
488500.700000 4206134.200000 49621.0
488469.900000 4206144.400000 49651.0
488385.700000 4206166.500000 49681.0
488323.400000 4206178.900000 49711.0
488112.800000 4206214.700000 49741.0
487863.600000 4206286.200000 49771.0
487745.100000 4206318.500000 49801.0
487627.400000 4206344.100000 49831.0
487471.400000 4206500.900000 49861.0
487323.300000 4206616.700000 49891.0
487111.100000 4206801.200000 49921.0
486977.300000 4207163.200000 49951.0
486815.600000 4207607.500000 49981.0
486644.100000 4207943.000000 50011.0
486516.100000 4208008.800000 50041.0
486318.700000 4208053.600000 50071.0
485878.100000 4208111.900000 50101.0
485463.900000 4208181.600000 50131.0
485179.500000 4208215.500000 50161.0
484832.700000 4208135.300000 50191.0
484662.400000 4208092.500000 50221.0
484262.700000 4207998.000000 50251.0
483929.100000 4207918.600000 50281.0
483794.800000 4207885.400000 50311.0
483509.400000 4207827.200000 50341.0
483467.300000 4207868.300000 50371.0
483383.100000 4207863.000000 50401.0
483383.000000 4207841.000000 50431.0
483383.000000 4207837.600000 50461.0
483380.400000 4207855.400000 50941.0
483404.200000 4207879.900000 50971.0
483505.000000 4207813.200000 51001.0
483746.500000 4207868.200000 51031.0
484041.700000 4207938.700000 51061.0
484381.500000 4208018.900000 51091.0
484654.600000 4208080.600000 51121.0
484805.700000 4208118.000000 51151.0
485082.400000 4208184.000000 51181.0
485271.800000 4208107.000000 51211.0
485439.100000 4207967.900000 51241.0
485569.600000 4207830.100000 51271.0
485580.700000 4207785.200000 51515.0
485680.600000 4207642.800000 51545.0
485782.100000 4207465.300000 51575.0
485964.400000 4207269.900000 51605.0
486051.100000 4207166.400000 51635.0
486066.800000 4207145.300000 51665.0
486094.100000 4207108.400000 51695.0
486209.000000 4207043.900000 51725.0
486431.900000 4207002.400000 51755.0
486598.700000 4206986.500000 51785.0
486672.200000 4206886.500000 51815.0
486986.400000 4206855.900000 51845.0
487143.300000 4206743.500000 51875.0
487300.100000 4206613.400000 51905.0
487333.400000 4206571.000000 51935.0
487394.800000 4206527.700000 51965.0
487528.000000 4206383.200000 51995.0
487651.700000 4206335.200000 52025.0
487994.800000 4206247.100000 52055.0
488094.900000 4206216.000000 52085.0
488214.300000 4206213.700000 52115.0
488390.700000 4206161.400000 52145.0
488701.400000 4206085.600000 52175.0
488969.800000 4205981.200000 52205.0
489117.300000 4205959.000000 52235.0
489180.500000 4205958.900000 52265.0
489263.000000 4205957.500000 52295.0
489276.200000 4205957.500000 52325.0
489419.400000 4205953.100000 52355.0
489581.000000 4205935.100000 52385.0
489738.800000 4205759.700000 52415.0
489921.500000 4205699.300000 52445.0
490162.800000 4205622.400000 52475.0
490408.400000 4205408.000000 52505.0
490476.900000 4205353.700000 52535.0
490483.100000 4205381.700000 52565.0
490466.300000 4205382.900000 52625.0
490469.000000 4205381.700000 52655.0
490491.800000 4205387.200000 53045.0
490490.100000 4205387.200000 53075.0
490457.600000 4205369.400000 54605.0
490339.200000 4205464.800000 54635.0
490149.800000 4205636.000000 54665.0
489945.200000 4205698.500000 54695.0
489810.900000 4205685.500000 54725.0
489771.400000 4205689.800000 54755.0
489687.300000 4205754.200000 54785.0
489517.900000 4205805.700000 54815.0
489459.900000 4205812.500000 54845.0
489328.300000 4205824.900000 54875.0
489282.700000 4205888.100000 54905.0
489282.700000 4205916.800000 54935.0
489279.200000 4205916.800000 54965.0
489273.100000 4205949.000000 55025.0
489224.800000 4205955.900000 55055.0
489159.000000 4205966.100000 55415.0
489139.800000 4205962.700000 55445.0
489088.900000 4205959.400000 55535.0
489030.900000 4205966.300000 55565.0
488989.800000 4205975.200000 55595.0
488961.600000 4205979.500000 55625.0
488928.300000 4205995.200000 55715.0
488868.600000 4206016.400000 55745.0
488848.300000 4206023.200000 55775.0
488830.800000 4206032.100000 55805.0
488773.700000 4206057.600000 55895.0
488717.500000 4206081.000000 55925.0
488620.900000 4206109.000000 55955.0
488531.300000 4206124.800000 55985.0
488481.300000 4206140.500000 56015.0
488429.500000 4206156.300000 56045.0
488373.300000 4206168.600000 56075.0
488233.700000 4206208.600000 56105.0
488154.700000 4206219.700000 56135.0
488086.200000 4206223.200000 56165.0
487946.600000 4206266.600000 56195.0
487795.600000 4206307.900000 56225.0
487595.600000 4206351.300000 56255.0
487441.300000 4206537.800000 56285.0
487397.500000 4206578.900000 56315.0
487394.900000 4206578.900000 56345.0
487261.500000 4206665.500000 56375.0
487051.200000 4206854.600000 56405.0
486902.900000 4206861.600000 56435.0
486524.500000 4206897.700000 56465.0
486240.100000 4206940.500000 56495.0
486119.000000 4206998.300000 56525.0
486108.600000 4207103.700000 56555.0
485896.600000 4207344.900000 56585.0
485703.000000 4207623.700000 56615.0
485503.400000 4207895.000000 56645.0
485423.800000 4208001.800000 56675.0
485302.500000 4207960.900000 56705.0
485150.800000 4208059.800000 56735.0
485075.900000 4207946.900000 56765.0
485174.800000 4207799.000000 56795.0
485291.200000 4207657.900000 56825.0
485185.600000 4207508.300000 56855.0
485064.200000 4207406.500000 56885.0
484959.200000 4207533.200000 56915.0
484892.800000 4207700.900000 56945.0
484661.400000 4207866.900000 56975.0
484432.600000 4207950.700000 57005.0
484171.900000 4207949.100000 57035.0
484168.400000 4207951.200000 57065.0
484172.000000 4207992.200000 57095.0
483988.000000 4208165.700000 57125.0
483938.100000 4208228.000000 57155.0
483759.100000 4208300.300000 57185.0
483683.400000 4208209.500000 57215.0
483563.700000 4208035.300000 57245.0
483342.800000 4208158.900000 57275.0
483214.000000 4208280.200000 57305.0
483179.900000 4208309.100000 57335.0
483135.300000 4208355.700000 57365.0
483126.600000 4208360.000000 57395.0
483023.900000 4208344.500000 57425.0
482869.500000 4208366.000000 57455.0
482885.500000 4208482.400000 57485.0
482969.100000 4208632.000000 57515.0
482847.200000 4208678.900000 57545.0
482463.900000 4208789.700000 57575.0
482198.800000 4208738.200000 57605.0
482062.800000 4208765.200000 57635.0
482053.500000 4208943.800000 57665.0
481923.000000 4209042.700000 57695.0
481880.000000 4209064.800000 57725.0
481816.000000 4209109.400000 57755.0
481692.900000 4209011.900000 57785.0
481568.900000 4208875.900000 57815.0
481403.400000 4209032.900000 57845.0
481360.400000 4209054.100000 57875.0
481165.800000 4209155.700000 57905.0
481055.100000 4209158.100000 57935.0
480741.000000 4209177.900000 57965.0
480582.100000 4209176.100000 57995.0
480510.600000 4209362.500000 58025.0
480486.400000 4209521.300000 58055.0
480241.900000 4209706.000000 58085.0
479996.800000 4209610.100000 58115.0
479974.100000 4209623.300000 58145.0
479974.100000 4209626.700000 58175.0
479827.700000 4209732.400000 58205.0
479653.500000 4209849.200000 58235.0
479713.800000 4210067.500000 58265.0
479766.800000 4210197.300000 58295.0
479835.600000 4210341.500000 58325.0
479840.000000 4210347.000000 58355.0
479702.500000 4210452.700000 58385.0
479511.500000 4210557.300000 58415.0
479384.500000 4210648.600000 58445.0
479311.800000 4210691.100000 58475.0
479204.700000 4210712.500000 58505.0
479161.200000 4210837.900000 58535.0
479098.400000 4210931.200000 58565.0
479170.500000 4211004.200000 58595.0
479300.500000 4211075.000000 58625.0
479261.400000 4211208.500000 58655.0
479390.700000 4211331.300000 58685.0
479530.700000 4211515.100000 58715.0
479704.200000 4211759.700000 58745.0
479844.500000 4212040.000000 58775.0
479927.400000 4212217.100000 58805.0
480035.500000 4212297.700000 58835.0
480224.600000 4212169.800000 58865.0
480352.100000 4211945.200000 58895.0
480442.100000 4211809.500000 58925.0
480342.700000 4211655.700000 58955.0
480126.400000 4211470.900000 58985.0
480021.600000 4211310.300000 59015.0
480056.400000 4211180.200000 59045.0
480207.800000 4211016.900000 59075.0
480089.600000 4210797.500000 59105.0
480025.200000 4210691.000000 59135.0
479924.700000 4210520.300000 59165.0
479879.800000 4210420.500000 59195.0
479879.000000 4210420.500000 59225.0
479897.200000 4210363.700000 59255.0
479998.000000 4210293.700000 59285.0
480067.100000 4210227.000000 59315.0
480087.300000 4210207.900000 59345.0
480115.400000 4210177.800000 59375.0
480077.400000 4210056.900000 59405.0
479918.600000 4210053.000000 59435.0
479803.300000 4209913.600000 59465.0
479729.300000 4209798.300000 59495.0
479654.400000 4209682.100000 59525.0
479553.200000 4209559.100000 59555.0
479346.500000 4209698.500000 59585.0
479317.600000 4209723.100000 59615.0
479014.500000 4209930.400000 59645.0
478879.800000 4210092.900000 59675.0
478814.300000 4210206.100000 59705.0
478864.500000 4210239.400000 59735.0
478873.200000 4210248.200000 59765.0
478850.500000 4210290.600000 59855.0
478806.000000 4210344.100000 59885.0
478799.800000 4210350.800000 59915.0
478757.800000 4210431.800000 59945.0
478731.700000 4210486.000000 59975.0
478685.400000 4210573.800000 60005.0
478672.200000 4210593.700000 60035.0
478646.900000 4210632.700000 60065.0
478643.400000 4210636.100000 60095.0
478492.000000 4210795.200000 60125.0
478468.300000 4210814.300000 60155.0
478192.200000 4210951.300000 60185.0
477984.500000 4211053.900000 60215.0
477953.600000 4211046.400000 60245.0
477943.100000 4211043.000000 60275.0
477888.700000 4211039.800000 60305.0
477870.500000 4211105.400000 60335.0
477866.200000 4211150.700000 60365.0
477866.400000 4211229.400000 60395.0
477739.700000 4211410.500000 60425.0
477661.200000 4211562.700000 60455.0
477526.600000 4211731.500000 60485.0
477584.500000 4212052.200000 60515.0
477562.900000 4212144.500000 60545.0
477554.500000 4212260.100000 60575.0
477585.000000 4212535.100000 60605.0
477671.900000 4212866.700000 60635.0
477574.200000 4213046.900000 60665.0
477527.200000 4213174.400000 60695.0
477396.200000 4213374.500000 60725.0
477369.000000 4213675.100000 60755.0
477190.400000 4213816.600000 60785.0
477031.200000 4213958.000000 60815.0
476929.400000 4214224.500000 60845.0
476857.000000 4214358.000000 60875.0
476844.900000 4214411.400000 60905.0
476807.300000 4214415.700000 60935.0
476701.800000 4214328.400000 60965.0
476554.000000 4214163.300000 60995.0
476563.700000 4213899.200000 61025.0
476318.000000 4213846.600000 61055.0
476062.500000 4213758.400000 61085.0
475925.200000 4213600.100000 61115.0
475997.700000 4213516.500000 61145.0
