484652.000000 4207086.800000 24356.0
484706.300000 4207072.300000 24956.0
484743.200000 4207073.500000 24986.0
484826.500000 4207065.800000 25016.0
484895.000000 4207067.700000 25046.0
484945.900000 4207066.400000 25076.0
485037.100000 4207047.200000 25106.0
485062.600000 4207047.100000 25136.0
485202.200000 4207013.400000 25166.0
485442.600000 4206945.300000 25196.0
485665.500000 4206825.100000 25226.0
485719.000000 4206794.100000 25256.0
485787.400000 4206765.200000 25286.0
485865.600000 4206747.300000 25316.0
486061.300000 4206720.300000 25346.0
486222.800000 4206696.800000 25376.0
486406.300000 4206659.600000 25406.0
486843.300000 4206563.700000 25436.0
487006.500000 4206527.900000 25466.0
487150.400000 4206477.700000 25496.0
487188.100000 4206463.300000 25526.0
487283.600000 4206428.800000 25556.0
487376.700000 4206389.800000 25586.0
487461.800000 4206367.600000 25616.0
487675.900000 4206325.000000 25646.0
487959.300000 4206253.500000 25676.0
488129.600000 4206206.700000 25706.0
488293.600000 4206168.700000 25736.0
488566.600000 4206108.300000 25766.0
488624.000000 4206303.300000 25796.0
488508.500000 4206578.600000 25826.0
488565.400000 4207028.800000 25856.0
488631.000000 4207487.100000 25886.0
488593.800000 4207813.500000 25916.0
488682.000000 4208174.000000 25946.0
488758.000000 4208570.100000 25976.0
488824.200000 4208901.800000 26006.0
488987.500000 4208938.400000 26036.0
489223.600000 4208986.800000 26066.0
489275.700000 4209286.400000 26096.0
489415.600000 4209536.800000 26126.0
489507.300000 4209876.100000 26156.0
489651.600000 4210204.400000 26186.0
489941.300000 4210350.400000 26216.0
490229.400000 4210488.900000 26246.0
490399.500000 4210432.000000 26276.0
490463.400000 4210235.500000 26306.0
490620.200000 4210090.200000 26336.0
490621.000000 4210088.900000 26366.0
490571.000000 4210102.100000 26396.0
490469.500000 4210356.200000 26426.0
490370.600000 4210480.700000 26456.0
490106.400000 4210396.800000 26486.0
489795.600000 4210261.700000 26516.0
489526.900000 4210014.500000 26546.0
489462.200000 4209561.700000 26576.0
489295.200000 4209349.800000 26606.0
489222.700000 4208962.600000 26636.0
488994.500000 4208941.800000 26666.0
488831.300000 4208905.200000 26696.0
488764.200000 4208563.700000 26726.0
488674.100000 4208141.000000 26756.0
488507.700000 4207828.400000 26786.0
488332.900000 4207684.400000 26816.0
488384.400000 4207530.200000 26846.0
488438.800000 4207521.300000 26876.0
488438.800000 4207521.300000 26906.0
488527.500000 4207508.900000 26936.0
488602.800000 4207302.200000 26966.0
488532.700000 4206744.000000 26996.0
488586.600000 4206411.300000 27026.0
488586.200000 4206117.100000 27056.0
488499.300000 4206128.200000 27086.0
488416.000000 4206147.400000 27116.0
488223.800000 4206190.000000 27146.0
487972.900000 4206259.400000 27176.0
487764.000000 4206317.200000 27206.0
487706.100000 4206331.700000 27236.0
487616.500000 4206353.800000 27266.0
487621.800000 4206428.300000 27296.0
487557.800000 4206451.700000 27326.0
487563.000000 4206478.400000 27356.0
487565.700000 4206483.900000 27386.0
487631.500000 4206519.300000 27416.0
487664.200000 4206674.600000 27446.0
487591.000000 4206953.200000 27476.0
487598.500000 4207244.000000 27506.0
487774.900000 4207250.500000 27536.0
487782.900000 4207294.900000 27566.0
487617.000000 4207329.400000 27596.0
487559.900000 4207342.700000 27626.0
487181.700000 4207415.200000 27656.0
487075.800000 4207577.500000 27686.0
487125.400000 4207864.800000 27716.0
487169.500000 4208009.000000 27746.0
487180.200000 4208059.000000 27776.0
487178.500000 4208057.700000 27806.0
487171.700000 4208235.000000 27866.0
487163.300000 4208431.400000 27896.0
487245.400000 4208695.400000 27926.0
487316.900000 4208926.000000 27956.0
487194.100000 4208971.500000 27986.0
487230.300000 4209081.500000 28016.0
486955.800000 4209186.000000 28046.0
486928.500000 4209209.300000 28076.0
486921.500000 4209212.700000 28106.0
486740.100000 4209351.800000 28136.0
486595.500000 4209456.200000 28166.0
486578.000000 4209506.200000 28196.0
486461.500000 4209596.100000 28226.0
486364.700000 4209468.800000 28256.0
486288.100000 4209342.400000 28286.0
486193.100000 4209174.100000 28316.0
486028.200000 4209252.300000 28346.0
485957.200000 4209347.600000 28376.0
486081.200000 4209477.400000 28406.0
486130.500000 4209539.500000 28436.0
486130.500000 4209541.600000 28466.0
486139.200000 4209554.700000 28496.0
486236.000000 4209683.200000 28526.0
486089.500000 4209772.400000 28556.0
486013.200000 4209776.700000 28586.0
485908.100000 4209885.700000 28616.0
485803.800000 4209961.200000 28646.0
485783.500000 4209935.800000 28676.0
485714.900000 4209860.600000 28706.0
485859.400000 4209710.500000 28736.0
485899.700000 4209665.200000 28766.0
485988.300000 4209572.800000 28796.0
486013.600000 4209539.300000 28826.0
485844.800000 4209360.900000 28856.0
485725.100000 4209159.300000 28886.0
485766.100000 4209061.400000 28916.0
485830.100000 4208998.200000 28946.0
485817.700000 4208879.800000 28976.0
485762.200000 4208769.800000 29006.0
485754.400000 4208755.400000 29036.0
485600.800000 4208833.600000 29066.0
485569.200000 4208851.400000 29096.0
485435.200000 4208963.800000 29126.0
485514.300000 4209034.800000 29156.0
485515.100000 4209030.500000 29186.0
485523.900000 4209083.900000 29246.0
485473.100000 4209125.000000 29276.0
485472.300000 4209123.700000 29306.0
485418.700000 4209114.900000 29366.0
485336.800000 4208974.100000 29396.0
485252.300000 4208824.500000 29426.0
485183.600000 4208701.400000 29456.0
485250.100000 4208647.100000 29486.0
485381.500000 4208558.000000 29516.0
485344.600000 4208506.800000 29546.0
485235.500000 4208341.600000 29576.0
485179.200000 4208290.400000 29606.0
485194.000000 4208258.200000 29636.0
485064.000000 4208201.800000 29666.0
484916.000000 4208346.400000 29696.0
484772.200000 4208457.500000 29726.0
484675.700000 4208517.800000 29756.0
484623.900000 4208461.200000 29786.0
484579.900000 4208411.300000 29816.0
484477.900000 4208299.300000 29846.0
484441.900000 4208289.300000 29876.0
484350.800000 4208361.400000 29906.0
484264.900000 4208440.300000 29936.0
484177.400000 4208521.300000 29966.0
484134.400000 4208562.400000 29996.0
484093.300000 4208603.600000 30026.0
484038.200000 4208652.300000 30056.0
483900.100000 4208485.000000 30086.0
483738.100000 4208287.700000 30116.0
483708.300000 4208252.200000 30146.0
483653.700000 4208175.700000 30176.0
483622.800000 4208111.400000 30206.0
483589.300000 4208042.500000 30236.0
483548.800000 4207951.500000 30266.0
483530.300000 4207892.700000 30296.0
483435.500000 4207880.700000 30326.0
483396.000000 4207891.700000 30356.0
483510.700000 4207881.400000 34326.0
483426.300000 4207786.300000 34356.0
483133.000000 4207709.000000 34386.0
482976.700000 4207668.300000 34416.0
482961.800000 4207664.900000 34446.0
482844.300000 4207762.900000 34476.0
482666.300000 4207820.000000 34506.0
482650.400000 4207775.600000 34536.0
482650.400000 4207742.200000 34566.0
482716.100000 4207727.700000 34596.0
482800.300000 4207697.400000 34626.0
482906.200000 4207657.000000 38315.0
482838.800000 4207760.400000 38345.0
482664.300000 4207844.200000 38375.0
482611.600000 4207875.200000 38405.0
482602.900000 4207876.500000 38435.0
482477.600000 4207958.800000 38495.0
482435.500000 4208001.200000 38525.0
482428.400000 4208003.400000 38555.0
482407.400000 4208026.700000 38585.0
482389.800000 4208042.400000 38615.0
482378.500000 4208042.400000 38645.0
482310.100000 4208083.600000 38675.0
482245.200000 4208102.800000 38705.0
482144.200000 4208081.000000 38735.0
482082.500000 4207988.000000 38765.0
482138.700000 4207955.700000 38795.0
482224.600000 4207902.200000 38825.0
482343.900000 4207839.800000 38855.0
482498.200000 4207767.500000 38885.0
482672.800000 4207720.500000 38915.0
482780.700000 4207678.000000 38945.0
482793.600000 4207685.600000 41011.0
482797.900000 4207656.800000 41071.0
482790.800000 4207622.500000 41101.0
482747.700000 4207603.600000 41131.0
482678.300000 4207578.300000 41161.0
482699.400000 4207580.400000 41191.0
482880.300000 4207628.700000 41221.0
483232.000000 4207490.400000 41251.0
483378.500000 4207415.600000 41281.0
483389.000000 4207412.200000 41311.0
483410.900000 4207401.200000 41341.0
483439.000000 4207388.000000 41371.0
483498.700000 4207359.100000 41401.0
483599.600000 4207307.700000 41431.0
483610.100000 4207300.900000 41461.0
483719.600000 4207224.100000 41491.0
483761.800000 4207202.000000 41521.0
483761.800000 4207200.700000 41551.0
483795.900000 4207184.100000 41581.0
483795.900000 4207184.100000 41611.0
483970.600000 4207235.000000 41701.0
484199.800000 4207304.400000 41731.0
484256.700000 4207209.000000 41761.0
484279.900000 4207173.400000 42084.0
484332.500000 4207079.000000 42114.0
484282.400000 4207073.600000 42144.0
484231.500000 4207070.300000 42174.0
484217.400000 4207069.000000 42204.0
484015.600000 4207105.000000 42234.0
483876.100000 4207157.300000 42264.0
483875.200000 4207157.300000 42294.0
483662.200000 4207277.500000 42324.0
483661.300000 4207277.500000 42354.0
483460.500000 4207386.700000 42384.0
483222.000000 4207505.700000 42414.0
483182.700000 4207624.300000 42444.0
483227.600000 4207715.200000 42474.0
483448.900000 4207790.100000 42504.0
483426.300000 4207863.300000 42534.0
483429.800000 4207863.300000 42564.0
483470.500000 4207871.700000 43196.0
483511.600000 4207866.100000 43226.0
483530.100000 4207903.800000 43256.0
483642.100000 4208151.100000 43286.0
483867.400000 4208448.200000 43316.0
484023.100000 4208636.700000 43346.0
484180.900000 4208509.800000 43376.0
484318.400000 4208389.800000 43406.0
484564.600000 4208194.200000 43436.0
484792.700000 4208124.800000 43466.0
485063.100000 4208185.300000 43496.0
485258.700000 4208122.700000 43526.0
485492.700000 4207904.700000 43556.0
485556.200000 4207835.200000 43838.0
485432.800000 4207990.700000 43868.0
485206.600000 4208178.600000 43898.0
485157.400000 4208205.400000 43928.0
484838.700000 4208132.800000 43958.0
484586.000000 4208179.800000 43988.0
484398.500000 4208319.800000 44018.0
484232.000000 4208464.500000 44048.0
484150.500000 4208541.200000 44078.0
484038.300000 4208636.700000 44108.0
483957.500000 4208549.200000 44138.0
483738.500000 4208292.300000 44168.0
483570.400000 4208024.300000 44198.0
483440.200000 4207876.000000 44228.0
483393.700000 4207892.600000 44258.0
483391.700000 4207838.800000 44552.0
483390.100000 4207887.500000 44732.0
483399.900000 4207906.600000 44762.0
483471.800000 4207873.000000 45482.0
483481.400000 4207805.200000 45512.0
483176.700000 4207725.900000 45542.0
482954.600000 4207667.500000 45572.0
482917.700000 4207656.500000 45602.0
482599.800000 4207570.900000 45632.0
482271.300000 4207498.300000 45662.0
482124.600000 4207480.900000 45692.0
481983.400000 4207521.000000 45722.0
481982.600000 4207521.000000 45752.0
481830.300000 4207710.100000 45782.0
481613.400000 4208035.600000 45812.0
481319.900000 4208252.600000 45842.0
481059.700000 4208458.400000 45872.0
480782.000000 4208678.800000 45902.0
480683.900000 4208752.200000 45932.0
480401.800000 4208949.300000 45962.0
480248.400000 4209062.600000 45992.0
479942.700000 4209293.200000 46022.0
479829.700000 4209373.500000 46052.0
479711.800000 4209287.400000 46082.0
479344.400000 4209070.800000 46112.0
479176.200000 4208829.500000 46142.0
478970.100000 4208569.300000 46172.0
478771.700000 4208228.300000 46202.0
478576.100000 4207925.700000 46232.0
478463.200000 4207719.500000 46262.0
478439.300000 4207666.200000 46292.0
478326.200000 4207383.800000 46322.0
478276.700000 4207267.500000 46352.0
478259.800000 4207216.300000 46382.0
478244.800000 4207185.500000 46412.0
478232.500000 4207152.100000 46442.0
478201.500000 4207067.900000 46472.0
478192.700000 4207059.100000 46502.0
478126.100000 4207041.500000 46532.0
477905.200000 4207146.200000 46562.0
477900.800000 4207146.200000 46592.0
477655.100000 4207172.300000 46622.0
477342.000000 4207306.400000 46652.0
477167.500000 4207330.200000 46682.0
477117.400000 4207330.300000 46712.0
477092.000000 4207329.100000 46742.0
477004.200000 4207331.500000 46772.0
477003.400000 4207331.500000 46802.0
476975.300000 4207349.400000 46832.0
476998.600000 4207541.500000 46862.0
476946.400000 4207727.000000 46892.0
476846.300000 4207737.400000 46922.0
476820.000000 4207737.500000 46952.0
476769.200000 4207737.600000 46982.0
476768.300000 4207737.600000 47012.0
476745.500000 4207737.700000 47042.0
476708.700000 4207737.800000 47072.0
476585.800000 4207738.200000 47102.0
476250.000000 4207845.800000 47132.0
476178.900000 4207879.400000 47162.0
475992.100000 4207954.500000 47192.0
475917.300000 4207900.500000 47222.0
475802.600000 4207737.900000 47252.0
475731.300000 4207670.400000 47282.0
475680.900000 4207552.000000 47312.0
475605.900000 4207448.100000 47342.0
475578.500000 4207402.900000 47372.0
475474.400000 4207249.200000 47402.0
475388.000000 4207122.900000 47432.0
475376.500000 4207109.800000 47462.0
475379.900000 4207070.800000 47492.0
475493.000000 4207027.300000 47522.0
475493.000000 4207026.000000 47552.0
475655.200000 4206968.800000 47732.0
475858.700000 4206934.800000 47762.0
475893.900000 4206931.300000 47792.0
475916.600000 4206924.500000 47822.0
475986.700000 4206914.100000 47942.0
475986.700000 4206916.200000 47972.0
476027.900000 4206905.100000 48002.0
476054.000000 4206822.900000 48032.0
476106.900000 4206590.800000 48062.0
476115.000000 4206385.500000 48092.0
476086.500000 4206275.600000 48122.0
476087.300000 4206268.800000 48152.0
476007.500000 4205992.600000 48212.0
475963.200000 4205862.000000 48242.0
475918.800000 4205655.600000 48272.0
475919.000000 4205446.000000 48302.0
475925.800000 4205361.800000 48332.0
475914.800000 4205210.700000 48362.0
475885.900000 4204946.700000 48392.0
475879.200000 4204793.500000 48422.0
475860.100000 4204538.300000 48452.0
475861.700000 4204526.100000 48482.0
475863.400000 4204524.800000 48512.0
475938.800000 4204505.500000 48542.0
476010.800000 4204493.000000 48572.0
476046.800000 4204487.400000 48602.0
476075.800000 4204477.200000 48632.0
476091.500000 4204478.400000 48662.0
476191.600000 4204467.100000 48692.0
476196.800000 4204471.300000 48722.0
476205.500000 4204461.100000 48752.0
476211.600000 4204424.300000 48782.0
476199.100000 4204316.800000 48812.0
476149.200000 4204085.000000 48842.0
476139.400000 4204069.400000 48872.0
476132.200000 4204028.400000 48932.0
476156.800000 4203998.200000 48962.0
476278.500000 4203880.200000 48992.0
476372.100000 4203723.400000 49022.0
476408.800000 4203675.400000 49052.0
476430.600000 4203630.100000 49082.0
476442.700000 4203608.000000 49112.0
476456.700000 4203582.600000 49142.0
476483.900000 4203525.800000 49172.0
476511.900000 4203497.800000 49202.0
476540.000000 4203464.300000 49232.0
476558.400000 4203442.200000 49262.0
476593.400000 4203392.200000 49292.0
476660.800000 4203292.100000 49322.0
476785.900000 4203125.400000 49352.0
476984.200000 4203023.700000 49442.0
477189.000000 4203065.400000 49532.0
477274.300000 4203095.200000 49562.0
477328.000000 4203112.900000 49592.0
477456.200000 4203157.000000 49622.0
477567.800000 4203137.600000 49652.0
477574.700000 4203119.800000 49682.0
477609.700000 4203034.200000 49742.0
477615.800000 4203007.500000 49772.0
477620.900000 4202984.200000 49802.0
477729.700000 4202950.500000 49862.0
477858.900000 4202937.000000 49892.0
478103.700000 4203164.900000 49922.0
478257.900000 4203332.100000 49952.0
478344.300000 4203444.900000 49982.0
478349.500000 4203452.500000 50012.0
478547.700000 4203660.700000 50042.0
478695.600000 4203778.800000 50072.0
478761.600000 4203850.600000 50102.0
478958.500000 4203951.200000 50132.0
478963.700000 4203956.700000 50162.0
478997.100000 4203976.500000 50192.0
479031.300000 4203992.100000 50222.0
479033.000000 4203990.800000 50252.0
479128.600000 4203996.100000 50282.0
479256.000000 4204027.900000 50312.0
479278.800000 4204054.500000 50342.0
479411.900000 4204207.400000 50372.0
479509.600000 4204312.600000 50402.0
479666.200000 4204440.900000 50432.0
479992.500000 4204668.600000 50462.0
480368.200000 4204965.300000 50492.0
480685.800000 4205214.200000 50522.0
480704.300000 4205232.000000 50552.0
480876.800000 4205402.600000 50582.0
481141.600000 4205629.200000 50612.0
481438.700000 4205772.900000 50642.0
481510.800000 4205808.300000 50672.0
481572.300000 4205850.500000 50702.0
481735.100000 4206001.200000 50732.0
481995.400000 4206204.600000 50762.0
482304.600000 4206320.400000 50792.0
482577.900000 4206428.600000 50822.0
482930.300000 4206622.900000 50852.0
483136.000000 4206741.000000 50882.0
483213.300000 4206768.800000 50912.0
483239.600000 4206775.500000 50942.0
483474.900000 4206844.000000 50972.0
483763.100000 4206929.800000 51002.0
483987.900000 4207008.100000 51032.0
484178.600000 4207052.200000 51062.0
484236.500000 4207056.300000 51092.0
484499.900000 4207073.600000 51122.0
484704.500000 4207084.200000 51152.0
484851.200000 4207085.200000 51182.0
484988.100000 4207078.200000 51212.0
485128.500000 4207041.100000 51242.0
485134.700000 4207039.000000 51272.0
485288.400000 4206997.600000 51302.0
485671.700000 4206829.300000 51332.0
486109.500000 4206715.600000 51362.0
486589.500000 4206620.400000 51392.0
486984.300000 4206495.300000 51422.0
487054.900000 4206132.500000 51452.0
487351.200000 4205821.400000 51482.0
487756.300000 4205522.400000 51512.0
488120.400000 4205316.600000 51542.0
488550.300000 4205056.500000 51572.0
488762.400000 4204806.500000 51602.0
488888.000000 4204739.900000 51632.0
488773.100000 4204904.300000 51662.0
488804.100000 4205014.300000 51692.0
488951.900000 4205237.100000 51722.0
489076.100000 4205557.800000 51752.0
489268.600000 4205730.600000 51782.0
489379.400000 4205808.400000 51812.0
489487.400000 4205807.000000 51842.0
489743.700000 4205723.300000 51872.0
489983.300000 4205715.300000 51902.0
490179.700000 4205615.200000 51932.0
490436.700000 4205391.900000 51962.0
490486.700000 4205335.100000 51992.0
490486.700000 4205335.100000 52022.0
490596.300000 4205233.000000 54362.0
490763.900000 4205201.900000 54392.0
490811.600000 4205472.700000 54422.0
490909.100000 4205510.300000 54452.0
491035.600000 4205581.200000 54482.0
491184.800000 4205601.000000 54512.0
491364.900000 4205667.200000 54542.0
491378.300000 4205821.300000 54572.0
491532.000000 4205821.100000 54602.0
491917.500000 4205810.600000 54632.0
492209.600000 4205551.700000 54662.0
492639.700000 4205389.200000 54692.0
493069.800000 4205273.300000 54722.0
493536.100000 4205292.000000 54752.0
493969.000000 4205412.700000 54782.0
494347.600000 4205612.200000 54812.0
494647.100000 4205741.900000 54842.0
494823.700000 4205810.800000 54872.0
495234.700000 4205971.400000 54902.0
495694.800000 4206133.300000 54932.0
495871.300000 4206193.300000 54962.0
496237.400000 4206334.100000 54992.0
496640.300000 4206394.800000 55022.0
497068.900000 4206645.200000 55052.0
497422.700000 4206760.700000 55082.0
497470.900000 4206794.100000 55112.0
497755.500000 4207061.500000 55142.0
497940.700000 4207406.400000 55172.0
498215.500000 4207542.700000 55202.0
498536.000000 4207587.900000 55232.0
498937.100000 4207703.400000 55262.0
499305.800000 4207741.000000 55292.0
499658.700000 4207617.800000 55322.0
499834.300000 4207628.800000 55352.0
500138.000000 4207613.200000 55382.0
500297.700000 4207479.000000 55412.0
500640.900000 4207489.200000 55442.0
500754.100000 4207385.100000 55472.0
501061.300000 4207304.300000 55502.0
501231.600000 4207168.000000 55532.0
501242.200000 4206926.400000 55562.0
501159.700000 4206914.100000 55592.0
500964.800000 4206958.500000 55622.0
501066.500000 4207237.000000 55652.0
500906.000000 4207328.000000 55682.0
500683.900000 4207454.500000 55712.0
500413.600000 4207331.300000 55742.0
500179.200000 4207353.300000 55772.0
499933.400000 4207369.000000 55802.0
499751.700000 4207294.500000 55832.0
499692.000000 4207040.500000 55862.0
499606.700000 4206822.100000 55892.0
499418.000000 4206913.100000 55922.0
499404.800000 4206911.000000 55952.0
499493.600000 4206872.100000 55982.0
499625.200000 4206875.400000 56012.0
499726.100000 4207130.700000 56042.0
499745.400000 4207351.600000 56072.0
500028.800000 4207351.600000 56102.0
500192.100000 4207339.300000 56132.0
500480.000000 4207347.000000 56162.0
500687.100000 4207473.500000 56192.0
500495.700000 4207768.500000 56222.0
500516.000000 4207895.900000 56252.0
500437.800000 4208017.000000 56282.0
500316.600000 4208204.500000 56312.0
500118.200000 4208252.300000 56342.0
499839.100000 4208450.800000 56372.0
499696.000000 4208695.900000 56402.0
499436.200000 4208801.200000 56432.0
499136.100000 4208924.400000 56462.0
498881.700000 4209142.900000 56492.0
498504.400000 4209071.000000 56522.0
498557.200000 4209311.800000 56552.0
498928.400000 4209641.400000 56582.0
499090.800000 4209872.100000 56612.0
499297.000000 4209900.900000 56642.0
499379.500000 4209920.800000 56672.0
499351.400000 4210115.000000 56702.0
499093.500000 4210089.700000 56732.0
498939.100000 4210241.600000 56762.0
498817.900000 4210696.600000 56792.0
498655.700000 4211237.200000 56822.0
498442.600000 4211751.900000 56852.0
498265.500000 4212287.700000 56882.0
498251.500000 4212512.100000 56912.0
498267.300000 4212816.000000 56942.0
498269.900000 4212849.400000 56972.0
498295.400000 4213255.300000 57002.0
498340.200000 4213815.700000 57032.0
498197.300000 4214219.500000 57062.0
497995.500000 4214159.400000 57092.0
497974.400000 4214141.700000 57122.0
498119.100000 4214203.800000 57152.0
498190.300000 4214247.000000 57182.0
498107.000000 4214377.000000 57212.0
497860.500000 4214240.700000 57242.0
497651.800000 4214227.700000 57272.0
497465.900000 4214248.900000 57302.0
497212.500000 4214183.300000 57332.0
497154.600000 4214324.300000 57362.0
496916.900000 4214232.100000 57392.0
496631.800000 4214101.400000 57422.0
496625.600000 4214080.300000 57452.0
496658.100000 4214135.700000 57482.0
496937.800000 4214222.000000 57512.0
497151.800000 4214331.900000 57542.0
497377.200000 4214573.500000 57572.0
497638.500000 4214696.600000 57602.0
497925.200000 4214778.700000 57632.0
497943.600000 4214785.400000 57662.0
497996.300000 4214793.000000 57692.0
498006.900000 4214796.400000 57722.0
498077.000000 4214827.300000 57752.0
498034.800000 4214937.400000 57782.0
497973.500000 4215079.600000 57812.0
497823.400000 4215115.200000 57842.0
497654.300000 4215538.900000 57872.0
497474.700000 4216081.600000 57902.0
497309.100000 4216639.900000 57932.0
497204.100000 4217179.200000 57962.0
497199.900000 4217695.100000 57992.0
497198.400000 4218200.100000 58022.0
497196.900000 4218737.200000 58052.0
497187.300000 4219168.900000 58082.0
497142.800000 4219513.900000 58112.0
497064.100000 4220098.400000 58142.0
496958.300000 4220675.400000 58172.0
496872.600000 4221226.900000 58202.0
496903.500000 4221549.800000 58232.0
497018.300000 4221595.100000 58262.0
496885.300000 4221981.200000 58292.0
496647.900000 4222347.400000 58322.0
496535.000000 4222556.100000 58352.0
496725.300000 4222748.200000 58382.0
496679.700000 4222837.100000 58412.0
496517.700000 4223090.200000 58442.0
496402.100000 4223232.500000 58472.0
496274.300000 4223152.600000 58502.0
496242.700000 4223139.500000 58532.0
496318.000000 4222948.500000 58562.0
496317.100000 4222904.100000 58592.0
496213.600000 4222816.500000 58622.0
496367.700000 4222536.700000 58652.0
496431.700000 4222449.000000 58682.0
496571.800000 4222200.500000 58712.0
496770.500000 4221773.400000 58742.0
496864.100000 4221257.400000 58772.0
496954.200000 4220682.600000 58802.0
497059.100000 4220109.000000 58832.0
497130.800000 4219594.300000 58862.0
497185.800000 4219168.100000 58892.0
497193.600000 4218763.000000 58922.0
497196.000000 4218181.400000 58952.0
497198.500000 4217605.400000 58982.0
497205.400000 4217008.600000 59012.0
497355.200000 4216462.500000 59042.0
497519.900000 4215924.500000 59072.0
497705.600000 4215404.300000 59102.0
497840.500000 4215069.000000 59132.0
497939.500000 4214837.100000 59162.0
497978.900000 4214739.300000 59192.0
498130.600000 4214383.300000 59222.0
498334.900000 4213910.500000 59252.0
498304.000000 4213364.500000 59282.0
498275.000000 4212958.600000 59312.0
498253.000000 4212594.600000 59342.0
498310.000000 4212151.900000 59372.0
498477.400000 4211602.400000 59402.0
498733.500000 4211061.100000 59432.0
498854.600000 4210506.200000 59462.0
498994.900000 4210018.100000 59492.0
498829.000000 4209539.000000 59522.0
498485.800000 4209133.200000 59552.0
498289.200000 4208649.400000 59582.0
498355.700000 4208147.900000 59612.0
498174.000000 4207660.700000 59642.0
498132.800000 4207593.000000 59672.0
497910.800000 4207331.100000 59702.0
497628.900000 4206943.900000 59732.0
497174.000000 4206685.400000 59762.0
496694.600000 4206413.900000 59792.0
496232.700000 4206336.200000 59822.0
495777.800000 4206145.500000 59852.0
495360.800000 4206023.800000 59882.0
494917.300000 4205853.100000 59912.0
494451.000000 4205679.000000 59942.0
494081.300000 4205463.000000 59972.0
493610.600000 4205304.600000 60002.0
493111.800000 4205268.200000 60032.0
492665.000000 4205384.100000 60062.0
492231.400000 4205535.600000 60092.0
491962.000000 4205809.700000 60122.0
491538.900000 4205822.400000 60152.0
491042.100000 4205883.000000 60182.0
490547.100000 4205990.200000 60212.0
490125.600000 4206008.500000 60242.0
489934.200000 4205953.300000 60272.0
489948.900000 4205821.200000 60302.0
489757.500000 4205792.700000 60332.0
489672.200000 4205761.900000 60362.0
489442.200000 4205805.300000 60392.0
489373.500000 4205701.300000 60422.0
489344.800000 4205264.100000 60452.0
489462.700000 4204723.500000 60482.0
489546.500000 4204332.700000 60512.0
489574.400000 4204198.500000 60542.0
489592.800000 4204161.600000 60572.0
489971.900000 4203901.700000 60602.0
490409.600000 4203546.100000 60632.0
490843.100000 4203189.700000 60662.0
491265.200000 4202844.300000 60692.0
491529.000000 4202400.000000 60722.0
491569.100000 4202038.100000 60752.0
491599.700000 4201878.500000 60782.0
491636.400000 4201671.100000 60812.0
491584.500000 4201537.800000 60842.0
491155.600000 4201412.900000 60872.0
490764.500000 4201236.000000 60902.0
490464.500000 4200839.400000 60932.0
490014.600000 4200686.700000 60962.0
489815.100000 4200589.100000 60992.0
489591.700000 4200423.900000 61022.0
489165.500000 4200370.300000 61052.0
488656.500000 4200232.200000 61082.0
488162.900000 4200217.200000 61112.0
487795.500000 4200161.000000 61142.0
487783.200000 4200161.000000 61172.0
487780.500000 4200161.000000 61202.0
487635.800000 4200300.100000 61232.0
487497.400000 4200536.400000 61262.0
487456.100000 4200498.800000 61292.0
487427.900000 4200468.800000 61322.0
