483421.900000 4207882.800000 41808.0
483419.800000 4207885.300000 43540.0
483463.600000 4207869.600000 44620.0
483500.300000 4207826.400000 44650.0
483505.500000 4207823.000000 44680.0
483512.500000 4207803.100000 44710.0
483769.800000 4207866.900000 44740.0
484094.800000 4207968.200000 44770.0
484457.400000 4208037.400000 44800.0
484675.900000 4208090.300000 44830.0
484937.600000 4208164.300000 44860.0
485219.600000 4208309.000000 44890.0
485364.700000 4208525.000000 44920.0
485486.300000 4208700.000000 44950.0
485556.300000 4208673.200000 44980.0
485823.800000 4208529.700000 45010.0
486019.300000 4208437.100000 45040.0
486143.000000 4208431.400000 45070.0
486456.200000 4208339.900000 45100.0
486588.800000 4208314.300000 45130.0
486609.000000 4208308.700000 45160.0
486710.200000 4208447.400000 45190.0
487040.900000 4208308.000000 45220.0
487373.400000 4208216.500000 45250.0
487491.900000 4208198.600000 45280.0
487492.800000 4208199.800000 45310.0
487564.400000 4207955.500000 45340.0
487582.100000 4207471.700000 45370.0
487578.700000 4206998.900000 45400.0
487430.100000 4206861.600000 45430.0
487328.000000 4206685.300000 45460.0
487377.100000 4206547.600000 45490.0
487363.700000 4206477.800000 45520.0
487364.500000 4206465.500000 45550.0
487328.400000 4206340.300000 45610.0
487159.800000 4206356.200000 45640.0
487134.200000 4206257.700000 45670.0
487196.300000 4206173.300000 45700.0
487247.900000 4206091.100000 45730.0
487229.300000 4205940.100000 45760.0
487333.600000 4205844.700000 45790.0
487538.900000 4205691.200000 45820.0
487860.700000 4205482.000000 45850.0
488150.200000 4205303.000000 45880.0
488452.000000 4205097.300000 45910.0
488452.000000 4205097.300000 45940.0
488550.400000 4205138.200000 45970.0
488876.000000 4205089.900000 46000.0
488965.800000 4205248.500000 46030.0
489050.400000 4205519.300000 46060.0
489301.800000 4205750.900000 46090.0
489374.700000 4205798.600000 46120.0
489500.300000 4205794.200000 46150.0
489724.900000 4205714.000000 46180.0
489828.500000 4205690.600000 46210.0
490062.100000 4205699.200000 46240.0
490270.900000 4205520.300000 46270.0
490441.900000 4205368.200000 46300.0
490469.100000 4205338.100000 46330.0
490478.800000 4205336.000000 46360.0
490395.400000 4205322.900000 46720.0
490396.300000 4205318.700000 48655.0
490449.900000 4205366.500000 48685.0
486179.300000 4218073.100000 54419.0
486252.700000 4217976.500000 54449.0
486355.400000 4218090.600000 54479.0
486712.400000 4218225.500000 54509.0
487049.600000 4217980.700000 54539.0
487068.000000 4217962.900000 54569.0
487091.700000 4217947.200000 54599.0
486986.700000 4218047.300000 54629.0
486967.700000 4218229.300000 54659.0
486956.500000 4218350.400000 54689.0
486956.600000 4218357.100000 54719.0
487148.800000 4218544.300000 54749.0
487394.700000 4218843.600000 54779.0
487450.800000 4218811.400000 54809.0
487584.500000 4218525.900000 54839.0
487807.500000 4218188.200000 54869.0
485119.400000 4217163.300000 55939.0
484876.000000 4216859.800000 55969.0
484672.200000 4216624.000000 55999.0
484548.500000 4216565.400000 56029.0
484483.300000 4216399.200000 56059.0
484402.100000 4216081.100000 56089.0
484247.300000 4215846.000000 56119.0
484281.300000 4215788.400000 56149.0
484245.200000 4215702.100000 56179.0
484112.700000 4215689.300000 56209.0
484107.400000 4215653.700000 56239.0
484131.700000 4215479.300000 56269.0
483981.400000 4215336.500000 56299.0
483935.600000 4215271.000000 56329.0
483775.600000 4215070.700000 56359.0
483732.000000 4214761.400000 56389.0
483601.700000 4214481.000000 56419.0
483570.600000 4214342.200000 56449.0
483516.000000 4214221.300000 56479.0
483396.200000 4213950.700000 56509.0
483424.700000 4213754.200000 56539.0
483385.000000 4213618.800000 56569.0
483310.000000 4213422.600000 56599.0
483306.200000 4213316.000000 56629.0
483232.700000 4212921.200000 56659.0
483191.600000 4212578.400000 56689.0
483171.400000 4212080.300000 56719.0
483059.800000 4212023.000000 56749.0
483090.400000 4211939.500000 56779.0
483100.100000 4211929.400000 56809.0
483113.300000 4211916.200000 56839.0
483124.700000 4211906.000000 56869.0
483145.700000 4211891.600000 56929.0
483152.700000 4211886.100000 56959.0
483169.400000 4211875.000000 56989.0
483193.200000 4211864.000000 57019.0
483200.200000 4211860.600000 57049.0
483250.200000 4211838.500000 57079.0
483278.300000 4211829.500000 57109.0
483314.200000 4211813.000000 57139.0
483358.800000 4211757.400000 57169.0
483363.100000 4211744.300000 57199.0
483355.200000 4211696.500000 57259.0
483335.800000 4211639.800000 57289.0
483329.500000 4211588.600000 57319.0
483308.300000 4211514.100000 57349.0
483280.800000 4211442.200000 57379.0
483280.800000 4211442.200000 57409.0
483231.400000 4211312.400000 57439.0
483220.800000 4211292.500000 57469.0
483202.300000 4211265.900000 57499.0
483196.100000 4211239.300000 57529.0
483183.800000 4211199.500000 57559.0
483082.600000 4208840.500000 58277.0
483181.400000 4208700.600000 58307.0
484200.500000 4212915.500000 61344.0
484149.200000 4213118.700000 61374.0
484127.100000 4213465.000000 61404.0
484163.800000 4213814.500000 61434.0
484168.200000 4213857.700000 61464.0
484163.100000 4213872.100000 61494.0
483981.600000 4213900.400000 61524.0
483797.500000 4213934.200000 61554.0
483595.800000 4213949.000000 61584.0
483401.100000 4213973.900000 61614.0
483394.000000 4213967.200000 61644.0
483340.500000 4213967.300000 61704.0
483135.300000 4213984.200000 61734.0
482985.200000 4213984.500000 61764.0
482987.800000 4213957.800000 61794.0
482994.800000 4213918.000000 61824.0
482768.400000 4213918.500000 61854.0
482699.700000 4213770.100000 61884.0
482695.100000 4213660.100000 61914.0
482694.600000 4213420.500000 61944.0
482778.800000 4213430.500000 61974.0
482806.400000 4213587.900000 62004.0
482800.200000 4213594.700000 62034.0
482801.400000 4213750.000000 62064.0
482801.700000 4213886.300000 62094.0
482574.500000 4213913.400000 62124.0
482353.000000 4214026.100000 62154.0
482360.300000 4214177.100000 62184.0
482362.400000 4214357.000000 62214.0
482346.300000 4214650.000000 62244.0
482321.600000 4214990.700000 62274.0
482323.600000 4215161.700000 62304.0
482345.600000 4215202.700000 62334.0
482432.000000 4215394.700000 62364.0
482548.200000 4215612.900000 62394.0
482676.700000 4215845.800000 62424.0
482858.500000 4216036.300000 62454.0
482986.700000 4216159.200000 62484.0
483081.700000 4216292.300000 62514.0
483150.200000 4216383.200000 62544.0
483114.300000 4216408.700000 62574.0
483098.600000 4216421.800000 62604.0
483101.900000 4216306.300000 62634.0
483187.000000 4216286.200000 62664.0
483261.100000 4216520.100000 62694.0
483503.700000 4216831.600000 62724.0
483719.400000 4216807.900000 62754.0
483865.800000 4216773.300000 62784.0
483917.400000 4216753.300000 62814.0
484045.200000 4216695.500000 62844.0
484250.100000 4216508.800000 62874.0
484172.700000 4216352.400000 62904.0
484403.900000 4216222.000000 62934.0
484375.500000 4216054.500000 62964.0
484454.400000 4216023.400000 62994.0
484494.700000 4216019.900000 63024.0
484402.300000 4215888.100000 63054.0
484402.800000 4215714.900000 63084.0
484284.900000 4215589.900000 63114.0
484112.000000 4215501.300000 63144.0
483991.600000 4215347.500000 63174.0
483923.000000 4215242.200000 63204.0
483953.900000 4214881.600000 63234.0
484064.300000 4214384.400000 63264.0
484153.200000 4214030.400000 63294.0
484162.600000 4213918.300000 63324.0
484157.200000 4213773.900000 63354.0
484142.300000 4213368.900000 63384.0
484158.600000 4213123.800000 63414.0
484146.100000 4212949.400000 63444.0
484381.100000 4212932.500000 63474.0
484576.600000 4212914.300000 63504.0
484640.700000 4212894.300000 63534.0
484569.000000 4212580.400000 63564.0
484464.900000 4212315.200000 63594.0
484102.000000 4211994.200000 63624.0
483935.900000 4211811.300000 63654.0
484011.800000 4211610.500000 63684.0
484162.000000 4211684.700000 63714.0
484347.100000 4211674.200000 63744.0
484519.000000 4211600.700000 63774.0
484452.100000 4211463.200000 63804.0
484797.600000 4211341.500000 63834.0
485050.100000 4211226.800000 63864.0
485201.600000 4211063.600000 63894.0
485261.200000 4210989.000000 63924.0
485149.300000 4210775.000000 63954.0
485058.600000 4210595.300000 63984.0
484961.900000 4210475.700000 64014.0
484911.800000 4210470.300000 64044.0
