461921.200000 4214474.800000 18404.0
461949.200000 4214444.600000 18524.0
461940.800000 4214328.300000 18554.0
461893.800000 4214045.700000 18584.0
462037.500000 4214015.000000 18614.0
462425.800000 4213945.500000 18644.0
462711.700000 4213765.600000 18674.0
462943.400000 4213388.200000 18704.0
463218.300000 4213057.300000 18734.0
463439.900000 4212776.500000 18764.0
463366.000000 4212531.800000 18794.0
463305.300000 4212316.600000 18824.0
463450.600000 4212238.000000 18854.0
463685.200000 4212142.600000 18884.0
463615.500000 4211845.400000 18914.0
463672.800000 4211710.900000 18944.0
463640.500000 4211572.300000 18974.0
463559.000000 4211179.800000 19004.0
463463.900000 4210718.500000 19034.0
463402.700000 4210409.300000 19064.0
463680.700000 4210174.000000 19094.0
463978.800000 4209905.200000 19124.0
464221.200000 4209531.300000 19154.0
464419.300000 4209087.700000 19184.0
464563.200000 4208697.600000 19214.0
464650.500000 4208174.500000 19244.0
464631.400000 4207622.300000 19274.0
464766.300000 4207132.400000 19304.0
465263.400000 4206977.000000 19334.0
465725.600000 4206880.700000 19364.0
466243.800000 4206968.300000 19394.0
466764.000000 4207063.900000 19424.0
467269.700000 4207092.000000 19454.0
467685.800000 4207097.900000 19484.0
468004.300000 4207054.400000 19514.0
468550.400000 4206866.900000 19544.0
469009.100000 4206752.100000 19574.0
469399.300000 4206868.300000 19604.0
469769.200000 4206963.400000 19634.0
470148.400000 4206966.300000 19664.0
470339.800000 4206971.100000 19694.0
470522.800000 4206820.600000 19724.0
470460.200000 4206728.500000 19754.0
470466.400000 4206723.000000 19784.0
470462.200000 4206539.800000 20114.0
470398.900000 4206267.000000 20144.0
470333.700000 4205965.400000 20174.0
470267.000000 4205721.500000 20204.0
470264.300000 4205711.300000 20234.0
470327.900000 4205566.800000 20264.0
470448.900000 4205487.600000 20294.0
470450.500000 4205486.300000 20324.0
470663.200000 4205300.200000 20354.0
470728.000000 4205243.200000 20384.0
470749.100000 4205230.900000 20414.0
470981.200000 4205094.600000 20444.0
471097.700000 4205026.500000 20474.0
471423.600000 4204844.600000 20504.0
471523.500000 4204777.800000 20534.0
471530.600000 4204774.400000 20564.0
471563.000000 4204756.500000 20594.0
471563.800000 4204755.200000 20624.0
471599.900000 4204764.000000 20654.0
471691.600000 4204895.700000 20684.0
471756.100000 4204996.700000 20714.0
471912.300000 4205234.900000 20744.0
472043.800000 4205439.700000 20774.0
472222.100000 4205706.600000 20804.0
472266.200000 4205783.000000 20834.0
472314.800000 4205886.200000 20864.0
472371.500000 4206018.000000 20894.0
472388.400000 4206067.900000 20924.0
472439.800000 4206219.700000 20954.0
472475.900000 4206499.300000 20984.0
472533.600000 4206684.500000 21014.0
472553.400000 4206850.000000 21044.0
472695.500000 4206816.000000 21074.0
472776.100000 4206781.500000 21104.0
472798.000000 4206774.600000 21134.0
473009.200000 4206639.800000 21164.0
473083.900000 4206648.400000 21194.0
473137.800000 4206757.000000 21224.0
473210.900000 4206842.300000 21254.0
473214.500000 4206843.500000 21284.0
473225.100000 4206861.300000 21314.0
473156.100000 4206980.000000 21344.0
472966.400000 4207224.900000 21374.0
472865.000000 4207332.700000 21404.0
472803.700000 4207398.500000 21434.0
472800.200000 4207398.500000 21464.0
472843.700000 4207532.600000 21494.0
472919.700000 4207698.600000 21524.0
472921.500000 4207710.900000 21554.0
472982.700000 4207896.900000 21584.0
473033.300000 4208061.000000 21614.0
473138.600000 4208337.000000 21644.0
473323.700000 4208576.000000 21674.0
473383.700000 4208653.700000 21704.0
473523.900000 4208826.300000 21734.0
473694.500000 4208935.800000 21764.0
473907.900000 4208979.600000 21794.0
474160.800000 4209027.500000 21824.0
474369.800000 4209065.800000 21854.0
474442.700000 4209077.800000 21884.0
474473.400000 4209061.200000 21914.0
474576.900000 4209008.800000 21944.0
474696.900000 4208942.000000 21974.0
474746.800000 4208890.600000 22004.0
474788.800000 4208850.700000 22034.0
474826.400000 4208812.900000 22064.0
474850.900000 4208793.000000 22094.0
474896.500000 4208750.500000 22124.0
474921.900000 4208729.300000 22154.0
474951.600000 4208701.200000 22184.0
474982.300000 4208673.200000 22244.0
475015.500000 4208642.200000 22274.0
475021.700000 4208638.000000 22304.0
475057.600000 4208594.700000 22334.0
475061.000000 4208568.000000 22364.0
475082.900000 4208546.800000 22394.0
475148.900000 4208634.200000 22424.0
475307.700000 4208618.000000 22454.0
475402.500000 4208626.700000 22484.0
475633.300000 4208599.300000 22514.0
475756.000000 4208551.100000 22544.0
475877.000000 4208496.600000 22574.0
475946.200000 4208465.500000 22604.0
475973.500000 4208464.100000 22634.0
475914.000000 4208529.900000 22664.0
476009.600000 4208565.200000 22694.0
476063.500000 4208670.400000 22724.0
476055.000000 4208725.900000 22754.0
476094.700000 4208801.100000 22784.0
476121.000000 4208820.100000 22814.0
476117.500000 4208815.900000 22844.0
476128.100000 4208824.700000 22904.0
476164.000000 4208785.700000 22934.0
476195.300000 4208684.400000 22964.0
476198.000000 4208676.800000 22994.0
476210.100000 4208631.500000 23024.0
476218.700000 4208598.000000 23054.0
476221.300000 4208596.700000 23084.0
476234.400000 4208548.000000 23114.0
476235.200000 4208544.600000 23144.0
476252.600000 4208484.500000 23174.0
476260.500000 4208476.800000 23204.0
476308.700000 4208478.000000 23264.0
476327.200000 4208510.100000 23294.0
476328.900000 4208516.800000 23324.0
476360.700000 4208566.700000 23354.0
476364.200000 4208581.100000 23384.0
476427.600000 4208673.200000 23444.0
476484.100000 4208745.000000 23474.0
476497.400000 4208762.700000 23504.0
476530.800000 4208800.300000 23534.0
476571.300000 4208854.300000 23564.0
476703.300000 4209014.800000 23594.0
476902.000000 4209150.500000 23624.0
476980.500000 4209259.100000 23654.0
477040.500000 4209341.000000 23684.0
477243.800000 4209272.700000 23714.0
477327.900000 4209221.300000 23744.0
477351.700000 4209217.000000 23774.0
477396.300000 4209197.800000 23804.0
477399.000000 4209197.800000 23834.0
477442.900000 4209240.000000 23864.0
477743.900000 4209553.300000 23894.0
477856.400000 4209620.700000 23924.0
477774.400000 4209486.700000 23954.0
477909.100000 4209348.800000 23984.0
478008.600000 4209496.200000 24014.0
477981.400000 4209547.500000 24044.0
477882.500000 4209613.400000 24074.0
477868.500000 4209622.300000 24104.0
477858.800000 4209638.900000 24134.0
477857.100000 4209644.400000 24164.0
477902.000000 4209706.500000 24194.0
478035.300000 4209992.200000 24224.0
478034.500000 4209996.500000 24254.0
478130.900000 4209912.800000 24284.0
478537.800000 4209817.400000 24314.0
478844.100000 4209820.800000 24344.0
479018.400000 4209712.900000 24374.0
479025.400000 4209708.600000 24404.0
479244.400000 4209507.400000 24434.0
479309.300000 4209500.500000 24464.0
479418.400000 4209637.800000 24494.0
479606.800000 4209523.000000 24524.0
479651.500000 4209544.900000 24554.0
479667.300000 4209561.400000 24584.0
479711.900000 4209533.300000 24614.0
479741.700000 4209526.500000 24644.0
479760.100000 4209525.200000 24674.0
479797.700000 4209499.700000 24704.0
479796.000000 4209479.800000 24734.0
479797.500000 4209397.700000 24974.0
479884.200000 4209334.400000 25004.0
479912.200000 4209311.100000 25034.0
479940.300000 4209278.800000 25064.0
480065.600000 4209174.400000 25094.0
480067.200000 4209172.300000 25124.0
480210.100000 4209076.700000 25154.0
480237.400000 4209054.600000 25184.0
480318.900000 4208992.200000 25214.0
480368.000000 4208954.400000 25244.0
480424.200000 4208911.100000 25274.0
480492.500000 4208861.000000 25304.0
480598.400000 4208775.300000 25334.0
480616.000000 4208759.600000 25364.0
480660.600000 4208722.600000 25394.0
480722.700000 4208675.900000 25424.0
480837.500000 4208589.300000 25454.0
480898.900000 4208548.100000 25484.0
481072.400000 4208424.600000 25514.0
481281.800000 4208264.500000 25544.0
481346.600000 4208212.300000 25574.0
481571.700000 4208049.700000 25604.0
481683.800000 4207920.800000 25634.0
481760.600000 4207775.400000 25664.0
481826.200000 4207663.100000 25694.0
481842.900000 4207638.500000 25724.0
481931.400000 4207536.300000 25784.0
482045.400000 4207476.000000 25814.0
482148.000000 4207460.100000 25844.0
482158.600000 4207460.100000 25874.0
482201.600000 4207461.300000 25904.0
482207.800000 4207462.500000 25934.0
482329.900000 4207488.900000 25964.0
482365.100000 4207495.600000 25994.0
482543.300000 4207543.100000 26024.0
482561.700000 4207543.000000 26054.0
482724.200000 4207589.200000 26084.0
482732.100000 4207592.600000 26114.0
482862.100000 4207622.400000 26144.0
482877.000000 4207626.600000 26174.0
482880.500000 4207627.800000 26204.0
482908.600000 4207629.900000 26234.0
483250.200000 4207716.800000 26264.0
483479.300000 4207775.200000 26294.0
483767.400000 4207852.500000 26324.0
484172.300000 4207971.500000 26354.0
484584.900000 4208045.200000 26384.0
484825.600000 4208098.900000 26414.0
485152.300000 4208239.300000 26444.0
485364.700000 4208196.600000 26474.0
485749.900000 4208121.400000 26504.0
486168.500000 4208064.000000 26534.0
486354.400000 4208032.800000 26564.0
486442.100000 4208018.200000 26594.0
486486.800000 4208012.700000 26624.0
486558.200000 4208151.400000 26654.0
486725.800000 4208147.700000 26684.0
486669.200000 4207915.900000 26714.0
486779.400000 4207689.200000 26744.0
486922.000000 4207295.000000 26774.0
487067.000000 4206889.700000 26804.0
487243.100000 4206662.100000 26834.0
487260.700000 4206649.000000 26864.0
487301.000000 4206618.900000 26894.0
487306.200000 4206614.600000 26924.0
487411.600000 4206659.700000 27014.0
487523.900000 4206684.100000 27044.0
487624.800000 4206636.100000 27074.0
487683.500000 4206569.600000 27104.0
487823.900000 4206514.000000 27134.0
487784.100000 4206317.600000 27164.0
487890.200000 4206278.500000 27194.0
488283.400000 4206173.800000 27224.0
488504.500000 4206122.300000 27254.0
488750.200000 4206053.000000 27284.0
489033.600000 4205957.400000 27314.0
489238.200000 4205947.000000 27344.0
489299.700000 4205939.300000 27374.0
489365.500000 4205939.200000 27404.0
489485.700000 4205940.300000 27434.0
489710.300000 4205842.200000 27464.0
489747.000000 4205703.400000 27494.0
489996.300000 4205716.200000 27524.0
490146.400000 4205630.500000 27554.0
490299.000000 4205499.500000 27584.0
490460.400000 4205347.400000 27614.0
490477.200000 4205344.000000 27644.0
490446.400000 4205372.000000 31364.0
490270.100000 4205527.500000 31394.0
490114.000000 4205680.900000 31424.0
489944.600000 4205691.300000 31454.0
489832.200000 4205680.400000 31484.0
489758.500000 4205705.900000 31514.0
489595.400000 4205784.000000 31544.0
489493.600000 4205796.400000 31574.0
489412.900000 4205805.400000 31604.0
489401.500000 4205847.700000 31634.0
489397.200000 4205866.800000 31664.0
489392.000000 4205887.900000 31694.0
489388.500000 4205901.000000 31724.0
489366.600000 4205932.000000 31754.0
489211.300000 4205942.300000 31784.0
489045.300000 4205953.600000 31814.0
488776.900000 4206048.300000 31844.0
488620.800000 4206191.600000 31874.0
488631.700000 4206403.600000 31904.0
488630.000000 4206409.100000 31934.0
488608.900000 4206396.000000 32414.0
488596.300000 4206137.400000 32444.0
488869.200000 4206009.700000 32474.0
488982.400000 4205971.800000 32504.0
489043.800000 4205952.700000 32534.0
489063.100000 4205950.600000 32564.0
489045.300000 4205845.200000 32594.0
489008.400000 4205754.300000 32624.0
489048.700000 4205752.900000 32654.0
489096.900000 4205731.700000 32684.0
489204.900000 4205721.400000 32714.0
489277.000000 4205760.200000 32744.0
489385.100000 4205802.400000 32774.0
489544.800000 4205795.500000 32804.0
489678.200000 4205733.100000 32834.0
489775.600000 4205690.600000 32864.0
490003.000000 4205718.300000 32894.0
490198.600000 4205579.200000 32924.0
490415.300000 4205388.100000 32954.0
490461.800000 4205362.600000 32984.0
490464.500000 4205363.900000 33014.0
490432.000000 4205385.100000 36014.0
490217.100000 4205579.600000 36044.0
490056.600000 4205704.300000 36074.0
489817.800000 4205681.300000 36104.0
489748.600000 4205767.700000 36134.0
489661.800000 4205887.600000 36164.0
489644.200000 4205903.300000 36194.0
489596.000000 4205917.700000 36224.0
489564.400000 4205932.100000 36254.0
489596.900000 4205924.500000 36884.0
489689.100000 4205872.300000 36914.0
489708.200000 4205740.200000 36944.0
489657.300000 4205779.200000 36974.0
489660.000000 4205779.200000 37004.0
489670.500000 4205766.100000 37064.0
489771.400000 4205697.000000 37094.0
490043.600000 4205716.500000 37124.0
490260.200000 4205539.800000 37154.0
490449.600000 4205366.500000 37184.0
490460.100000 4205350.800000 37214.0
490464.500000 4205348.700000 37244.0
490482.000000 4205335.500000 37454.0
490669.800000 4205216.800000 37484.0
490777.900000 4205329.700000 37514.0
490871.200000 4205470.500000 37544.0
490942.500000 4205625.800000 37574.0
490992.000000 4205807.700000 37604.0
491002.600000 4205837.800000 37634.0
491066.700000 4205811.000000 38084.0
491355.500000 4205769.700000 38114.0
491364.300000 4205837.400000 38144.0
491100.900000 4205877.400000 38174.0
490805.900000 4205933.200000 38204.0
490407.500000 4206024.700000 38234.0
490055.500000 4205997.100000 38264.0
490012.400000 4205997.200000 38294.0
490020.300000 4205998.500000 38324.0
489958.800000 4205979.500000 38714.0
489722.600000 4205929.800000 38744.0
489729.600000 4205838.800000 38774.0
489761.900000 4205708.000000 38804.0
489909.400000 4205709.100000 38834.0
490147.300000 4205645.700000 38864.0
490385.800000 4205430.000000 38894.0
490464.800000 4205352.100000 38924.0
490469.100000 4205347.800000 38954.0
490396.400000 4205419.000000 39074.0
490187.600000 4205605.500000 39104.0
490062.100000 4205704.200000 39134.0
489785.500000 4205684.700000 39164.0
489691.600000 4205752.500000 39194.0
489488.000000 4205801.500000 39224.0
489415.200000 4205804.900000 39254.0
489372.200000 4205807.100000 39284.0
489289.700000 4205849.500000 39314.0
489289.800000 4205929.500000 39344.0
489197.500000 4205941.900000 39374.0
488985.100000 4205974.400000 39404.0
488678.800000 4206087.800000 39434.0
488260.100000 4206183.600000 39464.0
488227.700000 4206199.300000 39494.0
487806.400000 4206312.900000 39524.0
487642.300000 4206348.700000 39554.0
487556.300000 4206374.300000 39584.0
487444.200000 4206537.400000 39614.0
487276.800000 4206648.500000 39644.0
487016.400000 4206845.300000 39674.0
486804.700000 4206858.800000 39704.0
486643.400000 4207000.000000 39734.0
486694.000000 4207331.700000 39764.0
486669.600000 4207491.300000 39794.0
486412.500000 4207518.400000 39824.0
486304.600000 4207570.700000 39854.0
486355.000000 4207741.600000 39884.0
486375.300000 4207794.900000 39914.0
486408.700000 4207851.500000 39944.0
486413.100000 4207860.400000 39974.0
486467.600000 4207949.200000 40004.0
486472.000000 4207956.000000 40034.0
486496.700000 4208008.000000 40064.0
486078.100000 4208088.700000 40094.0
485601.600000 4208153.800000 40124.0
485316.700000 4208313.000000 40154.0
485264.000000 4208343.200000 40184.0
485264.000000 4208343.200000 40214.0
484957.300000 4208154.100000 40244.0
484481.300000 4208042.800000 40274.0
484063.300000 4207954.800000 40304.0
483659.300000 4207850.200000 40334.0
483493.400000 4207861.500000 40364.0
483421.400000 4207879.400000 40394.0
483410.100000 4207888.300000 40424.0
483471.600000 4207949.200000 42374.0
483407.500000 4207967.100000 42404.0
483283.900000 4207985.100000 42434.0
483172.900000 4207828.700000 42464.0
483117.400000 4207711.200000 42494.0
483034.000000 4207679.200000 42524.0
482987.400000 4207666.100000 42554.0
482975.200000 4207659.400000 42584.0
482909.700000 4207432.200000 42674.0
482744.600000 4207429.200000 42704.0
482630.400000 4207399.400000 42734.0
482623.400000 4207399.400000 42764.0
482607.700000 4207411.700000 42824.0
482533.100000 4207455.000000 42854.0
482468.100000 4207436.100000 42884.0
482363.500000 4207408.400000 42914.0
482144.000000 4207385.600000 42944.0
482027.300000 4207402.400000 42974.0
481921.100000 4207378.100000 43004.0
481887.200000 4207469.100000 43034.0
481884.500000 4207485.600000 43064.0
481686.400000 4207597.000000 43094.0
481553.200000 4207700.500000 43124.0
481584.100000 4207744.900000 43154.0
481705.100000 4207661.300000 43184.0
481661.100000 4207583.500000 43214.0
481536.100000 4207410.700000 43244.0
481593.000000 4207327.100000 43274.0
481480.900000 4207062.000000 43304.0
481452.600000 4206975.700000 43334.0
481321.300000 4206727.600000 43364.0
481176.600000 4206428.300000 43394.0
481174.900000 4206424.000000 43424.0
481164.300000 4206402.900000 43454.0
481035.700000 4206171.200000 43484.0
480930.000000 4205989.500000 43514.0
480836.600000 4205879.700000 43544.0
480640.500000 4205749.300000 43574.0
480515.800000 4205705.200000 43604.0
480320.000000 4205680.200000 43634.0
480257.700000 4205672.800000 43664.0
480314.500000 4205555.000000 43694.0
480381.600000 4205331.800000 43724.0
480401.800000 4205269.500000 43754.0
480433.200000 4205179.700000 43784.0
480441.000000 4205136.500000 43814.0
480348.600000 4205085.500000 43844.0
480230.400000 4205237.700000 43874.0
480117.400000 4205341.300000 43904.0
480051.400000 4205277.100000 43934.0
480025.900000 4205249.200000 43964.0
479923.800000 4205139.400000 43994.0
479863.100000 4205115.000000 44024.0
479847.400000 4205121.800000 44054.0
479836.900000 4205119.800000 44084.0
479767.700000 4205169.900000 44114.0
479749.300000 4205178.800000 44144.0
479731.700000 4205191.100000 44174.0
479710.600000 4205206.800000 44204.0
479686.100000 4205232.300000 44234.0
479658.800000 4205241.200000 44294.0
479593.400000 4205079.300000 44324.0
479573.700000 4204900.700000 44354.0
479562.200000 4204839.800000 44384.0
479476.100000 4204836.600000 44414.0
479440.300000 4204913.300000 44444.0
479563.200000 4205254.600000 44474.0
479841.800000 4205680.100000 44504.0
480076.100000 4206003.400000 44534.0
480109.600000 4206051.100000 44564.0
480144.900000 4206103.100000 44594.0
480374.700000 4206439.900000 44624.0
480583.400000 4206653.500000 44654.0
480938.300000 4206782.600000 44684.0
481207.400000 4207028.400000 44714.0
481533.700000 4207286.200000 44744.0
481813.100000 4207427.800000 44774.0
481892.300000 4207513.100000 44804.0
482084.400000 4207469.500000 44834.0
482318.000000 4207495.700000 44864.0
482466.400000 4207526.300000 44894.0
482612.100000 4207556.900000 44924.0
482664.900000 4207576.700000 44954.0
482679.000000 4207580.900000 44984.0
482799.300000 4207606.000000 45014.0
482810.600000 4207599.200000 45044.0
482836.100000 4207610.200000 45074.0
482925.000000 4207674.300000 45104.0
483015.900000 4207936.100000 45134.0
483166.900000 4207932.400000 45164.0
483244.000000 4207903.500000 45194.0
483353.600000 4207856.700000 45224.0
483377.400000 4207887.600000 45254.0
483388.200000 4207988.700000 47564.0
483332.900000 4207982.000000 47594.0
483253.100000 4208008.900000 47624.0
483151.700000 4207796.200000 47654.0
483124.300000 4207730.600000 47684.0
483116.400000 4207720.500000 47714.0
483086.600000 4207701.500000 47744.0
483062.800000 4207696.000000 47774.0
483059.300000 4207693.900000 47804.0
482977.500000 4207669.500000 47834.0
482601.600000 4207562.800000 47864.0
482624.400000 4207557.300000 47894.0
482695.300000 4207472.900000 47924.0
482712.500000 4207283.200000 47954.0
482723.600000 4207112.200000 47984.0
482773.400000 4207016.900000 48014.0
482875.100000 4206953.600000 48044.0
482961.100000 4206920.000000 48074.0
482923.700000 4206671.600000 48104.0
482923.700000 4206661.500000 48134.0
482892.800000 4206630.600000 48164.0
482645.900000 4206484.700000 48194.0
482486.800000 4206408.400000 48224.0
482206.700000 4206318.000000 48254.0
481874.400000 4206156.600000 48284.0
481651.900000 4205941.700000 48314.0
481628.100000 4205920.600000 48344.0
481521.700000 4205833.200000 48374.0
481280.000000 4205717.400000 48404.0
480974.900000 4205514.900000 48434.0
480938.800000 4205477.300000 48464.0
480852.500000 4205386.500000 48494.0
480586.800000 4205140.800000 48524.0
480317.700000 4204923.900000 48554.0
480037.100000 4204697.300000 48584.0
480010.800000 4204685.100000 48614.0
479915.900000 4204640.000000 48644.0
479876.300000 4204618.100000 48674.0
479793.600000 4204570.500000 48704.0
479770.800000 4204550.600000 48734.0
479743.400000 4204518.500000 48764.0
479626.400000 4204396.900000 48794.0
479564.800000 4204350.500000 48824.0
479538.500000 4204332.800000 48854.0
479486.600000 4204297.400000 48884.0
479436.500000 4204258.600000 48914.0
479396.000000 4204226.500000 48944.0
479197.100000 4204059.400000 48974.0
479021.200000 4203975.600000 49004.0
478892.900000 4203917.100000 49034.0
478773.400000 4203863.300000 49064.0
478565.700000 4203677.600000 49094.0
478311.200000 4203398.500000 49124.0
478191.400000 4203259.900000 49154.0
478024.900000 4203085.200000 49184.0
477929.900000 4203005.400000 49214.0
477886.700000 4202968.700000 49244.0
477853.300000 4202940.000000 49274.0
477599.800000 4202721.000000 49304.0
477629.100000 4202551.200000 49334.0
477492.100000 4202555.800000 49364.0
477526.100000 4202479.100000 49394.0
477544.400000 4202445.700000 49424.0
477587.300000 4202365.500000 49454.0
477652.000000 4202270.100000 49484.0
477656.300000 4202246.800000 49514.0
477644.700000 4202177.000000 49544.0
477644.700000 4202166.900000 49574.0
477633.900000 4202084.800000 49604.0
477633.900000 4202080.600000 49634.0
477628.600000 4202038.300000 49664.0
477613.300000 4201915.100000 49694.0
477602.600000 4201834.300000 49724.0
477601.700000 4201816.500000 49754.0
477598.900000 4201795.400000 49784.0
477574.300000 4201772.200000 49814.0
477573.400000 4201765.400000 49844.0
477564.600000 4201736.700000 49874.0
477436.200000 4201638.400000 49904.0
477246.900000 4201473.400000 49934.0
477316.000000 4201378.000000 49964.0
477331.700000 4201352.600000 49994.0
477336.800000 4201341.500000 50024.0
477454.700000 4201381.000000 50054.0
477511.100000 4201397.300000 50084.0
477589.900000 4201288.400000 50114.0
477681.900000 4201186.100000 50144.0
477744.100000 4201123.700000 50174.0
477891.000000 4201191.000000 50204.0
477967.500000 4201233.200000 50234.0
477977.100000 4201175.600000 50264.0
477985.700000 4201150.200000 50294.0
477996.000000 4201033.700000 50324.0
478081.100000 4200967.100000 50354.0
478186.400000 4200921.500000 50384.0
478252.100000 4200892.500000 50414.0
478442.700000 4200840.800000 50444.0
478643.600000 4200727.300000 50474.0
478686.500000 4200639.600000 50504.0
478733.800000 4200612.800000 50534.0
478939.000000 4200768.900000 50564.0
479067.200000 4200786.300000 50594.0
479068.900000 4200785.000000 50624.0
479111.800000 4200740.500000 50654.0
479192.300000 4200628.100000 50684.0
479335.900000 4200410.200000 50714.0
479211.000000 4200316.100000 50744.0
479185.600000 4200349.600000 50774.0
479084.900000 4200487.400000 50804.0
479066.600000 4200545.100000 50834.0
479179.200000 4200623.500000 50864.0
479134.700000 4200718.800000 50894.0
479112.900000 4200749.800000 50924.0
479110.200000 4200751.900000 50954.0
478994.700000 4200925.300000 51014.0
479014.100000 4200982.800000 51044.0
479065.900000 4200997.100000 51074.0
479100.200000 4201031.300000 51104.0
479077.400000 4201039.000000 51134.0
479077.500000 4201078.700000 51164.0
479015.200000 4201107.700000 51194.0
478952.200000 4201138.700000 51224.0
478851.100000 4201139.000000 51254.0
478667.300000 4201396.000000 51284.0
478620.100000 4201474.800000 51314.0
478543.200000 4201588.000000 51344.0
478523.000000 4201613.500000 51374.0
478517.800000 4201617.700000 51404.0
478497.600000 4201649.900000 51434.0
478438.800000 4201651.400000 51464.0
478208.400000 4201580.900000 51494.0
478076.100000 4201726.400000 51524.0
478039.300000 4201775.200000 51554.0
478119.400000 4201832.500000 51584.0
478196.800000 4201889.000000 51614.0
478207.400000 4201901.300000 51644.0
478318.400000 4202005.100000 51674.0
478486.300000 4202060.100000 51704.0
478542.500000 4202053.200000 51734.0
478629.400000 4202037.300000 51764.0
478763.700000 4202006.900000 51794.0
478929.600000 4201968.800000 51824.0
479099.100000 4201931.500000 51854.0
479391.500000 4201865.200000 51884.0
479677.700000 4201848.800000 51914.0
479843.600000 4201780.700000 51944.0
480002.500000 4201735.000000 51974.0
480099.900000 4201717.000000 52004.0
480454.900000 4201770.300000 52034.0
480907.200000 4201737.100000 52064.0
481121.400000 4201717.600000 52094.0
481168.800000 4201712.000000 52124.0
481269.900000 4201708.300000 52394.0
481414.600000 4202013.200000 52424.0
481682.500000 4202391.000000 52454.0
481482.200000 4202777.400000 52484.0
481170.600000 4203206.500000 52514.0
480897.500000 4203618.900000 52544.0
480814.400000 4203753.300000 52574.0
480809.200000 4203760.100000 52604.0
481039.300000 4203720.600000 52634.0
481397.200000 4203920.400000 52664.0
481618.800000 4204085.400000 52694.0
481435.800000 4204351.200000 52724.0
481435.000000 4204351.200000 52754.0
481610.700000 4204375.300000 52784.0
481992.000000 4204468.900000 52814.0
482260.900000 4204616.000000 52844.0
482199.700000 4204743.500000 52874.0
482287.000000 4204919.900000 52904.0
482326.400000 4205253.700000 52934.0
482149.600000 4205468.300000 52964.0
482008.600000 4205622.600000 52994.0
481840.300000 4205805.000000 53024.0
481736.100000 4205914.000000 53054.0
481729.900000 4205918.300000 53084.0
481841.800000 4206087.700000 53114.0
481852.400000 4206103.400000 53144.0
482153.800000 4206282.600000 53174.0
482594.100000 4206447.100000 53204.0
483027.400000 4206693.800000 53234.0
483309.400000 4206808.800000 53264.0
483682.700000 4206916.800000 53294.0
483998.000000 4207030.500000 53324.0
484001.600000 4207030.500000 53354.0
484014.900000 4207100.300000 53384.0
483842.900000 4207168.400000 53414.0
483593.900000 4207320.000000 53444.0
483502.800000 4207365.400000 53474.0
483403.800000 4207413.500000 53504.0
483116.100000 4207558.400000 53534.0
483093.500000 4207672.700000 53564.0
483353.500000 4207750.900000 53594.0
483467.800000 4207790.400000 53624.0
483479.300000 4207858.100000 53654.0
483403.900000 4207877.300000 53684.0
483394.100000 4207865.100000 53714.0
483371.300000 4207849.500000 54704.0
483381.800000 4207836.300000 54734.0
483355.500000 4207791.900000 55964.0
483349.300000 4207783.100000 55994.0
483185.100000 4207730.100000 56024.0
483009.400000 4207681.800000 56054.0
482981.200000 4207671.700000 56084.0
482752.000000 4207607.800000 56114.0
482438.500000 4207526.300000 56144.0
482320.700000 4207501.200000 56174.0
482045.900000 4207489.500000 56204.0
481990.700000 4207510.800000 56234.0
481979.400000 4207515.100000 56264.0
481947.800000 4207535.000000 56354.0
481943.400000 4207535.000000 56384.0
481832.500000 4207431.200000 56444.0
481736.800000 4207367.000000 56474.0
481646.200000 4207308.400000 56504.0
481633.000000 4207320.700000 56534.0
481559.200000 4207233.300000 56564.0
481362.600000 4206862.100000 56594.0
481223.200000 4206539.500000 56624.0
481165.100000 4206436.300000 56654.0
481165.100000 4206432.100000 56684.0
481128.900000 4206357.700000 56714.0
480979.900000 4206092.600000 56744.0
480866.300000 4205896.500000 56774.0
480752.100000 4205931.100000 56804.0
480555.900000 4205716.100000 56834.0
480454.900000 4205698.500000 56864.0
480299.500000 4205701.000000 56894.0
480258.200000 4205683.400000 56924.0
480334.200000 4205519.000000 56954.0
480286.400000 4205354.800000 56984.0
480204.500000 4205287.300000 57014.0
480135.400000 4205355.200000 57044.0
480014.900000 4205274.700000 57074.0
479856.500000 4205156.500000 57104.0
479845.100000 4205134.600000 57134.0
479852.900000 4205105.800000 57164.0
479885.300000 4205070.100000 57194.0
479951.800000 4205001.000000 57224.0
479961.500000 4204992.100000 57254.0
479968.500000 4204981.900000 57284.0
480027.100000 4204922.900000 57314.0
480037.700000 4204918.600000 57344.0
480077.900000 4204878.800000 57374.0
480112.000000 4204846.500000 57404.0
480113.700000 4204846.500000 57434.0
480230.100000 4204704.000000 57464.0
480272.800000 4204575.200000 57494.0
480364.700000 4204415.500000 57524.0
480642.100000 4204014.400000 57554.0
480804.000000 4203734.300000 57584.0
481091.100000 4203297.600000 57614.0
481384.200000 4202850.000000 57644.0
481699.800000 4202605.100000 57674.0
481587.600000 4202321.300000 57704.0
481401.500000 4201961.200000 57734.0
481055.700000 4201672.400000 57764.0
480543.000000 4201473.900000 57794.0
480174.300000 4201215.300000 57824.0
480081.000000 4201153.300000 57854.0
480079.900000 4200717.300000 57884.0
479758.600000 4200785.800000 57914.0
479436.200000 4200812.000000 57944.0
479279.900000 4200791.300000 57974.0
479210.600000 4200820.200000 58004.0
479013.000000 4200865.200000 58034.0
478920.100000 4201005.100000 58064.0
478807.500000 4200927.500000 58094.0
478666.700000 4200836.900000 58124.0
478600.000000 4200849.300000 58154.0
478508.400000 4201126.800000 58184.0
478461.800000 4201100.200000 58214.0
478443.300000 4201081.200000 58244.0
478377.400000 4201061.500000 58274.0
478401.900000 4200998.400000 58304.0
478473.700000 4200891.500000 58334.0
478513.000000 4200830.500000 58364.0
478644.500000 4200748.000000 58394.0
478728.600000 4200667.000000 58424.0
478752.300000 4200644.900000 58454.0
478882.500000 4200713.600000 58484.0
479071.500000 4200779.500000 58514.0
479070.700000 4200778.300000 58544.0
479230.600000 4200785.500000 58574.0
479464.300000 4200428.900000 58604.0
479475.800000 4200147.000000 58634.0
479485.100000 4199960.800000 58664.0
479687.800000 4199876.000000 58694.0
479822.500000 4199657.300000 58724.0
479975.100000 4199578.200000 58754.0
479709.600000 4199498.900000 58784.0
479648.900000 4199460.100000 58814.0
479445.200000 4199149.900000 58844.0
479151.500000 4199077.400000 58874.0
479015.300000 4199083.300000 58904.0
479012.600000 4199083.300000 58934.0
478973.100000 4199088.900000 58964.0
478965.200000 4199087.600000 58994.0
478854.300000 4199036.700000 59054.0
478728.400000 4199286.700000 59084.0
478604.100000 4199121.600000 59114.0
478545.100000 4199038.400000 59144.0
478542.400000 4199038.400000 59174.0
478515.100000 4199032.900000 59204.0
478220.600000 4198992.600000 59234.0
477915.700000 4198974.400000 59264.0
477859.700000 4199075.700000 59294.0
477835.200000 4199122.300000 59324.0
477760.200000 4199331.200000 59354.0
477743.500000 4199365.500000 59384.0
477633.400000 4199614.300000 59414.0
477549.500000 4199747.800000 59444.0
477535.400000 4199761.000000 59474.0
477483.900000 4199861.000000 59504.0
477399.900000 4199944.600000 59534.0
477081.300000 4200055.600000 59564.0
476991.500000 4200011.400000 59594.0
476989.800000 4200011.400000 59624.0
476963.500000 4200007.200000 59654.0
476962.700000 4200008.500000 59684.0
476942.400000 4200008.500000 59714.0
476901.100000 4200006.500000 59744.0
476898.500000 4200005.300000 59774.0
476778.100000 4199981.100000 59804.0
476638.700000 4199776.200000 59834.0
476443.300000 4199632.400000 59864.0
476169.700000 4199565.500000 59894.0
476002.000000 4199289.600000 59924.0
475981.600000 4199247.300000 59954.0
475821.300000 4199096.700000 59984.0
475644.500000 4199038.400000 60014.0
475639.300000 4199036.300000 60044.0
475462.100000 4198865.800000 60074.0
475411.000000 4198819.400000 60104.0
475205.600000 4198619.400000 60134.0
475034.600000 4198445.500000 60164.0
474866.300000 4198261.900000 60194.0
474833.600000 4198199.000000 60224.0
474711.300000 4197905.200000 60254.0
474506.100000 4197784.800000 60284.0
474326.700000 4197746.400000 60314.0
474089.100000 4197668.400000 60344.0
473930.700000 4197623.600000 60374.0
473900.800000 4197605.900000 60404.0
473861.200000 4197582.800000 60434.0
473753.400000 4197444.300000 60494.0
473620.900000 4197191.600000 60524.0
473548.500000 4197109.700000 60554.0
473534.400000 4197094.100000 60584.0
473592.500000 4197119.300000 60644.0
473675.800000 4197328.600000 60674.0
473781.000000 4197534.800000 60704.0
473787.300000 4197544.900000 60734.0
473795.200000 4197566.900000 60764.0
473702.900000 4197849.100000 60794.0
473625.700000 4198188.800000 60824.0
473585.700000 4198549.500000 60854.0
473567.600000 4198917.800000 60884.0
473560.200000 4199346.200000 60914.0
473277.700000 4199444.800000 60944.0
473262.800000 4199466.000000 60974.0
473262.800000 4199470.300000 61004.0
473251.500000 4199484.700000 61034.0
473154.200000 4199578.100000 61064.0
473056.200000 4199678.300000 61094.0
472989.700000 4199732.700000 61124.0
472899.500000 4199826.200000 61154.0
472824.100000 4199894.100000 61184.0
472875.500000 4200033.600000 61214.0
473215.500000 4200268.700000 61244.0
473229.600000 4200286.400000 61274.0
473472.800000 4200492.200000 61304.0
473617.300000 4200625.000000 61334.0
473653.400000 4200660.500000 61364.0
473708.000000 4200709.000000 61394.0
473835.800000 4200825.000000 61424.0
474037.500000 4200995.300000 61454.0
474108.900000 4201049.300000 61484.0
474150.300000 4201091.500000 61514.0
474153.000000 4201098.200000 61544.0
474179.300000 4201117.200000 61574.0
474182.900000 4201117.200000 61604.0
474116.500000 4201230.400000 61664.0
474004.600000 4201381.900000 61694.0
474035.000000 4201581.500000 61724.0
474255.700000 4201900.400000 61754.0
474316.800000 4202048.800000 61784.0
474432.700000 4202321.400000 61814.0
474527.400000 4202542.100000 61844.0
474672.400000 4202844.700000 61874.0
474693.600000 4202866.600000 61904.0
474694.000000 4202998.700000 61934.0
474831.300000 4203101.500000 61964.0
474919.300000 4203180.000000 61994.0
475020.600000 4203268.500000 62024.0
475001.700000 4203379.500000 62054.0
474958.100000 4203478.200000 62084.0
474914.400000 4203551.600000 62114.0
475098.400000 4203669.500000 62144.0
475081.100000 4203760.600000 62174.0
475001.300000 4203800.600000 62204.0
474679.100000 4203827.000000 62234.0
474471.200000 4203918.600000 62264.0
474232.100000 4204115.800000 62294.0
474033.400000 4204291.600000 62324.0
473706.700000 4204572.400000 62354.0
473384.500000 4204849.900000 62384.0
473058.800000 4205127.300000 62414.0
472724.300000 4205413.700000 62444.0
472647.300000 4205479.600000 62474.0
472402.900000 4205637.800000 62504.0
471972.500000 4205854.700000 62534.0
471565.900000 4206079.200000 62564.0
471212.300000 4206380.100000 62594.0
470820.100000 4206713.300000 62624.0
470571.500000 4206916.100000 62654.0
470333.100000 4206993.500000 62684.0
470033.700000 4206990.400000 62714.0
469634.100000 4206977.500000 62744.0
469507.600000 4206935.600000 62774.0
469410.000000 4206897.000000 62804.0
468962.600000 4206780.200000 62834.0
468550.500000 4206893.900000 62864.0
468236.600000 4207001.800000 62894.0
467759.600000 4207116.700000 62924.0
467188.900000 4207108.800000 62954.0
466617.200000 4207054.400000 62984.0
466027.800000 4206946.700000 63014.0
465474.700000 4206932.600000 63044.0
464904.700000 4207086.900000 63074.0
464631.000000 4207521.900000 63104.0
464665.900000 4208093.200000 63134.0
464584.000000 4208630.700000 63164.0
464501.200000 4208949.300000 63194.0
464496.900000 4208957.000000 63224.0
464359.500000 4209243.700000 63254.0
464144.000000 4209717.400000 63284.0
463789.300000 4210101.600000 63314.0
463442.300000 4210394.800000 63344.0
463483.500000 4210764.100000 63374.0
463579.400000 4211231.000000 63404.0
463661.900000 4211635.600000 63434.0
463696.700000 4211778.600000 63464.0
463742.500000 4212037.800000 63494.0
463710.600000 4212161.100000 63524.0
463439.900000 4212244.400000 63554.0
463328.900000 4212357.100000 63584.0
463390.500000 4212575.200000 63614.0
463391.700000 4212834.700000 63644.0
463085.400000 4213196.700000 63674.0
462815.400000 4213607.200000 63704.0
462635.800000 4213852.300000 63734.0
462285.700000 4213989.300000 63764.0
461946.300000 4214014.200000 63794.0
461932.600000 4214260.600000 63824.0
461953.500000 4214398.000000 63854.0
461929.200000 4214463.800000 63884.0
