478261.700000 4209015.200000 21295.0
478108.000000 4208999.900000 21415.0
478000.300000 4209082.300000 21445.0
478117.300000 4209203.100000 21475.0
478374.200000 4209475.400000 21505.0
478439.900000 4209738.100000 21535.0
478571.100000 4209932.000000 21565.0
478663.400000 4209948.300000 21595.0
478573.100000 4209976.400000 21625.0
478516.200000 4210053.200000 21655.0
478594.300000 4210042.800000 21685.0
478597.800000 4210042.800000 21715.0
478655.100000 4210112.500000 22945.0
478795.700000 4210197.600000 22975.0
478909.900000 4210222.700000 23005.0
479089.700000 4210175.700000 23035.0
479305.400000 4210060.900000 23065.0
479507.700000 4209931.700000 23095.0
479761.700000 4209763.500000 23125.0
479894.900000 4209675.500000 23155.0
479946.500000 4209645.400000 23185.0
480186.000000 4209973.200000 23215.0
480290.500000 4209977.200000 23245.0
480598.400000 4209602.700000 23275.0
481103.300000 4209366.200000 23305.0
481609.300000 4209229.600000 23335.0
481923.900000 4209032.600000 23365.0
482093.900000 4208909.000000 23395.0
481999.500000 4208679.400000 23425.0
482128.300000 4208578.000000 23455.0
482302.700000 4208462.000000 23485.0
482499.100000 4208389.700000 23515.0
482839.700000 4208475.300000 23545.0
482849.100000 4208307.700000 23575.0
482994.700000 4208310.700000 23605.0
483279.500000 4208495.500000 23635.0
483427.300000 4208640.400000 23665.0
483709.500000 4208854.000000 23695.0
483918.100000 4208719.400000 23725.0
484085.400000 4208582.800000 23755.0
484278.100000 4208412.700000 23785.0
484563.800000 4208187.900000 23815.0
484678.600000 4208112.300000 23845.0
484924.500000 4208149.500000 23875.0
485146.500000 4208197.800000 23905.0
485268.400000 4208106.600000 23935.0
485472.700000 4207920.000000 23965.0
485652.200000 4207672.100000 23995.0
485800.100000 4207433.100000 24025.0
485961.400000 4207267.300000 24055.0
486056.000000 4207151.600000 24085.0
486108.600000 4207094.800000 24115.0
486217.200000 4206973.600000 24145.0
486495.400000 4206898.600000 24175.0
486967.700000 4206858.100000 24205.0
487199.100000 4206702.400000 24235.0
487326.200000 4206572.300000 24265.0
487327.000000 4206568.900000 24295.0
487392.800000 4206520.100000 24325.0
487524.100000 4206371.300000 24355.0
487623.200000 4206341.100000 24385.0
487955.800000 4206257.300000 24415.0
488247.200000 4206189.100000 24445.0
488487.800000 4206130.000000 24475.0
488815.200000 4206029.600000 24505.0
488981.000000 4205971.800000 24535.0
489067.900000 4205949.700000 24565.0
489120.700000 4205942.900000 24595.0
489208.400000 4205946.100000 24625.0
489269.000000 4205947.300000 24655.0
489301.500000 4205947.300000 24685.0
489428.800000 4205945.900000 24715.0
489744.700000 4205933.200000 24745.0
490096.800000 4206003.900000 24775.0
490555.900000 4205984.300000 24805.0
490937.800000 4205895.000000 24835.0
491229.300000 4205850.200000 24865.0
491663.000000 4205817.600000 24895.0
492101.000000 4205758.300000 24925.0
492444.800000 4205454.100000 24955.0
492950.400000 4205300.500000 24985.0
493269.100000 4205270.200000 25015.0
493762.500000 4205325.200000 25045.0
494283.300000 4205572.500000 25075.0
494709.300000 4205765.200000 25105.0
495073.800000 4205909.300000 25135.0
495547.900000 4206092.300000 25165.0
495952.700000 4206249.500000 25195.0
496330.200000 4206388.200000 25225.0
496777.100000 4206443.500000 25255.0
497185.400000 4206669.800000 25285.0
497396.000000 4206586.300000 25315.0
497560.100000 4206393.300000 25345.0
497805.000000 4206263.300000 25375.0
498037.500000 4206050.300000 25405.0
497904.000000 4205821.800000 25435.0
498042.600000 4205658.800000 25465.0
498328.800000 4205586.800000 25495.0
498385.100000 4205688.800000 25525.0
498406.200000 4205895.300000 25555.0
498045.400000 4206056.200000 25585.0
497825.100000 4206251.400000 25615.0
497576.600000 4206389.000000 25645.0
497436.200000 4206563.400000 25675.0
497206.700000 4206663.000000 25706.0
497256.800000 4206687.500000 25736.0
497668.600000 4206970.100000 25766.0
497923.200000 4207393.700000 25796.0
497729.200000 4207611.300000 25826.0
497387.800000 4207696.900000 25856.0
497017.500000 4207777.900000 25886.0
496709.500000 4207913.400000 25916.0
496537.500000 4208095.500000 25946.0
496520.800000 4208239.800000 25976.0
496522.600000 4208384.200000 26006.0
496485.800000 4208438.400000 26036.0
496539.300000 4208358.300000 26066.0
496503.300000 4208281.700000 26096.0
496417.300000 4208385.100000 26126.0
496170.800000 4208539.200000 26156.0
495914.500000 4208698.900000 26186.0
495610.800000 4208586.100000 26216.0
495506.100000 4208091.300000 26246.0
495518.000000 4207546.600000 26276.0
495616.900000 4206990.800000 26306.0
496024.900000 4206688.800000 26336.0
496296.900000 4206379.300000 26366.0
495868.300000 4206196.200000 26396.0
495353.800000 4206021.300000 26426.0
494841.800000 4205821.800000 26456.0
494742.600000 4205683.000000 26486.0
494703.700000 4205331.400000 26516.0
494605.100000 4204884.500000 26546.0
494467.800000 4204438.400000 26576.0
494674.200000 4204540.300000 26606.0
495100.100000 4204579.000000 26636.0
495227.500000 4204776.600000 26666.0
495121.400000 4204889.600000 26696.0
495115.200000 4204888.400000 26726.0
495127.400000 4204889.600000 26756.0
495228.300000 4204745.300000 26786.0
495065.800000 4204562.100000 26816.0
494633.800000 4204519.200000 26846.0
494494.100000 4204478.200000 26876.0
494606.700000 4204887.400000 26906.0
494656.100000 4205137.100000 26936.0
494719.400000 4205392.300000 26966.0
494719.600000 4205733.000000 26996.0
494740.800000 4205774.000000 27026.0
494739.200000 4205943.800000 27056.0
494704.200000 4206202.400000 27086.0
494750.000000 4206378.900000 27116.0
494616.700000 4206637.600000 27146.0
494313.200000 4206929.400000 27176.0
494071.100000 4207181.400000 27206.0
493991.500000 4207528.900000 27236.0
493924.000000 4207700.000000 27266.0
493926.800000 4207950.500000 27296.0
493619.700000 4207986.300000 27326.0
493534.200000 4207707.900000 27356.0
493436.900000 4207782.500000 27386.0
493192.800000 4207864.800000 27416.0
492854.800000 4207867.200000 27446.0
492742.300000 4207684.000000 27476.0
492421.000000 4207600.000000 27506.0
492013.600000 4207539.500000 27536.0
491799.500000 4207568.500000 27566.0
491626.800000 4207827.200000 27596.0
491526.000000 4207940.400000 27626.0
491266.000000 4207792.900000 27656.0
491103.900000 4208102.500000 27686.0
490961.200000 4208431.100000 27716.0
491009.400000 4208485.200000 27746.0
491189.100000 4208248.800000 27776.0
491164.400000 4208133.300000 27806.0
491083.800000 4208233.300000 27836.0
491003.400000 4208490.700000 27866.0
490977.000000 4208323.100000 27896.0
491194.100000 4207854.800000 27926.0
491547.900000 4207950.900000 27956.0
491561.800000 4207803.200000 27986.0
491317.400000 4207505.900000 28016.0
491252.100000 4207188.500000 28046.0
491221.000000 4206910.100000 28076.0
490912.100000 4206847.300000 28106.0
490681.900000 4206795.500000 28136.0
490702.200000 4206747.700000 28166.0
490860.200000 4206719.600000 28196.0
490900.300000 4206471.900000 28226.0
490845.500000 4206199.000000 28256.0
490812.800000 4205945.100000 28286.0
491000.600000 4205891.500000 28316.0
490959.200000 4205720.600000 28346.0
490902.700000 4205498.900000 28376.0
490793.700000 4205381.300000 28406.0
490715.300000 4205197.300000 28436.0
490582.700000 4205242.700000 28466.0
490471.300000 4205342.700000 28496.0
490356.400000 4205455.900000 28526.0
490192.500000 4205605.900000 28556.0
489990.600000 4205708.100000 28586.0
489836.000000 4205690.600000 28616.0
489693.000000 4205757.200000 28646.0
489453.400000 4205799.800000 28676.0
489397.200000 4205855.300000 28706.0
489397.300000 4205917.500000 28736.0
489390.200000 4205924.300000 28766.0
489166.400000 4205937.700000 28796.0
488839.900000 4206012.700000 28826.0
488700.400000 4206068.300000 28856.0
488535.300000 4206115.100000 28886.0
488438.700000 4206146.100000 28916.0
488273.700000 4206183.200000 28946.0
488161.400000 4206216.800000 28976.0
488110.500000 4206221.100000 29006.0
487799.000000 4206304.900000 29036.0
487629.700000 4206420.700000 29066.0
487672.400000 4206776.600000 29096.0
487598.200000 4207062.000000 29126.0
487603.300000 4207540.200000 29156.0
487582.700000 4207909.800000 29186.0
487463.000000 4208201.600000 29216.0
487160.200000 4208285.400000 29246.0
487149.700000 4208281.200000 29276.0
486954.900000 4208345.800000 29366.0
486788.200000 4208344.800000 29396.0
486655.600000 4208364.100000 29426.0
486401.300000 4208409.800000 29456.0
486130.400000 4208602.400000 29486.0
486050.300000 4208482.800000 29516.0
486035.400000 4208462.900000 29546.0
486021.300000 4208440.900000 29576.0
485838.500000 4208338.000000 29606.0
485577.700000 4208222.900000 29636.0
485492.400000 4208175.200000 29666.0
485200.100000 4208209.100000 29696.0
485029.000000 4208177.300000 29726.0
484957.000000 4208161.700000 29756.0
484851.600000 4208137.400000 29786.0
484749.000000 4208113.000000 29816.0
484726.200000 4208106.300000 29846.0
484407.500000 4208031.600000 29876.0
483978.000000 4207929.100000 29906.0
483546.000000 4207823.300000 29936.0
483405.700000 4207876.900000 29966.0
483403.000000 4207887.100000 29996.0
483404.700000 4207882.800000 30026.0
483488.900000 4207860.700000 30086.0
483488.800000 4207806.500000 30116.0
483327.200000 4207785.600000 30146.0
483301.100000 4207875.400000 30176.0
483362.500000 4207860.900000 30206.0
483380.900000 4207882.000000 30236.0
483378.300000 4207893.100000 30266.0
483397.700000 4207981.900000 31466.0
483266.100000 4207992.300000 31496.0
483174.700000 4207885.000000 31526.0
483054.500000 4207886.500000 31556.0
482970.300000 4207921.000000 31586.0
482802.900000 4207984.400000 31616.0
482688.000000 4208029.100000 31646.0
482578.000000 4207977.700000 31676.0
482555.200000 4207918.900000 31706.0
482510.200000 4207821.200000 31736.0
482470.500000 4207722.700000 31766.0
482344.200000 4207755.100000 31796.0
482196.900000 4207828.600000 31826.0
482179.300000 4207835.500000 31856.0
482158.300000 4207878.700000 32216.0
482175.100000 4207909.500000 32246.0
482227.800000 4207896.300000 32276.0
482252.400000 4207885.200000 32306.0
482255.900000 4207889.500000 32336.0
482377.900000 4207837.100000 32756.0
482605.000000 4207757.900000 32786.0
482875.200000 4207671.900000 32816.0
482928.100000 4207723.800000 32846.0
483022.500000 4207967.800000 32876.0
483183.000000 4207936.600000 32906.0
483339.100000 4207873.200000 32936.0
483365.400000 4207886.300000 32966.0
484324.400000 4208740.200000 43442.0
484380.500000 4208634.700000 43472.0
484497.000000 4208544.800000 43502.0
484420.300000 4208375.200000 43532.0
484275.200000 4208212.500000 43562.0
484133.000000 4208175.100000 43592.0
483975.900000 4208139.900000 43622.0
483828.000000 4207904.900000 43652.0
483552.200000 4207819.100000 43682.0
483430.300000 4207869.200000 43712.0
483433.800000 4207868.000000 43742.0
483433.000000 4207873.900000 44896.0
483434.300000 4207870.900000 44956.0
483411.600000 4207876.900000 45016.0
483415.600000 4207890.400000 45090.0
483391.800000 4207881.600000 45210.0
483410.200000 4207876.100000 45240.0
483497.800000 4207813.700000 45900.0
483261.600000 4207749.800000 45930.0
483025.400000 4207682.600000 45960.0
482838.300000 4207630.900000 45990.0
482671.500000 4207579.200000 46020.0
482606.300000 4207479.400000 46050.0
482372.600000 4207419.000000 46080.0
482297.100000 4207403.500000 46110.0
482232.900000 4207387.100000 46140.0
482103.600000 4207297.700000 46170.0
482124.300000 4207102.500000 46200.0
482249.800000 4207046.800000 46230.0
482174.900000 4206942.800000 46260.0
482001.000000 4206898.800000 46290.0
481812.800000 4206758.200000 46320.0
481645.300000 4206796.300000 46350.0
481510.400000 4206531.200000 46380.0
481409.800000 4206343.900000 46410.0
481320.000000 4206234.100000 46440.0
481198.200000 4206369.800000 46470.0
481098.900000 4206293.400000 46500.0
480943.800000 4206022.900000 46530.0
480802.100000 4205892.400000 46560.0
480640.200000 4205766.300000 46590.0
480361.700000 4205692.400000 46620.0
480230.100000 4205667.300000 46650.0
479958.600000 4205594.800000 46680.0
479777.300000 4205400.900000 46710.0
479694.400000 4205270.400000 46740.0
479695.200000 4205263.600000 46770.0
479691.700000 4205249.200000 46830.0
479765.100000 4205158.000000 46860.0
479834.300000 4205104.500000 46890.0
479862.400000 4205077.800000 46920.0
479891.300000 4205052.300000 46950.0
479901.000000 4205044.700000 46980.0
479965.800000 4204980.200000 47010.0
479975.500000 4204970.000000 47040.0
480001.700000 4204944.600000 47070.0
480137.600000 4204816.800000 47160.0
479952.900000 4204683.100000 47190.0
479879.400000 4204784.400000 47220.0
479856.700000 4204818.800000 47250.0
479824.300000 4204854.400000 47280.0
479764.700000 4204914.700000 47310.0
479604.900000 4204920.600000 47340.0
479554.600000 4204831.800000 47370.0
479500.700000 4204716.400000 47400.0
479347.700000 4204590.200000 47430.0
479347.600000 4204544.900000 47460.0
479321.900000 4204446.400000 47490.0
479455.000000 4204298.300000 47520.0
479494.800000 4204392.600000 47550.0
479422.900000 4204455.900000 47580.0
479319.400000 4204536.100000 47610.0
479357.500000 4204705.700000 47640.0
479396.500000 4204806.800000 47670.0
479449.600000 4204940.000000 47700.0
479532.700000 4205156.100000 47730.0
479586.600000 4205301.100000 47760.0
479625.500000 4205384.400000 47790.0
479806.000000 4205565.900000 47820.0
480149.500000 4205650.600000 47850.0
480219.700000 4205664.800000 47880.0
480295.200000 4205650.300000 47910.0
480622.900000 4205731.600000 47940.0
480803.300000 4205892.000000 47970.0
480964.300000 4206051.200000 48000.0
481132.600000 4206349.200000 48030.0
481292.100000 4206648.500000 48060.0
481354.800000 4206821.500000 48090.0
481502.900000 4207085.200000 48120.0
481594.600000 4207283.500000 48150.0
481596.300000 4207289.000000 48180.0
481788.800000 4207411.800000 48210.0
481884.600000 4207502.600000 48240.0
481896.000000 4207515.700000 48270.0
481917.100000 4207542.300000 48300.0
482032.000000 4207487.900000 48330.0
482113.700000 4207474.600000 48360.0
482163.800000 4207475.700000 48390.0
482292.900000 4207500.800000 48420.0
482314.900000 4207504.200000 48450.0
482342.200000 4207507.500000 48480.0
482444.000000 4207523.800000 48510.0
482651.200000 4207580.100000 48540.0
482868.100000 4207636.300000 48570.0
482874.300000 4207636.300000 48600.0
483194.900000 4207716.500000 48630.0
483504.000000 4207810.300000 48660.0
483396.200000 4207887.100000 48690.0
483390.000000 4207890.500000 48720.0
483379.600000 4207885.000000 50003.0
483453.300000 4207895.000000 51413.0
483498.900000 4207834.000000 51443.0
483359.100000 4207791.100000 51473.0
483346.900000 4207782.200000 51503.0
483172.200000 4207736.000000 51533.0
483030.000000 4207697.400000 51563.0
482994.800000 4207684.300000 51593.0
482994.000000 4207680.900000 51623.0
482804.300000 4207627.200000 51683.0
482699.800000 4207599.400000 51713.0
482679.500000 4207590.600000 51743.0
482709.000000 4207450.900000 51773.0
482719.200000 4207284.500000 51803.0
482727.600000 4207116.900000 51833.0
482711.700000 4207060.200000 51863.0
482502.800000 4207073.800000 51893.0
482499.800000 4206911.700000 51923.0
482487.800000 4206618.800000 51953.0
482535.600000 4206444.300000 51983.0
482482.000000 4206411.000000 52013.0
482441.600000 4206393.300000 52043.0
482154.400000 4206298.700000 52073.0
481905.600000 4206181.600000 52103.0
481764.800000 4206047.700000 52133.0
481631.900000 4205921.400000 52163.0
481595.900000 4205887.200000 52193.0
481307.500000 4205733.800000 52223.0
481038.500000 4205574.900000 52253.0
480917.000000 4205466.400000 52283.0
480722.500000 4205269.200000 52313.0
480476.100000 4205066.600000 52343.0
480262.400000 4204900.800000 52373.0
480176.900000 4204790.900000 52403.0
480233.800000 4204693.000000 52433.0
480377.900000 4204387.500000 52463.0
480404.100000 4204346.400000 52493.0
480587.000000 4204085.200000 52523.0
480744.400000 4203756.400000 52553.0
480490.100000 4203550.500000 52583.0
480127.000000 4203353.700000 52613.0
479843.600000 4203413.200000 52643.0
479742.700000 4203453.200000 52673.0
479689.100000 4203466.500000 52703.0
479686.400000 4203464.400000 52733.0
479686.500000 4203485.500000 52763.0
479784.000000 4203492.100000 52793.0
479766.300000 4203462.000000 52823.0
479715.000000 4203322.500000 52853.0
479777.000000 4203192.400000 52883.0
479857.700000 4203167.700000 52913.0
480003.400000 4203163.900000 52943.0
480059.500000 4203071.500000 52973.0
479986.500000 4203031.900000 53003.0
479883.900000 4203054.200000 53033.0
479794.300000 4203078.900000 53063.0
479675.800000 4203111.400000 53093.0
479531.900000 4203154.100000 53123.0
479435.300000 4203184.400000 53153.0
479385.200000 4203200.200000 53183.0
479348.400000 4203214.600000 53213.0
479339.700000 4203216.800000 53243.0
479325.700000 4203225.700000 53273.0
479260.700000 4203242.400000 53303.0
479174.700000 4203281.500000 53333.0
479165.000000 4203278.200000 53363.0
479100.900000 4203292.700000 53393.0
479095.700000 4203291.500000 53423.0
479174.000000 4203334.400000 53483.0
479356.100000 4203448.300000 53513.0
479412.400000 4203481.500000 53543.0
479480.100000 4203492.400000 53573.0
479496.800000 4203465.700000 53603.0
479388.700000 4203449.400000 53633.0
479302.500000 4203410.700000 53663.0
479291.900000 4203394.200000 53693.0
479289.200000 4203386.600000 53723.0
479261.100000 4203372.300000 53753.0
479256.700000 4203376.600000 53783.0
479232.900000 4203374.500000 53813.0
479211.800000 4203363.500000 53843.0
479210.100000 4203364.800000 53873.0
479177.600000 4203354.700000 53903.0
479174.100000 4203356.900000 53933.0
479137.200000 4203351.500000 53963.0
479127.500000 4203348.100000 53993.0
479097.600000 4203318.100000 54053.0
479094.900000 4203318.100000 54083.0
479069.400000 4203312.700000 54113.0
478968.500000 4203352.700000 54143.0
478961.500000 4203349.400000 54173.0
478943.100000 4203352.800000 54203.0
478925.500000 4203361.700000 54233.0
478911.400000 4203360.500000 54263.0
478912.300000 4203361.800000 54293.0
478878.900000 4203357.600000 54323.0
478794.600000 4203329.100000 54353.0
478781.400000 4203333.300000 54383.0
478770.000000 4203332.100000 54413.0
478759.400000 4203323.200000 54473.0
478923.400000 4203270.700000 54503.0
478975.200000 4203276.100000 54533.0
479027.000000 4203299.300000 54563.0
479027.900000 4203302.600000 54593.0
479101.500000 4203279.200000 54623.0
479259.500000 4203222.100000 54653.0
479302.500000 4203206.300000 54683.0
479373.600000 4203181.600000 54713.0
479409.600000 4203171.300000 54743.0
479444.800000 4203161.100000 54773.0
479460.500000 4203154.300000 54803.0
479561.400000 4203120.600000 54833.0
479672.100000 4203082.600000 54863.0
479966.000000 4202985.400000 54893.0
480042.300000 4202960.700000 54923.0
480188.900000 4202899.400000 54953.0
480139.300000 4202744.200000 54983.0
480099.600000 4202699.800000 55013.0
480067.100000 4202664.300000 55043.0
480034.500000 4202647.900000 55073.0
480017.000000 4202667.000000 55103.0
479929.400000 4202759.500000 55133.0
479803.600000 4202703.100000 55163.0
479789.500000 4202675.200000 55193.0
479688.500000 4202696.600000 55223.0
479521.000000 4202774.900000 55253.0
479470.200000 4202816.100000 55283.0
479441.400000 4202864.000000 55313.0
479488.100000 4202919.300000 55343.0
479520.800000 4203022.500000 55373.0
479553.600000 4203133.300000 55403.0
479587.800000 4203131.100000 55433.0
479730.900000 4203078.700000 55463.0
479943.300000 4203006.200000 55493.0
480181.100000 4202920.100000 55523.0
480298.500000 4202770.000000 55553.0
480298.400000 4202748.800000 55583.0
480344.000000 4202682.300000 55613.0
480498.100000 4202461.000000 55643.0
480604.000000 4202319.800000 55673.0
480673.500000 4202371.700000 55703.0
480616.800000 4202568.200000 55733.0
480502.900000 4202719.600000 55763.0
480410.800000 4202819.700000 55793.0
480172.600000 4203065.300000 55823.0
479807.200000 4203197.000000 55867.0
479800.200000 4203216.900000 55897.0
479806.400000 4203216.900000 55927.0
479743.600000 4203371.100000 56257.0
479842.000000 4203392.900000 56287.0
480191.400000 4203329.800000 56317.0
480524.000000 4203556.300000 56347.0
480586.400000 4203609.500000 56377.0
480611.900000 4203632.700000 56407.0
480619.800000 4203639.500000 56437.0
480657.600000 4203671.500000 56467.0
480657.600000 4203672.800000 56497.0
480700.700000 4203708.300000 56527.0
480700.700000 4203709.500000 56557.0
480733.300000 4203736.100000 56587.0
480733.300000 4203736.100000 56617.0
480759.600000 4203758.100000 56647.0
480759.600000 4203759.300000 56677.0
480742.300000 4203874.900000 56707.0
480699.400000 4203948.200000 56737.0
480602.300000 4204094.900000 56767.0
480552.400000 4204162.800000 56797.0
480536.700000 4204184.800000 56827.0
480464.100000 4204288.200000 56857.0
480448.400000 4204311.600000 56887.0
480403.800000 4204382.800000 56917.0
480343.400000 4204475.200000 56947.0
480287.400000 4204573.100000 56977.0
480285.700000 4204577.300000 57007.0
480239.500000 4204713.700000 57037.0
480220.300000 4204744.700000 57067.0
480315.500000 4204903.200000 57097.0
480345.400000 4204938.600000 57127.0
480438.700000 4205027.300000 57157.0
480449.300000 4205034.900000 57187.0
480568.900000 4205123.500000 57217.0
480752.000000 4205276.300000 57247.0
480847.000000 4205376.000000 57277.0
480850.500000 4205380.200000 57307.0
480897.200000 4205430.000000 57337.0
481076.700000 4205587.100000 57367.0
481207.700000 4205676.500000 57397.0
481364.200000 4205781.500000 57427.0
481468.800000 4205814.700000 57457.0
481495.100000 4205821.400000 57487.0
481709.600000 4206001.700000 57517.0
482014.700000 4206228.300000 57547.0
482469.000000 4206391.500000 57577.0
482910.200000 4206620.400000 57607.0
483296.000000 4206794.000000 57637.0
483635.900000 4206891.100000 57667.0
483880.200000 4206974.000000 57697.0
483949.600000 4207000.500000 57727.0
484223.600000 4207055.500000 57757.0
484553.700000 4207076.800000 57787.0
484928.600000 4207099.400000 57817.0
485062.800000 4207060.200000 57847.0
485368.200000 4206979.700000 57877.0
485704.100000 4206811.500000 57907.0
485860.200000 4206754.500000 57937.0
486023.400000 4206732.200000 57967.0
486351.700000 4206679.600000 57997.0
486756.300000 4206589.200000 58027.0
487052.900000 4206521.100000 58057.0
487271.200000 4206437.300000 58087.0
487337.000000 4206409.300000 58117.0
487456.300000 4206382.400000 58147.0
487565.200000 4206363.200000 58177.0
487602.000000 4206356.400000 58207.0
487656.400000 4206347.400000 58237.0
487771.400000 4206319.300000 58267.0
487814.400000 4206309.100000 58297.0
487849.600000 4206301.400000 58327.0
487885.500000 4206292.500000 58357.0
487930.200000 4206280.200000 58387.0
487990.000000 4206265.700000 58417.0
488023.300000 4206258.900000 58447.0
488103.100000 4206238.900000 58477.0
488140.000000 4206238.800000 58507.0
488239.100000 4206208.600000 58537.0
488378.700000 4206179.600000 58567.0
488452.300000 4206160.500000 58597.0
488493.500000 4206148.200000 58627.0
488564.600000 4206133.700000 58657.0
488576.000000 4206126.900000 58687.0
488652.400000 4206104.800000 58717.0
488838.300000 4206033.400000 58747.0
488982.200000 4205983.300000 58777.0
489082.300000 4205959.900000 58807.0
489083.200000 4205958.600000 58837.0
489105.900000 4205957.300000 58867.0
489145.500000 4205957.200000 58897.0
489170.900000 4205957.200000 58927.0
489204.200000 4205957.200000 58957.0
489245.400000 4205953.700000 58987.0
489313.900000 4205953.600000 59017.0
489508.800000 4205950.000000 59047.0
489726.400000 4205835.400000 59077.0
489830.700000 4205694.400000 59107.0
490144.100000 4205645.300000 59137.0
490423.000000 4205399.900000 59167.0
490483.600000 4205355.400000 59197.0
490472.700000 4205354.600000 61876.0
490337.700000 4205475.800000 61906.0
490140.300000 4205658.000000 61936.0
489958.700000 4205711.600000 61966.0
489789.200000 4205691.900000 61996.0
489683.900000 4205763.100000 62026.0
489416.200000 4205804.500000 62056.0
489302.000000 4205824.500000 62086.0
489188.800000 4205830.200000 62116.0
489216.100000 4205822.500000 62146.0
489260.800000 4205819.100000 62176.0
489261.800000 4205940.100000 62206.0
489197.700000 4205959.300000 62236.0
489191.500000 4205962.700000 62266.0
489111.700000 4205966.200000 62296.0
489088.900000 4205966.200000 62326.0
489059.100000 4205966.200000 62356.0
489038.000000 4205971.800000 62386.0
489011.700000 4205973.100000 62416.0
488941.600000 4205992.200000 62446.0
488881.000000 4206013.500000 62476.0
488861.700000 4206022.400000 62506.0
488801.100000 4206049.100000 62536.0
488744.100000 4206072.500000 62566.0
488703.700000 4206085.600000 62596.0
488597.600000 4206114.600000 62626.0
488422.000000 4206166.000000 62656.0
488291.300000 4206192.900000 62686.0
488211.500000 4206223.900000 62716.0
488089.400000 4206236.300000 62746.0
487925.400000 4206277.600000 62776.0
487706.900000 4206334.700000 62806.0
487633.300000 4206349.200000 62836.0
487491.300000 4206491.600000 62866.0
487349.400000 4206620.500000 62896.0
487240.600000 4206687.100000 62926.0
487006.100000 4207111.100000 62956.0
486817.400000 4207627.400000 62986.0
486630.100000 4207968.400000 63016.0
486515.100000 4208018.500000 63046.0
486431.800000 4208037.700000 63076.0
486021.100000 4208099.400000 63106.0
485610.400000 4208158.900000 63136.0
485260.200000 4208211.600000 63166.0
485260.200000 4208211.600000 63196.0
485211.000000 4208211.700000 63226.0
485184.700000 4208215.100000 63256.0
485090.800000 4208193.200000 63316.0
484891.900000 4208373.500000 63346.0
484658.700000 4208563.500000 63376.0
484477.400000 4208703.600000 63406.0
484345.600000 4208614.100000 63436.0
484226.900000 4208492.400000 63466.0
484051.600000 4208646.800000 63496.0
483886.100000 4208458.400000 63526.0
483661.800000 4208181.600000 63556.0
483541.900000 4207931.200000 63586.0
483505.700000 4207814.900000 63616.0
483153.600000 4207721.200000 63646.0
482991.900000 4207677.100000 63676.0
482932.100000 4207659.500000 63706.0
482833.000000 4207631.800000 63736.0
482816.200000 4207631.800000 63766.0
482737.200000 4207609.900000 63796.0
482695.900000 4207599.000000 63826.0
482631.800000 4207586.900000 63856.0
482629.100000 4207586.900000 63886.0
482557.100000 4207569.300000 63916.0
482518.400000 4207557.100000 63946.0
482399.800000 4207527.300000 63976.0
482398.900000 4207523.900000 64006.0
482325.200000 4207504.200000 64036.0
482239.200000 4207491.200000 64066.0
482189.900000 4207482.400000 64096.0
482147.700000 4207481.300000 64126.0
482047.600000 4207499.300000 64156.0
481962.500000 4207552.800000 64186.0
481887.200000 4207631.700000 64216.0
481880.200000 4207644.000000 64246.0
481808.500000 4207770.700000 64276.0
481764.000000 4207845.300000 64306.0
481731.600000 4207894.000000 64336.0
481646.600000 4208008.500000 64366.0
481470.500000 4208148.500000 64396.0
481468.800000 4208148.500000 64426.0
481330.400000 4208250.000000 64486.0
481250.700000 4208322.100000 64516.0
481189.400000 4208375.600000 64546.0
481154.300000 4208404.500000 64576.0
480956.300000 4208561.500000 64606.0
480942.300000 4208570.500000 64636.0
480883.600000 4208611.700000 64666.0
480841.500000 4208647.300000 64696.0
480813.500000 4208668.500000 64726.0
480674.300000 4208842.000000 64756.0
480653.500000 4209004.100000 64786.0
480639.800000 4209156.100000 64816.0
480597.400000 4209405.900000 64846.0
480420.100000 4209399.600000 64876.0
480252.800000 4209469.800000 64906.0
480126.500000 4209513.300000 64936.0
480115.100000 4209512.000000 64966.0
480069.500000 4209543.100000 64996.0
480066.000000 4209548.600000 65026.0
480019.500000 4209587.600000 65056.0
480016.900000 4209594.400000 65086.0
479974.800000 4209631.300000 65146.0
479973.100000 4209627.900000 65176.0
479942.300000 4209617.900000 65206.0
479694.900000 4209261.200000 65236.0
479249.200000 4208982.600000 65266.0
479137.200000 4208754.300000 65296.0
478916.200000 4208483.100000 65326.0
478691.400000 4208118.900000 65356.0
478531.100000 4208201.400000 65386.0
478390.000000 4208288.100000 65416.0
478330.200000 4208263.700000 65446.0
478250.500000 4207998.500000 65476.0
478207.000000 4207834.400000 65506.0
478189.300000 4207761.300000 65536.0
478167.900000 4207671.600000 65566.0
478105.000000 4207730.600000 65596.0
477898.200000 4207839.900000 65626.0
477735.900000 4207906.000000 65656.0
477634.500000 4207720.000000 65686.0
477461.000000 4207534.200000 65716.0
477338.300000 4207591.300000 65746.0
477291.000000 4207618.100000 65776.0
477180.100000 4207541.800000 65806.0
477019.300000 4207449.100000 65836.0
476993.000000 4207434.800000 65866.0
476967.000000 4207228.300000 65896.0
476957.600000 4206983.300000 65926.0
476954.300000 4206788.200000 65956.0
476951.600000 4206786.100000 65986.0
476954.100000 4206709.500000 66016.0
476951.400000 4206705.200000 66046.0
476968.000000 4206662.900000 66076.0
477190.100000 4206663.500000 66106.0
477473.500000 4206640.700000 66136.0
477524.000000 4206497.500000 66166.0
477564.000000 4206355.200000 66196.0
477656.800000 4206257.200000 66226.0
477689.000000 4206135.200000 66256.0
477694.900000 4206060.700000 66286.0
477565.500000 4205942.500000 66316.0
477447.300000 4205773.100000 66346.0
477327.500000 4205629.100000 66376.0
477208.600000 4205481.700000 66406.0
477103.700000 4205355.500000 66436.0
477014.700000 4205250.300000 66466.0
477008.500000 4205247.000000 66496.0
476949.300000 4205097.300000 66526.0
477055.400000 4205093.600000 66556.0
477114.500000 4204825.100000 66586.0
477115.100000 4204746.400000 66616.0
477020.700000 4204605.700000 66646.0
477010.800000 4204542.700000 66676.0
477017.800000 4204500.300000 66706.0
477057.800000 4204370.300000 66736.0
477105.800000 4204283.800000 66766.0
477142.400000 4204210.500000 66796.0
477145.100000 4204204.900000 66826.0
477047.400000 4204154.000000 66856.0
476892.600000 4204074.400000 66886.0
476765.100000 4203983.800000 66916.0
476679.200000 4204061.900000 66946.0
476651.200000 4204099.700000 66976.0
476577.500000 4204112.200000 67006.0
476537.200000 4204113.500000 67036.0
476437.100000 4204135.000000 67066.0
476415.100000 4204136.300000 67096.0
476398.300000 4204128.800000 67126.0
476393.200000 4204132.200000 67366.0
476241.400000 4204172.400000 67396.0
476173.700000 4204188.200000 67426.0
476146.400000 4204190.400000 67456.0
476078.800000 4204210.500000 67486.0
476059.600000 4204228.300000 67516.0
475936.800000 4204250.700000 67546.0
475886.800000 4204284.300000 67576.0
475867.900000 4204415.100000 67606.0
475868.800000 4204435.000000 67636.0
475865.400000 4204493.900000 67786.0
475864.700000 4204533.700000 67816.0
475873.600000 4204572.600000 67846.0
475873.800000 4204640.300000 67876.0
475775.500000 4204649.500000 67906.0
475671.000000 4204667.600000 67936.0
475487.500000 4204683.800000 67966.0
475285.600000 4204427.900000 67996.0
475257.800000 4204256.100000 68026.0
475256.100000 4204248.500000 68056.0
475378.300000 4204014.100000 68086.0
475349.900000 4203938.800000 68116.0
475339.300000 4203916.800000 68146.0
475122.200000 4203859.900000 68176.0
475116.000000 4203861.200000 68206.0
474997.400000 4203832.800000 68236.0
474970.000000 4203817.200000 68266.0
475092.300000 4203581.500000 68296.0
474849.400000 4203433.700000 68326.0
474712.200000 4203362.200000 68356.0
474579.500000 4203350.300000 68386.0
474535.800000 4203132.000000 68416.0
474552.800000 4202967.800000 68446.0
474535.900000 4202895.900000 68476.0
474490.500000 4202699.600000 68506.0
474373.800000 4202457.000000 68536.0
474287.000000 4202473.000000 68566.0
474256.200000 4202509.900000 68596.0
474257.900000 4202509.900000 68626.0
474218.500000 4202551.100000 68686.0
474093.500000 4202446.100000 68716.0
473961.500000 4202334.300000 68746.0
473881.900000 4202171.600000 68776.0
473842.900000 4202079.500000 68806.0
