478227.400000 4209194.300000 21835.0
478218.800000 4209229.900000 21985.0
478352.300000 4209267.200000 22015.0
478669.300000 4209341.700000 22045.0
478812.500000 4209364.600000 22075.0
478910.200000 4209486.300000 22105.0
479061.500000 4209614.500000 22135.0
479226.200000 4209488.800000 22165.0
479597.300000 4209418.100000 22195.0
479708.800000 4209419.900000 22225.0
479777.100000 4209371.900000 22255.0
479882.200000 4209275.200000 22285.0
479765.700000 4209358.800000 22315.0
479924.300000 4209593.800000 22345.0
480048.400000 4209770.000000 22375.0
480220.100000 4210009.100000 22405.0
480223.600000 4210012.500000 22435.0
480339.200000 4209930.100000 22465.0
480592.100000 4209632.000000 22495.0
480926.900000 4209436.100000 22525.0
481350.500000 4209333.900000 22555.0
481716.000000 4209161.300000 22585.0
481753.600000 4209140.000000 22615.0
482012.200000 4208960.800000 22645.0
482040.700000 4208756.800000 22675.0
482060.600000 4208622.500000 22705.0
482191.200000 4208518.100000 22735.0
482311.000000 4208379.100000 22765.0
482573.500000 4208382.700000 22795.0
482806.200000 4208456.700000 22825.0
482850.700000 4208353.400000 22855.0
482853.200000 4208270.000000 22885.0
483102.700000 4208359.200000 22915.0
483293.400000 4208495.100000 22945.0
483514.200000 4208719.000000 22975.0
483758.500000 4208821.800000 23005.0
483962.700000 4208681.700000 23035.0
484124.800000 4208543.800000 23065.0
484257.200000 4208429.300000 23095.0
484405.300000 4208299.100000 23125.0
484624.400000 4208136.500000 23155.0
484836.000000 4208110.800000 23185.0
485163.600000 4208192.300000 23215.0
485331.900000 4208059.900000 23245.0
485559.700000 4207802.200000 23275.0
485771.600000 4207476.700000 23305.0
486024.700000 4207192.300000 23335.0
486124.600000 4207042.300000 23365.0
486276.300000 4206921.000000 23395.0
486690.600000 4206883.500000 23425.0
487078.500000 4206845.200000 23455.0
487299.300000 4206625.200000 23485.0
487401.800000 4206521.800000 23515.0
487345.400000 4206441.000000 23545.0
487345.400000 4206438.900000 23575.0
487338.300000 4206410.100000 23605.0
487679.600000 4206330.900000 23635.0
488094.700000 4206219.400000 23665.0
488651.200000 4206086.600000 23695.0
489107.400000 4205952.600000 23725.0
489322.600000 4205950.200000 23755.0
489432.300000 4205945.900000 23785.0
489432.300000 4205941.600000 23815.0
489651.800000 4205907.900000 24385.0
490084.700000 4205989.500000 24415.0
490564.100000 4205973.300000 24445.0
490870.500000 4205903.100000 24475.0
491077.600000 4205865.200000 24505.0
491381.300000 4205819.600000 24535.0
491707.800000 4205811.600000 24565.0
492055.500000 4205785.900000 24595.0
492282.600000 4205500.400000 24625.0
492664.500000 4205376.900000 24655.0
493062.900000 4205266.500000 24685.0
493481.800000 4205281.800000 24715.0
493874.400000 4205370.400000 24745.0
494210.800000 4205523.400000 24775.0
494571.800000 4205715.300000 24805.0
495056.500000 4205902.500000 24835.0
495608.000000 4206118.500000 24865.0
496135.700000 4206289.200000 24895.0
496652.000000 4206395.700000 24925.0
497154.300000 4206677.400000 24955.0
497405.200000 4206582.100000 24985.0
497551.900000 4206396.600000 25015.0
497743.200000 4206304.300000 25045.0
497973.300000 4206115.500000 25075.0
498000.500000 4205970.300000 25105.0
497904.800000 4205743.900000 25135.0
498228.800000 4205581.700000 25165.0
498291.100000 4205541.900000 25195.0
498295.500000 4205538.500000 25225.0
498378.100000 4205660.400000 25495.0
498378.100000 4205661.700000 25525.0
498380.700000 4205679.500000 25585.0
498437.900000 4205872.500000 25615.0
498099.800000 4206022.400000 25645.0
497945.300000 4206165.400000 25675.0
497701.200000 4206356.400000 25705.0
497519.600000 4206427.600000 25735.0
497385.300000 4206606.200000 25765.0
497246.700000 4206697.200000 25795.0
497665.500000 4206976.900000 25825.0
497929.000000 4207370.900000 25855.0
497709.600000 4207635.000000 25885.0
497332.200000 4207709.600000 25915.0
496946.900000 4207802.000000 25945.0
496664.400000 4207949.900000 25975.0
496517.800000 4208128.500000 26005.0
496546.800000 4208259.300000 26035.0
496454.600000 4208486.600000 26065.0
496526.600000 4208384.600000 26095.0
496555.500000 4208303.700000 26125.0
496462.500000 4208346.100000 26155.0
496457.300000 4208356.300000 26185.0
496379.100000 4208409.600000 26215.0
496122.900000 4208604.900000 26245.0
495844.700000 4208659.200000 26275.0
495601.600000 4208505.200000 26305.0
495486.300000 4207929.200000 26335.0
495521.100000 4207326.900000 26365.0
495814.000000 4206843.000000 26395.0
496161.500000 4206482.200000 26425.0
496265.900000 4206360.300000 26455.0
495857.600000 4206190.800000 26485.0
495550.300000 4206099.900000 26515.0
495149.800000 4205944.800000 26545.0
494761.700000 4205793.900000 26575.0
494713.500000 4205770.700000 26605.0
494762.600000 4205579.800000 26635.0
494670.100000 4205222.600000 26665.0
494590.800000 4204812.100000 26695.0
494444.800000 4204406.300000 26725.0
494750.600000 4204544.900000 26755.0
495215.000000 4204648.800000 26785.0
495198.400000 4204893.800000 26815.0
495111.500000 4204891.800000 26845.0
495220.300000 4204847.300000 26875.0
495122.700000 4204602.300000 26905.0
494710.900000 4204541.600000 26935.0
494443.800000 4204407.600000 26965.0
494583.700000 4204752.400000 26995.0
494667.400000 4205210.700000 27025.0
494734.400000 4205689.800000 27055.0
494709.800000 4205754.200000 27085.0
494706.300000 4205758.400000 27115.0
494723.900000 4205780.400000 27145.0
494705.600000 4206004.700000 27175.0
494715.500000 4206337.400000 27205.0
494779.700000 4206487.200000 27235.0
494464.800000 4206761.200000 27265.0
494170.000000 4207081.000000 27295.0
493985.000000 4207397.300000 27325.0
493916.700000 4207654.700000 27355.0
493964.300000 4207948.800000 27385.0
494052.200000 4208130.800000 27415.0
494040.100000 4208246.300000 27445.0
493782.100000 4208259.600000 27475.0
493596.800000 4208135.300000 27505.0
493581.700000 4207746.800000 27535.0
493425.500000 4207812.500000 27565.0
493132.400000 4207882.600000 27595.0
492804.100000 4207907.400000 27625.0
492445.200000 4207859.900000 27655.0
492172.000000 4207750.100000 27685.0
491863.100000 4207675.900000 27715.0
491616.600000 4207773.900000 27745.0
491690.400000 4207942.300000 27775.0
491444.500000 4207856.200000 27805.0
490962.500000 4208423.900000 27889.0
491167.400000 4208287.000000 27942.0
490991.700000 4208498.800000 28030.0
490995.800000 4208252.400000 28060.0
491569.000000 4207809.500000 28138.0
491312.400000 4207497.900000 28168.0
491157.600000 4206880.100000 28231.0
490677.900000 4206807.400000 28273.0
490857.700000 4206702.600000 28319.0
490886.200000 4206363.100000 28349.0
490823.600000 4205997.100000 28379.0
490812.900000 4205942.900000 28409.0
490905.200000 4205910.700000 28439.0
490959.400000 4205723.100000 28469.0
490878.400000 4205473.500000 28499.0
490763.900000 4205219.700000 28529.0
490681.300000 4205214.200000 28559.0
490473.300000 4205346.500000 28589.0
490408.400000 4205414.300000 28619.0
490146.100000 4205646.600000 28649.0
489889.800000 4205695.600000 28679.0
489640.600000 4205786.900000 28709.0
489434.300000 4205807.000000 28739.0
489407.000000 4205809.200000 28769.0
489402.800000 4205915.800000 28799.0
489397.600000 4205917.100000 28829.0
489301.000000 4205951.500000 28859.0
489038.500000 4205957.400000 28889.0
488826.100000 4206032.100000 28919.0
488628.600000 4206102.300000 28949.0
488461.800000 4206143.500000 28979.0
488117.000000 4206221.900000 29009.0
487634.300000 4206347.000000 29039.0
487646.000000 4206562.500000 29069.0
487630.800000 4206908.700000 29099.0
487590.900000 4207237.200000 29129.0
487600.300000 4207683.300000 29159.0
487534.400000 4208145.200000 29189.0
487236.100000 4208268.800000 29219.0
487250.300000 4208357.700000 29249.0
487157.200000 4208347.600000 29279.0
487155.500000 4208348.900000 29309.0
486937.000000 4208359.400000 29339.0
486706.100000 4208315.300000 29369.0
486547.400000 4208405.300000 29399.0
486276.400000 4208496.800000 29429.0
486064.800000 4208500.500000 29459.0
486040.900000 4208465.000000 29489.0
486040.900000 4208465.000000 29519.0
485848.500000 4208337.900000 29549.0
485582.300000 4208218.600000 29579.0
485361.200000 4208249.100000 29609.0
485195.400000 4208298.000000 29639.0
485194.500000 4208224.800000 29669.0
484964.300000 4208150.700000 29699.0
484695.700000 4208111.400000 29729.0
484471.300000 4208265.900000 29759.0
484345.200000 4208369.400000 29789.0
484247.900000 4208456.000000 29819.0
484125.800000 4208452.000000 29849.0
483990.000000 4208558.900000 29879.0
483925.700000 4208498.100000 29909.0
483813.100000 4208368.300000 29939.0
483727.700000 4208264.400000 29969.0
483638.800000 4208142.700000 29999.0
483559.400000 4207991.700000 30029.0
483517.000000 4207873.300000 30059.0
483387.900000 4207868.100000 30089.0
483434.500000 4207871.400000 30119.0
483505.600000 4207858.900000 30899.0
483658.100000 4208179.500000 30959.0
483764.500000 4208315.500000 30989.0
483775.100000 4208324.400000 31019.0
484000.700000 4208399.300000 31049.0
484203.200000 4208266.900000 31079.0
484367.300000 4208327.500000 31109.0
484604.100000 4208159.400000 31139.0
484803.200000 4208118.000000 31169.0
484853.200000 4208078.100000 31199.0
485024.300000 4208088.000000 31229.0
485179.500000 4207989.900000 31259.0
485278.500000 4207954.200000 31289.0
485373.400000 4208036.100000 31319.0
485527.900000 4207996.900000 31349.0
485630.800000 4208146.600000 31379.0
486070.400000 4208089.100000 31409.0
486487.200000 4208013.900000 31439.0
486703.700000 4207871.400000 31469.0
486891.600000 4207377.100000 31499.0
487063.000000 4206895.200000 31529.0
487301.300000 4206621.000000 31559.0
487355.600000 4206553.200000 31589.0
487358.200000 4206487.600000 31619.0
487333.500000 4206438.900000 31649.0
487333.500000 4206435.500000 31679.0
487337.800000 4206406.800000 31709.0
487429.000000 4206381.200000 31739.0
487688.900000 4206335.500000 31769.0
488149.600000 4206209.600000 31799.0
488566.500000 4206111.200000 31829.0
488917.400000 4205992.200000 31859.0
488916.400000 4205838.200000 31889.0
488980.400000 4205772.500000 31919.0
489117.400000 4205733.400000 31949.0
489216.500000 4205724.300000 31979.0
489242.800000 4205724.300000 32009.0
489358.800000 4205791.900000 32039.0
489415.000000 4205804.900000 32069.0
489685.400000 4205749.100000 32099.0
489825.800000 4205694.800000 32129.0
490121.700000 4205664.400000 32159.0
490408.400000 4205404.600000 32189.0
490459.300000 4205355.900000 32219.0
490476.000000 4205360.100000 32249.0
490490.100000 4205358.800000 32279.0
490338.300000 4205478.800000 33899.0
490160.400000 4205637.700000 33929.0
489962.000000 4205709.000000 33959.0
489775.900000 4205701.600000 33989.0
489615.500000 4205794.900000 34019.0
489395.100000 4205824.000000 34049.0
489368.000000 4205945.100000 34079.0
489216.100000 4205950.800000 34109.0
489096.700000 4205953.100000 34139.0
488845.800000 4206022.400000 34169.0
488654.500000 4206093.800000 34199.0
488327.100000 4206169.500000 34229.0
487990.100000 4206253.400000 34259.0
487792.600000 4206313.800000 34289.0
487626.800000 4206349.600000 34319.0
487476.800000 4206525.100000 34349.0
487397.900000 4206584.000000 34379.0
487241.800000 4206694.300000 34409.0
486963.000000 4206860.200000 34439.0
486511.800000 4206895.200000 34469.0
486326.800000 4206988.600000 34499.0
486239.100000 4207034.100000 34529.0
486150.400000 4207075.300000 34559.0
485985.700000 4207263.100000 34589.0
485813.000000 4207440.700000 34619.0
485600.300000 4207771.600000 34649.0
485587.200000 4207816.900000 34679.0
485567.900000 4207829.200000 34709.0
485489.900000 4207909.400000 35399.0
485209.400000 4208163.800000 35429.0
485040.800000 4208164.100000 35459.0
484730.000000 4208091.500000 35489.0
484617.800000 4208154.800000 35519.0
484353.200000 4208355.000000 35549.0
484202.400000 4208500.500000 35579.0
484047.400000 4208636.200000 35609.0
483877.600000 4208440.200000 35639.0
483763.100000 4208307.100000 35669.0
483654.000000 4208164.200000 35699.0
483646.200000 4208164.200000 35729.0
483627.700000 4208117.700000 35969.0
483481.900000 4208066.800000 35999.0
483327.600000 4208168.300000 36029.0
483225.500000 4207994.100000 36059.0
483297.200000 4207894.100000 36089.0
483371.900000 4207889.700000 36119.0
483379.000000 4207900.700000 36149.0
483396.600000 4207957.300000 45329.0
483352.000000 4207985.400000 45359.0
483233.500000 4207994.500000 45389.0
483130.400000 4207777.200000 45419.0
483010.000000 4207675.400000 45449.0
482973.200000 4207663.200000 45479.0
482759.700000 4207603.500000 45509.0
482628.900000 4207569.500000 45539.0
482527.900000 4207543.100000 45569.0
482511.200000 4207538.900000 45599.0
482460.200000 4207525.900000 45629.0
482282.900000 4207490.700000 45659.0
482269.600000 4207487.300000 45689.0
482180.000000 4207471.000000 45719.0
482136.100000 4207467.700000 45749.0
482057.100000 4207480.200000 45779.0
481999.300000 4207501.500000 45809.0
481902.800000 4207570.700000 45839.0
481823.300000 4207710.500000 45869.0
481752.400000 4207841.500000 45899.0
481749.700000 4207841.500000 45929.0
481532.600000 4208083.600000 45959.0
481428.300000 4208164.700000 45989.0
481420.500000 4208164.700000 46019.0
481186.500000 4208346.000000 46049.0
481075.200000 4208436.000000 46079.0
480977.100000 4208489.500000 46109.0
480975.400000 4208489.500000 46139.0
480763.500000 4208351.200000 46169.0
480529.700000 4208600.200000 46199.0
480257.800000 4208661.000000 46229.0
480152.000000 4208777.600000 46259.0
480219.600000 4208770.700000 46289.0
480348.700000 4208774.600000 46319.0
480276.200000 4208908.900000 46349.0
480334.200000 4208938.900000 46379.0
480240.500000 4209035.600000 46409.0
479872.600000 4209316.200000 46439.0
479819.100000 4209357.400000 46469.0
479754.100000 4209344.500000 46499.0
479419.100000 4209109.100000 46529.0
479107.400000 4208699.400000 46559.0
478771.700000 4208216.400000 46589.0
478548.800000 4207869.500000 46619.0
478485.400000 4207760.900000 46649.0
478462.500000 4207708.900000 46679.0
478461.700000 4207705.500000 46709.0
478383.000000 4207523.700000 46739.0
478357.400000 4207456.100000 46769.0
478337.000000 4207402.000000 46799.0
478309.500000 4207344.500000 46829.0
478307.800000 4207341.100000 46859.0
478211.600000 4207086.100000 46889.0
478197.400000 4207049.300000 46919.0
478179.600000 4206980.400000 46949.0
478303.200000 4206919.100000 46979.0
478311.900000 4206914.800000 47009.0
478457.500000 4206883.600000 47039.0
478476.700000 4206874.600000 47069.0
478510.100000 4206882.200000 47099.0
478409.300000 4206945.500000 47129.0
478366.300000 4206967.600000 47159.0
478349.400000 4206906.700000 47189.0
478347.700000 4206884.700000 47219.0
478474.600000 4206774.300000 47249.0
478631.300000 4206608.400000 47279.0
478663.200000 4206414.100000 47309.0
478932.400000 4206238.100000 47339.0
478977.400000 4205962.900000 47369.0
478723.800000 4205672.800000 47399.0
478683.900000 4205551.000000 47429.0
478683.900000 4205549.700000 47459.0
478652.800000 4205443.100000 47489.0
478438.300000 4205291.800000 47519.0
478220.800000 4205085.800000 47549.0
478240.500000 4204839.400000 47579.0
478254.400000 4204780.500000 47609.0
478262.200000 4204776.300000 47639.0
478326.200000 4204710.500000 47669.0
478386.000000 4204724.700000 47699.0
478478.600000 4204818.900000 47729.0
478557.000000 4204909.700000 47759.0
478623.100000 4205022.500000 47789.0
478651.900000 4205268.800000 47819.0
478741.200000 4205495.000000 47849.0
478731.800000 4205598.300000 47879.0
478732.600000 4205598.300000 47909.0
478822.400000 4205652.200000 47939.0
478919.800000 4205657.500000 47969.0
479061.100000 4205614.800000 47999.0
479264.700000 4205621.900000 48029.0
479272.600000 4205626.100000 48059.0
479258.800000 4205718.400000 48089.0
479316.300000 4205894.800000 48119.0
479344.000000 4206041.100000 48149.0
479368.800000 4206125.300000 48179.0
479370.500000 4206128.700000 48209.0
479461.500000 4206354.900000 48239.0
479620.100000 4206568.700000 48269.0
479683.600000 4206754.700000 48299.0
479765.100000 4206660.200000 48329.0
479927.600000 4206705.000000 48359.0
480113.800000 4206765.500000 48389.0
480338.600000 4206789.600000 48419.0
480494.500000 4206677.000000 48449.0
480500.700000 4206681.200000 48479.0
480581.500000 4206707.700000 48539.0
480848.400000 4207080.000000 48569.0
480939.100000 4207202.900000 48599.0
481061.600000 4207374.500000 48629.0
481267.700000 4207674.500000 48659.0
481375.600000 4208004.000000 48689.0
481493.500000 4208102.300000 48719.0
481753.500000 4207813.100000 48749.0
481853.200000 4207636.400000 48779.0
481856.700000 4207636.400000 48809.0
481912.800000 4207558.400000 48839.0
481914.500000 4207557.100000 48869.0
482019.700000 4207487.000000 48899.0
482217.200000 4207474.300000 48929.0
482316.300000 4207491.900000 48959.0
482617.500000 4207560.300000 48989.0
482798.400000 4207607.700000 49019.0
482887.200000 4207632.100000 49049.0
482888.900000 4207632.100000 49079.0
482959.100000 4207651.000000 49109.0
483392.900000 4207772.000000 49139.0
483438.800000 4207871.800000 49169.0
483403.700000 4207885.000000 49199.0
483392.200000 4207890.900000 51160.0
483403.500000 4207876.500000 51220.0
483487.700000 4207863.200000 51250.0
483503.400000 4207823.400000 51280.0
483349.500000 4207764.900000 51310.0
483372.300000 4207739.400000 51340.0
483517.900000 4207722.600000 51370.0
483729.500000 4207729.800000 51400.0
483930.600000 4207749.300000 51430.0
483993.700000 4207752.600000 51460.0
484174.700000 4207843.200000 51490.0
484500.600000 4207975.900000 51520.0
484829.000000 4208060.800000 51550.0
485077.500000 4208058.300000 51580.0
485279.200000 4207934.700000 51610.0
485352.100000 4208006.500000 51640.0
485522.100000 4207863.200000 51670.0
485715.300000 4207934.000000 51700.0
486053.200000 4207920.300000 51730.0
486396.400000 4207882.000000 51760.0
486471.200000 4207953.800000 51790.0
486680.000000 4207916.700000 51820.0
486853.200000 4207508.000000 51850.0
487004.300000 4207082.800000 51880.0
487184.600000 4206715.100000 51910.0
487355.500000 4206554.000000 51940.0
487479.100000 4206470.400000 51970.0
487532.500000 4206392.500000 52000.0
487586.100000 4206350.100000 52030.0
487984.400000 4206254.300000 52060.0
488273.200000 4206180.600000 52090.0
488344.300000 4206164.000000 52120.0
488759.500000 4206059.300000 52150.0
489072.800000 4205955.600000 52180.0
489258.800000 4205954.100000 52210.0
489356.300000 4205950.600000 52240.0
489450.200000 4205950.500000 52270.0
489729.300000 4205934.500000 52300.0
490100.800000 4206001.700000 52330.0
490550.300000 4205991.100000 52360.0
490955.700000 4205895.400000 52390.0
491016.300000 4205883.000000 52420.0
491367.400000 4205831.500000 52450.0
491814.400000 4205817.900000 52480.0
492160.200000 4205652.100000 52510.0
492305.700000 4205497.900000 52540.0
492645.400000 4205390.000000 52570.0
493230.100000 4205265.100000 52600.0
493869.400000 4205371.300000 52630.0
494397.200000 4205642.600000 52660.0
494713.300000 4205758.000000 52690.0
494734.200000 4205448.600000 52720.0
494618.000000 4204971.600000 52750.0
494694.300000 4204896.300000 52780.0
494855.900000 4204891.900000 52810.0
495014.000000 4204891.800000 52840.0
495111.500000 4204891.800000 52870.0
495229.300000 4204906.100000 52900.0
495230.200000 4205111.400000 52930.0
495294.400000 4205243.400000 52960.0
495377.000000 4205347.500000 52990.0
495402.600000 4205627.200000 53020.0
495576.600000 4205898.900000 53050.0
495821.700000 4206120.500000 53080.0
496166.700000 4206296.800000 53110.0
496226.600000 4206446.600000 53140.0
495992.300000 4206739.600000 53170.0
495620.200000 4206995.000000 53200.0
495525.700000 4207448.000000 53230.0
495492.600000 4207897.500000 53260.0
495580.600000 4208325.800000 53290.0
495697.400000 4208567.400000 53320.0
496000.300000 4208747.100000 53350.0
496205.500000 4208482.900000 53380.0
496446.100000 4208374.000000 53410.0
496518.800000 4208263.100000 53440.0
496540.000000 4208364.300000 53470.0
496452.300000 4208489.600000 53500.0
496533.900000 4208376.500000 53530.0
496537.400000 4208261.000000 53560.0
496516.300000 4208133.600000 53590.0
496636.400000 4207989.200000 53620.0
496903.200000 4207833.800000 53650.0
497265.600000 4207715.200000 53680.0
497615.000000 4207679.500000 53710.0
497874.000000 4207525.400000 53740.0
497932.700000 4207404.300000 53770.0
498050.400000 4207510.900000 53800.0
498307.600000 4207547.700000 53830.0
498736.900000 4207648.800000 53860.0
498928.200000 4207668.700000 53890.0
498994.000000 4207613.200000 53920.0
499318.800000 4207526.800000 53950.0
499666.400000 4207425.700000 53980.0
499760.300000 4207260.200000 54010.0
499677.700000 4206994.000000 54040.0
499599.500000 4206806.500000 54070.0
499594.300000 4206815.300000 54100.0
499656.600000 4206939.800000 54130.0
499762.000000 4207237.300000 54160.0
499862.900000 4207377.000000 54190.0
500150.900000 4207335.900000 54220.0
500270.300000 4207348.200000 54250.0
500560.700000 4207392.700000 54280.0
500725.800000 4207405.800000 54310.0
501018.100000 4207307.200000 54340.0
501269.200000 4207063.100000 54370.0
501247.300000 4206757.900000 54400.0
501174.400000 4206727.000000 54430.0
501023.400000 4206727.000000 54460.0
500961.100000 4206982.200000 54490.0
501077.700000 4207294.100000 54520.0
500827.600000 4207367.300000 54550.0
500671.400000 4207499.400000 54580.0
500495.700000 4207767.700000 54610.0
500531.700000 4207868.800000 54640.0
500409.700000 4208061.800000 54670.0
500259.500000 4208174.000000 54700.0
500161.200000 4208226.000000 54730.0
500105.000000 4208256.100000 54760.0
499946.100000 4208314.900000 54790.0
499739.900000 4208633.200000 54820.0
499554.700000 4208755.100000 54850.0
499260.800000 4208889.300000 54880.0
499001.000000 4209130.200000 54910.0
498643.800000 4209076.000000 54940.0
498498.200000 4209162.400000 54970.0
498330.700000 4209345.700000 55000.0
498308.000000 4209531.100000 55030.0
498370.200000 4209643.200000 55060.0
498327.200000 4209676.700000 55090.0
498149.100000 4209565.800000 55120.0
498206.200000 4209441.400000 55150.0
498485.200000 4209195.000000 55180.0
498486.800000 4209193.700000 55210.0
498636.000000 4209371.000000 55240.0
498959.900000 4209767.200000 55270.0
498979.200000 4210153.200000 55300.0
499225.800000 4210196.300000 55330.0
499328.300000 4210241.600000 55360.0
499285.400000 4210498.900000 55390.0
499175.700000 4210589.900000 55420.0
499054.600000 4210568.800000 55450.0
498852.700000 4210536.600000 55480.0
498767.600000 4210929.400000 55510.0
498873.700000 4211241.400000 55540.0
499052.800000 4211528.700000 55570.0
499302.000000 4211809.300000 55600.0
499500.300000 4212109.000000 55630.0
499331.800000 4212178.000000 55660.0
499331.000000 4212284.600000 55690.0
499209.900000 4212576.300000 55720.0
499307.300000 4212908.100000 55750.0
499383.600000 4213277.600000 55780.0
499272.200000 4213504.900000 55810.0
499073.100000 4213478.200000 55840.0
498805.600000 4213251.800000 55870.0
498753.900000 4213239.600000 55900.0
498745.200000 4213481.200000 55930.0
498652.200000 4213598.900000 55960.0
498358.400000 4213633.200000 55990.0
498351.400000 4213918.500000 56020.0
498144.600000 4214373.600000 56050.0
498012.200000 4214677.500000 56080.0
497943.800000 4214837.100000 56110.0
497801.900000 4215167.700000 56140.0
497627.600000 4215621.400000 56170.0
497460.300000 4216136.200000 56200.0
497302.600000 4216665.300000 56230.0
497208.000000 4217064.900000 56260.0
497207.200000 4217121.600000 56290.0
497202.200000 4217568.600000 56320.0
497201.500000 4218115.400000 56350.0
497199.000000 4218677.900000 56380.0
497189.500000 4219133.800000 56410.0
497157.200000 4219415.700000 56440.0
497085.400000 4219942.700000 56470.0
497002.400000 4220494.200000 56500.0
496896.600000 4221034.700000 56530.0
496819.700000 4221513.900000 56560.0
496959.100000 4221550.700000 56590.0
496995.100000 4221560.800000 56620.0
496877.600000 4221549.900000 56650.0
496877.600000 4221549.900000 56680.0
496840.000000 4221544.400000 56770.0
496821.600000 4221543.100000 56800.0
496811.100000 4221518.600000 56830.0
496888.900000 4221079.200000 56860.0
496997.400000 4220504.400000 56890.0
497086.600000 4219919.800000 56920.0
497167.000000 4219331.900000 56950.0
497194.100000 4218970.000000 56980.0
497196.600000 4218460.800000 57010.0
497200.000000 4217905.900000 57040.0
497200.600000 4217315.500000 57070.0
497201.400000 4217091.100000 57100.0
497292.400000 4216691.500000 57130.0
497451.800000 4216157.800000 57160.0
497625.200000 4215622.700000 57190.0
497811.900000 4215137.600000 57220.0
497939.000000 4214842.600000 57250.0
497996.800000 4214710.500000 57280.0
498002.000000 4214686.000000 57310.0
498002.000000 4214686.000000 57340.0
498104.500000 4214451.900000 57520.0
498317.500000 4213965.900000 57550.0
498311.200000 4213425.400000 57580.0
498272.500000 4212857.400000 57610.0
498261.800000 4212301.700000 57640.0
498445.900000 4211746.800000 57670.0
498712.600000 4211126.700000 57700.0
498858.100000 4210496.400000 57730.0
498999.300000 4209939.400000 57760.0
498739.500000 4209472.200000 57790.0
498465.500000 4209029.500000 57820.0
498297.900000 4208543.600000 57850.0
498333.000000 4208005.700000 57880.0
498208.300000 4207723.800000 57910.0
498012.600000 4207486.400000 57940.0
497799.200000 4207108.100000 57970.0
497436.600000 4206772.900000 58000.0
496966.000000 4206578.000000 58030.0
496492.800000 4206420.700000 58060.0
496025.700000 4206277.900000 58090.0
495542.700000 4206094.000000 58120.0
495054.500000 4205906.800000 58150.0
494742.800000 4205788.400000 58180.0
494538.100000 4205710.700000 58210.0
494137.600000 4205486.600000 58240.0
493654.500000 4205308.400000 58270.0
493119.700000 4205266.500000 58300.0
492600.000000 4205405.700000 58330.0
492170.000000 4205625.800000 58360.0
491897.100000 4205812.300000 58390.0
491427.400000 4205825.900000 58420.0
491203.500000 4205858.300000 58450.0
491165.800000 4205863.800000 58480.0
490927.100000 4205903.900000 58510.0
490761.200000 4205902.800000 58540.0
490697.800000 4205706.500000 58570.0
490694.200000 4205615.500000 58600.0
490681.800000 4205511.400000 58630.0
490436.900000 4205558.200000 58660.0
490128.900000 4205671.600000 58690.0
489825.200000 4205688.400000 58720.0
489632.200000 4205787.300000 58750.0
489382.900000 4205810.900000 58780.0
489173.100000 4205823.400000 58810.0
489202.200000 4205946.600000 58840.0
489046.800000 4205955.700000 58870.0
488724.000000 4206072.500000 58900.0
488633.600000 4206100.600000 58930.0
488327.300000 4206170.000000 58960.0
488026.300000 4206242.400000 58990.0
487875.300000 4206287.900000 59020.0
487792.000000 4206311.300000 59050.0
487737.600000 4206323.600000 59080.0
487661.200000 4206338.100000 59110.0
487546.200000 4206363.700000 59140.0
487424.400000 4206545.900000 59170.0
487279.800000 4206641.300000 59200.0
487054.700000 4206951.100000 59230.0
486896.500000 4207397.400000 59260.0
486740.200000 4207832.800000 59290.0
486578.000000 4207984.100000 59320.0
486555.300000 4207994.300000 59350.0
486529.800000 4208001.200000 59380.0
486492.200000 4208019.000000 59410.0
486223.800000 4208067.300000 59440.0
485755.100000 4208135.800000 59470.0
485342.000000 4208279.600000 59500.0
485221.900000 4208314.100000 59530.0
485108.500000 4208191.100000 59560.0
484835.300000 4208117.100000 59590.0
484618.600000 4208154.300000 59620.0
484370.500000 4208336.800000 59650.0
484220.600000 4208467.900000 59680.0
484203.100000 4208484.400000 59710.0
484180.400000 4208505.600000 59740.0
484105.000000 4208573.500000 59770.0
484069.100000 4208604.400000 59800.0
484015.500000 4208620.200000 59830.0
483842.200000 4208402.100000 59860.0
483635.400000 4208131.700000 59890.0
483521.700000 4207866.500000 59920.0
483420.800000 4207881.100000 59950.0
483420.800000 4207882.400000 59980.0
483419.100000 4207882.400000 60160.0
483418.300000 4207882.400000 60190.0
483436.700000 4207873.500000 60310.0
483464.100000 4207951.300000 60340.0
483391.400000 4207990.400000 60370.0
483367.000000 4208117.000000 60400.0
483448.000000 4208287.800000 60430.0
483393.800000 4208370.000000 60460.0
483316.800000 4208474.300000 60490.0
483315.200000 4208477.700000 60520.0
483216.400000 4208626.500000 60550.0
483101.600000 4208747.700000 60580.0
483066.500000 4208772.400000 60610.0
482962.600000 4208646.000000 60640.0
482625.900000 4208744.500000 60670.0
482279.200000 4208757.500000 60700.0
482115.100000 4208703.700000 60730.0
482114.600000 4208887.800000 60760.0
481949.000000 4209019.000000 60790.0
481533.600000 4209284.000000 60820.0
481050.300000 4209400.600000 60850.0
480635.700000 4209582.300000 60880.0
480592.900000 4209703.500000 60910.0
480482.600000 4209854.800000 60940.0
480367.900000 4209937.200000 60970.0
480359.200000 4209946.100000 61000.0
480304.100000 4209994.100000 61030.0
480304.100000 4209995.400000 61060.0
480186.700000 4210108.700000 61090.0
480012.600000 4210292.400000 61120.0
479879.400000 4210381.600000 61150.0
479876.700000 4210382.800000 61180.0
479650.500000 4210496.400000 61210.0
479334.100000 4210660.200000 61240.0
479176.300000 4210718.100000 61270.0
479154.800000 4210902.300000 61300.0
479033.800000 4210965.700000 61330.0
479005.800000 4210999.200000 61360.0
479014.700000 4211068.100000 61390.0
478940.500000 4211249.100000 61420.0
478736.300000 4211363.900000 61450.0
478729.000000 4211590.300000 61480.0
478596.200000 4211807.000000 61510.0
478596.600000 4211936.900000 61540.0
478485.500000 4212074.700000 61570.0
478501.000000 4212290.100000 61600.0
478631.600000 4212613.600000 61630.0
478769.700000 4212766.500000 61660.0
478833.800000 4212771.800000 61690.0
478857.600000 4212791.600000 61720.0
478869.900000 4212801.700000 61750.0
478794.800000 4212935.300000 61780.0
478807.900000 4213276.800000 61810.0
478804.800000 4213469.800000 61840.0
478777.100000 4213624.000000 61870.0
478854.800000 4213820.200000 61900.0
478945.300000 4213912.200000 61930.0
478960.400000 4213992.100000 61960.0
478961.200000 4214282.900000 61990.0
478957.200000 4214417.100000 62020.0
478650.000000 4214323.500000 62050.0
478328.200000 4214337.500000 62080.0
478051.100000 4214390.300000 62110.0
477625.000000 4214436.700000 62140.0
477372.400000 4214433.200000 62170.0
477015.300000 4214391.800000 62200.0
476860.800000 4214358.800000 62230.0
476816.400000 4214430.100000 62260.0
476768.100000 4214395.900000 62290.0
476768.900000 4214395.900000 62320.0
476747.800000 4214379.500000 62410.0
476514.100000 4214276.000000 62440.0
476375.800000 4214340.800000 62470.0
476175.000000 4214378.200000 62500.0
475919.600000 4214325.600000 62530.0
475665.400000 4214354.300000 62560.0
475380.800000 4214488.400000 62590.0
474871.100000 4214445.500000 62620.0
474420.200000 4214413.500000 62650.0
474271.000000 4214110.900000 62680.0
474110.500000 4213825.300000 62710.0
474266.900000 4213653.800000 62740.0
474489.400000 4213291.200000 62770.0
474377.800000 4213228.500000 62800.0
474113.100000 4213274.600000 62830.0
474069.900000 4213202.800000 62860.0
474066.400000 4213218.500000 62890.0
