481832.100000 4208894.800000 22937.0
481832.000000 4208877.000000 23237.0
481840.600000 4208828.300000 23267.0
481767.000000 4208862.800000 23297.0
481676.000000 4208926.000000 23327.0
481698.000000 4208971.300000 23357.0
481925.700000 4209311.100000 23403.0
482137.900000 4209582.300000 23433.0
482350.800000 4209808.300000 23463.0
482525.900000 4210091.900000 23493.0
482713.500000 4210394.600000 23523.0
482953.600000 4210670.500000 23553.0
483026.200000 4210961.900000 23583.0
483207.600000 4211291.300000 23613.0
483279.100000 4211477.400000 23643.0
483294.100000 4211522.600000 23673.0
483323.600000 4211790.900000 23703.0
483071.200000 4211961.200000 23733.0
483092.200000 4212310.700000 23763.0
483149.400000 4212769.000000 23793.0
483189.200000 4212920.900000 23823.0
483258.600000 4213030.800000 23853.0
483281.900000 4213299.100000 23883.0
483282.100000 4213372.300000 23913.0
483358.800000 4213602.000000 23943.0
483397.800000 4213740.700000 23973.0
483371.900000 4213935.000000 24003.0
483378.200000 4214006.100000 24033.0
483544.700000 4214354.100000 24063.0
483703.500000 4214789.800000 24093.0
483744.400000 4215094.900000 24123.0
483826.400000 4215282.200000 24153.0
483675.700000 4215360.400000 24183.0
483399.400000 4215361.000000 24213.0
483194.500000 4215534.500000 24243.0
483087.800000 4215712.000000 24273.0
483152.600000 4216070.400000 24303.0
483196.000000 4216261.200000 24333.0
483216.400000 4216350.100000 24363.0
483274.600000 4216521.800000 24393.0
483512.900000 4216832.000000 24423.0
483798.300000 4217055.700000 24453.0
484018.300000 4217462.500000 24483.0
484329.400000 4217841.500000 24513.0
484684.300000 4218279.000000 24543.0
485027.900000 4218695.700000 24573.0
485407.400000 4219186.400000 24603.0
485613.400000 4219675.300000 24633.0
485779.000000 4220113.100000 24663.0
486007.000000 4220687.500000 24693.0
486296.600000 4220934.600000 24723.0
486527.200000 4221017.600000 24753.0
487010.100000 4221013.400000 24783.0
487179.700000 4220807.900000 24813.0
487275.000000 4220682.500000 24843.0
487393.700000 4220939.600000 24873.0
487495.700000 4221151.500000 24903.0
487493.000000 4221151.500000 24933.0
487546.600000 4221229.300000 25293.0
487555.200000 4221175.100000 25323.0
487473.400000 4220989.900000 25353.0
487381.900000 4220763.600000 25383.0
487335.200000 4220601.500000 25413.0
487485.600000 4220372.700000 25443.0
487532.600000 4220175.000000 25473.0
487401.800000 4219964.400000 25503.0
487383.300000 4219924.700000 25533.0
487281.200000 4219601.900000 25563.0
487308.700000 4219217.900000 25593.0
487437.100000 4218948.100000 25623.0
487715.100000 4219003.100000 25653.0
488234.200000 4219139.900000 25683.0
488277.200000 4219148.800000 25713.0
488358.800000 4219168.500000 25743.0
488498.900000 4219013.000000 25773.0
488643.800000 4218670.000000 25803.0
488654.900000 4218402.500000 25833.0
488655.400000 4218160.800000 25863.0
488619.800000 4217843.400000 25893.0
488605.900000 4217356.200000 25923.0
488570.600000 4217202.200000 25953.0
488397.800000 4217184.700000 25983.0
488054.400000 4217315.100000 26013.0
487804.800000 4217466.600000 26043.0
487494.800000 4217716.800000 26073.0
487098.000000 4217922.700000 26103.0
487015.700000 4217998.100000 26133.0
487014.000000 4218001.500000 26163.0
486788.100000 4218181.800000 26193.0
486740.000000 4218222.900000 26223.0
486625.900000 4218215.500000 26253.0
486236.300000 4217971.900000 26283.0
486020.300000 4217818.200000 26313.0
485829.800000 4217676.300000 26343.0
485451.500000 4217457.300000 26373.0
485096.000000 4217157.400000 26403.0
484783.400000 4216858.300000 26433.0
484622.200000 4216986.000000 26463.0
484600.600000 4217138.000000 26493.0
484581.700000 4217317.900000 26523.0
484438.000000 4217357.100000 26553.0
484330.800000 4217278.600000 26583.0
484253.500000 4217167.900000 26613.0
484253.500000 4217170.000000 26643.0
484152.400000 4217032.600000 26673.0
484040.700000 4216836.400000 26703.0
484146.600000 4216811.700000 26733.0
484232.500000 4216773.800000 26763.0
484267.700000 4216794.900000 26793.0
484281.800000 4216816.900000 26823.0
484316.900000 4216814.700000 26853.0
484371.900000 4216739.300000 26883.0
484371.800000 4216685.100000 26913.0
484456.800000 4216618.500000 26943.0
484532.300000 4216621.700000 26973.0
484609.500000 4216680.400000 27003.0
484685.500000 4216577.000000 27033.0
484646.700000 4216456.000000 27063.0
484772.700000 4216330.500000 27093.0
484777.800000 4216299.600000 27123.0
484777.800000 4216297.500000 27153.0
484798.800000 4216244.100000 27183.0
484771.800000 4216402.900000 27213.0
484538.700000 4216503.200000 27243.0
483392.500000 4207878.200000 51103.0
483385.400000 4207863.800000 51253.0
483375.600000 4207830.400000 51283.0
483355.300000 4207770.400000 51463.0
483254.200000 4207741.800000 51493.0
483042.500000 4207688.000000 51523.0
482969.600000 4207667.000000 51553.0
482888.900000 4207643.900000 51583.0
482689.600000 4207590.100000 51613.0
482683.300000 4207554.600000 51643.0
482605.900000 4207474.800000 51673.0
482371.400000 4207415.200000 51703.0
482253.700000 4207393.400000 51733.0
482096.600000 4207387.000000 51763.0
481958.800000 4207375.000000 51793.0
481884.200000 4207385.300000 51823.0
481827.200000 4207427.800000 51853.0
481649.600000 4207312.600000 51883.0
481647.900000 4207312.600000 51913.0
481597.000000 4207282.700000 51943.0
481466.400000 4207005.800000 51973.0
481339.500000 4206772.800000 52003.0
481262.700000 4206574.500000 52033.0
481186.000000 4206447.300000 52063.0
481155.100000 4206387.200000 52093.0
481112.700000 4206306.500000 52123.0
481046.600000 4206200.000000 52153.0
481037.900000 4206183.500000 52183.0
480945.300000 4206025.000000 52213.0
480919.700000 4205980.600000 52243.0
480816.900000 4205894.500000 52273.0
480764.200000 4205928.100000 52303.0
480537.200000 4205725.400000 52333.0
480487.900000 4205714.600000 52363.0
480450.200000 4205705.800000 52393.0
480407.100000 4205689.400000 52423.0
480375.500000 4205681.800000 52453.0
480328.900000 4205675.100000 52483.0
480309.600000 4205680.700000 52513.0
480245.500000 4205667.700000 52543.0
480271.700000 4205634.200000 52573.0
480310.400000 4205665.000000 52603.0
480295.600000 4205693.000000 52633.0
480274.500000 4205703.200000 52663.0
480180.500000 4205653.500000 52693.0
480012.700000 4205612.800000 52723.0
479986.400000 4205591.700000 52753.0
479916.100000 4205543.200000 52783.0
479800.800000 4205431.400000 52813.0
479652.100000 4205298.400000 52843.0
479637.200000 4205309.400000 52873.0
479637.200000 4205306.100000 52903.0
479625.000000 4205317.100000 52933.0
479498.100000 4205147.700000 52963.0
479411.800000 4205046.700000 52993.0
479371.300000 4205005.800000 53023.0
479336.000000 4204954.700000 53053.0
479185.500000 4204819.600000 53083.0
479134.500000 4204809.600000 53113.0
479132.900000 4204808.300000 53143.0
479074.000000 4204794.100000 53173.0
479073.200000 4204790.700000 53203.0
479044.200000 4204773.000000 53233.0
478994.300000 4204842.900000 53263.0
478989.900000 4204849.700000 53293.0
478940.100000 4204927.700000 53353.0
478967.500000 4204970.000000 53383.0
479013.500000 4205079.900000 53413.0
479070.900000 4205197.400000 53443.0
479026.300000 4205260.600000 53473.0
478883.400000 4205352.000000 53503.0
478717.200000 4205249.100000 53533.0
478552.100000 4205271.600000 53563.0
478447.600000 4205279.500000 53593.0
478343.000000 4205223.000000 53623.0
478231.100000 4205103.500000 53653.0
478217.700000 4205034.600000 53683.0
478299.300000 4205005.600000 53713.0
478315.000000 4204989.000000 53743.0
478418.500000 4204922.300000 53773.0
478475.500000 4204883.200000 53803.0
478410.300000 4204785.600000 53833.0
478356.500000 4204702.400000 53863.0
478332.600000 4204669.000000 53893.0
478277.400000 4204704.700000 53923.0
478260.600000 4204684.900000 53953.0
478240.100000 4204581.600000 53983.0
478127.700000 4204579.800000 54013.0
478024.000000 4204549.200000 54043.0
477857.200000 4204566.200000 54073.0
477848.500000 4204575.100000 54103.0
477830.100000 4204590.800000 54133.0
477802.000000 4204595.100000 54163.0
477756.300000 4204617.200000 54193.0
477615.900000 4204647.600000 54223.0
477626.700000 4204748.800000 54253.0
477569.700000 4204775.600000 54283.0
477367.800000 4204813.800000 54313.0
477294.200000 4204827.100000 54343.0
477193.100000 4204779.600000 54373.0
477053.100000 4204678.800000 54403.0
477037.100000 4204586.600000 54433.0
477027.300000 4204543.500000 54463.0
476853.400000 4204545.200000 54493.0
476795.500000 4204552.100000 54523.0
476687.500000 4204568.100000 54553.0
476681.300000 4204568.100000 54583.0
476635.500000 4204531.400000 54613.0
476607.800000 4204387.200000 54643.0
476509.800000 4204211.000000 54673.0
476456.700000 4204102.300000 54703.0
476297.000000 4204128.200000 54733.0
476154.800000 4204130.700000 54763.0
476161.800000 4204108.700000 54793.0
476125.800000 4204107.500000 54823.0
476048.600000 4204134.400000 54853.0
476045.200000 4204156.400000 54883.0
476038.300000 4204213.200000 54913.0
476038.500000 4204287.700000 54943.0
476046.600000 4204344.400000 54973.0
476058.100000 4204381.100000 55003.0
476075.600000 4204381.100000 55033.0
476086.600000 4204502.100000 55213.0
476118.700000 4204667.500000 55243.0
476124.000000 4204706.400000 55273.0
476130.400000 4204769.500000 55303.0
476142.800000 4204833.800000 55333.0
476205.500000 4204974.500000 55363.0
476311.600000 4204956.500000 55393.0
476336.200000 4204956.400000 55423.0
476351.100000 4204953.000000 55453.0
476359.900000 4204956.300000 55483.0
476385.300000 4204955.000000 55513.0
476410.100000 4205009.100000 55543.0
476450.600000 4205073.300000 55573.0
476484.200000 4205168.400000 55603.0
476499.500000 4205286.900000 55633.0
476511.200000 4205391.000000 55663.0
476530.600000 4205445.100000 55693.0
476580.300000 4205627.000000 55723.0
476586.600000 4205669.300000 55753.0
476586.100000 4205792.500000 55783.0
476595.100000 4205861.400000 55813.0
476598.800000 4205943.500000 55843.0
476611.200000 4206001.000000 55873.0
476615.900000 4206131.800000 55903.0
476631.800000 4206183.800000 55933.0
476635.700000 4206309.100000 55963.0
476635.200000 4206430.200000 55993.0
476634.600000 4206517.800000 56023.0
476638.300000 4206573.200000 56053.0
476708.600000 4206635.200000 56083.0
476754.300000 4206640.600000 56113.0
476796.500000 4206640.500000 56203.0
476826.300000 4206636.200000 56233.0
476882.600000 4206636.000000 56263.0
476897.500000 4206636.000000 56293.0
476918.100000 4206766.700000 56353.0
476922.900000 4206930.900000 56383.0
476933.000000 4207046.400000 56413.0
476956.200000 4207226.200000 56443.0
476963.400000 4207282.900000 56473.0
476964.300000 4207293.100000 56503.0
477095.100000 4207300.300000 56563.0
477275.000000 4207277.800000 56593.0
477321.500000 4207272.200000 56623.0
477454.900000 4207240.900000 56653.0
477677.600000 4207120.600000 56683.0
477807.500000 4207120.200000 56713.0
478016.300000 4207060.800000 56743.0
478118.800000 4207019.500000 56773.0
478121.500000 4207018.200000 56803.0
478202.300000 4207063.300000 56833.0
478290.600000 4207295.000000 56863.0
478305.700000 4207337.300000 56893.0
478371.900000 4207508.900000 56923.0
478470.800000 4207744.900000 56953.0
478661.100000 4208036.000000 56983.0
478866.500000 4208350.400000 57013.0
479094.600000 4208671.500000 57043.0
479302.500000 4209006.100000 57073.0
479648.800000 4209198.300000 57103.0
479857.100000 4209260.000000 57133.0
480008.700000 4209200.800000 57163.0
480042.000000 4209178.700000 57193.0
480107.700000 4209147.600000 57223.0
480162.000000 4209113.200000 57253.0
480330.300000 4208986.300000 57283.0
480476.600000 4208873.800000 57313.0
480501.200000 4208857.200000 57343.0
480569.500000 4208803.700000 57373.0
480616.800000 4208765.900000 57403.0
480764.000000 4208655.500000 57433.0
480852.600000 4208588.900000 57463.0
480995.500000 4208481.900000 57493.0
481013.000000 4208464.100000 57523.0
481127.800000 4208376.200000 57553.0
481192.700000 4208328.200000 57583.0
481235.600000 4208293.800000 57613.0
481326.700000 4208215.700000 57643.0
481329.400000 4208215.700000 57673.0
481526.600000 4208066.700000 57703.0
481707.800000 4207903.400000 57733.0
481828.100000 4207919.600000 57763.0
481943.900000 4207892.700000 57793.0
482011.700000 4207981.400000 57823.0
482019.600000 4207982.700000 57853.0
482158.100000 4207932.400000 57883.0
482327.300000 4207851.200000 57913.0
482418.500000 4207813.400000 57943.0
482629.900000 4207741.800000 57973.0
482887.800000 4207671.400000 58003.0
482915.900000 4207678.100000 58033.0
482936.300000 4207729.300000 58063.0
483008.700000 4207929.800000 58093.0
483100.000000 4207968.500000 58123.0
483214.900000 4207929.400000 58153.0
483358.800000 4207870.200000 58183.0
483408.300000 4207984.400000 58213.0
483428.300000 4207883.200000 58243.0
483376.500000 4207834.600000 58273.0
483372.100000 4207844.800000 58303.0
483375.700000 4207853.700000 58333.0
483431.000000 4207875.600000 59713.0
483502.900000 4207822.100000 59743.0
483523.900000 4207817.800000 59773.0
483517.600000 4207726.900000 59803.0
483650.200000 4207730.000000 59833.0
483848.600000 4207750.700000 59863.0
483993.400000 4207760.600000 59893.0
484080.400000 4207801.500000 59923.0
484269.000000 4207771.100000 59953.0
484479.400000 4207672.900000 59983.0
484607.300000 4207548.300000 60013.0
484631.000000 4207546.900000 60043.0
484743.200000 4207445.600000 60073.0
484889.500000 4207231.100000 60103.0
485000.100000 4207191.100000 60133.0
485086.900000 4207169.800000 60163.0
485147.500000 4207157.400000 60193.0
485210.500000 4207076.500000 60223.0
485212.200000 4207073.100000 60253.0
485210.500000 4207057.400000 60283.0
485148.000000 4206943.300000 60313.0
485082.800000 4206848.200000 60343.0
485141.500000 4206811.200000 60373.0
485224.000000 4206755.600000 60403.0
485224.000000 4206751.400000 60433.0
485162.600000 4206773.500000 60493.0
485065.000000 4206690.300000 60523.0
485027.200000 4206636.200000 60553.0
485063.100000 4206578.600000 60583.0
485094.700000 4206543.000000 60613.0
485059.300000 4206427.500000 60643.0
484940.600000 4206329.900000 60673.0
484796.300000 4206214.700000 60703.0
484782.300000 4206213.400000 60733.0
484674.200000 4206161.500000 60763.0
484530.800000 4206070.800000 60793.0
484371.900000 4206072.400000 60823.0
484233.500000 4206195.800000 60853.0
484080.200000 4206388.300000 60883.0
483921.600000 4206577.300000 60913.0
483783.300000 4206747.300000 60943.0
483771.100000 4206733.000000 60973.0
483785.000000 4206656.300000 61003.0
483785.700000 4206572.100000 61033.0
483813.600000 4206491.200000 61063.0
483827.600000 4206446.700000 61093.0
483949.400000 4206323.300000 61123.0
483958.100000 4206308.900000 61153.0
483966.800000 4206289.000000 61183.0
484032.400000 4206174.600000 61213.0
484090.100000 4206039.100000 61243.0
484123.100000 4205915.800000 61273.0
484043.800000 4205786.000000 61303.0
484012.100000 4205715.000000 61333.0
483987.400000 4205679.500000 61363.0
483851.000000 4205540.900000 61393.0
483722.900000 4205574.600000 61423.0
483542.300000 4205677.000000 61453.0
483440.500000 4205711.500000 61483.0
483316.900000 4205754.100000 61513.0
483288.000000 4205789.700000 61543.0
483191.000000 4206057.400000 61573.0
483071.600000 4206050.800000 61603.0
482952.500000 4206167.500000 61633.0
482949.200000 4206261.900000 61663.0
483051.000000 4206286.200000 61693.0
483139.700000 4206272.900000 61723.0
483163.200000 4206142.900000 61753.0
483228.900000 4206075.100000 61783.0
483362.400000 4206071.400000 61813.0
483395.600000 4206026.900000 61843.0
483480.400000 4205791.400000 61873.0
483489.600000 4205564.900000 61903.0
483408.500000 4205347.500000 61933.0
483358.200000 4205252.400000 61963.0
483306.400000 4205209.300000 61993.0
483360.700000 4205173.700000 62023.0
483317.600000 4205125.100000 62053.0
483314.100000 4205114.900000 62143.0
483305.500000 4205198.300000 62173.0
483272.200000 4205216.200000 62203.0
483165.800000 4205092.000000 62233.0
483115.600000 4205032.000000 62263.0
483064.600000 4204975.400000 62293.0
483010.800000 4204907.700000 62323.0
482995.100000 4204892.100000 62353.0
482960.800000 4204849.900000 62383.0
482916.000000 4204793.200000 62413.0
482887.800000 4204766.600000 62443.0
482865.000000 4204764.600000 62473.0
482828.900000 4204731.200000 62503.0
482785.000000 4204722.400000 62533.0
482728.700000 4204717.000000 62563.0
482638.200000 4204680.400000 62593.0
482588.100000 4204666.100000 62623.0
482540.800000 4204700.500000 62653.0
482482.100000 4204742.900000 62683.0
482424.900000 4204707.500000 62713.0
482323.100000 4204711.100000 62743.0
482302.800000 4204692.100000 62773.0
482270.200000 4204642.200000 62803.0
482379.700000 4204540.800000 62833.0
482282.900000 4204458.900000 62863.0
482195.000000 4204411.300000 62893.0
482102.600000 4204356.100000 62923.0
481918.800000 4204247.700000 62953.0
481874.000000 4204234.700000 62983.0
481811.100000 4204322.400000 63013.0
481771.700000 4204397.000000 63043.0
481681.500000 4204500.500000 63073.0
481610.600000 4204620.400000 63103.0
481525.700000 4204751.400000 63133.0
481396.100000 4204924.800000 63163.0
481219.200000 4205151.600000 63193.0
481075.600000 4205298.400000 63223.0
481065.000000 4205310.700000 63253.0
481020.400000 4205353.100000 63283.0
481019.600000 4205353.100000 63313.0
480978.500000 4205398.500000 63373.0
480965.300000 4205412.900000 63403.0
480964.500000 4205412.900000 63433.0
481022.700000 4205544.800000 63493.0
481125.500000 4205621.200000 63523.0
481271.400000 4205704.300000 63553.0
481455.100000 4205781.700000 63583.0
481479.800000 4205792.700000 63613.0
481587.100000 4205864.400000 63643.0
481784.100000 4206049.300000 63673.0
481868.500000 4206130.000000 63703.0
481908.900000 4206165.500000 63733.0
482167.200000 4206285.900000 63763.0
482383.400000 4206348.500000 63793.0
482417.600000 4206365.000000 63823.0
482420.200000 4206366.200000 63853.0
482418.800000 4206469.500000 63943.0
482495.300000 4206526.900000 63973.0
482488.700000 4206764.400000 64003.0
482493.600000 4207005.200000 64033.0
482583.300000 4207077.000000 64063.0
482595.800000 4207174.700000 64093.0
482588.300000 4207372.400000 64123.0
482590.300000 4207525.600000 64153.0
482668.600000 4207579.600000 64183.0
482682.800000 4207628.300000 64213.0
482741.700000 4207700.100000 64243.0
482810.300000 4207779.900000 64273.0
482876.500000 4207938.500000 64303.0
482937.400000 4208095.000000 64333.0
482908.700000 4208205.100000 64363.0
482853.500000 4208227.200000 64393.0
