477914.200000 4206382.600000 24589.0
480015.600000 4208712.800000 26272.0
479878.800000 4208757.500000 26302.0
479984.600000 4208979.100000 26332.0
480226.600000 4208883.200000 26362.0
480429.700000 4208689.800000 26392.0
480580.000000 4208429.900000 26422.0
480719.900000 4208177.800000 26452.0
480841.400000 4207938.800000 26482.0
480944.400000 4207694.300000 26512.0
480945.300000 4207690.900000 26542.0
480938.600000 4207483.500000 26572.0
480895.700000 4207186.100000 26602.0
480675.700000 4206952.600000 26632.0
480441.900000 4206882.000000 26662.0
480370.300000 4206678.200000 26692.0
480297.100000 4206524.300000 26722.0
480179.700000 4206653.200000 26752.0
480310.000000 4206798.100000 26782.0
480500.200000 4206684.600000 26812.0
480502.900000 4206684.600000 26842.0
480560.800000 4206675.600000 26962.0
480731.600000 4206880.500000 26992.0
480857.200000 4206880.200000 27022.0
480921.500000 4206949.900000 27052.0
480970.800000 4207016.200000 27082.0
481071.500000 4206905.900000 27112.0
481011.600000 4206832.800000 27142.0
481098.300000 4206761.500000 27172.0
481264.900000 4206657.000000 27202.0
481212.900000 4206536.100000 27232.0
481193.500000 4206493.000000 27262.0
481184.700000 4206473.100000 27292.0
481184.700000 4206469.700000 27322.0
481145.200000 4206441.900000 27352.0
480968.000000 4206533.300000 27382.0
480864.500000 4206586.800000 27412.0
480920.000000 4206693.400000 27442.0
481297.400000 4207051.900000 27472.0
481503.300000 4207240.200000 27502.0
481552.500000 4207261.200000 27532.0
481630.800000 4207289.800000 27562.0
481802.000000 4207337.300000 27592.0
481984.500000 4207241.600000 27622.0
482086.200000 4207205.900000 27652.0
482310.700000 4207144.400000 27682.0
482336.300000 4207219.700000 27712.0
482359.200000 4207276.400000 27742.0
482496.800000 4207169.400000 27772.0
482674.900000 4207132.200000 27802.0
482848.600000 4207118.700000 27832.0
482890.400000 4207400.500000 27862.0
482799.400000 4207528.100000 27892.0
482894.400000 4207631.200000 27922.0
483206.100000 4207705.100000 27952.0
483357.800000 4207613.700000 27982.0
483430.500000 4207563.700000 28012.0
483547.400000 4207656.500000 28042.0
483666.900000 4207716.400000 28072.0
483900.500000 4207742.600000 28102.0
483969.800000 4207746.700000 28132.0
484133.200000 4207818.300000 28162.0
484314.100000 4207905.600000 28192.0
484423.000000 4207949.800000 28222.0
484667.200000 4207983.700000 28252.0
484873.600000 4208074.300000 28282.0
485010.600000 4208078.300000 28312.0
485155.200000 4207989.100000 28342.0
485308.900000 4207971.100000 28372.0
485367.700000 4208027.700000 28402.0
485428.400000 4208059.700000 28432.0
485650.500000 4208133.800000 28462.0
485959.300000 4208085.500000 28492.0
486270.800000 4208047.300000 28522.0
486462.100000 4208016.100000 28552.0
486548.100000 4207988.000000 28582.0
486732.100000 4207810.400000 28612.0
486838.800000 4207519.400000 28642.0
486966.300000 4207165.400000 28672.0
487087.800000 4206835.500000 28702.0
487261.400000 4206651.100000 28732.0
487315.700000 4206581.200000 28762.0
487381.400000 4206526.900000 28792.0
487447.800000 4206402.400000 28822.0
487389.700000 4206245.800000 28852.0
487362.100000 4206052.900000 28882.0
487362.000000 4206017.300000 28912.0
487362.000000 4205983.000000 28942.0
487362.800000 4205956.400000 28972.0
487365.400000 4205939.900000 29002.0
487366.200000 4205931.000000 29032.0
487367.100000 4205929.700000 29062.0
487368.700000 4205899.700000 29092.0
487368.700000 4205894.100000 29122.0
487371.300000 4205858.600000 29152.0
487371.300000 4205858.600000 29182.0
487373.000000 4205838.700000 29212.0
487373.000000 4205838.700000 29242.0
487402.700000 4205783.200000 29272.0
487440.300000 4205756.500000 29302.0
487504.400000 4205706.400000 29332.0
487536.000000 4205677.600000 29362.0
487599.000000 4205620.000000 29392.0
487686.700000 4205555.500000 29422.0
487851.700000 4205474.400000 29452.0
488013.100000 4205379.800000 29482.0
488193.000000 4205258.500000 29512.0
488466.700000 4205082.900000 29542.0
488699.100000 4204910.700000 29572.0
488812.100000 4204727.300000 29602.0
488883.300000 4204749.200000 29632.0
488789.500000 4204867.000000 29662.0
488808.900000 4205009.200000 29692.0
488889.000000 4205123.300000 29722.0
488955.000000 4205294.200000 29752.0
489083.500000 4205550.600000 29782.0
489334.800000 4205773.300000 29812.0
489428.700000 4205787.600000 29842.0
489476.300000 4205887.400000 29872.0
489613.200000 4205883.000000 29902.0
489724.600000 4205729.600000 29932.0
489857.100000 4205684.200000 29962.0
490124.000000 4205638.600000 29992.0
490413.400000 4205387.700000 30022.0
490475.700000 4205336.400000 30052.0
490482.400000 4205340.600000 31637.0
490439.400000 4205383.800000 31697.0
490313.100000 4205492.700000 31727.0
490199.000000 4205598.300000 31757.0
490040.100000 4205629.400000 31787.0
489803.000000 4205626.300000 31817.0
489760.900000 4205698.300000 31847.0
489746.800000 4205703.800000 31877.0
489819.600000 4205691.400000 32537.0
490122.500000 4205661.000000 32567.0
490162.000000 4205618.600000 32597.0
490422.500000 4205394.000000 32627.0
490474.200000 4205355.000000 32657.0
490469.000000 4205381.700000 32687.0
490412.800000 4205411.800000 33407.0
490253.200000 4205558.400000 33437.0
490097.100000 4205653.800000 33467.0
489848.500000 4205618.600000 33497.0
489774.900000 4205702.100000 33527.0
489766.200000 4205715.200000 33557.0
489678.600000 4205769.500000 33587.0
489668.000000 4205768.200000 33617.0
489488.000000 4205801.900000 33647.0
489428.300000 4205804.100000 33677.0
489388.700000 4205807.500000 33707.0
489185.200000 4205850.100000 33737.0
489141.400000 4205892.500000 33767.0
489144.900000 4205923.400000 33797.0
489155.500000 4205978.800000 33827.0
488910.700000 4206070.500000 33871.0
488822.900000 4206046.100000 33901.0
488797.500000 4206052.900000 33931.0
488753.600000 4206076.300000 33961.0
488668.400000 4206105.200000 33991.0
488578.900000 4206126.400000 34021.0
488457.700000 4206160.100000 34051.0
488399.800000 4206174.500000 34081.0
488388.400000 4206176.700000 34111.0
488331.300000 4206186.900000 34171.0
488240.900000 4206212.400000 34201.0
488176.800000 4206237.100000 34231.0
488127.600000 4206238.400000 34261.0
488019.600000 4206259.700000 34291.0
487767.700000 4206326.500000 34321.0
487660.600000 4206352.100000 34351.0
487652.200000 4206566.300000 34381.0
487586.500000 4206651.900000 34411.0
487580.300000 4206658.600000 34441.0
487566.100000 4206576.600000 34861.0
487487.900000 4206517.800000 34891.0
487353.800000 4206633.600000 34921.0
483503.500000 4207817.000000 51226.0
483494.800000 4207799.300000 51256.0
483366.500000 4207726.300000 51286.0
483565.700000 4207680.600000 51316.0
483545.000000 4207488.500000 51346.0
483513.300000 4207428.500000 51376.0
483500.000000 4207395.100000 51406.0
483478.000000 4207351.900000 51436.0
483669.900000 4207226.300000 51466.0
483622.300000 4207092.200000 51496.0
483425.400000 4206922.900000 51526.0
483355.200000 4206914.100000 51556.0
483326.200000 4206877.300000 51586.0
483322.700000 4206899.400000 51616.0
483305.800000 4206851.600000 51676.0
483305.800000 4206844.800000 51706.0
483386.200000 4206666.000000 51796.0
483367.600000 4206597.100000 51826.0
483255.100000 4206493.200000 51856.0
483178.500000 4206391.300000 51886.0
483157.700000 4206552.200000 51916.0
483069.100000 4206629.000000 51946.0
483062.800000 4206577.000000 51976.0
483051.800000 4206352.600000 52006.0
482874.400000 4206310.700000 52036.0
482931.400000 4206269.500000 52066.0
483032.400000 4206279.500000 52096.0
482888.300000 4206237.400000 52126.0
483018.000000 4206103.800000 52156.0
483136.600000 4206145.900000 52186.0
483179.500000 4206074.700000 52216.0
483356.800000 4206067.600000 52246.0
483382.200000 4206024.400000 52276.0
483444.000000 4205795.700000 52306.0
483426.300000 4205739.000000 52336.0
483494.600000 4205642.400000 52366.0
483606.700000 4205479.200000 52396.0
483697.000000 4205404.500000 52426.0
483455.300000 4205330.500000 52456.0
483304.900000 4205237.700000 52486.0
483287.100000 4205118.000000 52516.0
483342.500000 4205194.500000 52546.0
483201.900000 4205166.000000 52576.0
483131.800000 4205155.900000 52606.0
483131.600000 4205098.400000 52636.0
483141.300000 4205087.400000 52666.0
483329.500000 4205233.400000 52696.0
483726.700000 4205383.700000 52726.0
483802.400000 4205482.200000 52756.0
483561.300000 4205657.900000 52786.0
483427.700000 4205977.700000 52816.0
483378.800000 4206186.500000 52846.0
483379.700000 4206602.500000 52876.0
483467.000000 4206787.800000 52906.0
483478.500000 4206853.300000 52936.0
483574.800000 4206735.500000 52966.0
483769.800000 4206754.100000 52996.0
483874.400000 4206839.400000 53026.0
483888.500000 4206847.000000 53056.0
483874.500000 4206870.300000 53086.0
483910.700000 4206966.800000 53116.0
483937.000000 4206976.900000 53146.0
484068.700000 4207024.400000 53176.0
484184.600000 4207036.500000 53206.0
484217.900000 4207041.900000 53236.0
484227.600000 4207048.700000 53266.0
484366.300000 4207059.400000 53296.0
483390.900000 4207868.900000 59435.0
483450.700000 4207867.500000 59465.0
483525.400000 4207883.000000 59495.0
483723.900000 4208263.100000 59558.0
483840.000000 4208414.000000 59588.0
483974.600000 4208578.000000 59618.0
484014.200000 4208624.400000 59648.0
483953.700000 4208694.400000 59678.0
483790.700000 4208804.800000 59708.0
483737.300000 4208850.200000 59738.0
483802.300000 4208896.600000 59768.0
484098.600000 4209145.700000 59798.0
484234.800000 4209247.500000 59828.0
484336.800000 4209349.300000 59858.0
484509.200000 4209500.100000 59888.0
484598.500000 4209408.900000 59918.0
484678.500000 4209455.300000 59948.0
484777.700000 4209550.400000 59978.0
484858.600000 4209632.300000 60008.0
484973.700000 4209740.900000 60038.0
485054.400000 4209718.700000 60068.0
485034.100000 4209696.800000 60098.0
485011.300000 4209672.200000 60128.0
484957.600000 4209623.700000 60158.0
484899.800000 4209678.000000 60188.0
484805.200000 4209754.700000 60218.0
484829.900000 4209821.100000 60248.0
484933.700000 4209922.100000 60278.0
484945.200000 4209943.200000 60308.0
485150.000000 4210133.800000 60338.0
485437.400000 4210399.500000 60368.0
485668.500000 4210616.600000 60398.0
485867.000000 4210694.200000 60428.0
486127.800000 4210847.800000 60458.0
486348.900000 4210858.400000 60488.0
486449.000000 4210868.400000 60518.0
486429.600000 4210764.300000 60548.0
486312.000000 4210811.100000 60578.0
486219.900000 4210877.700000 60608.0
486137.500000 4210920.100000 60638.0
486181.500000 4211045.400000 60668.0
486347.700000 4211250.400000 60698.0
486693.600000 4211349.700000 60728.0
487014.000000 4211436.800000 60758.0
487108.700000 4211406.600000 60788.0
487435.000000 4211363.800000 60818.0
487528.000000 4211345.800000 60848.0
487571.800000 4211352.500000 60878.0
487853.400000 4211339.900000 60908.0
488128.800000 4211264.100000 60938.0
488346.000000 4211016.200000 60968.0
488370.600000 4211033.900000 60998.0
488379.300000 4211031.800000 61028.0
488404.800000 4211057.200000 61298.0
488425.900000 4211081.700000 61328.0
488440.800000 4211102.800000 61358.0
488447.900000 4211106.200000 61388.0
488451.400000 4211134.100000 61568.0
488463.200000 4211409.200000 61598.0
488470.600000 4211664.500000 61628.0
488203.800000 4211675.000000 61658.0
488142.200000 4211512.100000 61688.0
487884.100000 4211344.900000 61718.0
487478.000000 4211359.900000 61748.0
487145.500000 4211404.800000 61778.0
486955.100000 4211431.800000 61808.0
486547.900000 4211372.400000 61838.0
486240.400000 4211113.400000 61868.0
485955.600000 4210857.400000 61898.0
485816.000000 4210848.700000 61928.0
485804.100000 4211014.300000 61958.0
485789.500000 4211189.500000 61988.0
485777.300000 4211216.200000 62018.0
485713.300000 4211258.600000 62048.0
485912.700000 4211423.800000 62078.0
486024.500000 4211578.900000 62108.0
485781.800000 4211750.300000 62138.0
485667.200000 4211982.500000 62168.0
485585.700000 4212061.300000 62198.0
485485.600000 4212045.900000 62228.0
485482.900000 4212047.100000 62258.0
485456.700000 4212076.000000 62288.0
485493.000000 4212272.300000 62318.0
485179.300000 4212429.500000 62348.0
484798.000000 4212644.300000 62378.0
484656.300000 4212827.800000 62408.0
484472.200000 4212917.900000 62438.0
484182.800000 4212930.800000 62468.0
484165.700000 4213136.100000 62498.0
484140.000000 4213473.400000 62528.0
484159.700000 4213706.600000 62558.0
484164.200000 4213754.400000 62588.0
484174.100000 4213854.300000 62618.0
484150.400000 4213876.400000 62648.0
483903.100000 4213895.900000 62678.0
483611.900000 4213926.500000 62708.0
483452.400000 4213944.600000 62738.0
483452.400000 4213951.400000 62768.0
483286.700000 4213972.900000 62828.0
483050.800000 4214001.300000 62858.0
483022.700000 4214005.600000 62888.0
483004.400000 4214012.400000 62918.0
482998.100000 4213982.400000 62948.0
482997.200000 4213945.500000 62978.0
482913.800000 4213930.100000 63008.0
482705.100000 4213936.000000 63038.0
482399.000000 4213966.700000 63068.0
482392.400000 4214157.600000 63098.0
482389.000000 4214223.200000 63128.0
482382.100000 4214273.200000 63158.0
482377.400000 4214488.600000 63188.0
482360.300000 4214720.600000 63218.0
482334.600000 4214970.400000 63248.0
482345.500000 4215155.800000 63278.0
482426.500000 4215323.200000 63308.0
482521.600000 4215507.100000 63338.0
482645.700000 4215740.900000 63368.0
482756.600000 4215906.200000 63398.0
482932.300000 4216059.900000 63428.0
483031.600000 4216202.700000 63458.0
483116.000000 4216318.100000 63488.0
483152.000000 4216359.100000 63518.0
483161.700000 4216367.900000 63548.0
483192.400000 4216315.800000 63578.0
483172.000000 4216218.100000 63608.0
483151.500000 4216116.100000 63638.0
483101.000000 4215844.500000 63668.0
483113.500000 4215494.000000 63698.0
483133.400000 4215356.400000 63728.0
483158.700000 4215281.900000 63758.0
483389.500000 4215344.500000 63788.0
483647.300000 4215399.400000 63818.0
483760.300000 4215361.500000 63848.0
483793.600000 4215348.300000 63878.0
483796.200000 4215347.000000 63908.0
483797.800000 4215275.100000 63938.0
483754.300000 4215008.900000 63968.0
483630.900000 4214711.600000 63998.0
483578.800000 4214516.600000 64028.0
483524.100000 4214327.100000 64058.0
483451.900000 4214202.800000 64088.0
483379.400000 4213914.300000 64118.0
483388.900000 4213846.600000 64148.0
483349.000000 4213621.500000 64178.0
483279.800000 4213246.600000 64208.0
483153.500000 4212847.300000 64238.0
483098.300000 4212413.600000 64268.0
483056.300000 4212017.500000 64298.0
483076.400000 4211957.300000 64328.0
483343.400000 4211689.300000 64358.0
483293.100000 4211553.100000 64388.0
483174.000000 4211249.500000 64418.0
482991.700000 4210891.300000 64448.0
482866.600000 4210593.200000 64478.0
482658.100000 4210363.000000 64508.0
482571.900000 4210297.500000 64538.0
482491.600000 4210067.900000 64568.0
482314.600000 4209795.300000 64598.0
482271.500000 4209748.800000 64628.0
482021.700000 4209479.700000 64658.0
481855.300000 4209254.900000 64688.0
481796.400000 4209185.200000 64718.0
481794.700000 4209183.100000 64748.0
481841.100000 4209100.900000 64778.0
481925.100000 4209047.400000 64808.0
481964.600000 4209015.100000 64838.0
481975.000000 4208978.300000 64868.0
481897.600000 4208874.300000 64898.0
481803.700000 4208843.600000 64928.0
481837.900000 4208895.600000 64958.0
