475823.900000 4210508.500000 21818.0
475825.600000 4210545.300000 21938.0
475853.700000 4210514.300000 21968.0
475871.900000 4210451.200000 21998.0
475955.800000 4210362.100000 22028.0
475780.200000 4209998.600000 22058.0
475626.300000 4209594.000000 22088.0
475440.800000 4209189.500000 22118.0
475292.500000 4208886.000000 22148.0
475167.300000 4208670.100000 22178.0
475078.500000 4208640.300000 22208.0
475078.200000 4208569.200000 22238.0
475087.800000 4208231.900000 22268.0
475091.800000 4207861.100000 22298.0
475101.200000 4207483.900000 22328.0
475266.900000 4207137.200000 22358.0
475258.100000 4207077.100000 22388.0
475285.600000 4206895.000000 22418.0
475378.000000 4206656.000000 22448.0
475458.000000 4206416.200000 22478.0
475457.300000 4206180.100000 22508.0
475446.500000 4205828.400000 22538.0
475457.500000 4205684.000000 22568.0
475445.900000 4205630.700000 22598.0
475455.500000 4205568.500000 22628.0
475461.500000 4205527.400000 22658.0
475471.100000 4205490.500000 22688.0
475472.700000 4205466.000000 22718.0
475474.300000 4205410.500000 22748.0
475474.900000 4205357.200000 22778.0
475474.000000 4205332.700000 22808.0
475466.800000 4205263.700000 22838.0
475459.500000 4205192.600000 22868.0
475462.000000 4205116.000000 22898.0
475503.600000 4204928.400000 22928.0
475587.900000 4204594.200000 22958.0
475634.900000 4204449.700000 22988.0
475745.000000 4204272.000000 23018.0
475782.600000 4204229.600000 23048.0
475787.000000 4204228.300000 23078.0
475865.800000 4204143.800000 23108.0
475866.600000 4204129.400000 23138.0
475904.100000 4204089.600000 23198.0
475940.900000 4204076.300000 23228.0
476071.600000 4204033.600000 23258.0
476201.600000 4203992.200000 23313.0
476324.100000 4203815.300000 23343.0
476406.300000 4203693.200000 23373.0
476578.600000 4203425.200000 23403.0
476809.000000 4202913.300000 23463.0
477048.200000 4202740.800000 23493.0
477034.500000 4202593.100000 23523.0
477655.500000 4202251.900000 23673.0
477630.200000 4202015.800000 23703.0
477631.800000 4202005.700000 23733.0
477340.800000 4201551.500000 23853.0
477315.200000 4201532.500000 23913.0
477273.900000 4201501.700000 23943.0
477292.100000 4201403.000000 23973.0
477335.000000 4201346.200000 24003.0
477430.000000 4201403.500000 24033.0
477496.000000 4201457.500000 24063.0
477649.300000 4201288.600000 24123.0
477666.000000 4201258.500000 24213.0
477671.200000 4201268.700000 24243.0
477693.100000 4201236.400000 24273.0
477708.000000 4201216.500000 24303.0
477721.800000 4201147.500000 24483.0
477734.000000 4201125.400000 24513.0
478128.600000 4202503.300000 26793.0
478103.900000 4202497.900000 26823.0
478095.900000 4202444.600000 26853.0
478100.100000 4202381.500000 26883.0
477648.100000 4202512.700000 27513.0
477491.000000 4202514.400000 27543.0
477553.100000 4202439.700000 27573.0
477595.200000 4202373.100000 27603.0
477652.900000 4202277.800000 27633.0
477668.600000 4202287.900000 27663.0
477679.300000 4202335.700000 27693.0
477679.600000 4202422.000000 27723.0
477689.400000 4202480.800000 27753.0
477723.400000 4202712.700000 27783.0
477749.800000 4202765.900000 27813.0
477867.700000 4202794.400000 27843.0
478030.300000 4202849.400000 27873.0
478080.400000 4202861.500000 27903.0
478147.200000 4202894.800000 27933.0
478179.800000 4202920.100000 27963.0
478254.600000 4202969.900000 27993.0
478355.000000 4203062.700000 28023.0
478365.600000 4203082.600000 28053.0
478432.200000 4203379.900000 28083.0
478535.100000 4203429.600000 28113.0
478535.100000 4203429.600000 28143.0
478744.300000 4203514.600000 28173.0
478909.800000 4203637.300000 28203.0
478909.000000 4203637.300000 28233.0
478969.800000 4203700.200000 28263.0
479032.200000 4203737.700000 28293.0
479049.800000 4203755.500000 28323.0
479108.800000 4203853.900000 28353.0
479125.700000 4203884.800000 28383.0
479179.400000 4203941.400000 28413.0
479182.900000 4203948.100000 28443.0
479301.000000 4204090.000000 28473.0
479473.800000 4204301.700000 28503.0
479724.500000 4204510.500000 28533.0
479977.800000 4204670.800000 28563.0
480125.600000 4204762.700000 28593.0
480224.000000 4204837.800000 28653.0
480275.900000 4204891.000000 28683.0
480293.600000 4204915.500000 28713.0
480413.200000 4205016.400000 28743.0
480421.100000 4205023.100000 28773.0
480551.300000 4205119.300000 28803.0
480743.900000 4205270.000000 28833.0
480891.800000 4205416.100000 28863.0
481051.900000 4205560.000000 28893.0
481124.000000 4205614.000000 28923.0
481442.200000 4205770.800000 28953.0
481690.100000 4205959.000000 28983.0
481781.600000 4206044.300000 29013.0
481829.100000 4206099.600000 29043.0
482170.100000 4206288.500000 29073.0
482231.600000 4206318.400000 29103.0
482323.900000 4206340.200000 29133.0
482328.300000 4206343.600000 29163.0
482639.300000 4206477.100000 29223.0
482913.600000 4206629.700000 29253.0
482929.300000 4206636.500000 29283.0
483030.400000 4206695.100000 29313.0
483085.700000 4206725.000000 29343.0
483122.600000 4206744.000000 29373.0
483258.800000 4206789.000000 29403.0
483262.400000 4206792.400000 29433.0
483326.700000 4206901.000000 29523.0
483531.700000 4207105.900000 29553.0
483638.200000 4207276.700000 29583.0
483359.400000 4207425.800000 29613.0
483268.300000 4207473.800000 29643.0
483251.700000 4207584.800000 29673.0
483216.000000 4207699.100000 29703.0
483308.300000 4207735.700000 29733.0
483333.000000 4207778.000000 29763.0
483283.900000 4207859.000000 29793.0
483372.700000 4207878.700000 29823.0
483378.900000 4207862.200000 29853.0
483356.000000 4207804.600000 33093.0
483344.600000 4207776.700000 33123.0
483144.400000 4207725.100000 33153.0
483092.600000 4207712.100000 33183.0
483091.800000 4207708.700000 33213.0
483013.600000 4207686.800000 33243.0
483010.900000 4207683.400000 33273.0
482943.200000 4207663.700000 33303.0
482757.100000 4207616.200000 33333.0
482715.900000 4207598.600000 33363.0
482572.600000 4207554.400000 33393.0
482482.200000 4207531.300000 33423.0
482466.400000 4207531.400000 33453.0
482319.700000 4207503.700000 33483.0
482215.200000 4207484.100000 33513.0
482196.800000 4207476.500000 33543.0
482094.100000 4207475.500000 33573.0
482092.500000 4207473.300000 33603.0
481995.100000 4207507.000000 33633.0
481991.600000 4207508.300000 33663.0
481877.600000 4207621.500000 33693.0
481784.900000 4207780.400000 33723.0
481741.200000 4207863.900000 33753.0
481731.500000 4207869.500000 33783.0
481524.900000 4208093.000000 33813.0
481397.900000 4208189.800000 33843.0
481398.500000 4208420.400000 33873.0
481400.200000 4208436.100000 33903.0
481411.000000 4208546.100000 33933.0
481519.400000 4208735.500000 33963.0
481602.200000 4208859.700000 33993.0
481643.500000 4208928.600000 34023.0
481698.100000 4209010.600000 34053.0
481769.500000 4209120.500000 34083.0
481805.600000 4209168.300000 34113.0
481866.400000 4209260.400000 34143.0
481916.600000 4209334.800000 34173.0
481956.200000 4209397.800000 34203.0
481968.500000 4209410.000000 34233.0
482011.600000 4209475.500000 34263.0
482067.000000 4209538.500000 34293.0
482118.800000 4209595.100000 34323.0
482127.500000 4209598.400000 34353.0
482132.700000 4209598.400000 34383.0
482165.300000 4209633.900000 34443.0
482166.100000 4209636.000000 34473.0
482188.900000 4209660.500000 34533.0
482192.500000 4209662.600000 34563.0
482218.000000 4209701.500000 34653.0
482214.700000 4209815.800000 34683.0
482259.700000 4209944.400000 34713.0
482274.800000 4210065.400000 34743.0
482276.600000 4210085.300000 34773.0
482273.800000 4210045.500000 34983.0
482222.500000 4209852.600000 35013.0
482153.000000 4209754.100000 35043.0
482181.900000 4209734.200000 35073.0
482187.100000 4209735.400000 35103.0
482110.400000 4209589.200000 35283.0
481875.400000 4209271.400000 35313.0
481869.800000 4209066.100000 35343.0
481982.800000 4208992.600000 35373.0
482102.700000 4208890.400000 35403.0
481916.100000 4208582.200000 35433.0
481739.000000 4208313.000000 35463.0
481733.500000 4208134.400000 35493.0
481980.600000 4208023.800000 35523.0
481982.300000 4208023.800000 35553.0
482019.100000 4208009.300000 35583.0
482017.400000 4208009.300000 35613.0
482048.200000 4207996.200000 35643.0
482046.500000 4207991.900000 35673.0
482085.200000 4207978.700000 35703.0
482147.400000 4207957.400000 35733.0
482160.600000 4207951.900000 35763.0
482308.800000 4207876.200000 35793.0
482478.900000 4207806.900000 35823.0
482688.500000 4207736.600000 35853.0
482913.900000 4207688.300000 35883.0
482965.100000 4207812.600000 35913.0
483059.400000 4207992.300000 35943.0
483247.900000 4207924.200000 35973.0
483375.100000 4207882.900000 36003.0
483382.100000 4207899.400000 36033.0
483380.500000 4207901.500000 36063.0
483384.900000 4207931.600000 36303.0
483460.500000 4207973.700000 36333.0
483504.100000 4207867.000000 36363.0
483528.600000 4207819.100000 36393.0
483815.700000 4207891.800000 36423.0
484123.900000 4207965.700000 36453.0
484446.100000 4208042.900000 36483.0
484656.800000 4208090.300000 36513.0
484849.900000 4208135.300000 36543.0
485155.600000 4208207.900000 36573.0
485337.000000 4208065.400000 36603.0
485547.200000 4207823.400000 36633.0
485576.900000 4207819.100000 36663.0
485575.300000 4207823.300000 36693.0
485542.000000 4207835.600000 37383.0
485391.300000 4208034.400000 37413.0
485210.800000 4208170.200000 37443.0
485197.600000 4208200.300000 37473.0
484956.900000 4208149.500000 37503.0
484794.500000 4208112.900000 37533.0
484740.900000 4208100.800000 37563.0
484394.000000 4208018.000000 37593.0
484004.100000 4207927.800000 37623.0
483649.400000 4207843.000000 37653.0
483278.900000 4207743.800000 37683.0
483307.300000 4207886.800000 37713.0
483374.900000 4207879.100000 37743.0
485423.600000 4207990.800000 42381.0
485198.400000 4208175.300000 42411.0
485108.900000 4208196.600000 42441.0
484850.800000 4208137.000000 42471.0
484722.700000 4208107.200000 42501.0
484657.700000 4208091.600000 42531.0
484262.600000 4207999.200000 42561.0
483869.200000 4207905.600000 42591.0
483526.600000 4207824.200000 42621.0
483422.300000 4207883.200000 42651.0
483399.500000 4207886.700000 42681.0
483392.500000 4207886.700000 42711.0
483383.800000 4207884.600000 43011.0
483377.600000 4207885.900000 43041.0
483390.000000 4207985.700000 45261.0
483280.400000 4208005.000000 45291.0
483184.500000 4207879.900000 45321.0
483107.000000 4207717.100000 45351.0
482974.300000 4207670.800000 45381.0
482706.500000 4207600.300000 45411.0
482492.200000 4207538.500000 45441.0
482236.600000 4207485.700000 45471.0
482077.600000 4207475.500000 45524.0
482017.800000 4207492.100000 45554.0
481906.500000 4207577.900000 45584.0
481716.700000 4207901.200000 45614.0
481469.800000 4208133.700000 45644.0
481444.400000 4208151.600000 45674.0
481191.200000 4208355.300000 45704.0
481061.500000 4208450.000000 45734.0
480743.600000 4208698.300000 45764.0
480392.300000 4208943.400000 45794.0
480135.600000 4209134.900000 45824.0
479856.300000 4209351.800000 45854.0
479560.700000 4209435.900000 45884.0
479097.100000 4209653.400000 45914.0
478675.500000 4209847.500000 45944.0
478480.600000 4209826.000000 45974.0
478420.800000 4209819.400000 46004.0
478418.200000 4209819.400000 46034.0
478373.500000 4209837.300000 46064.0
478322.700000 4209845.000000 46094.0
