483380.400000 4207877.000000 0.0
483352.900000 4207770.400000 25770.0
483192.300000 4207724.100000 25800.0
482960.400000 4207656.900000 25830.0
482960.400000 4207656.900000 25860.0
482913.600000 4207501.600000 25890.0
482864.600000 4207166.500000 25920.0
482849.300000 4206963.400000 25950.0
482968.600000 4206917.900000 25980.0
482926.900000 4206655.100000 26010.0
482872.300000 4206601.900000 26040.0
482567.400000 4206432.800000 26070.0
482455.700000 4206357.700000 26100.0
482423.800000 4206232.500000 26130.0
482253.400000 4206169.800000 26160.0
482148.800000 4206125.600000 26190.0
482017.800000 4206021.700000 26220.0
482071.200000 4205939.500000 26250.0
482064.300000 4206005.100000 26280.0
482063.500000 4206005.100000 26310.0
481993.300000 4205982.000000 26370.0
481891.200000 4205887.000000 26400.0
481823.400000 4205822.800000 26430.0
481703.000000 4205710.100000 26460.0
481695.100000 4205699.100000 26490.0
481686.300000 4205686.800000 26520.0
481600.100000 4205601.500000 26550.0
481658.700000 4205524.800000 26580.0
481788.300000 4205388.200000 26610.0
481793.500000 4205361.500000 26640.0
481678.500000 4205383.000000 26670.0
481504.900000 4205525.600000 26700.0
481478.400000 4205430.400000 26730.0
481529.300000 4205385.800000 26760.0
481548.500000 4205366.700000 26790.0
481551.100000 4205366.700000 26820.0
481588.800000 4205336.600000 26850.0
481797.400000 4205156.200000 26880.0
482009.500000 4204973.800000 26910.0
482059.400000 4204911.500000 26940.0
482027.700000 4204870.500000 26970.0
482027.700000 4204869.200000 27000.0
481987.100000 4204757.100000 27060.0
482156.300000 4204646.700000 27090.0
482198.400000 4204585.700000 27120.0
482272.900000 4204480.100000 27150.0
482177.900000 4204398.200000 27180.0
482170.000000 4204408.400000 27210.0
482187.100000 4204573.800000 27270.0
482429.000000 4204717.700000 27300.0
482438.900000 4204812.000000 27330.0
482448.700000 4204853.100000 27360.0
482592.700000 4204843.900000 27390.0
482667.400000 4204830.600000 27420.0
482705.100000 4204849.600000 27450.0
482706.700000 4204849.500000 27480.0
482754.100000 4204828.300000 27510.0
482767.400000 4204850.300000 27540.0
482808.700000 4204928.900000 27570.0
482907.500000 4205151.800000 27600.0
482860.300000 4205240.700000 27630.0
482820.700000 4205212.000000 27660.0
482778.400000 4205169.800000 27690.0
482655.500000 4205168.800000 27720.0
482636.900000 4205070.200000 27750.0
482763.200000 4205009.000000 27780.0
482818.700000 4205136.300000 27810.0
482922.400000 4205142.800000 27840.0
483003.100000 4205151.600000 27870.0
483017.300000 4205189.200000 27900.0
482930.600000 4205319.300000 27930.0
482814.300000 4205510.400000 27960.0
482804.600000 4205518.100000 27990.0
482667.600000 4205506.100000 28020.0
482619.300000 4205450.800000 28050.0
482415.900000 4205605.200000 28080.0
482329.800000 4205587.700000 28110.0
482368.900000 4205387.800000 28140.0
482390.900000 4205405.500000 28170.0
482514.100000 4205526.300000 28200.0
482609.100000 4205651.400000 28230.0
482719.900000 4205699.000000 28260.0
482618.600000 4205915.500000 28290.0
482508.500000 4206204.400000 28320.0
482466.400000 4206263.300000 28350.0
482358.300000 4206213.600000 28380.0
482399.300000 4206106.000000 28410.0
482526.600000 4206150.200000 28440.0
482488.200000 4206265.800000 28470.0
482462.900000 4206334.800000 28500.0
482462.900000 4206336.100000 28530.0
482456.700000 4206355.200000 28590.0
482391.300000 4206509.400000 28620.0
482363.500000 4206695.700000 28650.0
482339.500000 4206954.300000 28680.0
482417.800000 4207016.400000 28710.0
482504.800000 4207067.400000 28740.0
482774.200000 4207005.900000 28770.0
482904.200000 4207020.000000 28800.0
482947.800000 4207308.600000 28830.0
483036.100000 4207562.300000 28860.0
483043.100000 4207576.700000 28890.0
483128.300000 4207544.400000 28920.0
483271.400000 4207528.400000 28950.0
483283.900000 4207651.600000 28980.0
483370.900000 4207713.600000 29010.0
483342.800000 4207754.700000 29040.0
483271.000000 4207815.000000 29070.0
483369.300000 4207864.700000 29100.0
483385.100000 4207895.600000 29130.0
483388.700000 4207899.800000 29160.0
483410.800000 4207990.800000 32400.0
483524.900000 4207969.400000 32430.0
483569.700000 4208000.200000 32460.0
483672.700000 4208196.400000 32490.0
483816.200000 4208372.600000 32520.0
483988.700000 4208588.500000 32550.0
484108.800000 4208561.600000 32580.0
484270.900000 4208418.300000 32610.0
484456.600000 4208262.600000 32640.0
484685.300000 4208103.400000 32670.0
484958.500000 4208152.900000 32700.0
485195.600000 4208177.000000 32730.0
485451.400000 4207946.700000 32760.0
485569.800000 4207828.800000 32790.0
485570.600000 4207828.800000 32820.0
485551.400000 4207828.900000 33150.0
485404.200000 4208014.500000 33180.0
485200.000000 4208203.600000 33210.0
485280.200000 4208412.200000 33240.0
485356.700000 4208511.900000 33270.0
485292.700000 4208603.000000 33300.0
485105.100000 4208729.900000 33330.0
484907.900000 4208878.000000 33360.0
484760.700000 4209017.100000 33390.0
484643.300000 4209158.200000 33420.0
484752.300000 4209264.700000 33450.0
484836.600000 4209347.900000 33480.0
484914.900000 4209427.800000 33510.0
484937.700000 4209446.800000 33540.0
484965.100000 4209484.400000 33570.0
484953.900000 4209594.500000 33600.0
484831.700000 4209483.800000 33630.0
484780.700000 4209439.500000 33660.0
484747.100000 4209302.000000 33690.0
484885.900000 4209403.700000 33720.0
484943.900000 4209457.800000 33750.0
484961.500000 4209479.800000 33780.0
484966.900000 4209586.400000 33810.0
484888.900000 4209666.500000 33840.0
484774.700000 4209613.400000 33870.0
484681.400000 4209522.600000 33900.0
484568.100000 4209401.800000 33930.0
484405.600000 4209362.300000 33960.0
484359.100000 4209371.300000 33990.0
484323.000000 4209334.500000 34020.0
484246.600000 4209258.000000 34050.0
484134.100000 4209174.900000 34080.0
484023.200000 4209068.400000 34110.0
484136.200000 4208961.500000 34140.0
484138.500000 4208782.900000 34170.0
483975.700000 4208556.000000 34200.0
483839.300000 4208385.200000 34230.0
483698.500000 4208214.500000 34260.0
483593.700000 4208028.500000 34290.0
483528.400000 4207860.200000 34320.0
483364.100000 4207767.400000 34350.0
483289.600000 4207838.600000 34380.0
483391.500000 4207883.700000 34410.0
483395.000000 4207896.000000 34440.0
483406.500000 4207881.600000 51264.0
483418.700000 4207876.000000 51294.0
483492.300000 4207814.900000 51324.0
483369.300000 4207745.400000 51354.0
483564.900000 4207700.500000 51384.0
483496.900000 4207535.200000 51414.0
483529.300000 4207475.000000 51444.0
483489.600000 4207412.000000 51474.0
483808.700000 4206270.700000 55892.0
483500.400000 4206577.800000 55922.0
483384.700000 4206661.400000 55952.0
483369.400000 4206472.600000 55982.0
483498.100000 4206293.800000 56012.0
483614.600000 4206199.100000 56042.0
484112.000000 4205945.100000 56132.0
484042.300000 4205770.800000 56162.0
483820.600000 4205491.500000 56192.0
483665.900000 4205429.600000 56222.0
483593.900000 4205469.500000 56252.0
483455.300000 4205491.800000 56282.0
483272.700000 4205537.400000 56312.0
483287.300000 4205801.500000 56342.0
483330.900000 4206071.000000 56372.0
483374.800000 4206069.700000 56402.0
483370.100000 4206340.600000 56432.0
483398.900000 4206686.700000 56462.0
483486.100000 4206822.800000 56492.0
483647.800000 4206873.700000 56522.0
483710.100000 4206900.300000 56552.0
483748.800000 4206914.600000 56582.0
483837.600000 4206944.500000 56612.0
483929.000000 4206984.100000 56642.0
483957.900000 4206989.500000 56672.0
483979.000000 4206977.200000 56702.0
484023.600000 4206928.400000 56792.0
484161.500000 4206962.500000 56822.0
484198.300000 4206975.500000 56852.0
484201.900000 4206982.300000 56882.0
484202.000000 4207035.600000 56912.0
484208.200000 4207046.600000 56942.0
484203.900000 4207082.200000 57002.0
484147.900000 4207194.400000 57032.0
484213.300000 4207427.500000 57062.0
484108.400000 4207640.600000 57092.0
484064.700000 4207763.900000 57122.0
483805.600000 4207667.900000 57152.0
483597.500000 4207709.300000 57182.0
483391.300000 4207719.900000 57212.0
483293.200000 4207784.400000 57242.0
483326.000000 4207969.800000 57272.0
483132.100000 4208040.000000 57302.0
483015.700000 4208138.000000 57332.0
482951.000000 4208277.000000 57362.0
482873.000000 4208353.700000 57392.0
482978.000000 4208621.900000 57422.0
482546.500000 4208756.900000 57452.0
482409.700000 4208779.200000 57482.0
482202.500000 4208731.000000 57512.0
482078.800000 4208759.200000 57542.0
482036.300000 4208953.600000 57572.0
481895.200000 4209060.600000 57602.0
481893.500000 4209061.800000 57632.0
481620.100000 4209237.700000 57662.0
481492.700000 4209516.400000 57692.0
481544.300000 4209843.500000 57722.0
481307.700000 4210012.500000 57752.0
481280.400000 4210019.300000 57782.0
481277.700000 4210026.100000 57812.0
481544.100000 4209836.700000 57902.0
481487.100000 4209496.100000 57932.0
481435.900000 4209343.000000 57962.0
481758.300000 4209154.800000 57992.0
481864.300000 4209084.700000 58022.0
481905.400000 4209060.100000 58052.0
482027.200000 4208968.800000 58082.0
482043.500000 4208768.200000 58112.0
482064.300000 4208623.000000 58142.0
482179.100000 4208538.500000 58172.0
482241.300000 4208496.000000 58202.0
482275.400000 4208457.000000 58232.0
482357.800000 4208401.400000 58262.0
482623.800000 4208422.800000 58292.0
482834.600000 4208482.500000 58322.0
