479417.400000 4198894.800000 22814.0
479384.000000 4198884.700000 23114.0
479205.700000 4198890.600000 23144.0
479159.200000 4198936.000000 23174.0
479098.100000 4199090.300000 23204.0
478958.400000 4199102.900000 23234.0
478940.700000 4199080.900000 23264.0
478779.300000 4199197.700000 23294.0
478635.800000 4199460.900000 23324.0
478671.300000 4199551.900000 23354.0
477692.600000 4199940.400000 23474.0
477523.500000 4199830.000000 23504.0
477499.700000 4199815.700000 23534.0
477562.700000 4199762.200000 23774.0
477709.700000 4199498.900000 24464.0
477713.000000 4199436.700000 24884.0
477745.300000 4199332.500000 24914.0
477743.600000 4199330.400000 24944.0
477803.800000 4199150.400000 24974.0
477808.900000 4199133.800000 25004.0
477826.400000 4199094.900000 25034.0
477907.600000 4198877.100000 25064.0
477904.100000 4198877.100000 25094.0
477963.700000 4198779.200000 25154.0
477995.500000 4198518.400000 25184.0
477783.700000 4198163.000000 25214.0
477629.000000 4197859.500000 25244.0
477657.300000 4197909.400000 25274.0
477827.800000 4198236.100000 25304.0
477992.800000 4198523.000000 25334.0
478030.900000 4198665.100000 25364.0
477944.400000 4198861.700000 25394.0
477732.300000 4199360.500000 25484.0
477645.900000 4199583.800000 25514.0
477634.500000 4199603.700000 25544.0
477468.300000 4199862.800000 25664.0
477450.000000 4199892.900000 25694.0
477519.800000 4200061.100000 25754.0
477544.600000 4200104.200000 25784.0
477656.200000 4199802.100000 26474.0
477692.100000 4199755.500000 26504.0
477759.900000 4199777.300000 26534.0
478002.100000 4199690.300000 26564.0
478125.000000 4199634.500000 26594.0
478619.900000 4199411.500000 26714.0
478647.000000 4199329.300000 26744.0
478648.400000 4199196.000000 26774.0
478568.100000 4199080.600000 26804.0
478465.800000 4198922.200000 26834.0
478429.500000 4198825.800000 26864.0
478374.300000 4198839.000000 26894.0
478160.600000 4198779.500000 26924.0
478080.300000 4198648.900000 26954.0
478023.100000 4198619.000000 26984.0
478148.100000 4198381.200000 27014.0
478266.100000 4198118.900000 27044.0
478331.600000 4197973.600000 27074.0
478373.900000 4197977.700000 27104.0
478541.800000 4198057.300000 27134.0
478848.100000 4198198.700000 27164.0
479011.700000 4198272.800000 27194.0
479149.800000 4198346.900000 27224.0
479151.900000 4198505.600000 27254.0
479154.400000 4198806.100000 27284.0
479153.900000 4198947.100000 27314.0
479185.900000 4199071.400000 27344.0
479275.600000 4199101.200000 27374.0
479304.600000 4199112.200000 27404.0
479375.900000 4199133.200000 27434.0
479431.300000 4199167.300000 27524.0
479434.000000 4199174.100000 27554.0
479482.400000 4199245.100000 27584.0
479576.000000 4199394.700000 27614.0
479600.700000 4199424.600000 27644.0
479685.100000 4199479.900000 27674.0
479789.800000 4199531.700000 27704.0
479992.200000 4199616.700000 27734.0
479962.400000 4199668.800000 27764.0
479919.300000 4199642.300000 27794.0
480993.900000 4203447.700000 28784.0
480988.700000 4203455.300000 28814.0
480956.400000 4203505.300000 28844.0
480934.500000 4203541.000000 28874.0
480840.000000 4203694.400000 28904.0
480839.200000 4203693.100000 28934.0
480652.800000 4203996.600000 29024.0
480616.900000 4204052.100000 29054.0
480566.200000 4204126.700000 29084.0
480554.000000 4204147.900000 29114.0
480468.200000 4204267.900000 29144.0
480419.200000 4204348.000000 29174.0
480355.300000 4204446.800000 29204.0
480333.400000 4204482.400000 29234.0
480287.000000 4204562.500000 29264.0
480259.100000 4204664.600000 29294.0
480194.400000 4204771.400000 29324.0
480379.300000 4204970.700000 29354.0
481135.000000 4205606.000000 29564.0
481518.300000 4205788.400000 29594.0
481674.800000 4205921.300000 29624.0
481718.800000 4205972.500000 29654.0
482075.800000 4206220.100000 29684.0
482307.800000 4206338.100000 29714.0
482409.700000 4206379.000000 29744.0
482517.000000 4206421.100000 29774.0
482854.400000 4206602.400000 29804.0
483101.400000 4206742.800000 29834.0
483162.000000 4206767.200000 29864.0
483185.800000 4206772.700000 29894.0
483228.000000 4206785.700000 29924.0
483228.900000 4206789.100000 29954.0
483264.100000 4206801.300000 30014.0
483272.800000 4206800.000000 30044.0
483323.800000 4206886.200000 30134.0
483407.400000 4206971.600000 30164.0
483557.900000 4207141.000000 30194.0
483568.500000 4207160.000000 30224.0
483596.700000 4207208.600000 30254.0
483601.100000 4207217.500000 30284.0
483621.400000 4207258.500000 30344.0
483622.300000 4207260.600000 30374.0
483630.200000 4207285.200000 30404.0
483570.500000 4207327.600000 30434.0
483554.800000 4207336.500000 30464.0
483424.200000 4207407.900000 30494.0
483370.600000 4207432.600000 30524.0
483221.600000 4207516.200000 30614.0
483171.500000 4207495.200000 30644.0
483097.000000 4207536.400000 30674.0
483093.500000 4207550.800000 30704.0
483080.300000 4207563.100000 30734.0
483087.600000 4207687.500000 30764.0
483326.400000 4207748.000000 30794.0
483497.600000 4207810.700000 30824.0
483427.700000 4207894.200000 30854.0
483367.000000 4207864.300000 30884.0
483388.000000 4207842.200000 30914.0
483382.800000 4207835.500000 30944.0
483386.400000 4207876.500000 31034.0
483398.700000 4207885.400000 31064.0
483447.900000 4207875.100000 31484.0
483511.000000 4207866.100000 31514.0
483584.100000 4208041.200000 31544.0
483706.600000 4208241.600000 31574.0
483861.500000 4208438.900000 31604.0
484009.300000 4208632.900000 31634.0
484110.200000 4208567.100000 31664.0
484203.100000 4208484.800000 31694.0
484359.800000 4208348.200000 31724.0
484552.600000 4208196.800000 31754.0
484668.300000 4208124.600000 31784.0
484727.000000 4208108.800000 31814.0
484893.000000 4208145.400000 31844.0
485002.700000 4208173.100000 31874.0
485082.600000 4208192.000000 31904.0
485142.400000 4208205.000000 31934.0
485191.600000 4208204.900000 31964.0
485463.600000 4208175.700000 31994.0
485750.400000 4208127.300000 32024.0
486080.300000 4208089.900000 32054.0
486425.100000 4208033.900000 32084.0
486477.800000 4208020.700000 32114.0
486513.800000 4208005.000000 32144.0
486709.300000 4207871.300000 32174.0
486826.500000 4207570.700000 32204.0
486952.300000 4207220.000000 32234.0
487059.800000 4206919.300000 32264.0
487093.000000 4206832.900000 32294.0
487222.700000 4206691.800000 32324.0
487320.900000 4206586.200000 32354.0
487373.500000 4206549.300000 32384.0
487399.000000 4206533.600000 32414.0
487402.500000 4206535.700000 32444.0
487392.700000 4206511.200000 32474.0
487387.500000 4206500.200000 32504.0
487370.800000 4206492.600000 32624.0
487367.200000 4206474.900000 32654.0
487367.200000 4206464.700000 32684.0
487346.100000 4206438.100000 32714.0
487344.400000 4206429.200000 32744.0
487434.700000 4206374.900000 32834.0
487384.300000 4206150.600000 32864.0
487376.000000 4205859.000000 32894.0
487455.700000 4205757.700000 32924.0
487602.200000 4205631.000000 32954.0
487641.700000 4205593.200000 32984.0
487824.200000 4205493.100000 33014.0
487957.600000 4205429.800000 33044.0
488158.600000 4205293.200000 33074.0
488268.100000 4205222.000000 33104.0
488385.800000 4205135.500000 33134.0
488468.300000 4205098.500000 33164.0
488514.800000 4205079.400000 33194.0
488657.900000 4204984.800000 33224.0
488728.900000 4204872.600000 33254.0
488788.500000 4204765.800000 33284.0
488829.700000 4204729.800000 33314.0
488879.800000 4204805.100000 33344.0
488759.800000 4204952.900000 33374.0
488887.300000 4205141.500000 33404.0
488962.300000 4205317.900000 33434.0
488963.900000 4205328.100000 33464.0
488971.900000 4205372.500000 33494.0
489112.700000 4205603.000000 33524.0
489336.800000 4205789.000000 33554.0
489375.500000 4205815.600000 33584.0
489456.200000 4205804.500000 33614.0
489584.300000 4205795.400000 33644.0
489743.100000 4205715.200000 33674.0
489930.200000 4205706.100000 33704.0
490127.700000 4205663.500000 33734.0
490290.000000 4205514.800000 33764.0
490461.000000 4205366.000000 33794.0
490477.700000 4205346.100000 33824.0
490475.200000 4205349.100000 37343.0
490384.000000 4205438.900000 37403.0
490219.100000 4205587.700000 37433.0
490081.400000 4205685.600000 37463.0
489838.200000 4205681.700000 37493.0
489755.700000 4205707.200000 37523.0
489633.700000 4205811.400000 37553.0
489447.700000 4205808.300000 37583.0
489375.700000 4205787.200000 37613.0
489104.100000 4205570.000000 37643.0
488989.600000 4205325.100000 37673.0
488854.100000 4205053.600000 37703.0
488796.700000 4204864.000000 37733.0
488864.100000 4204706.500000 37763.0
488866.800000 4204703.100000 37793.0
488775.600000 4204781.100000 37823.0
488710.000000 4204915.300000 37853.0
488468.700000 4205078.600000 37883.0
488186.300000 4205264.400000 37913.0
487913.400000 4205444.700000 37943.0
487717.800000 4205543.600000 37973.0
487554.700000 4205672.500000 38003.0
487544.200000 4205671.300000 38033.0
487380.300000 4205828.100000 38063.0
487397.600000 4206190.800000 38093.0
487440.900000 4206356.200000 38123.0
487344.300000 4206391.900000 38153.0
487355.800000 4206422.000000 38183.0
487413.000000 4206534.900000 38213.0
487250.800000 4206652.800000 38243.0
487067.700000 4206918.500000 38273.0
486947.000000 4207250.500000 38303.0
486819.500000 4207607.900000 38333.0
486657.600000 4207929.000000 38363.0
486529.700000 4208003.700000 38393.0
486505.900000 4208018.100000 38423.0
486112.000000 4208087.800000 38453.0
485753.100000 4208129.400000 38483.0
485430.300000 4208187.600000 38513.0
485192.400000 4208210.000000 38543.0
484977.200000 4208161.700000 38573.0
484800.700000 4208118.900000 38603.0
484697.100000 4208110.200000 38633.0
484446.400000 4208279.100000 38663.0
484315.100000 4208391.500000 38693.0
484221.300000 4208471.700000 38723.0
484081.100000 4208576.100000 38753.0
484045.100000 4208607.000000 38783.0
483954.600000 4208531.900000 38813.0
483803.200000 4208345.900000 38843.0
483642.300000 4208134.200000 38873.0
483534.700000 4207919.000000 38903.0
483459.900000 4207865.800000 38933.0
483421.900000 4207875.200000 39253.0
483461.400000 4207871.700000 42283.0
483526.400000 4207883.900000 42313.0
483583.000000 4208039.100000 42343.0
483583.800000 4208037.000000 42373.0
483583.800000 4208039.100000 42403.0
483581.100000 4208042.500000 42463.0
483675.400000 4208225.600000 42493.0
483792.400000 4208376.400000 42523.0
483899.800000 4208509.500000 42553.0
483979.800000 4208611.400000 42583.0
484043.900000 4208605.800000 42613.0
484164.900000 4208504.400000 42643.0
484303.300000 4208391.900000 42673.0
484533.800000 4208206.100000 42703.0
484655.700000 4208129.300000 42733.0
484782.100000 4208134.600000 42763.0
484905.900000 4208162.300000 42793.0
485087.600000 4208203.000000 42823.0
485186.700000 4208215.100000 42853.0
485357.000000 4208204.600000 42883.0
485507.900000 4208182.300000 42913.0
485781.700000 4208134.000000 42943.0
486061.600000 4208103.500000 42973.0
486411.700000 4208044.100000 43003.0
486473.100000 4208031.700000 43033.0
486492.400000 4208022.800000 43063.0
486658.100000 4207939.200000 43093.0
486813.000000 4207629.500000 43123.0
487006.200000 4207092.100000 43153.0
487203.200000 4206710.000000 43183.0
487267.000000 4206533.400000 43213.0
487223.100000 4206473.400000 43243.0
487395.900000 4206395.200000 43273.0
487416.800000 4206276.700000 43303.0
487382.900000 4205878.500000 43333.0
487382.800000 4205835.300000 43363.0
487382.800000 4205833.200000 43393.0
487415.700000 4205553.400000 43423.0
487374.200000 4205332.500000 43453.0
487327.500000 4205219.500000 43483.0
487292.200000 4205143.000000 43513.0
487289.500000 4205121.000000 43543.0
487307.200000 4205188.700000 43573.0
487374.100000 4205349.400000 43603.0
487392.900000 4205645.700000 43633.0
487379.900000 4205782.000000 43663.0
487473.800000 4205734.000000 43693.0
487812.400000 4205493.900000 43723.0
488113.200000 4205319.100000 43753.0
488366.700000 4205135.500000 43783.0
488672.900000 4204964.100000 43813.0
488772.800000 4204787.400000 43843.0
488836.900000 4204717.500000 43873.0
488981.400000 4204508.700000 43903.0
488868.600000 4204192.600000 43933.0
488969.400000 4204039.300000 43963.0
489107.200000 4203994.700000 43993.0
489182.700000 4203946.700000 44023.0
489387.300000 4203927.400000 44053.0
489500.600000 4203940.400000 44083.0
489526.900000 4203952.600000 44113.0
489492.700000 4203937.000000 44143.0
489401.400000 4203916.000000 44173.0
489303.900000 4203919.500000 44203.0
489284.700000 4203928.000000 44280.0
488851.200000 4204147.000000 45150.0
488934.900000 4204408.800000 45180.0
488971.900000 4204483.300000 45210.0
490479.900000 4205349.100000 48291.0
490443.100000 4205379.200000 48561.0
490282.600000 4205522.400000 48591.0
490122.200000 4205684.700000 48621.0
489866.700000 4205690.500000 48651.0
489727.100000 4205731.700000 48681.0
489525.200000 4205803.100000 48711.0
489438.300000 4205804.500000 48741.0
489407.500000 4205804.500000 48771.0
489310.800000 4205741.600000 48801.0
489069.900000 4205533.200000 48831.0
488959.800000 4205235.800000 48861.0
488787.300000 4204991.800000 48891.0
488902.100000 4204791.900000 48921.0
488873.000000 4204718.700000 48951.0
488749.400000 4204851.000000 48981.0
488597.000000 4205039.900000 49011.0
488335.600000 4205172.400000 49041.0
488104.000000 4205328.000000 49071.0
487872.400000 4205470.600000 49101.0
487561.900000 4205664.000000 49131.0
487418.900000 4205779.800000 49161.0
487370.000000 4205990.600000 49191.0
487387.200000 4206252.600000 49221.0
487104.700000 4206365.200000 49251.0
487124.100000 4206477.300000 49281.0
487027.600000 4206520.700000 49311.0
486568.600000 4206624.700000 49341.0
486210.600000 4206696.400000 49371.0
485892.900000 4206741.300000 49401.0
485497.200000 4206939.700000 49431.0
485261.300000 4207012.100000 49461.0
485172.600000 4207036.800000 49491.0
484863.800000 4207089.400000 49521.0
484554.900000 4207090.000000 49551.0
484317.800000 4207078.100000 49581.0
484223.800000 4207069.400000 49611.0
484202.700000 4207061.900000 49641.0
484031.500000 4207038.900000 49671.0
483648.500000 4206907.600000 49701.0
483417.500000 4206841.600000 49731.0
483057.300000 4206719.200000 49761.0
482706.600000 4206511.200000 49791.0
482579.200000 4206448.400000 49821.0
482402.500000 4206368.800000 49851.0
482098.500000 4206267.500000 49881.0
481763.500000 4206047.300000 49911.0
481409.100000 4205777.200000 49941.0
481299.300000 4205733.000000 49971.0
481126.100000 4205642.400000 50001.0
481100.600000 4205623.400000 50031.0
480220.700000 4204845.400000 50181.0
479941.100000 4204660.700000 50211.0
479815.300000 4204594.600000 50241.0
479779.200000 4204568.000000 50271.0
479640.200000 4204432.000000 50301.0
479410.700000 4204266.300000 50331.0
479122.000000 4204040.600000 50361.0
479104.400000 4204030.400000 50391.0
478871.500000 4203906.600000 50421.0
478826.700000 4203908.000000 50451.0
478826.800000 4203932.500000 50481.0
478854.300000 4203995.500000 50511.0
478883.400000 4204045.400000 50541.0
478882.500000 4204042.000000 50571.0
478963.300000 4204072.700000 50601.0
478970.300000 4204040.500000 50631.0
479117.800000 4204012.200000 50661.0
479295.400000 4204092.600000 50691.0
479479.400000 4204295.300000 50721.0
479703.000000 4204474.600000 50751.0
480028.400000 4204670.200000 50781.0
480331.900000 4204908.200000 50811.0
480636.200000 4205122.900000 50841.0
480693.400000 4205171.500000 50871.0
481032.200000 4205468.200000 50961.0
481105.200000 4205537.900000 50991.0
481184.400000 4205603.300000 51021.0
481253.900000 4205644.200000 51051.0
481404.200000 4205709.500000 51081.0
481495.600000 4205754.600000 51111.0
481596.700000 4205823.300000 51141.0
481791.200000 4206008.300000 51171.0
482088.400000 4206201.900000 51201.0
482355.500000 4206290.200000 51231.0
482422.200000 4206329.000000 51261.0
482750.000000 4206492.500000 51291.0
483004.000000 4206647.300000 51321.0
483358.100000 4206793.100000 51351.0
483564.500000 4206858.200000 51381.0
483803.500000 4206937.800000 51411.0
484009.100000 4207015.200000 51441.0
484136.400000 4207050.600000 51471.0
484269.000000 4207061.300000 51501.0
484506.900000 4207076.500000 51531.0
484872.100000 4207084.700000 51561.0
485189.000000 4207023.200000 51591.0
485591.500000 4206878.200000 51621.0
485987.300000 4206733.100000 51651.0
486349.700000 4206673.700000 51681.0
486847.300000 4206558.600000 51711.0
486979.800000 4206490.700000 51741.0
487021.600000 4206215.500000 51771.0
487059.100000 4206106.700000 51801.0
487248.300000 4205884.600000 51831.0
487393.000000 4205792.100000 51861.0
487544.700000 4205678.900000 51891.0
487833.300000 4205484.200000 51921.0
488034.200000 4205369.600000 51951.0
488221.100000 4205241.900000 51981.0
488401.800000 4205106.200000 52011.0
488701.000000 4204917.000000 52041.0
488863.100000 4204693.800000 52071.0
488773.800000 4204881.400000 52101.0
488894.300000 4205117.400000 52131.0
488975.400000 4205341.600000 52161.0
489110.800000 4205582.300000 52191.0
489337.600000 4205782.600000 52221.0
489378.900000 4205804.600000 52251.0
489609.800000 4205775.500000 52281.0
489772.900000 4205672.000000 52311.0
490025.800000 4205707.300000 52341.0
490231.900000 4205550.400000 52371.0
490452.900000 4205368.100000 52401.0
490460.000000 4205378.300000 52431.0
490413.500000 4205417.300000 54471.0
490239.800000 4205574.100000 54501.0
490052.100000 4205720.800000 54531.0
490003.900000 4205719.600000 54561.0
489982.800000 4205715.300000 54591.0
489781.600000 4205687.700000 54621.0
489571.900000 4205804.300000 54651.0
489375.300000 4205803.300000 54681.0
489109.000000 4205579.300000 54711.0
488978.700000 4205313.300000 54741.0
488838.600000 4205037.100000 54771.0
488809.400000 4204867.400000 54801.0
488877.700000 4204722.100000 54831.0
488877.700000 4204718.700000 54861.0
488870.700000 4204705.600000 54891.0
488697.200000 4204946.700000 54921.0
488325.200000 4205174.500000 54951.0
487997.100000 4205401.400000 54981.0
487624.300000 4205609.300000 55011.0
487420.900000 4205778.100000 55041.0
487383.800000 4206127.800000 55071.0
487347.200000 4206268.800000 55101.0
487112.900000 4206401.200000 55131.0
486989.400000 4206533.400000 55161.0
486562.900000 4206628.500000 55191.0
486262.800000 4206689.100000 55221.0
485955.600000 4206732.800000 55251.0
485573.200000 4206893.000000 55281.0
485399.500000 4206974.100000 55311.0
485245.900000 4207014.200000 55341.0
485242.400000 4207015.500000 55371.0
484932.600000 4207087.200000 55401.0
484506.800000 4207087.900000 55431.0
484426.100000 4207082.600000 55461.0
484369.000000 4207079.300000 55491.0
484322.400000 4207076.000000 55521.0
484316.200000 4207073.900000 55551.0
484250.400000 4207063.900000 55581.0
483947.400000 4207009.000000 55611.0
483488.900000 4206863.500000 55641.0
483209.600000 4206781.900000 55671.0
483089.300000 4206734.300000 55701.0
483030.400000 4206702.300000 55731.0
482995.200000 4206684.600000 55761.0
482952.200000 4206658.000000 55791.0
482833.500000 4206582.900000 55821.0
482775.500000 4206550.900000 55851.0
482717.500000 4206520.100000 55881.0
482656.800000 4206486.800000 55911.0
482647.000000 4206481.300000 55941.0
482567.900000 4206437.000000 55971.0
482513.400000 4206405.000000 56001.0
482486.100000 4206387.300000 56031.0
482472.900000 4206381.800000 56061.0
482468.500000 4206380.500000 56091.0
482484.000000 4206285.300000 56151.0
482570.400000 4206037.500000 56181.0
482633.200000 4205868.900000 56211.0
482754.800000 4205642.200000 56241.0
482904.400000 4205338.000000 56271.0
482994.300000 4205079.200000 56301.0
482902.600000 4204883.000000 56331.0
482726.500000 4204687.000000 56361.0
482497.400000 4204709.500000 56391.0
482384.200000 4204688.500000 56421.0
482282.200000 4204634.600000 56451.0
481998.400000 4204478.600000 56481.0
481811.100000 4204402.400000 56511.0
481264.800000 4204338.000000 56571.0
481236.200000 4204162.900000 56601.0
481271.200000 4204076.400000 56631.0
481193.400000 4203807.000000 56661.0
481061.600000 4203732.000000 56691.0
480830.700000 4203786.700000 56721.0
480800.900000 4203791.000000 56751.0
479144.200000 4199080.800000 57651.0
479144.500000 4198884.400000 57681.0
479155.000000 4198529.300000 57711.0
479108.000000 4198361.000000 57741.0
479078.700000 4198251.000000 57771.0
478940.200000 4198037.200000 57801.0
478897.300000 4197755.400000 57831.0
478867.200000 4197653.500000 57861.0
478678.200000 4197645.100000 57891.0
478465.300000 4197561.400000 57921.0
478292.900000 4197522.900000 57951.0
478184.900000 4197575.300000 57981.0
478013.100000 4197785.200000 58011.0
477812.700000 4197726.900000 58041.0
477673.700000 4197668.500000 58071.0
477643.300000 4197822.600000 58101.0
477807.700000 4198193.000000 58131.0
477991.400000 4198501.000000 58161.0
478024.400000 4198682.900000 58191.0
477945.000000 4198879.500000 58221.0
478226.300000 4198919.800000 58251.0
478467.700000 4198815.900000 58281.0
478718.400000 4198942.700000 58311.0
478806.600000 4199054.600000 58341.0
478728.800000 4199266.900000 58371.0
478608.800000 4199375.900000 58401.0
478644.300000 4199495.600000 58431.0
477855.100000 4199735.200000 58551.0
477811.900000 4199690.000000 58581.0
477678.200000 4199642.500000 58611.0
477610.500000 4199623.700000 58641.0
480202.500000 4204776.500000 59541.0
480376.700000 4204962.300000 59571.0
480421.600000 4205003.200000 59601.0
480437.300000 4205015.500000 59631.0
480510.300000 4205059.700000 59661.0
480629.100000 4205152.600000 59691.0
480954.700000 4205449.400000 59781.0
481097.100000 4205585.300000 59811.0
481226.500000 4205680.200000 59841.0
481396.100000 4205748.900000 59871.0
481608.900000 4205863.900000 59901.0
481775.200000 4206026.500000 59931.0
482078.500000 4206237.900000 59961.0
482208.600000 4206299.800000 59991.0
482293.900000 4206324.200000 60021.0
482481.900000 4206388.100000 60051.0
482753.500000 4206519.600000 60081.0
482877.300000 4206591.300000 60111.0
482941.500000 4206628.800000 60141.0
483063.800000 4206703.900000 60171.0
483113.900000 4206732.600000 60201.0
483142.000000 4206745.700000 60231.0
483269.400000 4206790.700000 60261.0
483471.400000 4206847.000000 60321.0
483685.700000 4206913.000000 60351.0
484011.600000 4207023.300000 60381.0
484484.100000 4207120.100000 60411.0
484905.500000 4207116.000000 60441.0
485330.200000 4207005.200000 60471.0
485716.200000 4206814.900000 60501.0
486066.300000 4206730.900000 60531.0
486434.100000 4206667.200000 60561.0
486940.400000 4206548.700000 60591.0
487005.800000 4206287.900000 60621.0
487097.600000 4206019.400000 60651.0
487350.200000 4205828.100000 60681.0
487478.100000 4205740.300000 60711.0
487881.700000 4205466.700000 60741.0
488227.300000 4205245.300000 60771.0
488532.700000 4205062.900000 60801.0
488802.700000 4204746.300000 60831.0
488866.800000 4204697.600000 60861.0
488773.100000 4204913.100000 60891.0
488926.200000 4205178.300000 60921.0
489044.400000 4205517.600000 60951.0
489243.900000 4205703.600000 60981.0
489368.600000 4205794.400000 61011.0
489428.400000 4205806.600000 61041.0
489701.400000 4205709.800000 61071.0
489801.500000 4205669.900000 61101.0
490123.700000 4205659.300000 61131.0
490417.500000 4205390.600000 61161.0
490482.400000 4205362.600000 61191.0
490488.600000 4205366.000000 61221.0
490409.600000 4205413.900000 61431.0
490210.500000 4205596.100000 61461.0
490010.600000 4205710.700000 61491.0
489827.800000 4205687.600000 61521.0
489633.000000 4205785.600000 61551.0
489424.100000 4205807.000000 61581.0
489212.200000 4205663.000000 61611.0
489015.400000 4205456.700000 61641.0
488957.100000 4205218.100000 61671.0
488789.100000 4204982.100000 61701.0
488915.300000 4204776.700000 61731.0
488875.700000 4204712.400000 61761.0
488873.000000 4204712.400000 61791.0
488809.900000 4204750.100000 61821.0
488596.100000 4205042.100000 61851.0
488230.300000 4205247.800000 61881.0
487985.600000 4205412.400000 61911.0
487718.800000 4205544.900000 61941.0
487474.100000 4205742.900000 61971.0
487375.400000 4206034.700000 62001.0
487360.900000 4206259.000000 62031.0
487111.700000 4206362.700000 62061.0
487116.300000 4206489.200000 62091.0
486720.400000 4206589.700000 62121.0
486337.000000 4206669.100000 62151.0
485961.300000 4206727.300000 62181.0
485564.800000 4206893.400000 62211.0
485456.100000 4206950.300000 62241.0
485413.000000 4206963.500000 62271.0
485277.000000 4206999.300000 62301.0
485272.600000 4207000.600000 62331.0
485100.600000 4207045.400000 62361.0
484595.000000 4207083.100000 62391.0
484374.700000 4207069.100000 62421.0
484196.500000 4207053.800000 62451.0
483892.600000 4206979.900000 62481.0
483715.200000 4206921.400000 62511.0
483399.100000 4206827.700000 62541.0
483284.800000 4206797.000000 62571.0
482826.900000 4206564.700000 62601.0
482500.000000 4206403.300000 62631.0
482208.300000 4206307.400000 62661.0
481926.200000 4206182.800000 62691.0
481858.500000 4206131.700000 62721.0
481842.700000 4206115.200000 62751.0
481789.800000 4206056.500000 62781.0
481717.600000 4205986.800000 62811.0
481716.000000 4205982.600000 62841.0
481788.500000 4205847.000000 62901.0
481997.000000 4205631.100000 62931.0
482243.100000 4205377.500000 62961.0
482326.000000 4205120.800000 62991.0
482269.200000 4204887.700000 63021.0
482211.900000 4204772.300000 63051.0
482242.400000 4204649.100000 63081.0
481989.100000 4204466.300000 63111.0
481722.000000 4204384.800000 63141.0
481290.800000 4204370.100000 63171.0
481243.800000 4204176.000000 63201.0
481351.200000 4203911.600000 63261.0
481074.200000 4203740.400000 63291.0
479728.000000 4199464.100000 63921.0
479493.600000 4199234.900000 63951.0
479219.900000 4199087.000000 63981.0
479013.400000 4199078.600000 64011.0
478861.300000 4199033.700000 64041.0
478756.400000 4199243.500000 64071.0
478638.000000 4199340.300000 64101.0
478662.300000 4199510.000000 64131.0
478675.600000 4199534.500000 64161.0
478346.900000 4199205.600000 64311.0
478361.300000 4199019.400000 64341.0
478354.900000 4198950.400000 64371.0
477992.800000 4198906.900000 64401.0
477909.300000 4198877.100000 64431.0
478016.800000 4198660.500000 64461.0
478148.800000 4198371.500000 64491.0
478303.400000 4198029.500000 64521.0
478328.800000 4197974.000000 64551.0
478385.600000 4197860.900000 64581.0
478386.500000 4197557.000000 64611.0
478382.000000 4197496.000000 64641.0
478357.000000 4197056.800000 64671.0
478333.200000 4196664.100000 64701.0
478312.800000 4196612.000000 64731.0
478312.800000 4196613.300000 64761.0
478448.500000 4196770.400000 64791.0
478648.500000 4196992.900000 64821.0
478716.200000 4196980.500000 64851.0
478725.900000 4196969.500000 64881.0
478755.600000 4197233.500000 64911.0
478672.800000 4197177.000000 64941.0
478679.300000 4197287.000000 64971.0
478722.100000 4197487.500000 65001.0
478770.500000 4197555.100000 65031.0
478818.400000 4197724.700000 65061.0
478859.300000 4197942.200000 65091.0
478949.500000 4198132.800000 65121.0
479101.000000 4198250.100000 65151.0
479164.400000 4198347.700000 65181.0
479157.900000 4198565.300000 65211.0
479156.900000 4198815.000000 65241.0
479226.500000 4198882.500000 65271.0
479394.200000 4198884.200000 65301.0
479426.700000 4198882.000000 65331.0
