478257.700000 4209008.800000 19069.0
478322.600000 4209007.400000 19159.0
478401.600000 4208991.500000 19189.0
478660.800000 4209087.400000 19219.0
478830.400000 4209152.500000 19249.0
479066.600000 4209244.200000 19279.0
479301.100000 4209292.300000 19309.0
479507.500000 4209388.300000 19339.0
479707.600000 4209423.300000 19369.0
479757.700000 4209410.900000 19399.0
479760.400000 4209423.200000 19429.0
479938.100000 4209294.100000 19459.0
480158.000000 4209114.900000 19489.0
480285.000000 4209014.700000 19519.0
480475.900000 4208864.400000 19549.0
480608.300000 4208764.200000 19579.0
480864.100000 4208566.000000 19609.0
481129.600000 4208362.200000 19639.0
481341.400000 4208054.400000 19669.0
481276.600000 4207761.700000 19699.0
481132.900000 4207508.900000 19729.0
481018.300000 4207347.100000 19759.0
480790.200000 4207024.700000 19789.0
480557.700000 4206698.900000 19819.0
480315.500000 4206372.300000 19849.0
480105.700000 4206049.800000 19879.0
479892.400000 4205715.100000 19909.0
479603.500000 4205375.100000 19939.0
479439.200000 4204960.800000 19969.0
479309.300000 4204634.700000 19999.0
479300.500000 4204604.700000 20029.0
479245.800000 4204512.600000 20059.0
479008.900000 4204214.800000 20089.0
478827.400000 4203979.900000 20119.0
478602.800000 4203718.500000 20149.0
478536.900000 4203674.200000 20179.0
478418.000000 4203567.900000 20209.0
478119.400000 4203201.300000 20239.0
478085.900000 4203165.800000 20269.0
477854.400000 4202948.100000 20299.0
477854.400000 4202945.900000 20329.0
477880.400000 4202851.500000 20389.0
477888.200000 4202819.300000 20419.0
477937.200000 4202724.800000 20449.0
478092.900000 4202503.400000 20479.0
478120.400000 4202265.900000 20509.0
478119.600000 4202264.600000 20539.0
478135.200000 4202224.800000 21079.0
478157.000000 4202173.500000 21109.0
478157.800000 4202172.300000 21139.0
478153.400000 4202134.600000 21169.0
478216.000000 4201916.900000 21199.0
478249.500000 4201975.600000 21229.0
478286.400000 4202000.900000 21289.0
478309.600000 4202177.400000 21319.0
478329.100000 4202249.300000 21349.0
478559.700000 4202396.400000 21379.0
478574.600000 4202408.600000 21409.0
478754.400000 4202627.800000 21439.0
478764.200000 4202646.800000 21469.0
478763.400000 4202653.600000 21499.0
478833.100000 4202788.900000 21709.0
478866.600000 4202856.500000 21739.0
478868.300000 4202860.700000 21769.0
478894.700000 4202922.900000 21799.0
478955.700000 4203056.900000 21829.0
478986.700000 4203119.100000 21859.0
479044.100000 4203246.300000 21889.0
479044.200000 4203249.700000 21919.0
478933.700000 4203339.700000 21949.0
478880.100000 4203348.700000 21979.0
478843.100000 4203281.100000 22009.0
478812.900000 4203165.600000 22039.0
478760.900000 4203057.000000 22069.0
478756.400000 4203014.700000 22099.0
478852.900000 4202944.600000 22129.0
478856.400000 4202944.600000 22159.0
478974.900000 4202890.900000 22189.0
479105.600000 4202835.200000 22219.0
479136.400000 4202824.900000 22249.0
479247.000000 4202776.800000 22279.0
479288.100000 4202754.700000 22309.0
479412.500000 4202627.800000 22339.0
479602.900000 4202539.800000 22369.0
479681.000000 4202511.600000 22399.0
479783.600000 4202469.100000 22429.0
479795.000000 4202453.400000 22459.0
479917.000000 4202410.700000 22489.0
479968.700000 4202364.100000 22519.0
479913.900000 4202236.800000 22549.0
479838.200000 4202159.100000 22579.0
479748.600000 4202208.000000 22609.0
479695.200000 4202290.200000 22639.0
479716.600000 4202404.500000 22669.0
479660.400000 4202438.900000 22699.0
479701.000000 4202515.400000 22729.0
479730.900000 4202564.000000 22759.0
479695.200000 4202667.400000 22789.0
479510.900000 4202738.900000 22819.0
479431.100000 4202782.300000 22849.0
479415.400000 4202780.200000 22879.0
479410.200000 4202780.200000 22909.0
479429.600000 4202840.300000 22939.0
479473.600000 4202911.300000 22969.0
479502.100000 4203038.600000 22999.0
479567.300000 4203116.300000 23029.0
479642.100000 4203148.300000 23059.0
479693.200000 4203233.700000 23089.0
479762.700000 4203296.600000 23119.0
479758.500000 4203333.400000 23149.0
479734.800000 4203375.800000 23239.0
479696.200000 4203438.100000 23269.0
479690.300000 4203527.000000 23299.0
479628.200000 4203612.600000 23329.0
479595.800000 4203655.900000 23359.0
479583.600000 4203669.000000 23389.0
479552.000000 4203710.200000 23419.0
479518.800000 4203754.700000 23449.0
479504.800000 4203769.100000 23479.0
479462.700000 4203826.800000 23509.0
479424.100000 4203881.100000 23539.0
479435.700000 4203953.000000 23569.0
479541.300000 4204069.100000 23599.0
479478.400000 4204153.500000 23629.0
479429.400000 4204226.900000 23659.0
479456.800000 4204276.700000 23689.0
479528.900000 4204328.600000 23719.0
479584.300000 4204372.900000 23749.0
479829.000000 4204588.600000 23779.0
480144.700000 4204763.100000 23809.0
480464.000000 4205036.100000 23839.0
480464.000000 4205034.900000 23869.0
480599.400000 4205135.700000 23899.0
480858.000000 4205373.800000 23929.0
480998.000000 4205515.700000 23959.0
481384.900000 4205742.100000 23989.0
481566.800000 4205840.300000 24019.0
481814.000000 4206071.700000 24049.0
482099.700000 4206242.900000 24079.0
482491.500000 4206387.300000 24109.0
482828.000000 4206560.900000 24139.0
482896.600000 4206603.100000 24169.0
483220.000000 4206770.900000 24199.0
483235.700000 4206774.300000 24229.0
483252.400000 4206776.300000 24259.0
483323.800000 4206871.400000 24289.0
483455.700000 4207027.800000 24319.0
483623.800000 4207251.800000 24349.0
483630.800000 4207262.700000 24379.0
483634.300000 4207264.900000 24409.0
483504.600000 4207357.400000 24439.0
483201.200000 4207511.200000 24469.0
483073.300000 4207577.100000 24499.0
483070.600000 4207577.100000 24529.0
483055.700000 4207591.500000 24559.0
483266.600000 4207723.100000 24589.0
483472.100000 4207788.300000 24619.0
483477.300000 4207792.500000 24649.0
483415.200000 4207873.500000 24679.0
483407.400000 4207885.800000 24709.0
483403.000000 4207884.500000 24739.0
483418.700000 4207872.200000 24829.0
483505.600000 4207855.500000 24859.0
483507.300000 4207854.300000 24889.0
483499.300000 4207818.700000 24919.0
483727.600000 4207851.700000 24949.0
484172.800000 4207980.800000 24979.0
484630.300000 4208065.400000 25009.0
485047.400000 4208174.700000 25039.0
485144.100000 4208238.900000 25069.0
485217.900000 4208298.800000 25099.0
485358.200000 4208212.200000 25129.0
485572.200000 4208149.600000 25159.0
485954.800000 4208092.300000 25189.0
486321.600000 4208040.400000 25219.0
486377.900000 4208030.200000 25249.0
486450.700000 4208017.800000 25279.0
486454.900000 4207945.800000 25309.0
486324.600000 4207674.300000 25339.0
486263.700000 4207522.500000 25369.0
486239.800000 4207473.800000 25399.0
486210.800000 4207399.400000 25429.0
486216.700000 4207257.200000 25459.0
486253.300000 4207082.700000 25489.0
486436.700000 4207043.500000 25519.0
486614.800000 4207024.100000 25549.0
486595.300000 4206886.600000 25579.0
486673.500000 4206885.200000 25609.0
486948.200000 4206856.900000 25639.0
487070.300000 4206846.500000 25669.0
487131.600000 4206757.500000 25699.0
487299.000000 4206618.400000 25729.0
487329.700000 4206565.100000 25759.0
487380.500000 4206506.200000 25879.0
487369.100000 4206470.600000 25909.0
487352.300000 4206435.100000 26089.0
487347.100000 4206422.800000 26119.0
487365.400000 4206387.200000 26269.0
487391.700000 4206377.000000 26299.0
487609.300000 4206335.700000 26329.0
487932.200000 4206260.700000 26359.0
488366.600000 4206149.200000 26389.0
488565.800000 4206103.600000 26419.0
488872.900000 4206004.600000 26449.0
489127.400000 4205950.900000 26479.0
489205.600000 4205954.200000 26509.0
489281.100000 4205954.100000 26539.0
489373.400000 4205952.700000 26569.0
489616.500000 4205920.200000 26599.0
489737.500000 4205753.700000 26629.0
489762.900000 4205684.700000 26659.0
489781.300000 4205683.400000 26689.0
490025.500000 4205716.600000 26719.0
490198.300000 4205591.900000 26749.0
490438.700000 4205370.700000 26779.0
490354.400000 4205305.200000 26809.0
490386.900000 4205324.200000 26839.0
490413.200000 4205348.700000 26869.0
490415.900000 4205347.500000 26899.0
490423.000000 4205392.700000 28579.0
490211.500000 4205586.000000 28609.0
490057.100000 4205708.100000 28639.0
489775.300000 4205686.400000 28669.0
489580.500000 4205797.500000 28699.0
489385.600000 4205810.100000 28729.0
489384.800000 4205875.700000 28759.0
489384.000000 4205888.800000 28789.0
489382.400000 4205915.400000 28819.0
489382.400000 4205919.700000 28849.0
489303.400000 4205940.900000 28879.0
489099.700000 4205941.200000 28909.0
488870.700000 4205999.100000 28939.0
488612.800000 4206094.700000 28969.0
488278.400000 4206176.000000 28999.0
488071.300000 4206224.100000 29029.0
487736.000000 4206319.000000 29059.0
487614.900000 4206363.600000 29089.0
487649.400000 4206618.800000 29119.0
487628.800000 4206902.800000 29149.0
487593.200000 4207171.200000 29179.0
487599.000000 4207600.400000 29209.0
487596.500000 4207727.800000 29239.0
487584.400000 4207834.400000 29269.0
487530.500000 4208154.100000 29299.0
487526.200000 4208166.400000 29329.0
487526.200000 4208167.600000 29359.0
487245.400000 4208264.600000 29389.0
486872.600000 4208384.900000 29419.0
486733.100000 4208439.300000 29449.0
486643.400000 4208344.200000 29479.0
486514.900000 4208051.500000 29509.0
486511.300000 4208047.300000 29539.0
486223.400000 4208072.300000 29569.0
485789.100000 4208133.200000 29599.0
485576.700000 4208163.600000 29629.0
485333.900000 4208289.300000 29659.0
485308.500000 4208319.400000 29689.0
485120.500000 4208236.400000 29719.0
484763.000000 4208115.100000 29749.0
484651.600000 4208134.400000 29779.0
484425.400000 4208295.600000 29809.0
484263.200000 4208429.300000 29839.0
484131.900000 4208543.800000 29869.0
484028.400000 4208635.000000 29899.0
483857.800000 4208428.800000 29929.0
483671.300000 4208191.700000 29959.0
483641.500000 4208158.300000 29989.0
483638.800000 4208162.600000 30019.0
483579.800000 4208056.000000 30079.0
483572.800000 4208045.900000 30109.0
483572.800000 4208035.700000 30139.0
483503.000000 4207836.100000 30229.0
483500.300000 4207818.300000 30259.0
483368.700000 4207777.500000 30289.0
483241.400000 4207753.200000 30319.0
483257.200000 4207801.000000 30349.0
483321.500000 4207875.400000 30379.0
483370.700000 4207873.200000 30409.0
483381.300000 4207905.300000 30439.0
483382.100000 4207905.300000 31999.0
483354.200000 4207994.300000 32029.0
483380.000000 4208171.500000 32059.0
483449.600000 4208315.700000 32089.0
483344.500000 4208430.200000 32119.0
483306.000000 4208481.500000 32149.0
483223.600000 4208579.500000 32179.0
483081.900000 4208747.400000 32209.0
483060.000000 4208759.700000 32239.0
482997.400000 4208644.300000 32269.0
482705.300000 4208716.000000 32299.0
482472.900000 4208780.800000 32329.0
482441.300000 4208791.000000 32359.0
482416.700000 4208791.100000 32389.0
482170.000000 4208729.400000 32419.0
482093.700000 4208735.100000 32449.0
482115.900000 4208865.800000 32479.0
482048.500000 4208953.600000 32509.0
481909.100000 4209055.900000 32539.0
481617.200000 4209238.500000 32569.0
481152.300000 4209361.500000 32599.0
481028.800000 4209413.000000 32629.0
480995.500000 4209427.400000 32659.0
480894.700000 4209468.700000 32689.0
480876.300000 4209477.600000 32719.0
480807.900000 4209507.900000 32749.0
480777.100000 4209521.100000 32779.0
480763.900000 4209526.600000 32809.0
480732.300000 4209538.900000 32839.0
480710.400000 4209550.000000 32869.0
480709.600000 4209550.000000 32899.0
480686.800000 4209560.200000 32929.0
480639.500000 4209590.400000 32959.0
480596.000000 4209720.400000 32989.0
480573.300000 4209763.600000 33019.0
480549.600000 4209793.700000 33049.0
480476.100000 4209861.600000 33169.0
480335.100000 4209970.700000 33199.0
480323.800000 4209980.900000 33229.0
480318.600000 4209985.200000 33259.0
480268.700000 4210042.900000 33349.0
480303.000000 4210097.000000 33379.0
480618.000000 4210452.200000 33409.0
480784.400000 4210724.800000 33439.0
480932.900000 4210790.900000 33469.0
481161.300000 4210927.900000 33499.0
481164.200000 4211025.700000 33529.0
481068.800000 4211111.400000 33559.0
481132.200000 4211213.300000 33589.0
480951.700000 4211323.700000 33619.0
480655.600000 4211506.400000 33649.0
480458.000000 4211803.200000 33679.0
480326.900000 4211995.600000 33709.0
480220.300000 4212204.600000 33739.0
480118.100000 4212351.200000 33769.0
480009.400000 4212361.700000 33799.0
479917.200000 4212377.600000 33829.0
479623.500000 4212417.200000 33859.0
479371.700000 4212430.100000 33889.0
479196.300000 4212470.400000 33919.0
479084.900000 4212497.300000 33949.0
478944.300000 4212412.200000 33979.0
478829.600000 4212478.900000 34009.0
478741.100000 4212564.600000 34039.0
478660.600000 4212601.700000 34069.0
478710.000000 4212702.700000 34099.0
478783.100000 4212816.800000 34129.0
478794.600000 4212879.000000 34159.0
478812.800000 4213112.100000 34189.0
478811.700000 4213349.600000 34219.0
478825.400000 4213530.300000 34249.0
478860.600000 4213555.600000 34279.0
478856.300000 4213570.000000 34309.0
478914.900000 4213534.300000 35479.0
478910.300000 4213425.500000 35509.0
478812.600000 4213282.700000 35539.0
478805.000000 4213416.900000 35569.0
478778.300000 4213241.800000 35599.0
478544.500000 4213072.600000 35629.0
478078.800000 4212808.500000 35659.0
477915.400000 4212381.800000 35689.0
478375.600000 4212226.600000 35719.0
478957.200000 4212196.300000 35749.0
479505.900000 4212032.800000 35779.0
480031.600000 4211744.100000 35809.0
480509.900000 4211389.100000 35839.0
480795.800000 4211001.100000 35869.0
480620.100000 4210492.400000 35899.0
480497.700000 4210337.300000 35929.0
480483.600000 4210318.300000 35959.0
480458.900000 4210286.200000 35989.0
480439.600000 4210265.100000 36019.0
480435.200000 4210257.500000 36049.0
480418.400000 4210236.400000 36079.0
480400.000000 4210214.400000 36109.0
480400.000000 4210213.100000 36139.0
480374.500000 4210185.200000 36169.0
480334.900000 4210144.300000 36199.0
480334.000000 4210143.000000 36229.0
480312.900000 4210119.800000 36289.0
480311.200000 4210117.700000 36319.0
480285.700000 4210089.800000 36379.0
480284.900000 4210088.500000 36409.0
480262.100000 4210066.600000 36499.0
480262.000000 4210065.300000 36529.0
480311.000000 4209970.800000 36589.0
480606.800000 4209608.200000 36619.0
480874.100000 4209470.000000 36649.0
481411.800000 4209343.500000 36679.0
481781.500000 4209133.200000 36709.0
482004.200000 4208979.500000 36739.0
482056.500000 4208809.600000 36769.0
482057.800000 4208626.400000 36799.0
482191.000000 4208531.700000 36829.0
482310.900000 4208398.100000 36859.0
482619.000000 4208410.600000 36889.0
482842.100000 4208471.000000 36919.0
482836.600000 4208342.400000 36949.0
482846.200000 4208285.700000 36979.0
483010.100000 4208210.000000 37009.0
483099.400000 4208053.200000 37039.0
483173.800000 4207945.500000 37069.0
483305.300000 4207891.100000 37099.0
483362.400000 4207899.900000 37129.0
483374.600000 4207914.200000 37159.0
483404.600000 4207983.200000 42229.0
483336.900000 4207979.100000 42259.0
483221.900000 4207970.400000 42289.0
483111.700000 4207720.900000 42319.0
483050.200000 4207691.000000 42349.0
482914.000000 4207652.300000 42379.0
482470.500000 4207533.500000 42409.0
482012.200000 4207503.600000 42439.0
481985.900000 4207513.800000 42469.0
481950.800000 4207538.400000 42499.0
481796.800000 4207772.000000 42529.0
481614.700000 4208027.600000 42559.0
481453.400000 4208154.500000 42589.0
481451.800000 4208154.500000 42619.0
481298.300000 4208263.600000 42649.0
480950.600000 4208539.500000 42679.0
480750.900000 4208694.100000 42709.0
480428.500000 4208922.100000 42739.0
480392.600000 4208946.800000 42769.0
480157.800000 4209121.700000 42799.0
479821.500000 4209374.400000 42829.0
479818.800000 4209377.700000 42859.0
479807.500000 4209382.000000 42919.0
479544.500000 4209168.500000 42949.0
479176.700000 4208825.300000 42979.0
478880.700000 4208402.400000 43009.0
478613.500000 4207978.100000 43039.0
478509.500000 4207812.900000 43069.0
478488.300000 4207777.400000 43099.0
478460.000000 4207719.900000 43129.0
478459.200000 4207718.600000 43159.0
478423.000000 4207640.000000 43189.0
478374.400000 4207510.200000 43219.0
478329.400000 4207401.500000 43249.0
478281.700000 4207280.600000 43279.0
478182.800000 4207030.300000 43309.0
478181.900000 4207026.100000 43339.0
478070.500000 4207042.900000 43369.0
477778.300000 4207118.200000 43399.0
477394.300000 4207267.800000 43429.0
477141.600000 4207304.000000 43459.0
477140.800000 4207304.000000 43489.0
476990.700000 4207322.200000 43519.0
476763.300000 4207329.600000 43549.0
476701.000000 4207307.800000 43579.0
476643.000000 4207305.900000 43609.0
476642.200000 4207305.900000 43639.0
476622.900000 4207288.100000 43669.0
476617.600000 4207241.600000 43699.0
476618.800000 4207097.300000 43729.0
476608.600000 4206928.800000 43759.0
476605.000000 4206889.900000 43789.0
476589.000000 4206792.200000 43819.0
476594.100000 4206774.400000 43849.0
476590.400000 4206694.400000 43879.0
476592.900000 4206645.700000 43909.0
476582.200000 4206576.800000 43939.0
476577.700000 4206537.000000 43969.0
476576.500000 4206417.200000 43999.0
476583.600000 4206413.800000 44029.0
476566.300000 4206216.200000 44059.0
476520.900000 4205984.400000 44089.0
476510.200000 4205932.300000 44119.0
476463.900000 4205738.200000 44149.0
476460.200000 4205684.000000 44179.0
476455.800000 4205647.200000 44209.0
476434.400000 4205533.000000 44239.0
476424.500000 4205483.100000 44269.0
476423.700000 4205478.900000 44299.0
476369.200000 4205474.800000 44359.0
476328.900000 4205483.800000 44389.0
476357.300000 4205583.600000 44419.0
476380.100000 4205582.300000 44449.0
476456.400000 4205571.000000 44479.0
476469.700000 4205590.900000 44509.0
476497.100000 4205618.700000 44539.0
476513.900000 4205634.400000 44569.0
476556.300000 4205725.200000 44599.0
476579.400000 4205843.700000 44629.0
476615.900000 4206001.000000 44659.0
476649.100000 4206250.700000 44689.0
476691.600000 4206371.600000 44719.0
476811.000000 4206369.100000 44749.0
476850.200000 4206552.300000 44779.0
476987.300000 4206618.400000 44809.0
477294.700000 4206670.800000 44839.0
477465.900000 4206674.600000 44869.0
477516.500000 4206883.100000 44899.0
477637.900000 4206953.900000 44929.0
477732.800000 4206976.900000 44959.0
477804.200000 4207097.800000 44989.0
477805.900000 4207101.200000 45019.0
477968.800000 4207266.200000 45079.0
478160.500000 4207407.900000 45109.0
478362.600000 4207451.800000 45139.0
478423.600000 4207615.900000 45169.0
478597.400000 4207936.300000 45199.0
478898.700000 4208405.700000 45229.0
479217.700000 4208892.100000 45259.0
479684.600000 4209228.200000 45289.0
479961.100000 4209220.800000 45319.0
480321.200000 4208978.200000 45349.0
480571.700000 4208790.100000 45379.0
480783.700000 4208630.900000 45409.0
481013.300000 4208455.200000 45439.0
481120.300000 4208377.000000 45469.0
481319.200000 4208224.600000 45499.0
481320.800000 4208224.600000 45529.0
481543.500000 4208068.800000 45559.0
481671.300000 4207959.700000 45589.0
481721.300000 4207930.800000 45619.0
481938.900000 4207909.200000 45649.0
481989.100000 4207991.200000 45679.0
481989.100000 4207991.200000 45709.0
482025.900000 4207984.400000 45739.0
482027.600000 4207983.100000 45769.0
482064.400000 4207964.000000 45799.0
482103.900000 4207944.000000 45829.0
482114.400000 4207941.800000 45859.0
482234.500000 4207888.200000 45889.0
482382.700000 4207829.100000 45919.0
482577.400000 4207758.800000 45949.0
482816.800000 4207683.800000 45979.0
482925.700000 4207719.200000 46009.0
483021.000000 4207948.800000 46039.0
483182.500000 4207938.300000 46069.0
483310.600000 4207934.700000 46099.0
483451.100000 4207975.400000 46129.0
483452.800000 4207977.600000 46159.0
483443.000000 4207925.500000 46219.0
483384.900000 4207882.500000 46249.0
