475832.400000 4210496.600000 21639.0
475864.900000 4210509.600000 21729.0
475922.600000 4210434.100000 21759.0
475911.800000 4210364.300000 21789.0
475781.900000 4210073.100000 21819.0
475631.700000 4209717.500000 21849.0
475544.900000 4209463.900000 21879.0
475407.100000 4209155.700000 21909.0
475231.500000 4208812.100000 21939.0
475107.200000 4208640.700000 21969.0
475073.900000 4208640.800000 21999.0
475077.100000 4208533.200000 22029.0
475076.900000 4208190.400000 22059.0
475075.900000 4207854.300000 22089.0
475083.200000 4207677.800000 22119.0
475113.700000 4207295.100000 22149.0
475216.500000 4206998.500000 22179.0
475348.100000 4206671.800000 22209.0
475452.400000 4206336.300000 22239.0
475415.400000 4206011.300000 22269.0
475417.000000 4205960.100000 22299.0
475435.200000 4205888.900000 22329.0
475457.600000 4205792.400000 22359.0
475457.300000 4205680.200000 22389.0
475467.200000 4205474.900000 22419.0
475465.300000 4205391.500000 22449.0
475460.700000 4205305.200000 22479.0
475457.100000 4205276.400000 22509.0
475453.100000 4205121.100000 22539.0
475477.400000 4205014.400000 22569.0
475494.700000 4204923.300000 22599.0
475543.400000 4204731.000000 22629.0
475555.500000 4204689.900000 22659.0
475612.000000 4204492.100000 22689.0
475640.800000 4204431.900000 22719.0
475805.300000 4204201.600000 22749.0
475826.300000 4204172.700000 22779.0
475875.400000 4204109.500000 22809.0
475885.800000 4204064.200000 22839.0
476096.400000 4204028.000000 22869.0
476119.000000 4203963.600000 22899.0
476196.100000 4203941.400000 22929.0
476263.700000 4203916.700000 22959.0
476416.800000 4203683.000000 22989.0
476488.600000 4203587.600000 23019.0
476587.300000 4203418.800000 23049.0
476785.000000 4203134.300000 23079.0
476802.000000 4202924.700000 23109.0
476801.100000 4202915.800000 23139.0
477029.400000 4202600.300000 23199.0
477609.300000 4202353.600000 23319.0
477671.500000 4202279.000000 23349.0
477648.100000 4202070.400000 23379.0
477641.800000 4202031.400000 23409.0
483377.600000 4207882.900000 29244.0
483403.800000 4207872.700000 31674.0
483504.700000 4207833.500000 31704.0
483503.800000 4207810.300000 31734.0
483611.000000 4207821.100000 31764.0
483989.500000 4207915.500000 31794.0
484403.100000 4208015.900000 31824.0
484744.600000 4208098.600000 31854.0
485026.400000 4208164.600000 31884.0
485195.100000 4208193.100000 31914.0
485446.000000 4208170.600000 31944.0
485704.900000 4208127.800000 31974.0
486008.500000 4208085.000000 32004.0
486312.100000 4208045.500000 32034.0
486454.200000 4208013.100000 32064.0
486478.800000 4208009.700000 32094.0
486485.800000 4208009.700000 32124.0
486630.500000 4207943.900000 32154.0
486804.600000 4207627.400000 32184.0
486957.600000 4207202.200000 32214.0
487122.100000 4206778.300000 32244.0
487312.300000 4206598.100000 32274.0
487438.600000 4206490.400000 32304.0
487522.700000 4206389.100000 32334.0
487770.000000 4206323.100000 32364.0
488118.400000 4206229.500000 32394.0
488343.000000 4206178.000000 32424.0
488609.000000 4206118.800000 32454.0
488856.400000 4206026.200000 32484.0
489063.400000 4205913.700000 32514.0
489006.000000 4205755.100000 32544.0
489136.800000 4205728.300000 32574.0
489297.400000 4205751.300000 32604.0
489367.600000 4205804.600000 32634.0
489534.400000 4205779.800000 32664.0
489734.400000 4205703.000000 32694.0
489921.400000 4205686.200000 32724.0
490140.900000 4205623.700000 32754.0
490346.200000 4205442.800000 32784.0
490466.300000 4205338.500000 32814.0
490469.800000 4205347.400000 32844.0
490489.100000 4205351.600000 32934.0
490483.900000 4205348.200000 32964.0
490435.700000 4205385.100000 37464.0
490283.100000 4205519.400000 37494.0
490145.500000 4205649.500000 37524.0
489998.000000 4205699.700000 37554.0
489794.300000 4205684.300000 37584.0
489700.500000 4205747.400000 37614.0
489495.100000 4205809.900000 37644.0
489405.500000 4205818.900000 37674.0
489300.200000 4205833.400000 37704.0
489282.700000 4205923.200000 37734.0
489217.800000 4205955.400000 37764.0
488961.500000 4205983.700000 37794.0
488731.500000 4206076.300000 37824.0
488616.500000 4206109.900000 37854.0
488555.900000 4206122.200000 37884.0
488383.800000 4206165.700000 37914.0
488138.100000 4206214.700000 37944.0
487866.100000 4206288.300000 37974.0
487562.500000 4206357.700000 38004.0
487440.700000 4206532.300000 38034.0
487327.600000 4206614.600000 38064.0
487108.400000 4206807.100000 38094.0
486982.500000 4207160.300000 38124.0
486859.300000 4207503.300000 38154.0
486774.500000 4207760.800000 38184.0
486569.500000 4207995.200000 38214.0
486431.800000 4208036.400000 38244.0
486112.500000 4208085.700000 38274.0
485809.700000 4208125.100000 38304.0
485521.800000 4208175.600000 38334.0
485224.400000 4208215.000000 38364.0
485058.500000 4208190.800000 38394.0
484819.600000 4208133.600000 38424.0
484760.900000 4208118.100000 38454.0
484510.600000 4208055.500000 38484.0
484182.200000 4207976.100000 38514.0
483831.000000 4207893.400000 38544.0
483534.100000 4207817.400000 38574.0
483436.800000 4207868.800000 38604.0
483384.000000 4207822.400000 38634.0
483384.000000 4207833.400000 38664.0
483377.800000 4207833.400000 38694.0
483384.900000 4207868.900000 38754.0
483505.100000 4207852.200000 38784.0
483504.200000 4207813.200000 38814.0
483711.400000 4207867.000000 38844.0
484161.900000 4207976.200000 38874.0
484581.700000 4208078.600000 38904.0
485003.200000 4208175.600000 38934.0
485117.400000 4208200.800000 38964.0
485197.200000 4208185.000000 38994.0
485337.500000 4208078.100000 39024.0
485478.500000 4207928.000000 39054.0
485567.100000 4207839.000000 39084.0
485570.600000 4207846.600000 39114.0
485567.900000 4207821.200000 39144.0
485540.600000 4207821.300000 39744.0
485394.300000 4208012.400000 39774.0
485203.200000 4208146.100000 39804.0
485148.000000 4208185.100000 39834.0
484997.000000 4208155.300000 39864.0
484872.400000 4208127.600000 39894.0
484732.700000 4208097.000000 39924.0
484616.800000 4208070.500000 39954.0
484269.900000 4207990.300000 39984.0
483875.700000 4207898.800000 40014.0
483568.300000 4207824.100000 40044.0
483239.800000 4207743.900000 40074.0
483302.400000 4207889.000000 40104.0
483370.100000 4207888.800000 40134.0
483375.300000 4207903.200000 40164.0
483377.600000 4207900.700000 43605.0
483392.600000 4207951.900000 45495.0
483430.400000 4207986.100000 45525.0
483539.100000 4207973.600000 45555.0
483628.200000 4208134.200000 45585.0
483676.500000 4208205.200000 45615.0
483866.500000 4208432.200000 45645.0
484051.300000 4208661.600000 45675.0
484212.300000 4208908.900000 45705.0
484207.400000 4209076.500000 45735.0
484137.400000 4209168.900000 45765.0
484300.100000 4209306.200000 45795.0
484317.700000 4209330.700000 45825.0
484426.500000 4209325.000000 45855.0
484611.200000 4209137.100000 45885.0
484755.800000 4209008.200000 45915.0
484871.400000 4208899.200000 45945.0
485045.800000 4208765.600000 45975.0
485178.200000 4208696.300000 46005.0
485265.400000 4208830.400000 46035.0
485373.600000 4208969.000000 46065.0
485562.800000 4208829.800000 46095.0
485699.600000 4208750.900000 46125.0
485802.300000 4208816.300000 46155.0
485823.500000 4208868.300000 46185.0
485855.300000 4208942.800000 46215.0
485695.800000 4209064.100000 46245.0
485776.700000 4209220.500000 46275.0
485857.700000 4209405.800000 46305.0
485692.200000 4209571.600000 46335.0
485548.500000 4209716.200000 46365.0
485346.200000 4209934.100000 46395.0
485187.600000 4210109.600000 46425.0
485277.400000 4210259.200000 46455.0
485442.700000 4210406.700000 46485.0
485510.500000 4210475.500000 46515.0
485698.500000 4210648.300000 46545.0
485790.300000 4210972.000000 46575.0
485759.900000 4211218.300000 46605.0
485727.500000 4211253.900000 46635.0
485755.800000 4211331.800000 46665.0
485849.800000 4211407.000000 46695.0
486083.500000 4211577.600000 46725.0
486260.100000 4211722.400000 46755.0
486569.000000 4211801.900000 46785.0
486787.200000 4211678.400000 46815.0
486831.000000 4211655.100000 46845.0
486697.100000 4211879.600000 46875.0
486720.200000 4212075.900000 46905.0
486633.500000 4212183.600000 46935.0
486386.400000 4212251.700000 46965.0
486190.000000 4212296.500000 46995.0
485990.900000 4212327.700000 47025.0
485827.800000 4212306.800000 47055.0
485650.300000 4212157.300000 47085.0
485649.500000 4212161.500000 47115.0
485522.100000 4212063.100000 47385.0
485296.600000 4211991.600000 47415.0
485011.400000 4211964.200000 47445.0
484813.000000 4211870.200000 47475.0
484766.300000 4211771.600000 47505.0
484662.400000 4211628.800000 47535.0
484462.100000 4211443.700000 47565.0
484312.800000 4211346.300000 47595.0
483962.800000 4211359.200000 47625.0
483632.100000 4211425.500000 47655.0
483581.200000 4211444.600000 47685.0
483503.200000 4211491.300000 47715.0
483491.800000 4211491.300000 47745.0
483432.100000 4211512.600000 47775.0
483419.900000 4211513.900000 47805.0
483381.300000 4211528.400000 47865.0
483348.800000 4211534.000000 47895.0
483339.100000 4211525.100000 47925.0
483342.800000 4211635.100000 47985.0
483102.100000 4211903.100000 48015.0
483057.700000 4212030.600000 48045.0
482909.600000 4212110.900000 48075.0
482915.100000 4212257.300000 48105.0
482941.000000 4212500.200000 48135.0
482862.900000 4212525.800000 48165.0
482848.000000 4212538.100000 48195.0
482788.400000 4212560.200000 48255.0
482768.100000 4212560.300000 48285.0
482764.000000 4212673.300000 48375.0
482810.600000 4212719.800000 48405.0
482932.500000 4212698.300000 48435.0
482936.900000 4212700.400000 48465.0
483103.700000 4212772.100000 48495.0
483099.300000 4212761.100000 48525.0
483124.700000 4212739.000000 48555.0
483123.000000 4212728.000000 48585.0
483133.500000 4212697.900000 48645.0
483087.000000 4212288.700000 48675.0
483228.200000 4211864.800000 48705.0
483296.800000 4211540.800000 48735.0
483215.700000 4211315.800000 48765.0
483149.600000 4211149.600000 48795.0
483117.000000 4211112.900000 48825.0
483115.300000 4211111.600000 48855.0
483076.600000 4211051.600000 48885.0
483040.400000 4210977.200000 48915.0
483037.700000 4210968.300000 48945.0
482997.900000 4210791.900000 48975.0
482989.100000 4210763.100000 49005.0
482952.100000 4210654.400000 49035.0
482952.100000 4210657.800000 49065.0
482950.300000 4210613.300000 49155.0
483030.900000 4210574.200000 49185.0
483088.700000 4210539.800000 49215.0
483147.400000 4210516.400000 49245.0
483460.400000 4210383.700000 49275.0
483756.600000 4210164.800000 49305.0
483998.400000 4209985.700000 49335.0
484125.700000 4210023.100000 49365.0
484340.900000 4210109.000000 49395.0
484651.900000 4210306.100000 49425.0
484832.000000 4210417.900000 49455.0
484857.500000 4210403.500000 49485.0
484889.700000 4210268.000000 49515.0
484842.200000 4210182.600000 49545.0
484643.500000 4210024.200000 49575.0
484752.100000 4209917.400000 49605.0
484795.000000 4209828.400000 49635.0
484693.900000 4209725.300000 49665.0
484671.900000 4209696.600000 49695.0
484530.300000 4209551.700000 49725.0
484467.100000 4209480.700000 49755.0
484381.800000 4209397.500000 49785.0
484217.400000 4209240.300000 49815.0
484020.600000 4209071.000000 49845.0
484111.600000 4208981.900000 49875.0
484150.900000 4208836.700000 49905.0
483997.800000 4208624.900000 49935.0
483793.700000 4208364.600000 49965.0
483616.700000 4208102.900000 49995.0
483505.600000 4207874.600000 50025.0
483400.300000 4207883.700000 50055.0
483402.000000 4207890.500000 50085.0
483402.800000 4207865.900000 51315.0
483387.900000 4207835.000000 51345.0
483375.700000 4207841.800000 51375.0
483393.300000 4207879.500000 51525.0
483480.100000 4207843.700000 51555.0
483496.800000 4207831.400000 51585.0
483498.500000 4207812.400000 51615.0
483678.500000 4207844.200000 51645.0
483998.100000 4207920.200000 51675.0
484123.700000 4207950.000000 51705.0
484366.900000 4208010.500000 51735.0
484645.300000 4208075.600000 51765.0
484796.300000 4208110.800000 51795.0
485136.200000 4208193.600000 51825.0
485277.500000 4208198.800000 51855.0
485613.500000 4208153.000000 51885.0
485944.400000 4208103.700000 51915.0
486320.800000 4208057.800000 51945.0
486484.800000 4208022.000000 51975.0
486606.000000 4207971.800000 52005.0
486800.300000 4207641.000000 52035.0
486969.800000 4207178.100000 52065.0
487111.400000 4206806.200000 52095.0
487312.200000 4206622.700000 52125.0
487437.600000 4206511.600000 52155.0
487526.200000 4206395.900000 52185.0
487529.700000 4206385.700000 52215.0
487791.100000 4206322.300000 52245.0
487897.200000 4206285.300000 52275.0
488039.400000 4206244.000000 52305.0
488170.100000 4206227.300000 52335.0
488336.800000 4206167.000000 52365.0
488478.100000 4206135.900000 52395.0
488672.900000 4206087.800000 52425.0
488864.200000 4206004.200000 52455.0
489038.800000 4205946.400000 52485.0
489066.000000 4205916.300000 52515.0
489014.900000 4205743.200000 52545.0
489145.700000 4205717.700000 52575.0
489313.300000 4205761.900000 52605.0
489446.000000 4205800.700000 52635.0
489663.600000 4205755.100000 52665.0
489790.800000 4205678.300000 52695.0
490066.500000 4205694.500000 52725.0
490296.300000 4205508.000000 52755.0
490465.600000 4205345.700000 52785.0
490485.900000 4205351.200000 52815.0
490397.200000 4205414.300000 54705.0
490229.800000 4205572.000000 54735.0
490062.300000 4205700.900000 54765.0
489831.400000 4205684.600000 54795.0
489817.300000 4205681.300000 54825.0
489799.700000 4205679.200000 54855.0
489767.200000 4205709.300000 54885.0
489592.700000 4205795.800000 54915.0
489395.100000 4205809.200000 54945.0
489284.500000 4205830.500000 54975.0
489283.800000 4205933.800000 55005.0
489282.900000 4205935.900000 55035.0
489245.300000 4205957.900000 55065.0
489204.900000 4205963.500000 55095.0
489179.500000 4205965.700000 55125.0
489116.300000 4205972.500000 55155.0
489045.200000 4205982.800000 55185.0
488997.000000 4206001.900000 55215.0
488947.800000 4206014.200000 55245.0
488888.000000 4206032.100000 55275.0
488767.900000 4206083.400000 55365.0
488638.800000 4206117.100000 55395.0
488408.000000 4206167.300000 55425.0
488168.400000 4206221.800000 55455.0
487916.500000 4206278.900000 55485.0
487756.800000 4206320.200000 55515.0
487597.100000 4206351.300000 55545.0
487361.900000 4206407.100000 55575.0
487081.100000 4206514.200000 55605.0
487012.700000 4206533.400000 55635.0
486604.600000 4206625.000000 55665.0
486175.400000 4206705.700000 55695.0
485859.600000 4206752.800000 55725.0
485433.300000 4206963.100000 55755.0
485082.400000 4207061.500000 55785.0
484867.300000 4207100.800000 55815.0
484743.600000 4207106.500000 55845.0
484639.100000 4207102.500000 55875.0
484576.800000 4207095.900000 55905.0
484476.700000 4207087.100000 55935.0
484322.100000 4207077.300000 55965.0
484262.300000 4207076.100000 55995.0
484212.300000 4207072.800000 56025.0
484056.000000 4207055.400000 56055.0
483751.200000 4206942.900000 56085.0
483356.900000 4206826.100000 56115.0
483165.400000 4206772.300000 56145.0
483128.500000 4206752.500000 56175.0
483098.600000 4206729.200000 56205.0
483077.500000 4206711.500000 56235.0
483012.500000 4206670.600000 56265.0
482965.900000 4206640.600000 56295.0
482882.400000 4206592.100000 56325.0
482860.400000 4206582.000000 56355.0
482820.000000 4206554.200000 56385.0
482783.100000 4206526.300000 56415.0
482740.900000 4206505.200000 56445.0
482605.600000 4206443.300000 56475.0
482588.000000 4206434.500000 56505.0
482494.000000 4206392.300000 56535.0
482413.600000 4206544.500000 56565.0
482282.200000 4206625.600000 56595.0
482025.200000 4206720.500000 56625.0
481893.600000 4206748.700000 56655.0
481710.200000 4206773.700000 56685.0
481571.200000 4206629.700000 56715.0
481474.200000 4206452.500000 56745.0
481347.300000 4206225.500000 56775.0
481224.600000 4206343.500000 56805.0
481207.900000 4206364.700000 56835.0
481154.400000 4206392.700000 56865.0
481121.800000 4206330.600000 56895.0
481073.400000 4206248.600000 56925.0
481024.900000 4206148.800000 56955.0
481002.900000 4206100.200000 56985.0
480958.000000 4206019.500000 57015.0
480922.700000 4205962.000000 57045.0
480781.300000 4205922.500000 57075.0
480509.500000 4205719.200000 57135.0
480499.800000 4205715.800000 57165.0
480465.600000 4205704.900000 57195.0
480451.500000 4205697.300000 57225.0
480397.900000 4205690.600000 57285.0
480387.400000 4205687.300000 57315.0
480373.300000 4205687.300000 57345.0
480361.100000 4205684.000000 57375.0
480317.200000 4205690.800000 57405.0
480313.700000 4205692.100000 57435.0
480241.600000 4205677.900000 57465.0
480080.200000 4205735.000000 57495.0
480046.100000 4205752.900000 57525.0
480042.500000 4205752.900000 57555.0
479871.200000 4205658.900000 57585.0
479543.500000 4205224.600000 57615.0
479435.900000 4205030.600000 57645.0
479394.700000 4205055.200000 57675.0
479107.200000 4205271.400000 57735.0
478990.600000 4205316.100000 57765.0
478915.400000 4205417.500000 57795.0
478918.000000 4205407.300000 57825.0
479016.900000 4205292.800000 57855.0
479027.100000 4205178.500000 57885.0
478939.600000 4204946.800000 57915.0
478952.800000 4204934.500000 57945.0
478965.000000 4204902.300000 57975.0
479113.000000 4204787.600000 58005.0
478931.800000 4204656.000000 58035.0
478946.000000 4204697.000000 58065.0
478958.300000 4204710.100000 58125.0
478944.300000 4204767.700000 58155.0
479019.300000 4204860.700000 58185.0
478938.100000 4204684.400000 58215.0
478848.500000 4204666.800000 58245.0
478784.100000 4204595.000000 58275.0
478655.900000 4204541.200000 58305.0
478539.900000 4204532.600000 58335.0
478483.700000 4204537.000000 58365.0
478355.600000 4204555.100000 58395.0
478274.800000 4204510.000000 58425.0
478157.100000 4204539.100000 58455.0
478070.100000 4204498.300000 58485.0
477819.200000 4204556.500000 58515.0
477765.500000 4204549.900000 58545.0
477895.500000 4204845.800000 58575.0
477816.200000 4204771.500000 58605.0
477860.200000 4204805.700000 58635.0
477664.900000 4204369.000000 58725.0
477495.500000 4204412.600000 58755.0
477319.100000 4204454.200000 58785.0
477223.500000 4204471.000000 58815.0
477144.500000 4204486.800000 58845.0
477074.400000 4204508.200000 58875.0
477071.800000 4204545.000000 58905.0
477290.300000 4204514.400000 58935.0
477495.600000 4204451.600000 58965.0
477584.300000 4204411.600000 58995.0
477704.500000 4204412.500000 59025.0
477842.300000 4204377.800000 59055.0
477887.000000 4204384.500000 59085.0
478059.100000 4204353.100000 59115.0
478108.900000 4204541.800000 59145.0
478236.300000 4204594.800000 59175.0
478474.100000 4204537.400000 59205.0
478567.900000 4204462.700000 59235.0
478621.500000 4204451.500000 59265.0
478654.800000 4204462.500000 59295.0
478656.600000 4204503.500000 59325.0
478874.000000 4204711.600000 59355.0
479077.000000 4204780.100000 59385.0
479308.800000 4204776.100000 59415.0
479316.700000 4204780.300000 59445.0
479350.900000 4204783.600000 59475.0
479421.300000 4204903.200000 59505.0
479442.600000 4204966.200000 59535.0
479522.900000 4205156.900000 59565.0
479538.800000 4205191.200000 59595.0
479612.600000 4205251.100000 59625.0
479642.400000 4205240.900000 59655.0
479696.700000 4205197.600000 59685.0
479722.100000 4205181.800000 59715.0
479789.700000 4205133.000000 59775.0
479801.100000 4205137.200000 59805.0
479839.700000 4205103.700000 59835.0
479876.400000 4205057.000000 59865.0
479901.000000 4205035.800000 59895.0
479944.800000 4204998.900000 59925.0
479958.000000 4204998.800000 59955.0
480003.600000 4204956.400000 59985.0
480006.300000 4204953.000000 60015.0
480055.400000 4204901.700000 60075.0
480260.800000 4204851.200000 60225.0
480411.300000 4204999.400000 60255.0
480657.600000 4205183.000000 60285.0
480701.600000 4205221.800000 60315.0
480793.100000 4205311.300000 60345.0
481011.300000 4205535.100000 60375.0
481295.200000 4205709.700000 60405.0
481566.800000 4205842.400000 60435.0
481658.200000 4205923.100000 60465.0
481826.200000 4206083.500000 60495.0
482155.800000 4206271.600000 60525.0
482393.900000 4206346.400000 60555.0
482408.000000 4206356.500000 60585.0
482706.900000 4206495.600000 60615.0
482920.400000 4206619.600000 60645.0
483019.700000 4206680.300000 60675.0
483045.200000 4206699.300000 60705.0
483209.400000 4206770.900000 60735.0
483213.800000 4206774.300000 60765.0
483401.700000 4206825.100000 60795.0
483613.500000 4206887.800000 60825.0
483781.200000 4206939.500000 60855.0
484060.500000 4207042.200000 60885.0
484379.200000 4207075.100000 60915.0
484420.400000 4207077.100000 60945.0
484840.000000 4207085.200000 60975.0
485073.500000 4207053.900000 61005.0
485280.500000 4206998.100000 61035.0
485645.400000 4206846.300000 61065.0
485956.800000 4206738.300000 61095.0
486245.600000 4206698.900000 61125.0
486651.800000 4206609.300000 61155.0
487131.000000 4206490.000000 61185.0
487409.100000 4206386.300000 61215.0
487586.400000 4206345.000000 61245.0
487972.600000 4206251.300000 61275.0
488169.100000 4206221.000000 61305.0
488264.600000 4206181.900000 61335.0
488445.400000 4206147.400000 61365.0
488765.800000 4206062.700000 61395.0
488986.900000 4205976.900000 61425.0
489047.400000 4205840.500000 61455.0
489127.900000 4205730.400000 61485.0
489268.400000 4205722.600000 61515.0
489417.700000 4205793.500000 61545.0
489674.900000 4205747.900000 61575.0
489813.400000 4205690.200000 61605.0
490105.000000 4205691.100000 61635.0
490313.700000 4205487.700000 61665.0
490462.800000 4205349.900000 61695.0
490469.800000 4205351.200000 61725.0
490315.400000 4205501.200000 61815.0
490145.300000 4205661.000000 61845.0
489859.200000 4205695.600000 61875.0
489702.200000 4205755.900000 61905.0
489414.200000 4205813.800000 61935.0
489289.600000 4205816.100000 61965.0
489292.400000 4205911.300000 61995.0
489089.700000 4205942.500000 62025.0
488942.200000 4205982.500000 62055.0
488826.400000 4206030.500000 62085.0
488736.900000 4206073.700000 62115.0
488663.200000 4206099.200000 62145.0
488440.300000 4206151.600000 62175.0
488250.800000 4206192.900000 62205.0
488009.400000 4206244.500000 62235.0
487687.300000 4206328.300000 62265.0
487504.000000 4206466.200000 62295.0
487377.800000 4206589.500000 62325.0
487201.500000 4206708.300000 62355.0
486997.500000 4207128.100000 62385.0
486828.800000 4207587.600000 62415.0
486766.900000 4207775.200000 62445.0
486538.200000 4208000.700000 62475.0
486522.500000 4208009.600000 62505.0
486413.700000 4208037.700000 62535.0
485993.400000 4208093.900000 62565.0
485610.000000 4208155.500000 62595.0
485283.700000 4208204.800000 62625.0
485197.600000 4208215.100000 62655.0
485161.600000 4208205.000000 62685.0
485042.200000 4208176.400000 62715.0
484949.900000 4208153.300000 62745.0
484840.200000 4208128.900000 62775.0
484739.200000 4208101.200000 62805.0
484653.100000 4208081.500000 62835.0
484282.700000 4207991.200000 62865.0
484002.600000 4207927.400000 62895.0
483804.200000 4207883.300000 62925.0
483540.700000 4207816.100000 62955.0
483373.800000 4207771.200000 62985.0
483113.000000 4207706.100000 63015.0
483032.300000 4207687.200000 63045.0
483025.300000 4207686.000000 63075.0
482935.800000 4207727.200000 63105.0
482659.500000 4207857.700000 63135.0
482531.600000 4207929.100000 63165.0
482497.400000 4207935.900000 63195.0
482481.700000 4207944.900000 63225.0
482452.000000 4207975.800000 63285.0
482437.100000 4207988.100000 63315.0
482420.400000 4207998.300000 63345.0
482327.400000 4208058.600000 63405.0
482289.800000 4208077.700000 63435.0
482243.300000 4208092.200000 63465.0
482196.800000 4208096.600000 63495.0
482165.100000 4208078.900000 63525.0
482110.600000 4208022.300000 63555.0
482102.700000 4208005.800000 63585.0
481990.900000 4207870.600000 63615.0
481860.800000 4207790.000000 63645.0
481850.200000 4207783.300000 63675.0
481844.000000 4207782.000000 63705.0
481822.900000 4207771.100000 63795.0
481819.400000 4207769.800000 63825.0
481799.100000 4207775.300000 63855.0
481734.400000 4207884.300000 63885.0
481733.600000 4207884.300000 63915.0
481662.600000 4207980.900000 63945.0
481554.900000 4208075.500000 63975.0
481541.700000 4208082.300000 64005.0
481452.200000 4208148.200000 64035.0
481261.100000 4208289.500000 64090.0
481194.600000 4208345.100000 64120.0
481069.200000 4208441.900000 64150.0
480984.200000 4208508.600000 64180.0
480952.600000 4208533.200000 64210.0
480847.500000 4208615.500000 64240.0
480844.000000 4208615.600000 64270.0
480728.300000 4208702.200000 64300.0
480680.200000 4208744.600000 64330.0
480617.200000 4208796.800000 64360.0
480517.300000 4208871.500000 64390.0
480490.100000 4208889.400000 64420.0
480349.900000 4208989.600000 64450.0
480127.300000 4209144.200000 64480.0
479889.900000 4209330.200000 64510.0
479696.800000 4209314.100000 64540.0
479382.600000 4209310.700000 64570.0
479118.400000 4209274.500000 64600.0
478881.200000 4209188.800000 64630.0
478757.700000 4209273.300000 64660.0
478688.700000 4209392.000000 64690.0
478566.600000 4209378.000000 64720.0
478394.600000 4209382.600000 64750.0
478319.800000 4209322.700000 64780.0
478131.700000 4209209.000000 64810.0
477843.500000 4209123.400000 64840.0
477615.400000 4209116.400000 64870.0
477477.600000 4209129.900000 64900.0
477453.100000 4209146.500000 64930.0
477387.800000 4209046.700000 64960.0
477289.700000 4208782.900000 64990.0
477254.000000 4208597.600000 65020.0
477170.800000 4208350.200000 65050.0
477037.600000 4208125.400000 65080.0
476961.000000 4208040.200000 65110.0
476912.900000 4208085.600000 65140.0
476897.200000 4208100.000000 65170.0
476805.200000 4208164.600000 65200.0
476775.400000 4208175.700000 65230.0
476719.100000 4208170.400000 65260.0
476719.900000 4208149.200000 65290.0
476683.100000 4208145.100000 65320.0
476544.700000 4208217.400000 65350.0
476471.200000 4208267.600000 65380.0
476426.900000 4208429.800000 65410.0
476420.200000 4208522.900000 65440.0
476322.600000 4208473.300000 65470.0
476240.400000 4208604.300000 65500.0
476168.300000 4208850.800000 65530.0
475965.500000 4208802.800000 65560.0
475767.300000 4208235.300000 65590.0
475554.000000 4207685.700000 65620.0
475202.600000 4207280.900000 65650.0
475094.000000 4206811.800000 65680.0
474837.600000 4206530.700000 65710.0
474546.700000 4206706.000000 65740.0
474289.900000 4206837.600000 65770.0
474124.400000 4206990.000000 65800.0
473997.800000 4206926.100000 65830.0
473692.900000 4206820.400000 65860.0
473554.200000 4206796.300000 65890.0
473462.800000 4206757.700000 65920.0
473401.100000 4206675.700000 65950.0
473298.700000 4206498.700000 65980.0
473195.700000 4206367.000000 66010.0
473107.500000 4206228.500000 66040.0
472889.200000 4206054.800000 66070.0
472737.700000 4205914.400000 66100.0
472445.700000 4206042.700000 66130.0
472407.100000 4206057.300000 66160.0
472401.900000 4206053.900000 66190.0
472376.500000 4206075.100000 66220.0
472372.100000 4206050.600000 66250.0
472370.400000 4206048.500000 66280.0
472370.300000 4206019.700000 66310.0
472245.700000 4205763.600000 66340.0
472248.400000 4205759.400000 66370.0
472179.500000 4205644.100000 66400.0
472048.800000 4205442.600000 66430.0
471958.700000 4205294.400000 66460.0
471960.400000 4205295.600000 66490.0
471950.600000 4205258.900000 66520.0
471963.800000 4205248.600000 66550.0
471998.800000 4205220.600000 66610.0
472005.900000 4205226.100000 66640.0
472077.000000 4205203.800000 66670.0
472091.500000 4205082.700000 66700.0
472063.000000 4204967.300000 66730.0
471968.000000 4204670.000000 66820.0
471980.100000 4204642.100000 66850.0
471966.000000 4204620.100000 66880.0
471946.800000 4204922.000000 66910.0
471997.400000 4205097.000000 66940.0
472060.500000 4205315.200000 66970.0
472113.000000 4205536.800000 67000.0
472141.200000 4205579.000000 67030.0
472221.500000 4205699.800000 67060.0
472385.200000 4206055.200000 67090.0
472469.000000 4206425.700000 67120.0
472491.100000 4206746.500000 67150.0
472487.700000 4206763.000000 67180.0
472491.500000 4206855.200000 67210.0
472487.100000 4206856.500000 67240.0
472524.300000 4206945.300000 67270.0
472656.600000 4207169.200000 67300.0
472705.200000 4207279.100000 67330.0
472738.700000 4207335.700000 67360.0
472739.600000 4207350.000000 67390.0
472741.300000 4207356.800000 67420.0
472824.400000 4207530.900000 67450.0
472927.000000 4207755.800000 67480.0
472951.800000 4207839.900000 67510.0
472970.400000 4207886.400000 67540.0
472977.500000 4207908.400000 67570.0
473013.100000 4208023.800000 67600.0
473110.500000 4208296.500000 67630.0
473330.000000 4208593.300000 67660.0
473337.900000 4208603.500000 67690.0
473462.900000 4208761.800000 67720.0
473653.000000 4208929.600000 67750.0
473944.600000 4208991.800000 67780.0
474073.800000 4209021.400000 67810.0
474285.500000 4209072.800000 67840.0
474419.800000 4209101.200000 67870.0
474576.600000 4209031.700000 67900.0
474665.200000 4208993.700000 67930.0
474765.900000 4209166.500000 67960.0
474988.900000 4209195.900000 67990.0
474996.000000 4209201.400000 68020.0
475089.900000 4209215.500000 68050.0
475345.200000 4209162.700000 68080.0
475366.200000 4209152.400000 68110.0
475393.500000 4209141.400000 68140.0
475397.000000 4209141.300000 68170.0
475435.900000 4209201.300000 68200.0
475584.300000 4209536.100000 68230.0
475731.100000 4209937.300000 68260.0
475883.100000 4210289.900000 68290.0
475936.200000 4210406.100000 68320.0
475824.900000 4210478.400000 68350.0
