483420.200000 4207869.300000 18551.0
483369.300000 4207821.500000 18941.0
483305.000000 4207748.400000 18971.0
483031.800000 4207677.100000 19001.0
482962.400000 4207659.400000 19031.0
482950.200000 4207657.300000 19061.0
482687.500000 4207586.800000 19091.0
482428.400000 4207519.600000 19121.0
482107.000000 4207468.200000 19151.0
481830.900000 4207695.300000 19181.0
481603.500000 4208029.700000 19211.0
481399.300000 4208181.300000 19241.0
481400.100000 4208183.400000 19271.0
481394.200000 4208304.500000 19331.0
481438.700000 4208580.800000 19361.0
481650.900000 4208892.200000 19391.0
481881.700000 4209221.400000 19421.0
482143.900000 4209565.800000 19451.0
482417.500000 4209883.500000 19481.0
482612.900000 4210132.800000 19511.0
482740.700000 4210408.900000 19541.0
482900.700000 4210598.200000 19571.0
482900.700000 4210602.400000 19601.0
482951.000000 4210684.400000 19631.0
483049.100000 4211040.200000 19661.0
483241.900000 4211393.700000 19691.0
483364.600000 4211721.800000 19721.0
483072.100000 4211996.300000 19751.0
483114.200000 4212444.400000 19781.0
483176.500000 4212879.400000 19811.0
483193.300000 4212923.800000 19841.0
483283.400000 4213176.700000 19871.0
483284.500000 4213319.000000 19901.0
483317.400000 4213538.600000 19931.0
483386.000000 4213651.400000 19961.0
483401.900000 4213712.400000 19991.0
483389.900000 4213833.400000 20021.0
483393.900000 4214074.300000 20051.0
483329.500000 4214289.800000 20081.0
483315.700000 4214441.800000 20111.0
483230.900000 4214622.700000 20141.0
483243.600000 4214861.400000 20171.0
483157.500000 4215193.400000 20201.0
483152.300000 4215209.100000 20231.0
483032.300000 4215250.400000 20261.0
482679.700000 4215233.300000 20291.0
482356.000000 4215218.400000 20321.0
482298.200000 4215260.800000 20351.0
482105.000000 4215561.800000 20381.0
481930.000000 4215756.400000 20411.0
481621.300000 4215717.300000 20441.0
481581.100000 4215725.000000 20471.0
481708.700000 4215966.400000 20501.0
482035.600000 4216294.100000 20531.0
482499.800000 4216520.400000 20561.0
483000.000000 4216772.500000 20591.0
483531.800000 4217034.300000 20621.0
483967.400000 4217429.600000 20651.0
484336.500000 4217873.700000 20681.0
484694.100000 4218312.400000 20711.0
485055.300000 4218772.200000 20741.0
485405.900000 4219241.000000 20771.0
485633.000000 4219766.700000 20801.0
485850.400000 4220325.400000 20831.0
486042.300000 4220801.300000 20861.0
486225.800000 4221007.500000 20891.0
486520.300000 4221011.300000 20921.0
486903.300000 4221019.500000 20951.0
487082.000000 4220937.100000 20981.0
487085.500000 4220943.900000 21011.0
487171.200000 4220827.400000 21161.0
487340.900000 4220582.900000 21191.0
487522.800000 4220326.100000 21221.0
487434.800000 4220008.800000 21251.0
487282.500000 4219598.500000 21281.0
487338.900000 4219181.100000 21311.0
487442.800000 4218953.600000 21341.0
487442.000000 4218946.800000 21371.0
487677.000000 4218987.500000 21431.0
488090.900000 4219094.400000 21461.0
488444.300000 4219173.900000 21491.0
488548.200000 4218896.600000 21521.0
488652.100000 4218585.700000 21551.0
488692.900000 4218385.100000 21581.0
488936.700000 4218386.000000 21611.0
489130.400000 4218302.400000 21641.0
489211.600000 4217998.300000 21671.0
489347.100000 4217675.200000 21701.0
489459.100000 4217530.700000 21731.0
489460.000000 4217535.000000 21761.0
489426.700000 4217515.100000 21941.0
489185.500000 4217519.700000 21971.0
488840.900000 4217379.200000 22001.0
488513.500000 4217179.000000 22031.0
488446.000000 4217172.300000 22061.0
488099.800000 4217302.800000 22091.0
487699.500000 4217529.800000 22121.0
487353.600000 4217806.700000 22151.0
487019.000000 4217999.400000 22181.0
486983.100000 4218037.100000 22211.0
486759.800000 4218199.600000 22241.0
486731.800000 4218244.100000 22271.0
486441.600000 4218151.400000 22301.0
486102.700000 4217860.400000 22331.0
485744.600000 4217613.400000 22361.0
485373.300000 4217407.500000 22391.0
485044.000000 4217097.400000 22421.0
484733.900000 4216802.900000 22451.0
484579.300000 4216637.700000 22481.0
484507.200000 4216553.700000 22511.0
484505.500000 4216546.000000 22541.0
484494.100000 4216510.500000 22571.0
484443.700000 4216310.800000 22601.0
484427.800000 4216236.400000 22631.0
484427.000000 4216235.100000 22661.0
484373.100000 4216055.300000 22691.0
484516.900000 4215999.600000 22721.0
484400.100000 4215875.400000 22751.0
484404.000000 4215668.800000 22781.0
484408.000000 4215488.100000 22811.0
484419.000000 4215281.500000 22841.0
484440.500000 4215044.000000 22871.0
484472.700000 4214947.400000 22901.0
484520.600000 4214788.600000 22931.0
484522.200000 4214719.600000 22961.0
484350.100000 4214674.700000 22991.0
484366.600000 4214538.400000 23021.0
484340.800000 4214369.900000 23051.0
484220.500000 4214231.300000 23081.0
484156.400000 4214212.400000 23111.0
484138.600000 4214102.400000 23141.0
484165.500000 4213945.800000 23171.0
484167.100000 4213881.400000 23201.0
484164.300000 4213813.700000 23231.0
484141.100000 4213583.900000 23261.0
484140.600000 4213343.100000 23291.0
483979.200000 4213354.400000 23321.0
483762.500000 4213339.200000 23351.0
483629.100000 4213326.300000 23381.0
483565.100000 4213344.200000 23411.0
483481.800000 4213347.800000 23441.0
483504.800000 4213457.800000 23471.0
483488.100000 4213495.500000 23501.0
483568.200000 4213634.100000 23711.0
483594.400000 4213621.800000 23741.0
483734.700000 4213584.700000 23771.0
483969.200000 4213736.200000 23801.0
484124.600000 4213771.500000 23831.0
484139.300000 4213698.200000 23861.0
484131.500000 4213321.900000 23891.0
484140.600000 4212977.000000 23921.0
483924.800000 4212977.400000 23951.0
483881.100000 4213056.200000 23981.0
483879.400000 4213061.700000 24011.0
483886.500000 4213085.000000 24161.0
484110.900000 4213043.500000 24191.0
484148.600000 4213076.800000 24221.0
484146.200000 4213204.200000 24251.0
484264.600000 4213197.200000 24281.0
484488.300000 4213179.000000 24311.0
484690.900000 4213171.900000 24341.0
484741.700000 4213147.300000 24371.0
484734.500000 4213049.500000 24401.0
484728.100000 4212922.900000 24431.0
484642.100000 4212908.700000 24461.0
484616.200000 4212703.500000 24491.0
484875.800000 4212620.900000 24521.0
485171.100000 4212437.100000 24551.0
485196.500000 4212422.700000 24581.0
485330.500000 4212340.300000 24611.0
485418.100000 4212295.700000 24641.0
485468.100000 4212280.000000 24671.0
485505.900000 4212351.800000 24701.0
485563.200000 4212461.800000 24731.0
485797.200000 4212367.000000 24761.0
485842.900000 4212347.900000 24791.0
485671.600000 4212191.600000 24821.0
485588.900000 4212090.500000 24851.0
485624.800000 4212041.800000 24881.0
485682.300000 4211779.700000 24911.0
485726.500000 4211547.700000 24941.0
485734.900000 4211375.800000 24971.0
485712.900000 4211317.000000 25001.0
485741.000000 4211317.000000 25031.0
485965.100000 4211485.100000 25061.0
486239.200000 4211713.200000 25091.0
486570.200000 4211810.400000 25121.0
486750.800000 4211729.300000 25151.0
486964.800000 4211730.200000 25181.0
487206.300000 4211848.300000 25211.0
487321.200000 4211849.400000 25241.0
487285.000000 4211700.900000 25271.0
487111.000000 4211482.800000 25301.0
487111.000000 4211482.800000 25331.0
487158.200000 4211401.900000 25361.0
487499.400000 4211361.500000 25391.0
487656.300000 4211357.900000 25421.0
487895.000000 4211349.900000 25451.0
488181.600000 4211238.600000 25481.0
488332.300000 4211039.900000 25511.0
488432.400000 4211080.800000 25541.0
488435.800000 4210968.700000 25571.0
488432.100000 4210838.700000 25601.0
488438.800000 4210600.000000 25631.0
488339.300000 4210340.700000 25661.0
488118.000000 4210143.300000 25691.0
487838.800000 4210025.200000 25721.0
487584.000000 4209773.800000 25751.0
487371.100000 4209443.500000 25781.0
487323.500000 4209272.600000 25811.0
487253.100000 4209099.600000 25841.0
487473.200000 4208976.100000 25871.0
487498.900000 4208632.000000 25901.0
487531.700000 4208294.600000 25931.0
487531.500000 4208158.300000 25961.0
487572.300000 4207919.500000 25991.0
487593.100000 4207719.700000 26021.0
487578.600000 4207376.900000 26051.0
487566.500000 4206908.800000 26081.0
487479.500000 4206848.800000 26111.0
487349.500000 4206813.500000 26141.0
487348.300000 4206570.500000 26171.0
487353.300000 4206446.100000 26201.0
487347.100000 4206433.000000 26231.0
487347.100000 4206428.700000 26261.0
487445.300000 4206382.000000 26291.0
487871.000000 4206292.500000 26321.0
488141.300000 4206215.500000 26351.0
488424.700000 4206147.400000 26381.0
488573.000000 4206113.800000 26411.0
488728.300000 4206072.500000 26441.0
488931.000000 4205995.600000 26471.0
488926.500000 4205874.600000 26501.0
488988.700000 4205774.600000 26531.0
489074.700000 4205747.800000 26561.0
489240.600000 4205720.900000 26591.0
489343.300000 4205791.900000 26621.0
489388.100000 4205804.100000 26651.0
489471.500000 4205797.200000 26681.0
489667.100000 4205744.900000 26711.0
489754.000000 4205680.500000 26741.0
489890.100000 4205692.600000 26771.0
490103.500000 4205690.200000 26801.0
490235.900000 4205556.700000 26831.0
490442.000000 4205374.500000 26861.0
490485.900000 4205378.700000 26891.0
490497.300000 4205386.300000 26921.0
490387.700000 4205425.400000 27701.0
490359.600000 4205453.300000 27731.0
490204.300000 4205597.800000 27761.0
490174.600000 4205611.000000 27791.0
490005.200000 4205709.800000 27821.0
489768.100000 4205697.000000 27851.0
489727.100000 4205896.800000 27881.0
489708.700000 4205923.500000 27911.0
489656.000000 4205913.400000 27941.0
489574.300000 4205930.000000 27971.0
489535.600000 4205949.100000 28001.0
489473.300000 4205947.900000 28031.0
489330.100000 4205944.700000 28061.0
489072.100000 4205950.600000 28091.0
488843.100000 4206019.900000 28121.0
488657.200000 4206094.600000 28151.0
488364.900000 4206164.000000 28181.0
488265.800000 4206186.100000 28211.0
487956.000000 4206261.900000 28241.0
487677.800000 4206332.200000 28271.0
487617.200000 4206357.700000 28301.0
487658.900000 4206655.100000 28331.0
487587.300000 4206957.000000 28361.0
487584.400000 4207333.300000 28391.0
487599.000000 4207700.700000 28421.0
487599.000000 4207700.700000 28451.0
487596.300000 4207736.200000 28481.0
487597.200000 4207738.300000 28511.0
487595.500000 4207759.500000 28541.0
487539.800000 4208092.300000 28571.0
487516.200000 4208193.500000 28601.0
487201.300000 4208280.300000 28631.0
486843.400000 4208397.200000 28661.0
486627.300000 4208303.200000 28691.0
486548.800000 4208119.200000 28721.0
486360.800000 4208049.700000 28751.0
485846.700000 4208122.500000 28781.0
485406.200000 4208194.400000 28811.0
485307.300000 4208324.500000 28841.0
485270.500000 4208344.500000 28871.0
485023.600000 4208177.300000 28901.0
484522.200000 4208055.000000 28931.0
484060.300000 4207954.800000 28961.0
483680.000000 4207857.700000 28991.0
483565.000000 4207827.900000 29021.0
483518.500000 4207853.400000 29051.0
483430.800000 4207878.100000 29081.0
483423.400000 4207878.600000 31782.0
483390.100000 4207877.400000 31872.0
483427.800000 4207875.200000 31902.0
483506.800000 4207859.400000 31932.0
483504.000000 4207829.300000 31962.0
483504.000000 4207828.000000 31992.0
483618.200000 4207829.900000 32022.0
483997.600000 4207920.200000 32052.0
484405.100000 4208017.200000 32082.0
484677.200000 4208079.700000 32112.0
484803.700000 4208110.400000 32142.0
485147.100000 4208247.300000 32172.0
485340.200000 4208259.300000 32202.0
485713.800000 4208140.100000 32232.0
486232.500000 4208067.300000 32262.0
486482.500000 4208022.400000 32292.0
486482.500000 4208022.400000 32322.0
486549.300000 4208124.300000 32352.0
486660.300000 4208368.300000 32382.0
486722.700000 4208441.500000 32412.0
487020.000000 4208319.900000 32442.0
487367.400000 4208220.800000 32472.0
487504.300000 4208195.200000 32502.0
487529.700000 4208143.900000 32532.0
487580.000000 4207793.400000 32562.0
487578.500000 4207328.700000 32592.0
487555.000000 4206877.100000 32622.0
487360.100000 4206861.700000 32652.0
487317.500000 4206611.200000 32682.0
487389.400000 4206489.200000 32712.0
487342.700000 4206423.700000 32742.0
487381.300000 4206390.200000 32772.0
487479.600000 4206368.000000 32802.0
487855.200000 4206287.500000 32832.0
488317.700000 4206165.800000 32862.0
488549.400000 4206114.200000 32892.0
488795.100000 4206044.000000 32922.0
488928.500000 4205992.600000 32952.0
488942.500000 4205917.300000 32982.0
488917.700000 4205788.700000 33012.0
489043.200000 4205755.100000 33042.0
489180.200000 4205726.900000 33072.0
489333.000000 4205791.100000 33102.0
489368.200000 4205808.800000 33132.0
489436.600000 4205805.300000 33162.0
489652.600000 4205768.200000 33192.0
489756.200000 4205687.300000 33222.0
489933.500000 4205703.600000 33252.0
490151.100000 4205631.300000 33282.0
490382.700000 4205425.800000 33312.0
490466.000000 4205345.700000 33342.0
490470.300000 4205345.700000 33372.0
490482.600000 4205363.500000 33582.0
490487.200000 4205359.200000 35041.0
490486.400000 4205349.100000 36631.0
490430.200000 4205392.300000 44821.0
490293.300000 4205513.500000 44851.0
490131.900000 4205671.100000 44881.0
489896.700000 4205699.400000 44911.0
489751.000000 4205744.000000 44941.0
489715.300000 4205921.400000 44971.0
489632.700000 4205923.600000 45001.0
489480.000000 4205957.200000 45031.0
489339.500000 4205957.400000 45061.0
489226.300000 4205958.800000 45091.0
488990.300000 4205983.700000 45121.0
488683.100000 4206095.000000 45151.0
488384.700000 4206164.400000 45181.0
488220.600000 4206202.300000 45211.0
487937.300000 4206273.800000 45241.0
487695.900000 4206334.300000 45271.0
487621.300000 4206388.500000 45301.0
487658.500000 4206654.700000 45331.0
487597.500000 4206940.900000 45361.0
487596.200000 4207160.600000 45391.0
487596.700000 4207517.800000 45421.0
487600.500000 4207693.000000 45451.0
487600.500000 4207729.900000 45481.0
487601.400000 4207733.300000 45511.0
487597.900000 4207778.500000 45541.0
487551.800000 4208047.000000 45571.0
487536.600000 4208400.000000 45601.0
487496.900000 4208826.200000 45631.0
487338.300000 4209036.000000 45661.0
487263.700000 4209064.900000 45691.0
487285.800000 4209168.100000 45721.0
487154.600000 4209409.200000 45751.0
486925.000000 4209657.100000 45781.0
486763.900000 4209890.600000 45811.0
486569.400000 4210106.400000 45841.0
486223.200000 4210365.500000 45871.0
485873.500000 4210615.900000 45901.0
485805.200000 4210679.000000 45931.0
485764.100000 4210727.800000 45961.0
485796.100000 4210957.600000 45991.0
485794.500000 4210961.800000 46021.0
485773.800000 4211198.000000 46051.0
485770.300000 4211206.900000 46081.0
485740.600000 4211245.900000 46111.0
485721.300000 4211253.500000 46141.0
485721.400000 4211254.800000 46171.0
485597.700000 4211244.900000 46201.0
485323.000000 4211213.200000 46231.0
485152.800000 4211221.100000 46261.0
484944.100000 4211270.200000 46291.0
484766.200000 4211353.900000 46321.0
484482.000000 4211425.500000 46351.0
484379.400000 4211405.800000 46381.0
484205.600000 4211346.000000 46411.0
483982.700000 4211363.000000 46441.0
483624.000000 4211423.800000 46471.0
483586.400000 4211439.500000 46501.0
483498.800000 4211479.500000 46531.0
483469.900000 4211489.700000 46561.0
483465.500000 4211491.000000 46591.0
483383.900000 4211519.100000 46621.0
483381.200000 4211515.700000 46651.0
483321.500000 4211531.500000 46711.0
483335.300000 4211787.900000 46741.0
483085.600000 4211956.900000 46771.0
483074.500000 4212081.400000 46801.0
483090.500000 4212221.000000 46831.0
483136.000000 4212611.600000 46861.0
483179.500000 4212883.200000 46891.0
483277.000000 4212933.000000 46921.0
483534.700000 4212872.300000 46951.0
483652.600000 4212984.300000 46981.0
483673.800000 4213059.600000 47011.0
483723.000000 4213080.600000 47041.0
483835.200000 4213046.100000 47071.0
483917.600000 4212977.000000 47101.0
484146.400000 4212932.100000 47131.0
484418.200000 4212919.300000 47161.0
484628.600000 4212881.200000 47191.0
484717.700000 4212662.700000 47221.0
484963.200000 4212558.900000 47251.0
485307.400000 4212344.100000 47281.0
485375.800000 4212301.700000 47311.0
485419.600000 4212292.700000 47341.0
485465.300000 4212285.900000 47371.0
485489.000000 4212255.800000 47401.0
485476.700000 4212184.700000 47431.0
485465.200000 4212145.800000 47461.0
485462.500000 4212135.600000 47491.0
485516.800000 4212063.600000 47521.0
485527.300000 4212066.900000 47551.0
485577.400000 4212079.100000 47581.0
485672.600000 4211870.300000 47611.0
485713.200000 4211590.500000 47641.0
485709.200000 4211320.900000 47671.0
485735.400000 4211242.900000 47701.0
485778.100000 4211075.200000 47731.0
485795.300000 4210832.300000 47761.0
485751.200000 4210735.800000 47791.0
485542.800000 4210508.900000 47821.0
485318.700000 4210298.500000 47851.0
485506.100000 4210082.800000 47881.0
485725.900000 4209849.200000 47911.0
485906.400000 4209660.100000 47941.0
486093.000000 4209479.900000 47971.0
486319.200000 4209322.100000 48001.0
486669.900000 4209116.200000 48031.0
487084.700000 4208871.300000 48061.0
487041.500000 4208782.500000 48091.0
487297.600000 4208664.400000 48121.0
487489.700000 4208615.500000 48151.0
487529.600000 4208350.000000 48181.0
487524.300000 4208245.900000 48211.0
487552.900000 4208036.400000 48241.0
487599.800000 4207684.600000 48271.0
487597.300000 4207163.100000 48301.0
487502.100000 4206845.000000 48331.0
487355.300000 4206797.400000 48361.0
487337.600000 4206678.900000 48391.0
487411.000000 4206525.600000 48421.0
487367.000000 4206457.900000 48451.0
487367.000000 4206456.700000 48481.0
487403.800000 4206396.500000 48511.0
487725.900000 4206335.100000 48541.0
488083.000000 4206233.400000 48571.0
488451.600000 4206146.500000 48601.0
488463.900000 4206146.500000 48631.0
488699.100000 4206095.000000 48781.0
488920.100000 4206011.300000 48811.0
489164.200000 4205966.500000 48841.0
489254.700000 4205967.700000 48871.0
489330.200000 4205967.600000 48901.0
489482.100000 4205966.100000 48931.0
489679.600000 4205903.600000 48961.0
489752.200000 4205741.400000 48991.0
489875.900000 4205705.700000 49021.0
490126.900000 4205678.800000 49051.0
490211.000000 4205597.800000 49081.0
490441.700000 4205390.200000 49111.0
490463.700000 4205390.100000 49141.0
490464.500000 4205386.800000 49171.0
490302.200000 4205508.800000 50911.0
490125.900000 4205686.400000 50941.0
489852.000000 4205693.500000 50971.0
489732.700000 4205836.700000 51001.0
489577.500000 4205943.600000 51031.0
489489.700000 4205955.900000 51061.0
489334.300000 4205956.100000 51091.0
489219.300000 4205956.300000 51121.0
488901.500000 4206004.500000 51151.0
488598.800000 4206115.000000 51181.0
488273.200000 4206187.400000 51211.0
488241.600000 4206196.300000 51241.0
487895.700000 4206281.100000 51271.0
487618.400000 4206364.800000 51301.0
487660.000000 4206641.200000 51331.0
487599.800000 4206941.800000 51361.0
487593.300000 4207268.100000 51391.0
487603.700000 4207708.700000 51421.0
487603.700000 4207710.000000 51451.0
487592.500000 4207833.200000 51481.0
487549.800000 4208072.800000 51511.0
487523.100000 4208447.800000 51541.0
487493.000000 4208912.600000 51571.0
487249.200000 4209093.700000 51601.0
487313.600000 4209247.700000 51631.0
487224.200000 4209365.500000 51661.0
486933.200000 4209655.400000 51691.0
486742.300000 4209919.800000 51721.0
486624.900000 4210062.200000 51751.0
486371.700000 4210259.100000 51781.0
486068.500000 4210483.900000 51811.0
485893.100000 4210608.600000 51841.0
485858.000000 4210636.600000 51871.0
485835.300000 4210657.800000 51901.0
485790.700000 4210702.300000 51931.0
485789.800000 4210702.300000 51961.0
485801.500000 4210869.900000 51991.0
485798.100000 4210935.500000 52021.0
485797.300000 4210951.200000 52051.0
485792.300000 4211036.700000 52081.0
485786.200000 4211098.900000 52111.0
485783.500000 4211116.700000 52141.0
485775.000000 4211200.100000 52171.0
485775.000000 4211201.400000 52201.0
485725.900000 4211260.300000 52231.0
485724.200000 4211261.600000 52261.0
485487.200000 4211225.200000 52321.0
485161.700000 4211227.000000 52351.0
485010.800000 4211257.300000 52381.0
484758.300000 4211364.500000 52411.0
484466.300000 4211459.400000 52441.0
484329.300000 4211364.400000 52471.0
484046.800000 4211360.700000 52501.0
483722.200000 4211390.100000 52531.0
483584.600000 4211441.600000 52561.0
483322.400000 4211533.200000 52591.0
483189.300000 4211272.700000 52621.0
483000.000000 4210940.400000 52651.0
482910.700000 4210632.000000 52681.0
482719.800000 4210427.200000 52711.0
482529.700000 4210130.000000 52741.0
482434.600000 4209960.500000 52771.0
482258.500000 4209721.300000 52801.0
482253.300000 4209717.900000 52831.0
482206.900000 4209748.900000 52861.0
482135.800000 4209763.500000 52891.0
481894.700000 4209911.700000 52921.0
481721.400000 4210068.700000 52951.0
481840.200000 4210239.400000 52981.0
482011.500000 4210360.100000 53011.0
482107.300000 4210436.500000 53041.0
482219.000000 4210554.800000 53071.0
482288.600000 4210684.600000 53101.0
482368.900000 4210914.200000 53131.0
482434.800000 4210977.200000 53161.0
482557.500000 4210919.300000 53191.0
482596.900000 4210893.900000 53221.0
482659.900000 4210854.800000 53251.0
482782.600000 4210782.600000 53281.0
482878.100000 4210730.300000 53311.0
482878.100000 4210730.300000 53341.0
482902.700000 4210720.100000 53371.0
482914.900000 4210714.600000 53401.0
482914.900000 4210713.300000 53431.0
482967.600000 4210713.200000 53491.0
483040.200000 4211022.400000 53521.0
483046.400000 4211036.800000 53551.0
483081.900000 4211213.200000 53581.0
483052.700000 4211472.800000 53611.0
482971.200000 4211594.000000 53641.0
482992.700000 4211771.300000 53671.0
482891.000000 4211796.000000 53701.0
482815.600000 4211811.900000 53731.0
482761.200000 4211796.300000 53761.0
482673.600000 4211848.600000 53791.0
482634.100000 4211849.900000 53821.0
482595.400000 4211807.700000 53851.0
482501.300000 4211703.700000 53881.0
482415.900000 4211610.800000 53911.0
482336.500000 4211429.000000 53941.0
482210.600000 4211258.300000 53971.0
482127.200000 4211195.400000 54001.0
481995.800000 4211252.400000 54031.0
481825.700000 4211322.600000 54061.0
481750.100000 4211256.300000 54091.0
481602.700000 4211252.400000 54121.0
481468.400000 4211243.800000 54151.0
481362.400000 4211280.900000 54181.0
481166.200000 4211405.800000 54211.0
481083.000000 4211433.900000 54241.0
481019.600000 4211321.900000 54271.0
481229.000000 4211194.800000 54301.0
481349.100000 4211178.100000 54331.0
481385.100000 4211161.500000 54361.0
481399.100000 4211154.700000 54391.0
481421.900000 4211179.200000 54421.0
481507.500000 4211348.700000 54451.0
481618.600000 4211585.900000 54481.0
481676.000000 4211728.000000 54511.0
481764.100000 4211914.000000 54541.0
481816.100000 4212030.300000 54571.0
481840.900000 4212136.900000 54601.0
481788.400000 4212238.200000 54631.0
481861.100000 4212566.500000 54661.0
481916.900000 4212822.800000 54691.0
481979.200000 4212867.100000 54721.0
482221.900000 4212763.300000 54751.0
482478.700000 4212684.900000 54781.0
482503.200000 4212596.000000 54811.0
482489.600000 4212431.800000 54841.0
482458.400000 4212243.100000 54871.0
482347.500000 4212115.900000 54901.0
482472.700000 4211971.300000 54931.0
482592.600000 4211836.900000 54961.0
482549.300000 4211726.900000 54991.0
482587.900000 4211689.200000 55021.0
482680.800000 4211640.300000 55051.0
482761.300000 4211560.100000 55081.0
482898.100000 4211511.200000 55111.0
483070.800000 4211446.500000 55141.0
483113.000000 4211429.900000 55171.0
483115.700000 4211428.600000 55201.0
483133.200000 4211424.300000 55231.0
483181.400000 4211401.000000 55261.0
483184.000000 4211399.700000 55291.0
483267.500000 4211467.200000 55351.0
483276.300000 4211498.100000 55381.0
483468.400000 4211487.600000 55411.0
483776.900000 4211382.800000 55441.0
484101.500000 4211355.500000 55471.0
484397.400000 4211451.500000 55501.0
484619.200000 4211403.200000 55531.0
484990.900000 4211259.500000 55561.0
485190.000000 4211219.300000 55591.0
485469.800000 4211221.000000 55621.0
485599.700000 4211246.100000 55651.0
485660.300000 4211257.000000 55681.0
485696.300000 4211263.700000 55711.0
485784.600000 4211046.000000 55741.0
485783.300000 4210792.900000 55771.0
485632.000000 4210596.800000 55801.0
485567.000000 4210533.800000 55831.0
485402.700000 4210377.500000 55861.0
485367.300000 4210235.400000 55891.0
485642.300000 4209945.400000 55921.0
485848.900000 4209726.600000 55951.0
486042.600000 4209531.200000 55981.0
486266.900000 4209364.500000 56011.0
486576.500000 4209178.600000 56041.0
486890.300000 4208989.300000 56071.0
487093.700000 4208863.700000 56101.0
487136.500000 4208729.500000 56131.0
487452.200000 4208629.100000 56161.0
487533.600000 4208401.700000 56191.0
487526.200000 4208195.100000 56221.0
487573.200000 4207898.800000 56251.0
487586.600000 4207471.700000 56281.0
487585.900000 4207044.600000 56311.0
487607.500000 4206812.700000 56341.0
487536.100000 4206668.400000 56371.0
487373.400000 4206453.300000 56401.0
487488.300000 4206364.200000 56431.0
487607.700000 4206345.000000 56461.0
487900.800000 4206278.100000 56491.0
488345.700000 4206166.600000 56521.0
488634.400000 4206098.400000 56551.0
488944.200000 4205996.000000 56581.0
489055.600000 4205882.900000 56611.0
489036.200000 4205759.700000 56641.0
489189.900000 4205728.600000 56671.0
489346.200000 4205796.100000 56701.0
489426.100000 4205809.200000 56731.0
489664.000000 4205764.400000 56761.0
489780.600000 4205694.400000 56791.0
490055.400000 4205713.100000 56821.0
490285.300000 4205520.700000 56851.0
490473.000000 4205378.300000 56881.0
490480.900000 4205374.000000 56911.0
490449.300000 4205377.500000 57721.0
490296.700000 4205509.700000 57751.0
490130.900000 4205676.200000 57781.0
489952.800000 4205701.000000 57811.0
489762.200000 4205710.100000 57841.0
489720.300000 4205914.200000 57871.0
489660.500000 4205916.400000 57901.0
489467.500000 4205950.000000 57931.0
489227.800000 4205953.700000 57961.0
488896.000000 4205999.500000 57991.0
488540.700000 4206123.100000 58021.0
488241.400000 4206192.500000 58051.0
488187.000000 4206205.700000 58081.0
487829.000000 4206299.400000 58111.0
487622.000000 4206394.000000 58141.0
487659.200000 4206692.400000 58171.0
487588.500000 4206951.900000 58201.0
487600.900000 4207114.000000 58231.0
487593.300000 4207268.100000 58261.0
487597.200000 4207491.200000 58291.0
487604.500000 4207728.600000 58321.0
487606.200000 4207732.800000 58351.0
487579.200000 4207942.400000 58411.0
487536.700000 4208266.200000 58441.0
487501.300000 4208656.900000 58471.0
487446.600000 4208992.200000 58501.0
487273.900000 4209122.400000 58531.0
487310.900000 4209226.500000 58561.0
487205.800000 4209378.600000 58591.0
486921.900000 4209668.600000 58621.0
486667.000000 4210008.400000 58651.0
486428.700000 4210219.600000 58681.0
486331.400000 4210290.900000 58711.0
486122.000000 4210450.800000 58741.0
485966.800000 4210549.700000 58771.0
485816.900000 4210673.100000 58801.0
485784.500000 4210704.000000 58831.0
485783.700000 4210704.000000 58861.0
485761.700000 4210710.900000 58891.0
485526.200000 4210489.500000 58921.0
485317.900000 4210297.700000 58951.0
485218.600000 4210208.100000 58981.0
484995.300000 4209999.900000 59011.0
484763.200000 4209775.100000 59041.0
484748.300000 4209758.600000 59071.0
484639.300000 4209655.600000 59101.0
484449.500000 4209465.000000 59131.0
484198.100000 4209224.700000 59161.0
483965.300000 4209027.500000 59191.0
483748.200000 4208874.700000 59221.0
483789.300000 4208821.300000 59251.0
483713.600000 4208721.500000 59281.0
483653.700000 4208646.300000 59311.0
483551.600000 4208505.600000 59341.0
483387.300000 4208398.400000 59371.0
483335.700000 4208451.800000 59401.0
483316.500000 4208478.500000 59431.0
483273.600000 4208530.700000 59461.0
483171.300000 4208705.300000 59491.0
483114.300000 4208743.100000 59521.0
483083.600000 4208764.300000 59551.0
483014.900000 4208671.300000 59611.0
482773.600000 4208708.600000 59641.0
482416.600000 4208790.200000 59671.0
482198.800000 4208742.900000 59701.0
482109.300000 4208732.900000 59731.0
482121.800000 4208866.200000 59761.0
482013.200000 4208978.600000 59791.0
481900.200000 4209062.200000 59821.0
481890.700000 4209162.100000 59851.0
482027.400000 4209440.300000 59881.0
482191.000000 4209630.900000 59911.0
482213.000000 4209657.500000 59941.0
482213.000000 4209658.800000 59971.0
482205.300000 4209743.000000 60031.0
482166.200000 4209921.700000 60061.0
481949.900000 4210086.400000 60091.0
481801.800000 4210190.900000 60121.0
481940.500000 4210265.000000 60151.0
482094.500000 4210415.800000 60181.0
482226.400000 4210554.300000 60211.0
482310.900000 4210722.600000 60241.0
482389.600000 4210979.800000 60271.0
482389.600000 4210981.100000 60301.0
482303.700000 4211015.500000 60331.0
481988.800000 4211070.400000 60361.0
481703.800000 4211132.000000 60391.0
481564.500000 4211258.800000 60421.0
481370.600000 4211269.400000 60451.0
481193.600000 4211386.200000 60481.0
481086.600000 4211429.600000 60511.0
481073.400000 4211416.600000 60541.0
481016.900000 4211321.500000 60571.0
481201.700000 4211195.700000 60601.0
481259.600000 4211184.600000 60631.0
481303.400000 4211181.100000 60661.0
481345.600000 4211181.000000 60691.0
481368.400000 4211170.000000 60721.0
481400.800000 4211159.700000 60751.0
481470.900000 4211135.000000 60781.0
481583.900000 4211110.200000 60811.0
481689.200000 4211097.700000 60841.0
481756.000000 4211187.300000 60871.0
481919.000000 4211129.400000 60901.0
481976.300000 4211215.600000 60931.0
482029.200000 4211305.200000 60961.0
482095.300000 4211489.200000 60991.0
482032.500000 4211596.800000 61021.0
481834.400000 4211671.800000 61051.0
481744.100000 4211705.400000 61081.0
481680.000000 4211730.900000 61111.0
481768.100000 4211925.900000 61141.0
481842.100000 4212092.000000 61171.0
481850.900000 4212104.300000 61201.0
481854.400000 4212109.800000 61231.0
481860.600000 4212126.300000 61261.0
481861.500000 4212126.300000 61291.0
481745.700000 4212125.300000 61321.0
481783.600000 4212240.700000 61351.0
481856.200000 4212555.500000 61381.0
481915.500000 4212828.300000 61411.0
481933.400000 4212974.700000 61441.0
481899.700000 4213172.500000 61471.0
482041.700000 4213154.400000 61501.0
482198.000000 4213232.800000 61531.0
482243.000000 4213385.900000 61561.0
482282.700000 4213504.300000 61591.0
482335.800000 4213686.200000 61621.0
482339.500000 4213740.400000 61651.0
482340.400000 4213773.800000 61681.0
482353.000000 4213945.600000 61711.0
482368.400000 4214185.200000 61741.0
482367.600000 4214199.600000 61771.0
482370.600000 4214374.800000 61801.0
482353.700000 4214701.200000 61831.0
482329.000000 4215027.500000 61861.0
482330.100000 4215159.600000 61891.0
482330.100000 4215160.900000 61921.0
482372.500000 4215246.300000 61951.0
482483.500000 4215460.200000 61981.0
482615.500000 4215700.800000 62011.0
482755.400000 4215924.800000 62041.0
483004.000000 4216110.500000 62071.0
483164.600000 4216191.000000 62101.0
483164.600000 4216192.300000 62131.0
483174.300000 4216194.400000 62161.0
483246.800000 4216492.600000 62191.0
483468.300000 4216801.600000 62221.0
483723.600000 4216814.200000 62251.0
483915.400000 4216758.400000 62281.0
484018.900000 4216713.700000 62311.0
484285.100000 4216563.400000 62341.0
484417.400000 4216483.100000 62371.0
484435.000000 4216477.600000 62401.0
484438.500000 4216479.700000 62431.0
484514.900000 4216567.200000 62461.0
484805.700000 4216884.900000 62491.0
485173.700000 4217240.200000 62521.0
485596.000000 4217537.000000 62551.0
485925.100000 4217743.800000 62581.0
486059.300000 4217841.400000 62611.0
486420.200000 4218144.700000 62641.0
486725.500000 4218247.500000 62671.0
486927.300000 4218353.800000 62701.0
487289.000000 4218727.000000 62731.0
487476.100000 4218939.600000 62761.0
487695.400000 4218994.700000 62791.0
488147.800000 4219115.100000 62821.0
488283.700000 4219148.300000 62851.0
488351.300000 4219163.900000 62881.0
488506.200000 4219016.000000 62911.0
488653.100000 4218692.000000 62941.0
488658.900000 4218397.000000 62971.0
488659.400000 4218201.800000 63001.0
488609.100000 4217951.300000 63031.0
488619.100000 4217587.300000 63061.0
488614.300000 4217231.400000 63091.0
488481.700000 4217157.000000 63121.0
488135.600000 4217282.800000 63151.0
487757.200000 4217497.500000 63181.0
487402.600000 4217784.200000 63211.0
487012.900000 4218012.100000 63241.0
486752.000000 4218213.100000 63271.0
486710.900000 4218232.300000 63301.0
486352.200000 4218087.700000 63331.0
485970.300000 4217778.900000 63361.0
485522.700000 4217504.600000 63391.0
485136.400000 4217210.200000 63421.0
484817.600000 4216902.300000 63451.0
484539.900000 4216603.100000 63481.0
484449.200000 4216393.800000 63511.0
484421.700000 4216255.000000 63541.0
484372.200000 4216073.100000 63571.0
484508.000000 4216012.700000 63601.0
484401.700000 4215884.300000 63631.0
484404.000000 4215646.800000 63661.0
484408.000000 4215471.600000 63691.0
484428.500000 4215198.500000 63721.0
484431.700000 4214994.500000 63751.0
484405.100000 4214830.300000 63781.0
484453.900000 4214653.700000 63811.0
484419.500000 4214466.300000 63841.0
484201.600000 4214233.500000 63871.0
484132.900000 4214129.500000 63901.0
484161.500000 4213942.000000 63931.0
484160.500000 4213851.000000 63961.0
484135.100000 4213439.200000 63991.0
484162.400000 4213021.800000 64021.0
484215.800000 4212943.800000 64051.0
484543.900000 4212917.800000 64081.0
484612.000000 4212746.700000 64111.0
484821.400000 4212651.900000 64141.0
485182.500000 4212435.800000 64171.0
485466.500000 4212287.600000 64201.0
485492.700000 4212275.300000 64231.0
485445.900000 4212093.300000 64261.0
485439.600000 4212059.900000 64291.0
485605.500000 4212061.700000 64321.0
485690.900000 4211755.100000 64351.0
485743.900000 4211448.600000 64381.0
485742.800000 4211244.600000 64411.0
485782.800000 4211058.300000 64441.0
485794.600000 4210813.200000 64471.0
485581.700000 4210547.400000 64501.0
485363.800000 4210344.600000 64531.0
485420.600000 4210173.500000 64561.0
485663.100000 4209917.800000 64591.0
485881.200000 4209690.200000 64621.0
486019.500000 4209533.300000 64651.0
485889.400000 4209399.400000 64681.0
485776.800000 4209228.600000 64711.0
485675.500000 4209042.500000 64741.0
485574.200000 4208856.500000 64771.0
485487.100000 4208700.000000 64801.0
485408.700000 4208579.100000 64831.0
485283.900000 4208421.900000 64861.0
485042.900000 4208188.300000 64891.0
484732.900000 4208108.800000 64921.0
484541.400000 4208062.600000 64951.0
484156.900000 4207992.300000 64981.0
483767.000000 4207880.800000 65011.0
483514.100000 4207842.400000 65041.0
483424.600000 4207876.900000 65071.0
483416.700000 4207878.200000 65101.0
483406.200000 4207881.600000 65131.0
483388.600000 4207862.600000 65281.0
