478269.200000 4207987.100000 22636.0
478207.500000 4207868.700000 22876.0
478161.700000 4207708.400000 22910.0
478052.100000 4207736.700000 22940.0
477930.300000 4207789.500000 22970.0
477830.400000 4207854.100000 23000.0
477820.700000 4207857.500000 23030.0
477828.600000 4207857.500000 23060.0
477779.400000 4207879.600000 23120.0
477749.500000 4207838.600000 23150.0
477937.900000 4207738.200000 23180.0
478102.100000 4207660.800000 23210.0
478137.200000 4207645.000000 23240.0
478155.500000 4207587.400000 23270.0
478272.600000 4207362.800000 23300.0
478394.300000 4207558.800000 23330.0
478451.800000 4207692.800000 23360.0
478538.200000 4207855.600000 23390.0
478779.700000 4208213.400000 23420.0
479041.400000 4208618.700000 23450.0
479146.200000 4208739.500000 23480.0
479359.400000 4209053.000000 23510.0
479754.100000 4209327.100000 23540.0
479929.300000 4209586.100000 23570.0
479935.500000 4209596.300000 23600.0
480109.900000 4209840.100000 23630.0
480146.000000 4209898.800000 23660.0
480162.800000 4209925.500000 23690.0
480185.600000 4209956.300000 23720.0
480186.500000 4209957.600000 23750.0
480239.400000 4210034.000000 23780.0
480107.200000 4210179.500000 23810.0
480102.800000 4210181.700000 23840.0
480022.300000 4210256.400000 23900.0
479874.300000 4210367.600000 23930.0
479867.300000 4210371.000000 23960.0
479942.400000 4210549.400000 23990.0
479857.500000 4210680.400000 24020.0
479901.600000 4210789.100000 24050.0
479769.300000 4210887.200000 24080.0
479572.100000 4210985.500000 24110.0
479437.300000 4211069.200000 24140.0
479333.800000 4211137.200000 24170.0
479304.900000 4211162.600000 24200.0
479293.600000 4211174.900000 24230.0
479275.200000 4211189.400000 24260.0
479436.000000 4211382.400000 24320.0
479589.200000 4211611.800000 24350.0
479730.000000 4211780.000000 24380.0
479849.200000 4212054.800000 24410.0
479940.000000 4212262.000000 24440.0
480083.100000 4212259.500000 24470.0
480207.400000 4212170.300000 24500.0
480282.500000 4212042.700000 24530.0
480376.600000 4212144.500000 24560.0
480340.900000 4212246.600000 24590.0
480327.700000 4212236.500000 24620.0
480244.900000 4212124.500000 24650.0
480370.800000 4211929.900000 24680.0
480463.500000 4211793.400000 24710.0
480501.000000 4211729.000000 24740.0
480734.600000 4211455.400000 24770.0
480816.000000 4211346.500000 24800.0
480797.600000 4210991.400000 24830.0
480636.800000 4210516.900000 24860.0
480319.100000 4210144.700000 24890.0
480297.200000 4210116.000000 24920.0
480297.100000 4210113.900000 24950.0
480278.400000 4210093.200000 24980.0
480275.700000 4210089.800000 25010.0
480259.900000 4210070.800000 25070.0
480259.900000 4210070.800000 25100.0
480249.300000 4210057.700000 25130.0
480404.300000 4209899.900000 25160.0
480601.100000 4209633.200000 25190.0
480987.600000 4209425.800000 25220.0
481346.300000 4209344.100000 25250.0
481392.000000 4209344.000000 25280.0
481468.300000 4209319.300000 25310.0
481572.600000 4209258.900000 25340.0
481633.900000 4209223.200000 25370.0
481741.800000 4209160.800000 25400.0
481742.600000 4209160.800000 25430.0
481960.700000 4209015.100000 25460.0
482030.000000 4209007.400000 25490.0
482033.900000 4209168.200000 25520.0
481984.800000 4209230.500000 25550.0
481989.200000 4209239.400000 25580.0
482093.500000 4209187.900000 25610.0
482025.500000 4209007.400000 25640.0
482100.700000 4208882.800000 25670.0
482006.400000 4208679.000000 25700.0
482074.700000 4208624.600000 25730.0
482156.300000 4208562.200000 25760.0
482271.900000 4208472.300000 25790.0
482420.100000 4208404.200000 25820.0
482617.700000 4208423.700000 25850.0
482788.900000 4208476.700000 25880.0
482841.400000 4208387.700000 25910.0
482832.600000 4208318.700000 25940.0
482845.700000 4208306.400000 25970.0
482954.500000 4208290.500000 26000.0
483013.000000 4208146.100000 26030.0
483033.800000 4208019.500000 26060.0
483172.300000 4207957.000000 26090.0
483304.800000 4207899.100000 26120.0
483355.600000 4207883.400000 26150.0
483365.400000 4207881.200000 26180.0
483391.000000 4207972.200000 26330.0
483577.900000 4207946.400000 26360.0
483642.800000 4207917.500000 26390.0
483707.700000 4207858.500000 26420.0
484094.900000 4207950.900000 26450.0
484251.000000 4207897.300000 26480.0
484517.200000 4207975.500000 26510.0
484838.600000 4208068.000000 26540.0
485012.300000 4208038.900000 26570.0
485200.800000 4207920.100000 26600.0
485344.100000 4208010.800000 26630.0
485494.000000 4207883.100000 26660.0
485554.500000 4207836.500000 26690.0
485564.300000 4207833.100000 26720.0
485568.400000 4207831.800000 27050.0
485504.400000 4207894.100000 27440.0
485371.700000 4207808.900000 27470.0
485150.800000 4207975.600000 27500.0
484971.100000 4208095.700000 27530.0
484626.800000 4207977.800000 27560.0
484273.800000 4207895.100000 27590.0
484168.600000 4207961.800000 27620.0
483896.400000 4207903.400000 27650.0
483488.900000 4207801.000000 27680.0
483307.300000 4207798.000000 27710.0
483304.700000 4207874.600000 27740.0
483374.000000 4207860.000000 27770.0
483373.200000 4207854.500000 27800.0
483372.300000 4207858.800000 27830.0
483371.500000 4207863.000000 28100.0
483377.800000 4207886.300000 28820.0
483391.800000 4207893.400000 41781.0
483441.100000 4207916.600000 42051.0
483464.000000 4207978.800000 42081.0
483409.600000 4207998.000000 42111.0
483285.100000 4208022.800000 42141.0
483137.700000 4208065.400000 42171.0
483030.700000 4208144.300000 42201.0
482933.500000 4208219.000000 42231.0
482951.200000 4208286.700000 42261.0
482899.500000 4208331.300000 42291.0
482874.300000 4208407.900000 42321.0
482904.200000 4208501.000000 42351.0
482951.900000 4208637.200000 42381.0
482652.800000 4208727.500000 42411.0
482537.900000 4208770.100000 42441.0
482458.100000 4208791.400000 42471.0
482393.100000 4208788.200000 42501.0
482196.500000 4208740.800000 42531.0
482120.100000 4208716.400000 42561.0
482027.000000 4208705.600000 42591.0
481917.300000 4208670.300000 42621.0
481897.100000 4208683.400000 42651.0
481899.800000 4208713.500000 42681.0
481961.500000 4208815.300000 42711.0
482040.700000 4208928.200000 42741.0
482105.600000 4208892.500000 42771.0
482008.500000 4208666.300000 42801.0
482083.000000 4208610.600000 42831.0
482186.500000 4208538.500000 42861.0
482286.500000 4208463.800000 42891.0
482308.600000 4208176.300000 42921.0
482304.200000 4208131.900000 42951.0
482302.400000 4208116.200000 42981.0
482265.600000 4208101.900000 43071.0
482199.800000 4208107.600000 43101.0
482128.600000 4208072.200000 43131.0
482120.700000 4208068.800000 43161.0
482088.100000 4208022.300000 43191.0
482075.800000 4207995.700000 43221.0
482007.900000 4207838.400000 43251.0
481975.200000 4207729.700000 43281.0
481953.000000 4207643.400000 43311.0
481947.800000 4207636.600000 43341.0
481923.000000 4207557.900000 43371.0
481766.500000 4207413.100000 43401.0
481578.300000 4207252.700000 43431.0
481456.600000 4207019.700000 43461.0
481298.800000 4206718.300000 43491.0
481194.700000 4206486.600000 43521.0
481165.500000 4206414.700000 43551.0
481152.200000 4206386.000000 43581.0
481104.600000 4206290.900000 43611.0
481033.200000 4206163.600000 43641.0
480967.900000 4206044.000000 43671.0
480892.100000 4205910.800000 43701.0
480792.000000 4205928.900000 43731.0
480774.400000 4205933.100000 43761.0
480719.900000 4205886.700000 43791.0
480451.700000 4205701.900000 43821.0
480282.300000 4205713.400000 43851.0
480240.000000 4205697.800000 43881.0
480141.700000 4205698.000000 43911.0
480029.500000 4205761.400000 43941.0
480026.000000 4205762.600000 43971.0
479931.200000 4205771.800000 44031.0
479648.600000 4205437.200000 44061.0
479442.800000 4204993.800000 44091.0
479381.400000 4205002.800000 44121.0
479200.900000 4205171.700000 44151.0
479075.000000 4205367.100000 44181.0
478971.700000 4205511.700000 44211.0
478876.200000 4205544.200000 44241.0
478843.600000 4205506.600000 44271.0
478837.400000 4205505.300000 44301.0
478865.600000 4205542.100000 44331.0
478883.300000 4205570.800000 44361.0
478954.400000 4205550.700000 44391.0
479127.000000 4205417.000000 44421.0
479159.500000 4205422.400000 44451.0
479221.200000 4205517.500000 44481.0
479281.500000 4205621.000000 44511.0
479294.800000 4205657.800000 44541.0
479318.900000 4205782.200000 44571.0
479344.100000 4206021.200000 44601.0
479430.500000 4206280.900000 44661.0
479608.600000 4206587.700000 44691.0
479652.600000 4206655.400000 44721.0
479722.200000 4206764.000000 44751.0
479732.700000 4206760.500000 44781.0
479745.800000 4206721.600000 44811.0
479846.700000 4206693.400000 44841.0
479955.500000 4206664.300000 44871.0
480026.800000 4206391.200000 44901.0
480115.100000 4206169.200000 44931.0
480119.400000 4206159.000000 44961.0
480235.500000 4206238.700000 44991.0
480442.400000 4206515.500000 45021.0
480646.300000 4206636.900000 45051.0
480872.000000 4206707.500000 45081.0
481187.800000 4206992.000000 45111.0
481514.900000 4207265.100000 45141.0
481552.600000 4207275.200000 45171.0
481747.700000 4207370.000000 45201.0
481878.700000 4207478.500000 45231.0
481879.500000 4207481.800000 45261.0
482027.800000 4207471.400000 45291.0
482090.100000 4207461.100000 45321.0
482177.800000 4207464.300000 45351.0
482213.800000 4207471.800000 45381.0
482307.000000 4207492.800000 45411.0
482347.300000 4207500.300000 45441.0
482542.600000 4207546.400000 45471.0
482593.600000 4207557.300000 45501.0
482714.000000 4207587.100000 45531.0
482751.700000 4207597.200000 45561.0
482842.100000 4207621.600000 45591.0
482884.400000 4207635.000000 45621.0
482897.600000 4207639.200000 45651.0
482965.600000 4207799.900000 45771.0
483060.700000 4207987.200000 45801.0
483201.900000 4207932.800000 45831.0
483350.900000 4207870.300000 45861.0
483375.600000 4207877.000000 45891.0
483379.100000 4207877.000000 45921.0
483407.400000 4207978.100000 47751.0
483346.000000 4207982.400000 47781.0
483227.400000 4207983.900000 47811.0
483141.000000 4207789.800000 47841.0
483139.300000 4207789.800000 47871.0
483123.500000 4207748.800000 47901.0
483114.800000 4207743.300000 47931.0
483100.700000 4207714.600000 47961.0
483076.900000 4207699.000000 48081.0
483057.600000 4207691.400000 48111.0
483036.500000 4207687.200000 48141.0
483032.100000 4207685.900000 48171.0
482803.800000 4207617.400000 48201.0
482761.600000 4207605.200000 48231.0
482696.600000 4207589.700000 48261.0
482675.500000 4207569.900000 48291.0
482672.800000 4207574.100000 48321.0
482705.000000 4207431.800000 48351.0
482719.500000 4207240.900000 48381.0
482712.100000 4207058.900000 48411.0
482816.400000 4206991.000000 48441.0
482947.900000 4206953.000000 48471.0
482934.200000 4206741.000000 48501.0
482886.600000 4206617.900000 48531.0
482550.000000 4206434.500000 48561.0
482535.900000 4206423.600000 48591.0
482253.900000 4206318.800000 48621.0
481930.600000 4206180.700000 48651.0
481650.900000 4205929.400000 48681.0
481325.600000 4205729.500000 48711.0
481271.100000 4205706.400000 48741.0
481043.300000 4205566.000000 48771.0
480921.000000 4205459.600000 48801.0
480921.000000 4205459.600000 48831.0
480764.400000 4205295.700000 48861.0
480507.500000 4205080.100000 48891.0
480174.900000 4204802.300000 48921.0
479786.300000 4204578.100000 48951.0
479666.600000 4204464.100000 48981.0
479554.000000 4204364.500000 49011.0
479512.000000 4204329.500000 49041.0
479460.100000 4204284.300000 49071.0
479425.900000 4204267.900000 49101.0
479116.200000 4203965.700000 49131.0
478853.200000 4203832.200000 49161.0
478847.000000 4203835.600000 49191.0
478728.200000 4203772.800000 49221.0
478459.900000 4203561.400000 49251.0
478190.300000 4203235.800000 49281.0
478127.000000 4203177.200000 49311.0
477869.900000 4202940.400000 49341.0
477592.500000 4202705.800000 49371.0
477609.800000 4202578.400000 49401.0
477622.900000 4202542.800000 49431.0
477532.400000 4202524.000000 49461.0
477247.100000 4201248.700000 50108.0
477314.900000 4201292.900000 50138.0
477437.300000 4201371.300000 50168.0
477480.400000 4201402.100000 50198.0
477513.000000 4201423.200000 50228.0
477527.100000 4201426.500000 50258.0
477683.800000 4201272.900000 50288.0
479244.000000 4200262.300000 50828.0
479142.900000 4200222.800000 50858.0
479041.000000 4200218.800000 50888.0
479126.400000 4200278.700000 50918.0
479237.300000 4200344.000000 50948.0
479364.800000 4200368.200000 50978.0
479385.800000 4200359.300000 51008.0
479144.400000 4201091.300000 51218.0
479078.600000 4201116.000000 51248.0
479007.400000 4201133.900000 51278.0
478907.600000 4201264.100000 51308.0
478838.900000 4201214.400000 51338.0
478806.300000 4201183.600000 51368.0
478806.300000 4201183.600000 51398.0
481547.600000 4202208.900000 51968.0
481738.900000 4202491.200000 51998.0
480896.400000 4203593.500000 52058.0
480823.900000 4203742.300000 52088.0
480896.600000 4203668.900000 52118.0
481214.000000 4203816.700000 52148.0
481568.400000 4204024.600000 52178.0
481622.100000 4204074.400000 52208.0
481712.400000 4204387.000000 52268.0
482078.000000 4204521.600000 52298.0
482238.000000 4204615.600000 52328.0
482182.900000 4204708.000000 52358.0
482266.700000 4204872.100000 52388.0
482313.600000 4205065.000000 52418.0
482278.200000 4205338.900000 52448.0
482068.900000 4205557.700000 52478.0
481862.900000 4205730.000000 52508.0
481705.200000 4205889.100000 52538.0
481716.000000 4205994.500000 52568.0
481833.000000 4206114.000000 52598.0
481992.100000 4206229.200000 52628.0
482398.000000 4206369.300000 52658.0
482797.900000 4206564.800000 52688.0
483185.500000 4206779.400000 52718.0
483499.100000 4206871.900000 52748.0
483881.300000 4207001.100000 52778.0
484042.000000 4207104.100000 52808.0
483762.300000 4207217.600000 52838.0
483675.500000 4207274.500000 52868.0
483516.800000 4207367.900000 52898.0
483281.000000 4207486.100000 52928.0
483293.400000 4207563.900000 52958.0
483281.400000 4207653.700000 52988.0
483355.100000 4207687.800000 53018.0
483367.400000 4207754.200000 53048.0
483420.200000 4207779.500000 53078.0
483497.600000 4207857.300000 53108.0
483395.800000 4207865.100000 53138.0
483377.300000 4207819.800000 53168.0
483380.000000 4207837.600000 53198.0
483377.300000 4207835.500000 55028.0
483379.000000 4207835.500000 55358.0
483379.200000 4207834.600000 55388.0
483377.500000 4207839.300000 55628.0
483378.800000 4207840.100000 55658.0
483438.700000 4207905.600000 55868.0
483468.600000 4207959.700000 55898.0
483366.000000 4207970.100000 55928.0
483242.400000 4207993.600000 55958.0
483141.500000 4208040.400000 55988.0
483036.400000 4208126.100000 56018.0
482937.500000 4208224.900000 56048.0
482953.300000 4208279.100000 56078.0
482870.900000 4208316.900000 56108.0
482870.300000 4208435.400000 56138.0
482945.300000 4208586.400000 56168.0
482807.700000 4208679.800000 56198.0
482681.400000 4208724.500000 56228.0
482567.200000 4208707.000000 56258.0
482573.100000 4208559.200000 56288.0
482676.500000 4208444.700000 56318.0
482850.300000 4208483.300000 56348.0
482857.900000 4208372.400000 56378.0
482860.500000 4208301.300000 56408.0
482759.400000 4208239.300000 56438.0
482622.100000 4208084.200000 56468.0
482581.600000 4207989.100000 56498.0
482549.800000 4207918.000000 56528.0
482508.400000 4207836.000000 56558.0
482447.500000 4207695.200000 56588.0
482402.600000 4207581.000000 56618.0
482404.200000 4207568.700000 56648.0
482397.100000 4207531.100000 56678.0
482395.400000 4207527.700000 56708.0
482382.100000 4207456.600000 56768.0
482324.800000 4207008.500000 56798.0
482080.700000 4206973.500000 56828.0
481938.200000 4206829.500000 56858.0
481766.000000 4206794.300000 56888.0
481661.600000 4206828.000000 56918.0
481546.000000 4206577.700000 56948.0
481491.400000 4206488.900000 56978.0
481458.700000 4206423.400000 57008.0
481353.800000 4206234.800000 57038.0
481207.500000 4206385.000000 57068.0
481180.200000 4206409.600000 57098.0
481094.700000 4206273.500000 57128.0
481025.900000 4206149.200000 57158.0
480958.000000 4206038.500000 57188.0
480918.800000 4206037.800000 57218.0
480799.600000 4206109.100000 57248.0
480693.700000 4206198.300000 57278.0
480586.700000 4206278.500000 57308.0
480541.000000 4206308.700000 57338.0
480609.600000 4206320.800000 57368.0
480717.400000 4206238.400000 57398.0
480758.500000 4206211.200000 57428.0
480863.600000 4206127.600000 57458.0
480948.200000 4206079.600000 57488.0
480945.000000 4206058.900000 57518.0
480915.900000 4206009.000000 57548.0
480731.300000 4205900.600000 57578.0
480585.700000 4205721.100000 57608.0
480322.200000 4205688.300000 57638.0
480262.500000 4205704.900000 57668.0
480237.000000 4205685.100000 57698.0
480322.700000 4205535.100000 57728.0
480380.300000 4205378.300000 57758.0
480282.200000 4205146.600000 57788.0
480174.600000 4204967.000000 57818.0
480111.200000 4204857.100000 57848.0
480018.300000 4204931.800000 57878.0
479917.700000 4205092.900000 57908.0
479937.000000 4205117.400000 57938.0
480012.700000 4205202.700000 57968.0
480081.400000 4205265.600000 57998.0
480188.800000 4205288.200000 58028.0
480245.800000 4204910.900000 58178.0
480208.500000 4204729.000000 58238.0
480270.500000 4204573.600000 58268.0
480307.500000 4204499.800000 58298.0
480347.700000 4204439.600000 58328.0
481633.700000 4202279.800000 58478.0
481496.600000 4201859.400000 58508.0
481432.200000 4201758.300000 58538.0
480098.800000 4200879.000000 58628.0
479795.300000 4199517.300000 58988.0
479689.900000 4199523.000000 59018.0
479674.100000 4199489.600000 59048.0
479454.400000 4199211.300000 59078.0
479401.200000 4199079.300000 59108.0
479323.600000 4198922.100000 59138.0
479156.500000 4198914.500000 59168.0
479159.600000 4198754.900000 59198.0
479118.200000 4198353.300000 59228.0
478983.100000 4198439.200000 59258.0
478896.400000 4198531.700000 59288.0
478861.300000 4198755.200000 59318.0
478890.600000 4198938.800000 59348.0
478839.000000 4199019.000000 59378.0
478712.300000 4199280.000000 59408.0
478709.600000 4199287.600000 59438.0
478565.200000 4199159.400000 59468.0
478519.200000 4199078.600000 59498.0
478283.600000 4199042.400000 59528.0
477972.500000 4198998.800000 59558.0
477900.300000 4198984.600000 59588.0
477877.600000 4199010.100000 59618.0
477827.800000 4199119.000000 59648.0
477761.500000 4199284.600000 59678.0
477594.800000 4199647.000000 59708.0
477529.300000 4199774.600000 59768.0
477520.600000 4199790.200000 59798.0
477518.900000 4199794.500000 59828.0
477483.900000 4199853.400000 59858.0
477404.200000 4199945.900000 59918.0
477271.700000 4200009.300000 59948.0
475973.700000 4199300.700000 60218.0
475968.500000 4199289.700000 60248.0
475620.600000 4199016.900000 60368.0
475429.400000 4198863.400000 60398.0
475306.900000 4198743.900000 60428.0
475006.300000 4198456.200000 60458.0
474799.200000 4198254.900000 60488.0
474774.300000 4198147.500000 60518.0
474665.400000 4197898.100000 60548.0
474379.300000 4197742.400000 60578.0
474326.400000 4197728.200000 60608.0
474332.600000 4197728.200000 60638.0
474119.700000 4197662.400000 60668.0
473824.100000 4197570.200000 60698.0
473823.200000 4197572.300000 60728.0
473688.200000 4197375.100000 60788.0
473512.500000 4197429.800000 60818.0
473468.300000 4197335.600000 60848.0
473413.300000 4197193.500000 60878.0
473408.800000 4197125.800000 60908.0
473356.900000 4197098.100000 60938.0
473307.200000 4196989.500000 60968.0
473293.000000 4196946.300000 60998.0
473250.500000 4196876.600000 61028.0
473245.300000 4196872.400000 61058.0
472937.400000 4197041.000000 61088.0
472850.700000 4197132.300000 61118.0
472688.900000 4197382.600000 61148.0
472449.900000 4197629.700000 61178.0
472401.700000 4197960.400000 61208.0
472466.200000 4198031.300000 61238.0
473074.300000 4198545.200000 61268.0
472992.100000 4198668.700000 61298.0
472447.400000 4198991.300000 61328.0
472431.700000 4199009.100000 61358.0
472239.900000 4199172.700000 61418.0
472225.800000 4199182.900000 61448.0
472207.800000 4199307.400000 61478.0
472266.200000 4199428.300000 61508.0
472488.600000 4199736.100000 61538.0
472736.200000 4199972.700000 61568.0
472993.600000 4200198.300000 61598.0
473188.900000 4200299.700000 61628.0
473189.800000 4200301.800000 61658.0
473328.000000 4200401.200000 61688.0
473393.200000 4200455.200000 61718.0
473395.900000 4200453.900000 61748.0
473409.200000 4200464.000000 61778.0
473781.800000 4200786.600000 61928.0
473843.500000 4200838.500000 61958.0
473864.700000 4200852.800000 61988.0
473919.300000 4200901.300000 62018.0
473919.300000 4200902.600000 62048.0
473997.800000 4200988.700000 62078.0
474048.800000 4201024.100000 62108.0
474052.400000 4201024.100000 62138.0
474156.400000 4201121.500000 62168.0
474166.100000 4201122.700000 62198.0
474185.400000 4201143.800000 62258.0
474211.400000 4201845.100000 62348.0
474258.400000 4201959.200000 62378.0
474329.100000 4202133.400000 62408.0
474434.400000 4202360.300000 62438.0
474525.500000 4202573.000000 62468.0
474591.000000 4202729.400000 62498.0
474663.000000 4202985.600000 62528.0
474675.200000 4202989.800000 62558.0
474683.100000 4202989.800000 62588.0
474838.000000 4202812.800000 62618.0
475351.600000 4203023.300000 62858.0
475365.700000 4203056.700000 62918.0
475372.100000 4203118.900000 62948.0
475399.600000 4203170.000000 62978.0
475404.200000 4203266.500000 63008.0
475404.300000 4203283.000000 63038.0
475292.500000 4203507.700000 63098.0
474797.300000 4203821.100000 63188.0
474503.500000 4203899.900000 63218.0
474304.600000 4204043.600000 63248.0
474280.900000 4204064.800000 63278.0
474186.400000 4204167.100000 63308.0
474168.000000 4204185.000000 63338.0
474080.500000 4204251.700000 63368.0
474019.200000 4204301.800000 63398.0
473932.500000 4204380.000000 63428.0
473887.900000 4204415.700000 63458.0
473516.600000 4204748.700000 63668.0
473236.300000 4204976.100000 63788.0
473201.300000 4205006.200000 63818.0
472956.100000 4205217.800000 63848.0
472881.600000 4205280.300000 63878.0
472710.000000 4205429.400000 63908.0
472525.200000 4205567.600000 63938.0
472362.300000 4205672.200000 63968.0
472091.400000 4205803.100000 63998.0
471866.200000 4205901.600000 64028.0
471608.600000 4206036.700000 64058.0
471444.000000 4206181.600000 64088.0
471316.300000 4206287.400000 64118.0
471165.700000 4206418.800000 64148.0
471010.800000 4206553.500000 64178.0
470917.100000 4206628.300000 64208.0
470903.900000 4206644.000000 64238.0
470832.200000 4206703.100000 64268.0
470806.000000 4206727.700000 64298.0
470733.300000 4206790.200000 64328.0
470721.100000 4206797.900000 64358.0
470634.500000 4206880.300000 64388.0
470511.100000 4206955.200000 64418.0
470447.000000 4206978.700000 64448.0
470272.400000 4206992.500000 64478.0
469935.400000 4206986.900000 64508.0
469671.100000 4206979.000000 64538.0
469495.300000 4206929.700000 64568.0
469147.200000 4206793.500000 64598.0
468841.700000 4206804.800000 64628.0
468771.600000 4206821.600000 64658.0
468458.500000 4206923.900000 64688.0
468244.600000 4206995.900000 64718.0
467891.300000 4207098.400000 64748.0
467462.800000 4207102.200000 64778.0
467065.100000 4207098.300000 64808.0
466814.100000 4207080.200000 64838.0
466735.000000 4207068.300000 64868.0
466718.300000 4207066.200000 64898.0
466570.600000 4207042.300000 64928.0
466247.400000 4206982.700000 64958.0
465855.700000 4206912.300000 64988.0
465614.200000 4206903.200000 65018.0
465372.200000 4206964.300000 65048.0
465106.400000 4207034.400000 65078.0
464949.600000 4207085.000000 65108.0
464766.400000 4207169.200000 65138.0
464657.400000 4207329.200000 65168.0
464647.400000 4207456.700000 65198.0
464661.400000 4207634.000000 65228.0
464681.900000 4207925.500000 65258.0
464643.400000 4208346.400000 65288.0
464575.800000 4208735.200000 65318.0
464414.300000 4209144.400000 65348.0
464237.900000 4209525.700000 65378.0
464027.800000 4209853.800000 65408.0
463764.000000 4210120.300000 65438.0
463500.000000 4210347.900000 65468.0
463453.700000 4210587.700000 65498.0
463556.100000 4211092.200000 65528.0
463656.500000 4211579.000000 65558.0
463709.000000 4211756.100000 65588.0
463713.800000 4211870.300000 65618.0
463748.700000 4212042.000000 65648.0
463740.400000 4212122.900000 65678.0
463628.300000 4212164.500000 65708.0
463472.400000 4212218.500000 65738.0
463328.900000 4212316.900000 65768.0
463375.400000 4212500.800000 65798.0
463431.100000 4212777.800000 65828.0
463185.100000 4213084.100000 65858.0
462938.200000 4213390.400000 65888.0
462732.800000 4213734.100000 65918.0
462657.800000 4213831.000000 65948.0
462489.700000 4213909.600000 65978.0
462222.600000 4214000.600000 66008.0
461910.600000 4214026.600000 66038.0
461928.200000 4214209.800000 66068.0
461955.300000 4214391.700000 66098.0
461913.400000 4214446.000000 66128.0
