487080.400000 4201003.500000 21745.0
487165.800000 4201075.300000 21775.0
487207.100000 4201117.600000 21805.0
487093.300000 4201421.700000 21835.0
487010.300000 4201728.200000 21865.0
486963.300000 4201969.100000 21895.0
487237.700000 4202197.300000 21925.0
487477.100000 4202502.000000 21955.0
487758.500000 4202672.600000 21985.0
488034.000000 4203107.300000 22015.0
488238.300000 4203556.500000 22045.0
488101.900000 4203953.700000 22075.0
488096.100000 4204224.600000 22105.0
488285.100000 4204422.800000 22135.0
488553.300000 4204676.400000 22165.0
488721.000000 4204774.800000 22195.0
488884.300000 4204734.800000 22225.0
488802.700000 4204877.100000 22255.0
488799.400000 4205007.100000 22285.0
488898.800000 4205193.200000 22315.0
488965.700000 4205386.100000 22345.0
489094.000000 4205565.800000 22375.0
489349.900000 4205783.900000 22405.0
489447.400000 4205803.600000 22435.0
489533.400000 4205801.400000 22465.0
489751.800000 4205710.100000 22495.0
489800.000000 4205688.900000 22525.0
490103.800000 4205692.800000 22555.0
490352.000000 4205453.800000 22585.0
490450.300000 4205381.700000 22615.0
490474.900000 4205360.500000 22645.0
490476.500000 4205359.200000 22675.0
490559.800000 4205252.500000 22975.0
490760.900000 4205182.400000 23005.0
490812.900000 4205476.500000 23035.0
490913.200000 4205557.200000 23065.0
490993.300000 4205800.100000 23095.0
491030.200000 4205882.200000 23125.0
491205.900000 4205857.400000 23155.0
491686.100000 4205819.300000 23185.0
492132.900000 4205719.000000 23215.0
492508.400000 4205434.600000 23245.0
493035.200000 4205280.900000 23275.0
493569.900000 4205294.900000 23305.0
494060.800000 4205448.600000 23335.0
494472.800000 4205682.400000 23365.0
494701.900000 4205760.100000 23395.0
494833.600000 4205813.400000 23425.0
495277.100000 4205987.500000 23455.0
495764.400000 4206139.200000 23485.0
496220.200000 4206324.300000 23515.0
496679.300000 4206404.100000 23545.0
497137.700000 4206675.700000 23575.0
497589.000000 4206902.000000 23605.0
497900.700000 4207292.600000 23635.0
498097.300000 4207536.700000 23665.0
498262.400000 4207827.500000 23695.0
498384.600000 4208315.500000 23725.0
498302.100000 4208555.100000 23755.0
498302.100000 4208556.300000 23785.0
498301.300000 4208660.400000 23905.0
498481.300000 4209082.000000 23935.0
498757.900000 4209487.000000 23965.0
499006.300000 4209909.800000 23995.0
498885.200000 4210403.700000 24025.0
498764.100000 4210935.400000 24055.0
498544.800000 4211440.300000 24085.0
498355.500000 4212021.900000 24115.0
498253.000000 4212577.700000 24145.0
498292.600000 4213155.800000 24175.0
498343.600000 4213755.100000 24205.0
498184.100000 4214271.100000 24235.0
497993.800000 4214708.400000 24265.0
497835.100000 4215081.300000 24295.0
497653.800000 4215550.800000 24325.0
497477.700000 4216071.000000 24355.0
497319.100000 4216606.900000 24385.0
497207.900000 4217108.500000 24415.0
497202.900000 4217647.700000 24445.0
497201.400000 4218233.500000 24475.0
497201.600000 4218799.400000 24505.0
497171.000000 4219340.800000 24535.0
497095.000000 4219899.900000 24565.0
497016.200000 4220443.800000 24595.0
496901.600000 4220994.100000 24625.0
496827.200000 4221467.800000 24655.0
496800.100000 4221635.400000 24685.0
496670.500000 4222087.100000 24715.0
496457.000000 4222474.400000 24745.0
496726.900000 4222696.100000 24775.0
496600.000000 4222969.200000 24805.0
496449.400000 4223285.400000 24835.0
496555.500000 4223665.900000 24865.0
496501.300000 4223938.900000 24895.0
496521.700000 4224154.300000 24925.0
496863.400000 4224403.900000 24955.0
497241.900000 4224585.800000 24985.0
497306.800000 4224954.000000 25015.0
497551.400000 4225359.800000 25045.0
497870.200000 4225689.500000 25075.0
497716.100000 4226075.500000 25105.0
497422.900000 4226527.200000 25135.0
497218.100000 4226946.800000 25165.0
497068.500000 4227434.000000 25195.0
497102.600000 4227723.500000 25225.0
496914.500000 4227878.900000 25255.0
496776.200000 4227965.300000 25285.0
496652.000000 4228089.800000 25315.0
496641.500000 4228000.900000 25345.0
496744.800000 4227874.300000 25375.0
496877.800000 4227756.600000 25405.0
496905.900000 4227733.300000 25435.0
496841.100000 4227784.500000 25465.0
496841.100000 4227784.500000 25495.0
496813.100000 4227829.800000 25555.0
496927.900000 4227988.500000 25585.0
496986.500000 4227905.100000 25615.0
497144.800000 4227613.900000 25646.0
497107.100000 4227135.600000 25676.0
497343.400000 4226637.300000 25706.0
497707.600000 4226089.100000 25736.0
497816.900000 4225633.200000 25766.0
497502.400000 4225268.400000 25796.0
497282.400000 4224866.800000 25826.0
497114.100000 4224474.100000 25856.0
496718.000000 4224243.600000 25886.0
496397.300000 4224065.100000 25916.0
496582.100000 4223941.800000 25946.0
496574.100000 4223596.900000 25976.0
496388.300000 4223232.100000 26006.0
496248.900000 4223112.400000 26036.0
496318.800000 4222932.500000 26066.0
496405.400000 4222755.900000 26096.0
496554.300000 4222570.500000 26126.0
496689.200000 4222816.700000 26156.0
496610.300000 4222765.600000 26186.0
496476.200000 4222622.600000 26216.0
496442.900000 4222438.500000 26246.0
496455.100000 4222474.000000 26276.0
496642.600000 4222352.900000 26306.0
496921.000000 4221885.500000 26336.0
497003.300000 4221565.900000 26366.0
496989.200000 4221550.200000 26396.0
496813.100000 4221540.100000 26426.0
496879.400000 4221122.800000 26456.0
496981.700000 4220544.600000 26486.0
497091.900000 4219841.100000 26516.0
497184.700000 4219147.700000 26546.0
497190.600000 4218514.100000 26576.0
497193.900000 4217853.800000 26606.0
497194.500000 4217179.200000 26636.0
497090.900000 4216858.400000 26666.0
496977.800000 4216562.100000 26696.0
496985.500000 4216332.300000 26726.0
497170.500000 4216305.600000 26756.0
497392.300000 4216304.200000 26786.0
497542.100000 4215834.800000 26816.0
497728.800000 4215320.900000 26846.0
497848.900000 4215050.000000 26876.0
498057.600000 4215048.700000 26906.0
498059.300000 4214968.700000 26936.0
497961.100000 4214933.100000 26966.0
497936.500000 4214859.900000 26996.0
497719.800000 4214724.500000 27026.0
497353.100000 4214565.900000 27056.0
497060.900000 4214269.700000 27086.0
496908.300000 4214034.500000 27116.0
496708.300000 4213889.400000 27146.0
496587.200000 4213759.500000 27176.0
496746.800000 4213812.700000 27206.0
496941.500000 4213768.200000 27236.0
497095.900000 4213800.300000 27266.0
497194.100000 4213932.400000 27296.0
497222.300000 4214097.800000 27326.0
497546.100000 4214275.100000 27356.0
497726.700000 4214209.400000 27386.0
498035.400000 4214344.800000 27416.0
498170.300000 4214275.800000 27446.0
498337.700000 4213786.500000 27476.0
498292.900000 4213220.600000 27506.0
498260.400000 4212753.300000 27536.0
498241.100000 4212490.500000 27566.0
498315.600000 4212122.200000 27596.0
498494.600000 4211530.900000 27626.0
498767.400000 4210889.600000 27656.0
498924.300000 4210267.000000 27686.0
499134.900000 4210097.300000 27716.0
499349.900000 4210061.700000 27746.0
499328.800000 4209907.600000 27776.0
499140.200000 4209881.000000 27806.0
499005.100000 4209862.000000 27836.0
498932.300000 4209693.500000 27866.0
498563.700000 4209326.200000 27896.0
498485.500000 4209066.700000 27926.0
498845.400000 4209132.300000 27956.0
499141.100000 4208907.900000 27986.0
499486.900000 4208772.500000 28016.0
499719.500000 4208633.600000 28046.0
499907.300000 4208336.100000 28076.0
500213.600000 4208179.500000 28106.0
500334.800000 4208006.400000 28136.0
500412.000000 4207881.100000 28166.0
500572.600000 4207628.000000 28196.0
500861.400000 4207340.700000 28226.0
501201.200000 4207201.900000 28256.0
501231.000000 4206915.800000 28286.0
501260.000000 4206715.200000 28316.0
501408.400000 4206435.400000 28346.0
501386.500000 4206454.500000 28376.0
501253.000000 4206730.800000 28406.0
501023.900000 4206723.200000 28436.0
500961.600000 4206998.300000 28466.0
501068.700000 4207294.600000 28496.0
500801.800000 4207366.500000 28526.0
500598.200000 4207405.400000 28556.0
500247.200000 4207351.200000 28586.0
500174.300000 4207349.100000 28616.0
500067.200000 4207343.600000 28646.0
499854.700000 4207374.500000 28676.0
499760.800000 4207225.900000 28706.0
499653.600000 4206944.000000 28736.0
499595.700000 4206814.100000 28766.0
499682.600000 4207012.600000 28796.0
499751.900000 4207364.300000 28826.0
499979.300000 4207354.100000 28856.0
500159.300000 4207341.000000 28886.0
500242.600000 4207349.900000 28916.0
500528.800000 4207378.700000 28946.0
500683.300000 4207455.300000 28976.0
500603.400000 4207587.400000 29006.0
500443.700000 4207771.500000 29036.0
500025.000000 4207608.500000 29066.0
499802.000000 4207635.200000 29096.0
499362.200000 4207699.500000 29126.0
498831.100000 4207675.000000 29156.0
498279.000000 4207545.200000 29186.0
498033.200000 4207500.800000 29216.0
497821.500000 4207131.300000 29246.0
497445.700000 4206784.000000 29276.0
496967.200000 4206580.900000 29306.0
496518.600000 4206416.900000 29336.0
496012.000000 4206279.600000 29366.0
495531.700000 4206092.300000 29396.0
495075.900000 4205916.100000 29426.0
494580.700000 4205727.600000 29456.0
494051.100000 4205450.700000 29486.0
493458.400000 4205288.200000 29516.0
492909.600000 4205309.800000 29546.0
492346.100000 4205486.800000 29576.0
491989.800000 4205808.000000 29606.0
491608.900000 4205819.400000 29636.0
491387.700000 4205830.600000 29666.0
491333.100000 4205671.100000 29696.0
491087.200000 4205570.200000 29726.0
490907.900000 4205484.900000 29756.0
490790.000000 4205330.900000 29786.0
490618.700000 4205219.000000 29816.0
490484.500000 4205341.000000 29846.0
490427.200000 4205393.600000 30106.0
490349.000000 4205461.400000 30136.0
490227.900000 4205574.500000 30166.0
490091.100000 4205697.900000 30196.0
489961.200000 4205702.300000 30226.0
489790.800000 4205682.600000 30256.0
489761.000000 4205708.000000 30286.0
489586.500000 4205797.100000 30316.0
489401.300000 4205809.600000 30346.0
489390.000000 4205904.900000 30376.0
489388.400000 4205903.600000 30406.0
489386.700000 4205929.000000 30436.0
489383.200000 4205942.100000 30466.0
489335.800000 4205946.400000 30496.0
489306.000000 4205946.400000 30526.0
489230.500000 4205946.500000 30616.0
489133.900000 4205947.900000 30646.0
489106.600000 4205948.000000 30676.0
489002.100000 4205964.600000 30706.0
488952.100000 4205981.200000 30736.0
488934.500000 4205986.700000 30766.0
488906.400000 4205996.900000 30796.0
488834.400000 4206024.900000 30826.0
488705.400000 4206081.800000 30856.0
488543.900000 4206118.900000 30886.0
488484.100000 4206135.500000 30916.0
488378.000000 4206163.500000 30946.0
488226.200000 4206208.200000 30976.0
488149.000000 4206213.800000 31006.0
488001.500000 4206244.900000 31036.0
487805.000000 4206298.500000 31066.0
487655.900000 4206334.300000 31096.0
487521.700000 4206429.800000 31126.0
487443.700000 4206531.900000 31156.0
487353.400000 4206604.000000 31186.0
487301.700000 4206629.400000 31216.0
487129.800000 4206786.300000 31246.0
486920.900000 4206854.400000 31276.0
486786.800000 4206926.500000 31306.0
486631.400000 4206956.800000 31336.0
486477.800000 4206991.400000 31366.0
486269.700000 4207018.400000 31396.0
486120.700000 4207087.600000 31426.0
485912.100000 4207325.400000 31456.0
485727.400000 4207585.200000 31486.0
485503.200000 4207890.700000 31516.0
485340.300000 4208065.400000 31546.0
485205.400000 4208178.700000 31576.0
485201.100000 4208200.700000 31606.0
485174.800000 4208202.800000 31636.0
485074.700000 4208183.100000 31666.0
484879.700000 4208138.200000 31696.0
484748.100000 4208107.500000 31726.0
484546.100000 4208059.200000 31756.0
484198.400000 4207977.800000 31786.0
483817.400000 4207887.500000 31816.0
483543.400000 4207819.100000 31846.0
483279.000000 4207748.500000 31876.0
483265.000000 4207744.300000 31906.0
483192.900000 4207725.400000 31936.0
483171.800000 4207721.200000 31966.0
483114.700000 4207705.700000 31996.0
483103.300000 4207701.500000 32026.0
483067.300000 4207692.600000 32056.0
483057.600000 4207690.500000 32086.0
482991.800000 4207669.500000 32116.0
482955.700000 4207659.400000 32146.0
482954.900000 4207659.400000 32176.0
482789.700000 4207614.500000 32206.0
482689.600000 4207586.800000 32236.0
482682.500000 4207577.900000 32266.0
482686.800000 4207573.600000 32296.0
482712.300000 4207577.000000 32326.0
482705.400000 4207580.000000 36412.0
482815.200000 4207616.600000 38392.0
482868.800000 4207632.100000 38422.0
483074.300000 4207688.400000 38452.0
483467.800000 4207796.400000 38482.0
483935.000000 4207914.000000 38512.0
484386.300000 4208020.600000 38542.0
484685.000000 4208089.900000 38572.0
485063.500000 4208181.400000 38602.0
485219.600000 4208143.500000 38632.0
485504.400000 4207883.500000 38662.0
485561.400000 4207834.800000 38692.0
485469.000000 4207937.400000 39313.0
485225.300000 4208143.100000 39343.0
485127.100000 4208196.600000 39373.0
484848.800000 4208132.700000 39403.0
484795.200000 4208119.700000 39433.0
484614.300000 4208075.600000 39463.0
484352.700000 4208015.200000 39493.0
484058.600000 4207944.600000 39523.0
483744.200000 4207870.700000 39553.0
483517.600000 4207852.100000 39583.0
483442.200000 4207873.500000 39613.0
483445.700000 4207892.500000 39643.0
483432.800000 4207881.500000 44757.0
483402.000000 4207894.700000 44787.0
483410.700000 4207885.800000 44817.0
483418.600000 4207893.400000 44847.0
483423.800000 4207883.200000 44877.0
483506.300000 4207870.800000 45777.0
483508.900000 4207818.700000 45807.0
483831.100000 4207896.000000 45837.0
484231.600000 4207990.400000 45867.0
484574.100000 4208071.900000 45897.0
484769.100000 4208116.800000 45927.0
485035.200000 4208180.700000 45957.0
485205.500000 4208210.400000 45987.0
485486.300000 4208179.000000 46017.0
485551.300000 4208166.600000 46047.0
485759.300000 4208132.000000 46077.0
486202.500000 4208072.400000 46107.0
486471.000000 4208027.500000 46137.0
486495.600000 4208024.100000 46167.0
486614.500000 4208300.300000 46197.0
486871.000000 4208388.700000 46227.0
487151.800000 4208347.200000 46257.0
487149.200000 4208366.300000 46287.0
487217.500000 4208284.100000 46317.0
487521.000000 4208197.300000 46347.0
487596.000000 4207833.100000 46377.0
487576.900000 4207378.200000 46407.0
487780.400000 4207324.500000 46437.0
487653.100000 4207287.900000 46467.0
487627.600000 4207283.700000 46497.0
487504.000000 4207352.900000 46527.0
487371.100000 4207115.700000 46557.0
487359.300000 4206876.100000 46587.0
487300.900000 4206590.900000 46617.0
487170.000000 4206483.600000 46647.0
487007.700000 4206535.100000 46677.0
486723.300000 4206603.300000 46707.0
486379.300000 4206675.800000 46737.0
486324.100000 4206684.800000 46767.0
486274.000000 4206695.000000 46797.0
486224.800000 4206691.700000 47247.0
486224.800000 4206701.800000 47277.0
486164.200000 4206713.000000 47367.0
486160.700000 4206713.000000 47397.0
486273.400000 4206408.900000 47487.0
486492.800000 4205816.000000 47517.0
486447.100000 4205196.800000 47547.0
486536.000000 4204825.900000 47577.0
486544.700000 4204787.000000 47607.0
486646.100000 4204549.300000 47637.0
486674.100000 4204456.200000 47667.0
486685.400000 4204407.500000 47697.0
486710.700000 4204318.600000 47727.0
486725.400000 4204186.500000 47757.0
486730.500000 4204131.000000 47787.0
486743.600000 4204003.600000 47817.0
486763.600000 4203869.400000 47847.0
486775.700000 4203801.700000 47877.0
486841.900000 4203503.200000 47907.0
486975.300000 4202910.400000 47937.0
486967.200000 4202232.400000 47967.0
486969.300000 4201829.400000 47997.0
487082.100000 4201520.700000 48027.0
487191.200000 4201140.900000 48057.0
487295.600000 4201034.100000 48087.0
487487.500000 4200728.600000 48117.0
487427.500000 4200652.100000 48147.0
487370.500000 4200711.000000 48177.0
487213.000000 4200520.400000 48207.0
487357.800000 4200382.600000 48237.0
487260.000000 4200241.800000 48267.0
487160.500000 4200022.300000 48297.0
487187.600000 4199886.800000 48327.0
487376.500000 4199939.900000 48357.0
487348.200000 4199793.500000 48387.0
487429.500000 4199502.600000 48417.0
487605.700000 4199236.100000 48447.0
487553.000000 4199300.500000 48477.0
487390.900000 4199592.300000 48507.0
487392.200000 4199906.400000 48537.0
487533.800000 4200006.100000 48567.0
487797.400000 4199977.700000 48597.0
487904.800000 4200084.200000 48627.0
488798.300000 4200264.600000 48687.0
489239.500000 4200372.700000 48717.0
489687.700000 4200472.100000 48747.0
490220.400000 4200745.300000 48777.0
490673.200000 4201109.600000 48807.0
491102.300000 4201418.500000 48837.0
491651.500000 4201551.300000 48867.0
491620.000000 4201768.800000 48897.0
491576.400000 4202018.600000 48927.0
491537.200000 4202386.000000 48957.0
491328.600000 4202781.100000 48987.0
490985.500000 4203077.800000 49017.0
490668.700000 4203344.300000 49047.0
490635.400000 4203360.000000 49077.0
490295.000000 4203649.100000 49107.0
489767.700000 4204045.900000 49137.0
489591.300000 4204161.700000 49167.0
489396.500000 4204263.100000 49197.0
489235.000000 4204372.000000 49227.0
489021.900000 4204548.800000 49257.0
488906.100000 4204650.100000 49287.0
488866.600000 4204675.600000 49317.0
488822.800000 4204712.500000 49347.0
488741.100000 4204762.500000 49377.0
488677.000000 4204818.000000 49407.0
488436.600000 4204986.800000 49437.0
488214.900000 4205249.100000 49467.0
487978.000000 4205410.300000 49497.0
487679.700000 4205560.600000 49527.0
487362.200000 4205812.900000 49557.0
487079.100000 4206069.800000 49587.0
486984.000000 4206370.500000 49617.0
486992.900000 4206491.500000 49647.0
486923.600000 4206557.200000 49677.0
486933.500000 4206620.300000 49707.0
486924.700000 4206572.500000 49737.0
486826.400000 4206583.600000 49767.0
486826.700000 4206743.200000 49797.0
486801.500000 4206923.100000 49827.0
486606.700000 4206978.900000 49857.0
486343.400000 4206999.200000 49887.0
486204.800000 4207039.200000 49917.0
486142.600000 4207072.800000 49947.0
486132.000000 4207081.700000 49977.0
485911.300000 4207328.400000 50007.0
485751.100000 4207561.900000 50037.0
485573.400000 4207803.000000 50067.0
485414.900000 4208015.300000 50097.0
485242.200000 4208133.300000 50127.0
485204.600000 4208199.000000 50157.0
485037.000000 4208173.900000 50187.0
484886.800000 4208138.600000 50217.0
484780.600000 4208115.500000 50247.0
484526.000000 4208055.900000 50277.0
484214.300000 4207983.300000 50307.0
483937.600000 4207918.200000 50337.0
483631.100000 4207844.300000 50367.0
483431.100000 4207873.500000 50397.0
483399.500000 4207883.700000 50427.0
483401.400000 4207895.100000 51196.0
483431.100000 4207878.600000 51226.0
483492.600000 4207864.000000 51256.0
483524.100000 4207814.000000 51286.0
483885.900000 4207899.700000 51316.0
484351.300000 4208007.500000 51346.0
484670.900000 4208078.900000 51376.0
484850.900000 4208126.400000 51406.0
485151.200000 4208201.200000 51436.0
485207.500000 4208204.500000 51466.0
485539.200000 4208161.600000 51496.0
485912.100000 4208105.500000 51526.0
486311.500000 4208053.600000 51556.0
486482.500000 4208019.900000 51586.0
486626.400000 4207962.100000 51616.0
486841.700000 4207546.900000 51646.0
487030.400000 4207020.500000 51676.0
487225.600000 4206695.200000 51706.0
487358.000000 4206565.000000 51736.0
487500.000000 4206443.800000 51766.0
487528.000000 4206378.100000 51796.0
487796.500000 4206312.100000 51826.0
488092.300000 4206235.100000 51856.0
488209.900000 4206221.800000 51886.0
488389.000000 4206168.200000 51916.0
488547.100000 4206128.200000 51946.0
488799.000000 4206044.500000 51976.0
489051.700000 4205964.100000 52006.0
489133.400000 4205966.100000 52036.0
489199.200000 4205962.700000 52066.0
489263.400000 4205961.300000 52096.0
489318.600000 4205954.500000 52126.0
489436.300000 4205952.200000 52156.0
489664.500000 4205918.500000 52186.0
490046.600000 4205987.800000 52216.0
490555.800000 4205983.000000 52246.0
491006.100000 4205880.500000 52276.0
491181.800000 4205862.500000 52306.0
491684.700000 4205816.700000 52336.0
492150.000000 4205659.700000 52366.0
492299.000000 4205500.800000 52396.0
492679.000000 4205382.800000 52426.0
493262.900000 4205272.300000 52456.0
493874.900000 4205375.900000 52486.0
494309.600000 4205587.700000 52516.0
494616.200000 4205728.400000 52546.0
494698.700000 4205759.300000 52576.0
494754.900000 4205542.900000 52606.0
494628.900000 4205042.700000 52636.0
494714.100000 4204907.200000 52666.0
494909.000000 4204905.900000 52696.0
495111.000000 4204905.700000 52726.0
495226.900000 4204971.300000 52756.0
495257.900000 4205226.500000 52786.0
495373.900000 4205359.700000 52816.0
495405.700000 4205659.400000 52846.0
495618.300000 4205964.400000 52876.0
495810.600000 4206110.800000 52906.0
496030.300000 4206278.300000 52936.0
496301.600000 4206401.300000 52966.0
496045.300000 4206651.200000 52996.0
495656.500000 4206937.500000 53026.0
495523.300000 4207423.400000 53056.0
495490.300000 4207886.100000 53086.0
495583.600000 4208358.800000 53116.0
495756.600000 4208568.200000 53146.0
496049.000000 4208722.100000 53176.0
496313.000000 4208446.900000 53206.0
496468.300000 4208343.600000 53236.0
496544.600000 4208344.800000 53266.0
496532.400000 4208374.900000 53296.0
496585.100000 4208270.700000 53326.0
496572.900000 4208172.900000 53356.0
496624.500000 4207999.800000 53386.0
496925.500000 4207821.100000 53416.0
497215.900000 4207727.900000 53446.0
497565.300000 4207686.700000 53476.0
497885.700000 4207486.900000 53506.0
498058.600000 4207521.100000 53536.0
498156.100000 4207552.000000 53566.0
498625.700000 4207618.300000 53596.0
498919.700000 4207639.500000 53626.0
499219.000000 4207553.900000 53656.0
499635.100000 4207428.600000 53686.0
499753.600000 4207214.500000 53716.0
499639.400000 4206923.700000 53746.0
499586.600000 4206813.700000 53776.0
499694.600000 4207049.000000 53806.0
499764.800000 4207386.300000 53836.0
500059.800000 4207345.300000 53866.0
500181.000000 4207339.800000 53896.0
500441.700000 4207333.000000 53926.0
500676.100000 4207450.700000 53956.0
500893.700000 4207327.500000 53986.0
501231.800000 4207151.100000 54016.0
501238.100000 4206777.400000 54046.0
501310.100000 4206643.200000 54076.0
501301.400000 4206423.500000 54106.0
501294.400000 4206419.300000 54136.0
501349.600000 4206578.900000 54166.0
501172.300000 4206717.700000 54196.0
501012.500000 4206729.900000 54226.0
500980.800000 4207068.500000 54256.0
501023.800000 4207301.700000 54286.0
500688.500000 4207457.000000 54316.0
500473.300000 4207794.300000 54346.0
500496.100000 4207921.700000 54376.0
500310.900000 4208202.300000 54406.0
500182.800000 4208202.300000 54436.0
500017.800000 4208287.800000 54466.0
499746.600000 4208582.800000 54496.0
499552.600000 4208757.200000 54526.0
499191.000000 4208878.300000 54556.0
498967.200000 4209156.800000 54586.0
498619.700000 4209079.000000 54616.0
498493.400000 4209172.100000 54646.0
498485.500000 4209207.700000 54676.0
498446.800000 4209238.600000 54706.0
498238.800000 4209465.100000 54736.0
498366.100000 4209648.300000 54766.0
498274.800000 4209644.900000 54796.0
498207.200000 4209437.600000 54826.0
498484.500000 4209192.400000 54856.0
498507.300000 4209225.900000 54886.0
498909.200000 4209613.100000 54916.0
498962.000000 4210143.400000 54946.0
499128.700000 4210293.200000 54976.0
499321.700000 4210224.200000 55006.0
499314.600000 4210265.300000 55036.0
499263.800000 4210606.900000 55066.0
499083.900000 4210584.900000 55096.0
498896.100000 4210547.200000 55126.0
498792.500000 4210814.700000 55156.0
498895.200000 4211282.000000 55186.0
499188.200000 4211681.500000 55216.0
499476.000000 4212073.000000 55246.0
499325.100000 4212180.500000 55276.0
499320.800000 4212182.600000 55306.0
499325.100000 4212416.700000 55336.0
499239.200000 4212766.300000 55366.0
499327.900000 4213135.800000 55396.0
499349.000000 4213365.600000 55426.0
499142.000000 4213516.700000 55456.0
498830.700000 4213287.000000 55486.0
498755.200000 4213247.200000 55516.0
498742.000000 4213513.400000 55546.0
498568.400000 4213616.700000 55576.0
498340.400000 4213670.900000 55606.0
498266.800000 4214090.400000 55636.0
498067.000000 4214558.500000 55666.0
497902.200000 4214934.900000 55696.0
497752.200000 4215296.800000 55726.0
497573.400000 4215781.900000 55756.0
497368.400000 4216443.100000 55786.0
497209.900000 4217050.100000 55816.0
497208.200000 4217078.000000 55846.0
497203.200000 4217483.900000 55876.0
497200.700000 4218060.000000 55906.0
497198.200000 4218718.100000 55936.0
497166.000000 4219359.400000 55966.0
497075.900000 4220010.800000 55996.0
496962.200000 4220678.800000 56026.0
496852.900000 4221337.800000 56056.0
496967.000000 4221555.300000 56086.0
496971.300000 4221565.500000 56116.0
496836.400000 4221384.800000 56146.0
496924.800000 4220813.400000 56176.0
497039.400000 4220184.400000 56206.0
497127.800000 4219550.700000 56236.0
497186.200000 4218927.200000 56266.0
497190.400000 4218283.900000 56296.0
497194.500000 4217602.400000 56326.0
497199.500000 4217035.300000 56356.0
497334.300000 4216529.400000 56386.0
497486.700000 4216031.200000 56416.0
497682.900000 4215461.000000 56446.0
497876.600000 4214982.700000 56476.0
498017.700000 4214652.900000 56506.0
498228.000000 4214161.500000 56536.0
498342.900000 4213805.500000 56566.0
498304.200000 4213392.800000 56596.0
498266.400000 4212796.100000 56626.0
498258.500000 4212308.100000 56656.0
498435.600000 4211763.300000 56686.0
498717.100000 4211111.000000 56716.0
498875.800000 4210418.500000 56746.0
498979.300000 4209823.900000 56776.0
498612.400000 4209366.800000 56806.0
498383.300000 4208863.200000 56836.0
498378.000000 4208302.800000 56866.0
498196.300000 4207712.400000 56896.0
498112.900000 4207570.200000 56926.0
497866.200000 4207206.200000 56956.0
497434.300000 4206774.600000 56986.0
496881.100000 4206520.900000 57016.0
496344.800000 4206408.900000 57046.0
495850.400000 4206184.800000 57076.0
495322.600000 4206008.600000 57106.0
494829.200000 4205816.700000 57136.0
494386.700000 4205639.700000 57166.0
494002.000000 4205430.400000 57196.0
493583.100000 4205300.800000 57226.0
493182.700000 4205264.300000 57256.0
492818.300000 4205335.700000 57286.0
492362.800000 4205483.800000 57316.0
492089.900000 4205779.100000 57346.0
491706.300000 4205818.400000 57376.0
491265.600000 4205848.900000 57406.0
491071.600000 4205877.100000 57436.0
490852.100000 4205925.100000 57466.0
490659.100000 4205967.700000 57496.0
490249.200000 4206030.400000 57526.0
489869.000000 4205956.300000 57556.0
489775.200000 4206055.000000 57586.0
489677.000000 4206133.900000 57616.0
489563.900000 4206181.900000 57646.0
489555.100000 4206165.400000 57676.0
489466.300000 4206110.000000 57706.0
489361.000000 4206103.400000 57736.0
489251.400000 4206142.500000 57766.0
489003.900000 4206159.300000 57796.0
488893.100000 4206074.000000 57826.0
488863.300000 4206055.000000 57856.0
488831.600000 4206035.900000 57886.0
488810.500000 4206043.600000 57916.0
488688.500000 4206090.300000 57946.0
488645.500000 4206100.500000 57976.0
488357.600000 4206164.000000 58006.0
488161.900000 4206212.100000 58036.0
487873.100000 4206279.000000 58066.0
487677.500000 4206329.200000 58096.0
487494.200000 4206478.000000 58126.0
487345.200000 4206610.300000 58156.0
487172.400000 4206733.800000 58186.0
486948.700000 4206852.600000 58216.0
486559.000000 4206886.700000 58246.0
486292.100000 4206913.800000 58276.0
486130.600000 4206955.100000 58306.0
486134.400000 4207069.400000 58336.0
485918.800000 4207322.900000 58366.0
485667.400000 4207660.600000 58396.0
485466.700000 4207837.500000 58426.0
485314.100000 4207905.500000 58456.0
485149.200000 4208007.800000 58486.0
485021.300000 4208088.000000 58516.0
484669.200000 4207979.900000 58546.0
484413.600000 4207939.300000 58576.0
484170.600000 4207960.900000 58606.0
483837.800000 4207888.300000 58636.0
483539.200000 4207811.000000 58666.0
483402.400000 4207884.500000 58696.0
483381.200000 4207831.300000 58726.0
483381.200000 4207830.000000 58756.0
483399.700000 4207875.200000 59356.0
483497.800000 4207821.700000 59386.0
483518.900000 4207809.400000 59416.0
483541.500000 4207720.500000 59446.0
483765.300000 4207732.300000 59476.0
483947.000000 4207747.600000 59506.0
483983.900000 4207748.800000 59536.0
484180.300000 4207675.200000 59566.0
484335.300000 4207527.200000 59596.0
484465.400000 4207594.700000 59626.0
484600.600000 4207635.500000 59656.0
484664.600000 4207569.700000 59686.0
484889.500000 4207719.100000 59716.0
485062.700000 4207861.000000 59746.0
485224.300000 4207854.000000 59776.0
485338.300000 4207748.400000 59806.0
485229.100000 4207574.200000 59836.0
485029.500000 4207353.600000 59866.0
485070.600000 4207296.800000 59896.0
485146.000000 4207250.100000 59926.0
485259.300000 4207303.300000 59956.0
485456.900000 4207322.800000 59986.0
485525.300000 4207318.500000 60016.0
485857.200000 4207326.800000 60046.0
485951.000000 4207276.700000 60076.0
486112.300000 4207084.200000 60106.0
486266.700000 4207019.600000 60136.0
486301.900000 4207009.400000 60166.0
486237.000000 4207081.500000 60196.0
486193.400000 4207240.300000 60226.0
486246.500000 4207457.700000 60256.0
486413.100000 4207855.700000 60286.0
486507.200000 4208004.200000 60316.0
486614.800000 4208266.800000 60346.0
486834.800000 4208614.000000 60376.0
487121.300000 4208879.700000 60406.0
487269.100000 4209061.500000 60436.0
487540.900000 4208946.800000 60466.0
487655.800000 4208856.900000 60496.0
487650.600000 4208844.600000 60526.0
487698.100000 4208944.500000 60556.0
487489.200000 4208965.900000 60586.0
487318.000000 4208900.600000 60616.0
487148.700000 4208915.200000 60646.0
486924.600000 4208747.100000 60676.0
486713.500000 4208445.700000 60706.0
486595.500000 4208218.600000 60736.0
486527.600000 4208054.500000 60766.0
486451.900000 4207918.300000 60796.0
486269.500000 4207506.800000 60826.0
486176.000000 4207256.400000 60856.0
486165.400000 4207223.000000 60886.0
486165.400000 4207221.700000 60916.0
486159.200000 4207205.200000 60946.0
486142.300000 4207144.300000 60976.0
486127.300000 4207084.200000 61006.0
486127.300000 4207071.100000 61036.0
486123.700000 4207028.800000 61066.0
486113.900000 4206962.300000 61096.0
486110.300000 4206919.200000 61126.0
486126.800000 4206754.900000 61156.0
486125.900000 4206746.000000 61186.0
486150.400000 4206656.300000 61366.0
486319.300000 4206297.500000 61396.0
486489.600000 4205802.400000 61426.0
486442.900000 4205245.500000 61456.0
486528.400000 4204860.200000 61486.0
486629.200000 4204739.000000 61516.0
486756.300000 4204655.400000 61546.0
487176.500000 4204421.500000 61576.0
487068.100000 4204150.800000 61606.0
487095.100000 4203993.300000 61636.0
487223.800000 4203705.700000 61666.0
487321.900000 4203560.400000 61696.0
487553.800000 4203601.100000 61726.0
487778.900000 4203782.800000 61756.0
487978.400000 4203956.900000 61786.0
488074.200000 4204043.100000 61816.0
488200.200000 4204340.400000 61846.0
488532.600000 4204643.000000 61876.0
488630.300000 4204782.600000 61906.0
488630.300000 4204782.600000 61936.0
488651.400000 4204816.000000 61966.0
488651.400000 4204816.000000 61996.0
488670.700000 4204820.200000 62026.0
488852.200000 4204686.600000 62056.0
488802.400000 4204867.400000 62086.0
488831.600000 4205031.600000 62116.0
488887.100000 4205217.700000 62146.0
488955.900000 4205470.700000 62176.0
489035.400000 4205777.100000 62206.0
489056.600000 4205862.500000 62236.0
489116.500000 4205950.100000 62266.0
489142.800000 4205967.800000 62296.0
489347.500000 4205992.100000 62326.0
489404.700000 4206076.300000 62356.0
489531.100000 4206104.000000 62386.0
489650.600000 4206189.400000 62416.0
489863.200000 4206244.600000 62446.0
490018.900000 4206474.200000 62476.0
490294.700000 4206642.300000 62506.0
490540.500000 4206719.900000 62536.0
490677.600000 4206800.600000 62566.0
491113.000000 4206828.900000 62596.0
491227.400000 4207085.300000 62626.0
491155.600000 4207255.100000 62656.0
490967.900000 4207385.200000 62686.0
490882.100000 4207620.600000 62716.0
490899.200000 4207952.400000 62746.0
490737.200000 4208307.700000 62776.0
490619.000000 4208583.000000 62806.0
490529.700000 4208806.100000 62836.0
490475.700000 4209141.400000 62866.0
490595.600000 4209601.800000 62896.0
490727.300000 4209783.600000 62926.0
490722.300000 4209897.900000 62956.0
490640.800000 4210069.800000 62986.0
490591.600000 4210094.500000 63016.0
490715.100000 4209903.400000 63046.0
490726.300000 4209785.700000 63076.0
490714.100000 4209772.600000 63106.0
490552.300000 4209510.000000 63136.0
490484.100000 4209072.000000 63166.0
490516.300000 4208830.300000 63196.0
490616.200000 4208588.500000 63226.0
490776.300000 4208213.300000 63256.0
490927.700000 4207855.900000 63286.0
490892.200000 4207524.100000 63316.0
491035.900000 4207283.100000 63346.0
491244.800000 4207220.700000 63376.0
491236.600000 4206920.200000 63406.0
490838.000000 4206838.500000 63436.0
490682.600000 4206771.000000 63466.0
490715.900000 4206742.100000 63496.0
490865.000000 4206708.500000 63526.0
490898.000000 4206378.000000 63556.0
490830.000000 4206042.000000 63586.0
490772.800000 4205940.900000 63616.0
490707.500000 4205734.400000 63646.0
490690.700000 4205629.000000 63676.0
490685.400000 4205512.600000 63706.0
490503.700000 4205550.500000 63736.0
490214.900000 4205608.400000 63766.0
490193.000000 4205610.600000 63796.0
490183.300000 4205610.600000 63826.0
489977.900000 4205705.200000 63856.0
489785.600000 4205680.900000 63886.0
489573.300000 4205797.500000 63916.0
489410.000000 4205810.000000 63946.0
489302.800000 4205736.900000 63976.0
489119.900000 4205585.200000 64006.0
488998.600000 4205577.800000 64036.0
488919.300000 4205395.900000 64066.0
488911.200000 4205192.700000 64096.0
488795.900000 4205002.000000 64126.0
488831.700000 4204839.800000 64156.0
488851.700000 4204691.300000 64186.0
488773.600000 4204744.700000 64216.0
488684.900000 4204810.400000 64246.0
488597.100000 4204739.400000 64276.0
488414.000000 4204503.500000 64306.0
488171.400000 4204315.100000 64336.0
488063.900000 4204126.500000 64366.0
488080.500000 4204012.200000 64396.0
488108.500000 4203913.500000 64426.0
488188.200000 4203739.000000 64456.0
488252.500000 4203298.300000 64486.0
487975.400000 4203038.000000 64516.0
487779.900000 4202705.600000 64546.0
487620.800000 4202561.500000 64576.0
487427.400000 4202429.700000 64606.0
487247.000000 4202201.500000 64636.0
487020.000000 4202033.400000 64666.0
486968.200000 4201986.900000 64696.0
486961.100000 4201979.300000 64726.0
486963.600000 4201824.000000 64756.0
486927.800000 4201440.100000 64786.0
486892.000000 4201070.700000 64816.0
487055.300000 4201016.200000 64846.0
