483406.200000 4207881.100000 18932.0
483438.700000 4207877.700000 19022.0
483527.500000 4207904.200000 19052.0
483628.000000 4208104.600000 19082.0
483750.400000 4208297.400000 19112.0
483707.700000 4208445.200000 19142.0
483585.800000 4208525.400000 19172.0
483430.600000 4208625.600000 19202.0
483426.300000 4208626.900000 19232.0
483340.900000 4208525.900000 19262.0
483314.600000 4208511.100000 19895.0
483227.600000 4208450.400000 19925.0
482930.600000 4208282.500000 19955.0
482543.200000 4208117.000000 19985.0
482394.700000 4208047.500000 20015.0
482210.500000 4208093.200000 20045.0
482063.500000 4207952.500000 20075.0
481962.800000 4207689.900000 20105.0
481938.000000 4207568.100000 20135.0
481941.400000 4207550.300000 20165.0
481799.800000 4207755.900000 20225.0
481543.300000 4208063.700000 20255.0
481462.700000 4208127.000000 20285.0
481213.100000 4208328.200000 20315.0
481103.600000 4208411.800000 20345.0
480930.200000 4208551.000000 20375.0
480627.000000 4208771.400000 20405.0
480386.100000 4208934.100000 20435.0
480282.900000 4209143.000000 20465.0
480264.200000 4209372.900000 20495.0
480140.800000 4209462.000000 20525.0
479969.000000 4209595.800000 20555.0
479968.200000 4209600.000000 20585.0
480050.300000 4209770.800000 20615.0
480142.800000 4209911.500000 20645.0
480149.900000 4209912.800000 20675.0
480213.200000 4210004.900000 20735.0
480461.200000 4209844.700000 20765.0
480751.800000 4209516.900000 20795.0
481246.400000 4209335.900000 20825.0
481663.900000 4209209.600000 20855.0
481751.500000 4209160.800000 20885.0
481816.300000 4209109.400000 20915.0
481825.300000 4209245.700000 20945.0
482132.400000 4209603.500000 20975.0
482326.800000 4209802.900000 21005.0
482526.700000 4210119.900000 21035.0
482802.100000 4210504.400000 21065.0
482877.800000 4210575.400000 21095.0
482949.300000 4210780.500000 21125.0
483118.600000 4211145.000000 21155.0
483218.100000 4211380.200000 21185.0
483339.900000 4211662.600000 21215.0
483079.900000 4211942.900000 21245.0
483092.000000 4212310.300000 21275.0
483147.300000 4212749.500000 21305.0
483181.700000 4212898.000000 21335.0
483280.400000 4213127.700000 21365.0
483289.000000 4213461.600000 21395.0
483310.200000 4213518.300000 21425.0
483363.100000 4213622.300000 21455.0
483369.700000 4213863.100000 21485.0
483365.400000 4213887.700000 21515.0
483355.900000 4213949.900000 21545.0
483409.700000 4214121.600000 21575.0
483507.500000 4214298.800000 21605.0
483610.700000 4214654.500000 21635.0
483743.900000 4215007.300000 21665.0
483784.600000 4215215.900000 21695.0
483815.500000 4215278.000000 21725.0
483824.200000 4215290.300000 21755.0
483964.900000 4215449.600000 21785.0
484072.200000 4215592.400000 21815.0
484225.100000 4215789.800000 21845.0
484383.700000 4216139.100000 21875.0
484436.800000 4216364.200000 21905.0
484491.400000 4216531.700000 21935.0
484665.400000 4216729.000000 21965.0
484918.400000 4216969.400000 21995.0
485180.100000 4217236.400000 22025.0
485477.600000 4217465.700000 22055.0
485726.700000 4217548.600000 22085.0
485732.900000 4217547.400000 22115.0
485710.300000 4217592.700000 22145.0
485577.700000 4217532.000000 22175.0
485577.700000 4217532.000000 22205.0
485480.300000 4217484.300000 22295.0
485105.400000 4217170.900000 22325.0
484763.800000 4216832.900000 22355.0
484514.200000 4216553.600000 22385.0
484436.600000 4216277.400000 22415.0
484403.300000 4216259.700000 22445.0
484391.800000 4216263.100000 23721.0
484301.600000 4216331.000000 23931.0
484361.100000 4216233.100000 23961.0
484400.600000 4216233.000000 23991.0
484360.000000 4216076.500000 24021.0
484434.500000 4216031.900000 24051.0
484468.600000 4216028.500000 24081.0
484390.200000 4215901.200000 24111.0
484387.100000 4215660.400000 24141.0
484260.700000 4215608.600000 24171.0
484107.000000 4215528.900000 24201.0
484014.700000 4215434.600000 24231.0
483947.900000 4215298.500000 24261.0
483922.400000 4215258.800000 24291.0
483957.900000 4215021.200000 24321.0
483964.000000 4215006.800000 24351.0
483959.400000 4214889.200000 24531.0
483995.900000 4214705.800000 24561.0
483993.200000 4214705.800000 24591.0
484030.500000 4214511.500000 24621.0
484099.200000 4214236.200000 24651.0
484100.000000 4214235.000000 24681.0
484164.400000 4213947.500000 24711.0
484171.300000 4213909.800000 24741.0
484142.500000 4213522.500000 24771.0
484160.200000 4213153.000000 24801.0
484161.800000 4213110.700000 24831.0
484161.700000 4213103.900000 24861.0
484164.400000 4213070.500000 24891.0
484166.000000 4213069.200000 24921.0
484176.500000 4213028.100000 24951.0
484160.600000 4212969.300000 24981.0
484159.800000 4212939.300000 25011.0
484253.600000 4212939.100000 25041.0
484315.000000 4212939.000000 25071.0
484422.100000 4212926.500000 25101.0
484580.800000 4212917.300000 25131.0
484598.000000 4212713.300000 25161.0
484806.700000 4212651.900000 25191.0
485062.600000 4212515.200000 25221.0
485315.000000 4212352.600000 25251.0
485411.500000 4212311.400000 25281.0
485419.300000 4212310.100000 25311.0
485460.500000 4212299.000000 25341.0
485463.900000 4212229.200000 25371.0
485449.600000 4212141.600000 25401.0
485451.300000 4212138.200000 25431.0
485425.700000 4212009.600000 25461.0
485384.100000 4211812.000000 25491.0
485355.000000 4211722.300000 25521.0
485206.300000 4211433.100000 25551.0
485103.300000 4211223.700000 25581.0
485214.400000 4211058.000000 25611.0
485271.400000 4211012.600000 25641.0
485170.900000 4210778.800000 25671.0
485026.600000 4210534.800000 25701.0
484868.500000 4210498.300000 25731.0
484889.200000 4210306.100000 25761.0
484904.000000 4210241.700000 25791.0
484912.700000 4210221.800000 25821.0
484951.000000 4210012.200000 25851.0
484836.500000 4209858.400000 25881.0
484833.900000 4209854.100000 25911.0
484754.700000 4209767.900000 25941.0
484624.600000 4209636.100000 25971.0
484556.800000 4209567.300000 26001.0
484511.000000 4209522.900000 26031.0
484482.900000 4209492.100000 26061.0
484426.500000 4209432.100000 26091.0
484408.100000 4209414.300000 26121.0
484326.200000 4209322.200000 26151.0
484147.800000 4209182.900000 26181.0
484038.800000 4209085.300000 26211.0
484123.900000 4208987.400000 26241.0
484185.900000 4208878.500000 26271.0
484028.400000 4208639.200000 26301.0
483849.900000 4208415.300000 26331.0
483647.500000 4208157.000000 26361.0
483536.400000 4207916.400000 26391.0
483481.000000 4207865.300000 26421.0
483404.700000 4207884.500000 26451.0
483402.400000 4207885.000000 37617.0
483396.200000 4207890.500000 37677.0
483405.500000 4207870.600000 38325.0
483502.900000 4207863.600000 38445.0
483518.800000 4207824.200000 38486.0
483906.800000 4207892.400000 38516.0
484368.700000 4208003.700000 38546.0
484678.800000 4208081.800000 38576.0
484921.100000 4208147.800000 38606.0
485251.500000 4208355.900000 38636.0
485460.900000 4208645.000000 38666.0
485685.500000 4208610.400000 38696.0
486003.700000 4208433.300000 38726.0
486145.900000 4208438.600000 38756.0
486536.200000 4208331.300000 38786.0
486596.000000 4208318.100000 38816.0
486661.900000 4208382.300000 38846.0
486791.800000 4208414.300000 38876.0
487204.100000 4208283.700000 38906.0
487493.600000 4208202.400000 38936.0
487570.300000 4207884.000000 38966.0
487588.900000 4207461.100000 38996.0
487593.800000 4207238.100000 39026.0
487566.900000 4206858.400000 39056.0
487372.800000 4206851.100000 39086.0
487325.100000 4206602.700000 39116.0
487403.100000 4206498.500000 39146.0
487349.400000 4206422.000000 39176.0
487343.200000 4206418.600000 39206.0
487314.900000 4206300.100000 39266.0
487152.500000 4206321.500000 39296.0
487195.300000 4206141.600000 39326.0
487238.100000 4206005.200000 39356.0
487356.400000 4205830.700000 39386.0
487598.400000 4205644.900000 39416.0
487874.800000 4205485.800000 39446.0
488164.300000 4205304.700000 39476.0
488476.500000 4205109.100000 39506.0
488847.900000 4205063.300000 39536.0
488964.000000 4205269.700000 39566.0
489079.500000 4205559.000000 39596.0
489323.900000 4205765.300000 39626.0
489345.900000 4205787.200000 39656.0
489374.000000 4205805.000000 39686.0
489576.000000 4205799.200000 39716.0
489742.600000 4205720.300000 39746.0
489950.800000 4205716.700000 39776.0
490123.700000 4205673.300000 39806.0
490329.000000 4205486.800000 39836.0
490427.100000 4205371.100000 39866.0
490375.300000 4205311.100000 39896.0
490395.900000 4205329.700000 44842.0
490424.200000 4205392.700000 45022.0
490315.400000 4205483.900000 45052.0
490155.000000 4205629.200000 45082.0
490027.800000 4205698.400000 45112.0
489790.600000 4205669.900000 45142.0
489719.700000 4205843.100000 45172.0
489659.100000 4205903.200000 45202.0
489628.300000 4205913.400000 45232.0
489600.200000 4205923.600000 45262.0
489542.300000 4205945.700000 45292.0
489515.000000 4205949.100000 45322.0
489502.800000 4205949.200000 45352.0
489324.600000 4205948.100000 45382.0
489083.200000 4205952.700000 45412.0
488886.700000 4206008.400000 45442.0
488848.000000 4206021.500000 45472.0
488739.200000 4206072.900000 45592.0
488709.400000 4206079.700000 45622.0
488630.400000 4206105.200000 45652.0
488623.400000 4206105.200000 45682.0
488589.200000 4206114.200000 45712.0
488550.600000 4206121.000000 45742.0
488497.000000 4206133.300000 45772.0
488446.100000 4206137.600000 45802.0
488417.100000 4206145.300000 45832.0
488394.400000 4206152.100000 45862.0
488282.900000 4206176.800000 45892.0
488262.600000 4206181.100000 45922.0
488184.500000 4206200.200000 45952.0
488145.000000 4206207.900000 45982.0
488087.900000 4206218.100000 46042.0
488043.200000 4206230.500000 46072.0
487882.700000 4206280.700000 46102.0
487628.200000 4206338.600000 46132.0
487669.900000 4206633.500000 46162.0
487596.700000 4206943.000000 46192.0
487593.800000 4207344.700000 46222.0
487605.700000 4207728.600000 46252.0
487604.900000 4207732.800000 46282.0
487600.600000 4207754.800000 46312.0
487543.100000 4208084.600000 46342.0
487531.000000 4208173.500000 46372.0
487529.400000 4208174.800000 46402.0
487272.400000 4208253.900000 46432.0
486826.800000 4208401.100000 46462.0
486717.200000 4208449.900000 46492.0
486716.400000 4208451.200000 46522.0
486540.900000 4208520.500000 46552.0
486184.100000 4208758.500000 46582.0
486063.500000 4208554.700000 46612.0
485709.300000 4208751.700000 46642.0
485580.400000 4208823.900000 46672.0
485554.900000 4208823.900000 46702.0
485402.700000 4208569.000000 46732.0
485211.700000 4208296.300000 46762.0
484841.900000 4208122.600000 46792.0
484327.400000 4207997.000000 46822.0
483875.200000 4207893.800000 46852.0
483569.500000 4207814.400000 46882.0
483523.800000 4207847.900000 46912.0
483437.800000 4207865.800000 46942.0
483383.000000 4207849.400000 47673.0
483376.000000 4207822.800000 47763.0
483376.000000 4207830.400000 47793.0
483383.100000 4207874.800000 47823.0
483482.200000 4207858.100000 47853.0
483516.400000 4207894.900000 47883.0
483622.200000 4208128.700000 47913.0
483801.800000 4208367.100000 47943.0
483920.600000 4208515.400000 47973.0
483984.000000 4208671.900000 48003.0
483799.100000 4208806.400000 48033.0
483729.900000 4208868.800000 48063.0
483933.700000 4209004.700000 48093.0
484015.600000 4209079.900000 48123.0
484034.000000 4209101.000000 48153.0
484102.600000 4209163.100000 48183.0
484288.000000 4209305.800000 48213.0
484444.500000 4209462.100000 48243.0
484447.200000 4209469.700000 48273.0
484521.000000 4209552.900000 48423.0
484769.800000 4209798.800000 48453.0
484932.400000 4209951.700000 48483.0
484922.200000 4210092.700000 48513.0
484893.500000 4210257.000000 48543.0
484875.300000 4210340.400000 48573.0
484850.800000 4210429.300000 48603.0
484929.000000 4210435.900000 48633.0
485030.100000 4210539.000000 48663.0
485189.400000 4210824.900000 48693.0
485209.100000 4211047.900000 48723.0
485088.100000 4211173.400000 48753.0
485086.500000 4211203.400000 48783.0
485084.800000 4211204.700000 48813.0
485138.600000 4211301.100000 48843.0
485257.500000 4211578.100000 48873.0
485368.600000 4211838.700000 48903.0
485421.700000 4212042.600000 48933.0
485420.900000 4212042.600000 48963.0
485425.200000 4212061.600000 48993.0
485462.300000 4212192.300000 49023.0
485462.400000 4212269.000000 49053.0
485228.400000 4212394.700000 49083.0
484854.200000 4212625.200000 49113.0
484633.500000 4212804.200000 49143.0
484616.100000 4212910.900000 49173.0
484349.500000 4212936.800000 49203.0
484149.600000 4212978.200000 49233.0
484145.100000 4213307.900000 49263.0
484151.000000 4213667.300000 49293.0
484171.600000 4213891.600000 49323.0
484145.700000 4214068.100000 49353.0
484078.600000 4214326.900000 49383.0
484022.000000 4214545.400000 49413.0
483987.200000 4214724.100000 49443.0
483980.100000 4215111.300000 49473.0
483988.800000 4215127.000000 49503.0
484082.100000 4215256.700000 49533.0
484109.500000 4215357.900000 49563.0
484042.100000 4215422.300000 49593.0
484204.600000 4215563.000000 49623.0
484429.200000 4215637.000000 49653.0
484544.600000 4215914.000000 49683.0
484503.900000 4216113.900000 49713.0
484509.200000 4216170.600000 49743.0
484535.600000 4216272.600000 49773.0
484614.000000 4216418.900000 49803.0
484744.500000 4216378.800000 49833.0
484774.100000 4216278.900000 49863.0
484779.300000 4216271.300000 49893.0
484641.100000 4216437.000000 49923.0
484573.600000 4216465.100000 49953.0
484574.400000 4216468.400000 49983.0
484561.300000 4216481.600000 50013.0
484557.800000 4216487.100000 50043.0
484514.000000 4216513.900000 50103.0
484506.100000 4216510.500000 50133.0
484488.500000 4216491.500000 50193.0
484470.000000 4216423.800000 50223.0
484379.400000 4216281.700000 50253.0
484273.600000 4216379.700000 50283.0
484196.600000 4216449.700000 50313.0
484082.500000 4216411.000000 50343.0
484045.500000 4216317.900000 50373.0
483975.500000 4216333.700000 50403.0
483948.600000 4216530.200000 50433.0
483993.500000 4216685.400000 50463.0
484000.600000 4216706.600000 50493.0
484124.400000 4216792.700000 50523.0
484233.800000 4216738.300000 50553.0
484260.200000 4216792.400000 50583.0
484364.400000 4216736.800000 50613.0
484543.100000 4216623.400000 50643.0
484555.300000 4216622.100000 50673.0
484765.300000 4216851.600000 50703.0
485080.600000 4217172.700000 50733.0
485366.900000 4217447.300000 50763.0
485515.700000 4217334.000000 50793.0
485568.900000 4217198.500000 50823.0
485718.600000 4217020.900000 50853.0
485955.500000 4217083.500000 50883.0
485985.300000 4217092.300000 50913.0
486124.900000 4217164.100000 50943.0
486255.000000 4217351.400000 50973.0
486151.000000 4217543.700000 51003.0
486026.900000 4217723.800000 51033.0
486188.500000 4217915.700000 51063.0
486257.900000 4217993.400000 51093.0
486479.900000 4218164.100000 51123.0
486503.700000 4218176.300000 51153.0
486648.400000 4218229.400000 51183.0
486693.000000 4218248.400000 51213.0
486935.100000 4218353.400000 51243.0
486937.800000 4218352.100000 51273.0
486951.800000 4218304.200000 51303.0
486970.700000 4218074.400000 51333.0
486984.700000 4218047.700000 51363.0
486998.700000 4218036.700000 51393.0
487006.500000 4218029.000000 51423.0
487067.800000 4217974.800000 51453.0
487086.200000 4217959.100000 51483.0
487127.300000 4217929.000000 51513.0
487134.300000 4217928.900000 51543.0
487312.100000 4217847.800000 51603.0
487586.200000 4217647.600000 51633.0
487606.400000 4217633.200000 51663.0
487763.000000 4217509.800000 51693.0
488019.600000 4217334.200000 51723.0
488091.900000 4217574.900000 51753.0
488137.800000 4217774.600000 51783.0
488129.100000 4217776.800000 51813.0
488134.400000 4217822.100000 51903.0
488175.700000 4217943.000000 51933.0
488200.500000 4218081.800000 51963.0
488161.500000 4218424.700000 51993.0
488075.600000 4218485.000000 52023.0
487926.600000 4218475.000000 52053.0
487940.100000 4218629.100000 52083.0
488280.300000 4218718.300000 52113.0
488575.900000 4218844.500000 52143.0
488465.700000 4219087.600000 52173.0
488429.100000 4219179.900000 52203.0
488325.500000 4219153.400000 52233.0
488267.700000 4219128.900000 52263.0
487975.600000 4219048.500000 52293.0
487729.300000 4218993.400000 52323.0
487845.500000 4218765.900000 52353.0
487852.500000 4218740.500000 52383.0
487834.700000 4218625.000000 52413.0
487622.700000 4218682.900000 52443.0
487454.400000 4218765.200000 52473.0
487379.100000 4218809.800000 52503.0
487070.900000 4218461.900000 52533.0
486666.400000 4218223.900000 52563.0
486284.700000 4218041.200000 52593.0
485886.300000 4217736.700000 52623.0
485461.500000 4217507.600000 52653.0
485068.000000 4217151.100000 52683.0
484709.700000 4216804.300000 52713.0
484498.800000 4216554.900000 52743.0
484444.200000 4216380.700000 52773.0
484320.600000 4215953.800000 52803.0
484067.300000 4215579.300000 52833.0
483934.600000 4215433.100000 52863.0
483851.900000 4215333.400000 52893.0
483755.000000 4215103.700000 52923.0
483607.500000 4214643.500000 52953.0
483599.600000 4214608.000000 52983.0
483596.000000 4214565.700000 53013.0
483583.700000 4214510.300000 53043.0
483578.400000 4214482.300000 53073.0
483572.200000 4214448.100000 53103.0
483462.100000 4214210.800000 53133.0
483372.300000 4214027.700000 53163.0
483373.600000 4213880.000000 53193.0
483351.200000 4213613.800000 53223.0
483253.200000 4213296.600000 53253.0
483300.000000 4213043.400000 53283.0
483214.300000 4212804.000000 53313.0
483149.300000 4212339.400000 53343.0
483146.800000 4211927.600000 53373.0
483395.600000 4211760.700000 53403.0
483351.500000 4211615.600000 53433.0
