481840.100000 4208882.100000 23027.0
481865.400000 4208848.600000 23117.0
481846.100000 4208809.700000 23147.0
481835.600000 4208809.700000 23177.0
481737.500000 4208879.700000 23207.0
481677.000000 4208929.800000 23237.0
481786.200000 4209100.600000 23267.0
481942.000000 4209321.200000 23297.0
482122.400000 4209556.100000 23327.0
482244.700000 4209689.200000 23357.0
482419.700000 4209890.700000 23387.0
482550.000000 4210086.800000 23417.0
482684.600000 4210268.500000 23447.0
482778.100000 4210471.500000 23477.0
482880.100000 4210581.300000 23507.0
482894.200000 4210583.400000 23537.0
482992.100000 4210829.500000 23567.0
483114.700000 4211118.800000 23597.0
483251.300000 4211416.100000 23627.0
483354.500000 4211721.000000 23657.0
483105.800000 4211925.500000 23687.0
483074.800000 4212239.700000 23717.0
483107.100000 4212562.500000 23747.0
483127.500000 4212630.200000 23777.0
483142.400000 4212626.800000 23807.0
483150.300000 4212648.800000 24107.0
483150.400000 4212695.400000 24137.0
483202.600000 4212932.700000 24167.0
483295.400000 4213241.100000 24197.0
483324.100000 4213527.100000 24227.0
483389.200000 4213644.700000 24257.0
483394.000000 4213845.300000 24287.0
483386.400000 4214008.200000 24317.0
483412.000000 4214081.400000 24347.0
483560.000000 4214378.700000 24377.0
483671.300000 4214732.300000 24407.0
483758.800000 4215108.400000 24437.0
483885.600000 4215372.300000 24467.0
484106.200000 4215596.200000 24497.0
484326.900000 4215911.900000 24527.0
484461.800000 4216332.400000 24557.0
484676.400000 4216712.500000 24587.0
485077.800000 4217114.700000 24617.0
485494.000000 4217480.100000 24647.0
485895.100000 4217723.600000 24677.0
486120.600000 4217881.900000 24707.0
486451.600000 4218163.300000 24737.0
486731.300000 4218248.300000 24767.0
486946.400000 4218366.500000 24797.0
487342.400000 4218773.000000 24827.0
487341.400000 4219203.500000 24857.0
487331.700000 4219766.000000 24887.0
487554.100000 4220240.600000 24917.0
487555.000000 4220262.600000 24947.0
487378.400000 4220541.400000 24977.0
487323.600000 4220759.800000 25007.0
487466.000000 4221098.200000 25037.0
487525.800000 4221192.500000 25067.0
487542.600000 4221223.400000 25097.0
487555.700000 4221153.600000 25127.0
487455.400000 4220936.100000 25157.0
487347.100000 4220613.400000 25187.0
487436.200000 4220436.700000 25217.0
487499.800000 4220102.700000 25247.0
487403.100000 4219966.500000 25277.0
487328.200000 4219775.800000 25307.0
487302.000000 4219220.900000 25337.0
487437.500000 4218945.600000 25367.0
487434.800000 4218943.500000 25397.0
487585.600000 4218961.000000 25457.0
488068.800000 4219083.500000 25487.0
488283.700000 4219137.300000 25517.0
488289.900000 4219142.800000 25547.0
488471.200000 4219094.700000 25577.0
488641.600000 4218732.600000 25607.0
488647.300000 4218388.500000 25637.0
488648.700000 4218149.800000 25667.0
488609.600000 4217873.400000 25697.0
488600.400000 4217445.100000 25727.0
488591.400000 4217223.300000 25757.0
488440.400000 4217171.500000 25787.0
488267.000000 4217246.200000 25817.0
488257.300000 4217249.600000 25847.0
488254.600000 4217251.800000 25877.0
488131.900000 4217282.800000 25907.0
487902.300000 4217409.700000 25937.0
487650.100000 4217581.100000 25967.0
487394.400000 4217781.300000 25997.0
487110.500000 4217917.100000 26027.0
487018.500000 4218004.900000 26057.0
486830.400000 4218170.700000 26087.0
486774.200000 4218197.400000 26117.0
486756.700000 4218206.400000 26147.0
486707.600000 4218234.400000 26177.0
486368.100000 4218100.800000 26207.0
485985.300000 4217785.200000 26237.0
485602.600000 4217535.300000 26267.0
485313.000000 4217358.500000 26297.0
485017.900000 4217064.800000 26327.0
484752.700000 4216823.700000 26357.0
484546.300000 4216616.600000 26387.0
484565.800000 4216775.300000 26417.0
484581.100000 4216970.400000 26447.0
484587.400000 4217071.600000 26477.0
484591.400000 4217313.200000 26507.0
484413.600000 4217367.800000 26537.0
484327.400000 4217262.500000 26567.0
484258.000000 4217170.400000 26597.0
484234.200000 4217138.300000 26627.0
484090.000000 4216944.300000 26657.0
484077.600000 4216819.900000 26687.0
484222.200000 4216770.900000 26717.0
484231.800000 4216765.400000 26747.0
484282.700000 4216802.100000 26777.0
484388.700000 4216753.200000 26807.0
484492.000000 4216649.800000 26837.0
484565.500000 4216620.800000 26867.0
484703.100000 4216601.500000 26897.0
484605.600000 4216474.300000 26927.0
484757.100000 4216379.600000 26957.0
484778.000000 4216297.500000 26987.0
484783.200000 4216287.300000 27017.0
484791.000000 4216271.700000 27047.0
484758.800000 4216403.800000 27077.0
484526.700000 4216502.000000 27107.0
484513.500000 4216508.800000 27137.0
484485.300000 4216491.000000 27167.0
484461.500000 4216419.100000 27197.0
484411.100000 4216246.100000 27227.0
484400.600000 4216259.300000 27257.0
484310.100000 4216320.800000 27843.0
484260.900000 4216296.400000 27873.0
484402.700000 4216231.700000 27903.0
484382.300000 4216119.600000 27933.0
484443.500000 4216027.200000 27963.0
484460.200000 4216017.000000 27993.0
484488.300000 4216006.800000 28023.0
484476.800000 4215935.700000 28053.0
484411.800000 4215889.300000 28083.0
484402.100000 4215890.600000 28113.0
484399.400000 4215876.200000 28173.0
484403.300000 4215664.200000 28203.0
484305.900000 4215597.900000 28233.0
484140.000000 4215544.000000 28263.0
484027.600000 4215425.700000 28293.0
484024.000000 4215405.800000 28323.0
483963.300000 4215310.700000 28353.0
483921.000000 4215265.500000 28383.0
483951.100000 4214924.700000 28413.0
484043.300000 4214466.200000 28443.0
484099.900000 4214241.700000 28473.0
484136.400000 4214097.300000 28503.0
484165.000000 4213908.500000 28533.0
484152.500000 4213760.000000 28563.0
484143.700000 4213302.900000 28593.0
484152.200000 4213199.600000 28623.0
484155.600000 4213119.600000 28653.0
484141.300000 4212975.300000 28683.0
484264.000000 4212946.300000 28713.0
484495.500000 4212920.400000 28743.0
484633.900000 4212846.900000 28773.0
484674.800000 4212679.300000 28803.0
484955.300000 4212570.000000 28833.0
485286.600000 4212362.800000 28863.0
485405.700000 4212294.900000 28893.0
485426.800000 4212293.600000 28923.0
485474.100000 4212275.700000 28953.0
485489.100000 4212285.800000 28983.0
485516.500000 4212356.900000 29013.0
485584.000000 4212335.600000 29043.0
485567.900000 4212143.500000 29073.0
485593.200000 4212062.600000 29103.0
485668.300000 4211821.600000 29133.0
485721.300000 4211539.700000 29163.0
485728.900000 4211376.700000 29193.0
485694.600000 4211296.800000 29223.0
485694.600000 4211293.400000 29253.0
485741.900000 4211231.100000 29283.0
485779.100000 4210977.900000 29313.0
485784.000000 4210825.900000 29343.0
485727.600000 4210713.000000 29373.0
485524.600000 4210511.500000 29403.0
485324.300000 4210327.700000 29433.0
485076.500000 4210090.700000 29463.0
484979.700000 4209998.600000 29493.0
484913.000000 4209927.600000 29523.0
484797.800000 4209815.700000 29553.0
484752.000000 4209768.000000 29583.0
484715.100000 4209727.000000 29613.0
484709.900000 4209725.700000 29643.0
484677.400000 4209694.900000 29673.0
484643.200000 4209661.500000 29703.0
484622.900000 4209639.500000 29733.0
484598.300000 4209616.300000 29763.0
484581.500000 4209604.000000 29793.0
484544.600000 4209563.100000 29823.0
484502.300000 4209516.600000 29853.0
484458.400000 4209471.400000 29883.0
484414.400000 4209423.600000 29913.0
484370.500000 4209382.700000 29943.0
484330.900000 4209341.700000 29973.0
484229.000000 4209249.600000 30003.0
484051.500000 4209113.700000 30033.0
484087.300000 4209015.800000 30063.0
484192.300000 4208895.800000 30093.0
484043.600000 4208668.800000 30123.0
483999.600000 4208610.100000 30153.0
483904.600000 4208487.100000 30183.0
483830.800000 4208397.500000 30213.0
483695.300000 4208229.300000 30243.0
483593.200000 4208049.600000 30273.0
483531.500000 4207907.600000 30303.0
483433.900000 4207855.700000 30333.0
483420.400000 4207886.600000 40666.0
483438.800000 4207875.600000 40846.0
483523.100000 4207885.600000 40876.0
483748.700000 4208289.300000 40937.0
483859.600000 4208426.700000 40967.0
483945.000000 4208536.500000 40997.0
484016.400000 4208638.400000 41027.0
484139.100000 4208532.800000 41057.0
484213.600000 4208460.700000 41087.0
484356.500000 4208339.400000 41117.0
484586.200000 4208170.500000 41147.0
484773.100000 4208112.600000 41177.0
484909.200000 4208143.200000 41207.0
485163.800000 4208202.900000 41237.0
485311.100000 4208079.400000 41267.0
485537.200000 4207845.800000 41297.0
485568.800000 4207847.000000 41327.0
485574.100000 4207826.700000 41826.0
485482.100000 4207935.600000 41856.0
485396.200000 4208037.800000 41886.0
485231.300000 4208144.700000 41916.0
485173.500000 4208207.100000 41946.0
484884.600000 4208139.900000 41976.0
484732.700000 4208106.700000 42006.0
484681.000000 4208125.900000 42036.0
484536.400000 4208219.200000 42066.0
484353.200000 4208360.500000 42096.0
484216.500000 4208484.000000 42126.0
484079.800000 4208610.800000 42156.0
483977.100000 4208572.000000 42186.0
483768.500000 4208324.000000 42216.0
483617.900000 4208102.500000 42246.0
483531.500000 4207908.400000 42276.0
483427.800000 4207871.800000 42306.0
483422.600000 4207868.800000 49976.0
483412.100000 4207875.600000 50006.0
483395.300000 4207874.400000 50036.0
483387.300000 4207868.100000 51164.0
483423.300000 4207869.300000 51734.0
483537.500000 4207890.200000 51764.0
483615.000000 4208084.300000 51794.0
483743.500000 4208291.500000 51824.0
483884.300000 4208457.500000 51854.0
483974.900000 4208575.800000 51884.0
483990.800000 4208668.100000 51914.0
483829.500000 4208781.400000 51944.0
483738.400000 4208847.200000 51974.0
483749.800000 4208869.200000 52004.0
483773.600000 4208886.900000 52034.0
483798.300000 4208904.600000 52064.0
483839.900000 4208929.100000 52120.0
483864.500000 4208946.800000 52150.0
483877.700000 4208952.300000 52180.0
483910.200000 4208975.500000 52210.0
483957.700000 4209019.900000 52240.0
484019.300000 4209079.900000 52270.0
484028.000000 4209085.300000 52300.0
484057.800000 4209110.700000 52330.0
484112.300000 4209158.400000 52360.0
484144.000000 4209185.000000 52390.0
484208.200000 4209229.300000 52420.0
484260.000000 4209274.500000 52450.0
484307.500000 4209322.300000 52480.0
484362.800000 4209381.000000 52510.0
484531.700000 4209553.800000 52540.0
484617.000000 4209635.700000 52570.0
484731.400000 4209762.900000 52600.0
484848.300000 4209866.800000 52630.0
484909.000000 4209920.000000 52660.0
485023.300000 4210028.600000 52690.0
485193.000000 4210187.000000 52720.0
485317.700000 4210297.700000 52750.0
485551.500000 4210509.300000 52780.0
485734.400000 4210680.000000 52810.0
485765.300000 4210716.800000 52840.0
485795.500000 4210982.100000 52870.0
485774.800000 4211205.200000 52900.0
485759.100000 4211230.600000 52930.0
485710.000000 4211284.000000 52960.0
485953.300000 4211472.400000 52990.0
485982.500000 4211595.500000 53020.0
485748.600000 4211797.800000 53050.0
485643.700000 4212017.600000 53080.0
485549.900000 4212073.300000 53110.0
485505.200000 4212069.100000 53140.0
485473.800000 4212174.600000 53170.0
485480.800000 4212186.800000 53200.0
485487.900000 4212213.500000 53230.0
485463.400000 4212282.500000 53260.0
485239.100000 4212387.000000 53290.0
484923.700000 4212588.200000 53320.0
484622.100000 4212697.600000 53350.0
484640.900000 4212909.600000 53380.0
484468.900000 4212923.000000 53410.0
484210.100000 4212942.500000 53440.0
484170.000000 4213039.100000 53470.0
484140.900000 4213397.700000 53500.0
484157.200000 4213721.400000 53530.0
484164.700000 4213945.800000 53560.0
484121.300000 4214151.100000 53590.0
484040.200000 4214463.200000 53620.0
483962.800000 4214819.300000 53650.0
484002.100000 4215155.300000 53680.0
484088.300000 4215283.800000 53710.0
484113.100000 4215370.100000 53740.0
484081.500000 4215388.000000 53770.0
484093.100000 4215484.400000 53800.0
484281.700000 4215575.100000 53830.0
484452.900000 4215672.500000 53860.0
484534.800000 4215863.300000 53890.0
484541.300000 4216013.100000 53920.0
484517.000000 4216132.900000 53950.0
484517.000000 4216135.000000 53980.0
484523.200000 4216191.700000 54010.0
484575.200000 4216350.400000 54040.0
484670.000000 4216430.200000 54070.0
484778.500000 4216317.800000 54100.0
484784.700000 4216289.900000 54130.0
484805.600000 4216231.000000 54160.0
484770.800000 4216384.300000 54190.0
484579.000000 4216474.400000 54220.0
484544.900000 4216493.500000 54250.0
484518.700000 4216505.800000 54280.0
484517.800000 4216507.900000 54310.0
484488.000000 4216497.800000 54370.0
484451.000000 4216376.000000 54400.0
484407.800000 4216249.500000 54430.0
484403.500000 4216252.900000 54460.0
484273.100000 4216383.900000 54490.0
484111.100000 4216480.800000 54520.0
484072.200000 4216352.200000 54550.0
484000.200000 4216345.500000 54580.0
483917.000000 4216365.600000 54610.0
483956.000000 4216533.100000 54640.0
484008.000000 4216706.100000 54670.0
484080.700000 4216675.900000 54700.0
484206.900000 4216660.000000 54730.0
484238.700000 4216755.200000 54760.0
484211.500000 4216776.400000 54790.0
484045.000000 4216833.500000 54820.0
484158.400000 4217035.100000 54850.0
484256.900000 4217168.300000 54880.0
484350.100000 4217321.300000 54910.0
484196.000000 4217457.100000 54940.0
484319.800000 4217569.000000 54970.0
484560.500000 4217764.900000 55000.0
484626.500000 4217901.100000 55030.0
484739.000000 4218102.800000 55060.0
484869.000000 4218238.000000 55090.0
485135.300000 4218089.800000 55120.0
485253.000000 4218201.700000 55150.0
485487.400000 4218378.700000 55180.0
485498.800000 4218378.600000 55210.0
485512.900000 4218420.900000 55270.0
485387.000000 4218601.000000 55300.0
485339.700000 4218626.500000 55330.0
485434.200000 4218525.200000 55360.0
485546.900000 4218373.000000 55390.0
485702.600000 4218162.000000 55420.0
485835.500000 4217964.100000 55450.0
485936.800000 4217788.700000 55480.0
485936.800000 4217785.300000 55510.0
485983.300000 4217784.000000 55540.0
485991.200000 4217785.200000 55570.0
486059.700000 4217833.800000 55630.0
486399.400000 4218117.200000 55660.0
486528.400000 4218177.100000 55690.0
486730.900000 4218200.100000 55720.0
487012.800000 4218001.100000 55750.0
487012.800000 4217999.800000 55780.0
487094.400000 4217983.200000 55810.0
487100.800000 4218115.200000 55840.0
487111.600000 4218274.800000 55870.0
487094.300000 4218462.300000 55900.0
487093.500000 4218466.600000 55930.0
487244.600000 4218675.800000 55960.0
487378.100000 4218800.900000 55990.0
487391.300000 4218824.200000 56020.0
487446.800000 4219027.300000 56050.0
487259.000000 4219416.900000 56080.0
487408.800000 4219954.700000 56110.0
487517.700000 4220117.500000 56140.0
487519.700000 4220324.000000 56170.0
487338.700000 4220598.100000 56200.0
487478.700000 4220970.800000 56230.0
487591.200000 4221210.200000 56260.0
487530.700000 4221206.100000 56290.0
487403.100000 4220936.200000 56345.0
487271.300000 4220663.400000 56375.0
487426.900000 4220442.200000 56405.0
487530.100000 4220291.000000 56435.0
487412.100000 4219975.000000 56465.0
487265.000000 4219509.200000 56495.0
487428.200000 4219091.600000 56525.0
487390.200000 4218852.100000 56555.0
487115.300000 4218499.500000 56585.0
486777.300000 4218243.600000 56615.0
486478.200000 4218157.700000 56645.0
486142.800000 4217879.800000 56675.0
486023.500000 4217803.400000 56705.0
485725.000000 4217588.400000 56735.0
485316.000000 4217344.900000 56765.0
485056.000000 4217092.300000 56795.0
484746.000000 4216801.200000 56825.0
484579.900000 4216633.900000 56855.0
484458.400000 4216384.400000 56885.0
484394.800000 4216117.100000 56915.0
484445.500000 4216021.700000 56945.0
484435.600000 4215894.300000 56975.0
484405.400000 4215705.600000 57005.0
484330.600000 4215581.300000 57035.0
484158.600000 4215559.700000 57065.0
484025.800000 4215388.100000 57095.0
483929.000000 4215252.800000 57125.0
483954.000000 4215034.400000 57155.0
483952.400000 4215034.400000 57185.0
483976.400000 4214740.200000 57215.0
484071.100000 4214327.300000 57245.0
484091.200000 4214236.300000 57275.0
484139.000000 4214045.300000 57305.0
484150.800000 4213831.100000 57335.0
484140.900000 4213731.200000 57365.0
484129.600000 4213376.100000 57395.0
484152.900000 4213107.700000 57425.0
484223.700000 4212936.600000 57455.0
484599.100000 4212911.300000 57485.0
484558.100000 4212568.600000 57515.0
484452.400000 4212312.300000 57545.0
484095.500000 4211998.900000 57575.0
483924.200000 4211810.500000 57605.0
484005.500000 4211624.900000 57635.0
484078.200000 4211601.500000 57665.0
484193.300000 4211660.100000 57695.0
484360.600000 4211566.700000 57725.0
484417.500000 4211503.500000 57755.0
484578.800000 4211392.300000 57785.0
484846.200000 4211304.200000 57815.0
485020.600000 4211237.400000 57845.0
485189.900000 4211207.100000 57875.0
485455.900000 4211213.400000 57905.0
485698.100000 4211249.800000 57935.0
485774.000000 4211032.100000 57965.0
485732.300000 4210705.800000 57995.0
485553.900000 4210534.300000 58025.0
485358.000000 4210368.300000 58055.0
485198.800000 4210191.200000 58085.0
485040.600000 4210048.500000 58115.0
485103.500000 4209976.400000 58145.0
485044.700000 4209897.800000 58175.0
484902.300000 4209755.800000 58205.0
484775.700000 4209627.400000 58235.0
484691.400000 4209559.800000 58265.0
484684.300000 4209559.800000 58295.0
484581.500000 4209454.600000 58445.0
484511.500000 4209517.000000 58475.0
484501.800000 4209524.600000 58505.0
484394.500000 4209424.900000 58565.0
484277.600000 4209307.500000 58595.0
484151.900000 4209209.100000 58625.0
484137.800000 4209202.400000 58655.0
484079.000000 4209160.200000 58685.0
484013.000000 4209069.300000 58715.0
484092.700000 4208998.000000 58745.0
484144.200000 4208840.500000 58775.0
484005.200000 4208633.400000 58805.0
483891.700000 4208491.400000 58835.0
483738.700000 4208310.900000 58865.0
483613.800000 4208138.100000 58895.0
483560.000000 4208017.100000 58925.0
483523.800000 4207922.800000 58955.0
483409.600000 4207885.400000 58985.0
483374.400000 4207860.000000 59015.0
483373.500000 4207832.100000 59045.0
483382.300000 4207834.600000 59431.0
483415.700000 4207868.900000 59461.0
483506.900000 4207855.500000 59491.0
483698.300000 4208221.300000 59551.0
483850.500000 4208406.400000 59581.0
484013.300000 4208614.700000 59611.0
483990.700000 4208673.600000 59641.0
483848.800000 4208772.500000 59671.0
483733.100000 4208856.100000 59701.0
483738.300000 4208866.200000 59731.0
483774.300000 4208890.700000 59761.0
483810.400000 4208912.700000 59791.0
483840.200000 4208925.700000 59821.0
483898.200000 4208966.700000 59851.0
484004.500000 4209063.000000 59881.0
484071.200000 4209125.000000 59911.0
484075.600000 4209129.300000 59941.0
484136.300000 4209174.400000 59971.0
484255.800000 4209274.100000 60001.0
484294.500000 4209308.300000 60031.0
484423.800000 4209432.500000 60061.0
484481.000000 4209476.800000 60091.0
484520.500000 4209483.500000 60121.0
484606.300000 4209372.500000 60151.0
484720.700000 4209478.900000 60181.0
484817.400000 4209579.900000 60211.0
484915.800000 4209624.200000 60241.0
484876.900000 4209524.400000 60271.0
484890.800000 4209408.800000 60301.0
484945.300000 4209446.300000 60331.0
484979.500000 4209489.500000 60361.0
485067.400000 4209587.900000 60391.0
485150.800000 4209661.000000 60421.0
485201.800000 4209715.100000 60451.0
485185.200000 4209781.600000 60481.0
485090.400000 4209736.400000 60511.0
485050.000000 4209699.700000 60541.0
485043.800000 4209695.500000 60571.0
484963.000000 4209619.000000 60601.0
484847.300000 4209717.000000 60631.0
484777.300000 4209782.700000 60661.0
484775.700000 4209786.100000 60691.0
484693.000000 4209711.800000 60721.0
484661.300000 4209685.200000 60751.0
484454.700000 4209476.000000 60781.0
484337.800000 4209363.300000 60811.0
484201.500000 4209240.300000 60841.0
