483394.000000 4207871.000000 18536.0
483451.000000 4207856.500000 18686.0
483526.700000 4207927.500000 18716.0
483610.400000 4208112.700000 18746.0
483738.000000 4208306.700000 18776.0
483698.000000 4208445.600000 18806.0
483597.200000 4208519.000000 18836.0
483441.200000 4208637.000000 18866.0
483341.900000 4208542.000000 18896.0
482700.200000 4208192.400000 19435.0
482345.300000 4208045.500000 19465.0
482111.800000 4208061.600000 19495.0
482028.100000 4207896.300000 19525.0
481944.100000 4207603.600000 19555.0
481909.900000 4207579.100000 19585.0
481742.900000 4207853.300000 19615.0
481716.700000 4207886.800000 19645.0
481647.600000 4207985.600000 19675.0
481365.500000 4208197.000000 19705.0
481150.800000 4208380.800000 19735.0
480983.500000 4208511.100000 19765.0
480744.400000 4208697.000000 19795.0
480515.800000 4208863.100000 19825.0
480302.100000 4209034.600000 19855.0
480278.000000 4209250.900000 19885.0
480260.000000 4209420.700000 19915.0
480183.800000 4209457.700000 19945.0
480185.400000 4209457.700000 19975.0
480051.400000 4209562.100000 20275.0
479998.900000 4209648.600000 20305.0
480128.500000 4209857.800000 20335.0
480124.200000 4209863.300000 20365.0
480236.000000 4210026.000000 20425.0
480447.200000 4209857.900000 20455.0
480761.400000 4209510.900000 20485.0
481267.300000 4209336.700000 20515.0
481684.800000 4209193.500000 20545.0
481861.000000 4209097.900000 20575.0
481946.700000 4209336.400000 20605.0
482157.800000 4209595.400000 20635.0
482215.900000 4209657.500000 20665.0
482423.500000 4209907.600000 20695.0
482652.400000 4210283.400000 20725.0
482813.400000 4210515.000000 20755.0
482923.200000 4210618.100000 20785.0
483008.000000 4210934.100000 20815.0
483165.600000 4211202.100000 20845.0
483187.600000 4211263.000000 20875.0
483234.400000 4211387.300000 20905.0
483250.200000 4211418.200000 20935.0
483305.700000 4211589.100000 20965.0
483149.400000 4211872.100000 20995.0
483087.200000 4212304.000000 21025.0
483125.500000 4212639.100000 21055.0
483124.700000 4212660.300000 21085.0
483213.000000 4212983.000000 21115.0
483274.200000 4213297.000000 21145.0
483273.700000 4213426.900000 21175.0
483330.200000 4213569.000000 21205.0
483368.000000 4213638.800000 21235.0
483369.100000 4213788.600000 21265.0
483347.500000 4213926.200000 21295.0
483433.900000 4214161.400000 21325.0
483545.800000 4214409.600000 21355.0
483593.600000 4214604.600000 21385.0
483707.100000 4214822.000000 21415.0
483773.500000 4215198.100000 21445.0
483985.500000 4215460.500000 21475.0
484052.200000 4215553.500000 21505.0
484247.400000 4215805.000000 21535.0
484414.800000 4216251.600000 21565.0
484451.100000 4216422.500000 21595.0
484560.200000 4216616.600000 21625.0
484884.400000 4216944.500000 21655.0
485249.700000 4217295.500000 21685.0
485580.700000 4217511.200000 21715.0
485882.700000 4217699.500000 21745.0
486005.500000 4217768.300000 21775.0
485970.400000 4217767.000000 21805.0
485765.800000 4217621.000000 21835.0
485577.200000 4217518.000000 21865.0
485586.900000 4217511.200000 21895.0
485308.600000 4217306.400000 22285.0
484950.300000 4216969.700000 22315.0
484663.200000 4216700.700000 22345.0
484486.500000 4216456.800000 22375.0
484412.500000 4216242.700000 22405.0
484404.600000 4216250.400000 22435.0
484417.200000 4216250.300000 23744.0
484332.200000 4216340.200000 23864.0
484360.100000 4216240.300000 23894.0
484426.600000 4216216.900000 23924.0
484409.800000 4216149.200000 23954.0
484419.300000 4216030.700000 23984.0
484495.500000 4216002.600000 24014.0
484400.600000 4215879.600000 24044.0
484397.500000 4215652.300000 24074.0
484263.200000 4215589.500000 24104.0
484078.800000 4215471.300000 24134.0
484020.900000 4215418.100000 24164.0
483984.700000 4215343.700000 24194.0
483918.800000 4215235.100000 24224.0
483954.400000 4215057.600000 24254.0
483954.400000 4215056.400000 24284.0
483953.500000 4214994.200000 24314.0
483988.000000 4214703.300000 24344.0
484007.100000 4214636.800000 24374.0
484088.900000 4214278.200000 24404.0
484099.400000 4214240.500000 24434.0
484155.200000 4214039.700000 24464.0
484165.500000 4213912.300000 24494.0
484169.000000 4213896.700000 24524.0
484136.600000 4213490.800000 24554.0
484147.400000 4213234.300000 24584.0
484149.600000 4212968.100000 24614.0
484201.200000 4212937.900000 24644.0
484516.100000 4212910.600000 24674.0
484611.200000 4212719.600000 24704.0
484893.500000 4212614.900000 24734.0
485120.400000 4212470.200000 24764.0
485216.900000 4212407.000000 24794.0
485285.200000 4212364.500000 24824.0
485377.300000 4212311.000000 24854.0
485477.300000 4212282.900000 24884.0
485470.200000 4212213.900000 24914.0
485456.000000 4212137.300000 24944.0
485455.100000 4212125.100000 24974.0
485426.800000 4212006.600000 25004.0
485377.300000 4211817.100000 25034.0
485374.600000 4211806.900000 25064.0
485367.600000 4211803.500000 25094.0
485346.400000 4211735.900000 25214.0
485289.900000 4211625.100000 25244.0
485146.300000 4211292.600000 25274.0
485134.800000 4211253.700000 25304.0
485174.000000 4211099.600000 25334.0
485281.000000 4211005.000000 25364.0
485215.800000 4210858.700000 25394.0
485046.700000 4210550.400000 25424.0
484905.300000 4210468.600000 25454.0
484871.200000 4210481.800000 25484.0
484897.100000 4210318.800000 25514.0
484926.700000 4210172.300000 25544.0
484810.600000 4210024.800000 25574.0
484899.900000 4209928.100000 25604.0
484751.300000 4209759.900000 25634.0
484728.500000 4209731.200000 25664.0
484694.300000 4209686.800000 25694.0
484690.800000 4209688.100000 25724.0
484608.900000 4209604.000000 25754.0
484587.800000 4209576.100000 25784.0
484537.700000 4209528.400000 25814.0
484513.800000 4209503.900000 25844.0
484475.100000 4209459.500000 25874.0
484459.300000 4209445.100000 25904.0
484411.000000 4209391.900000 25934.0
484385.500000 4209366.500000 25964.0
484382.900000 4209366.600000 25994.0
484306.400000 4209301.100000 26024.0
484200.200000 4209239.100000 26054.0
484176.300000 4209205.700000 26084.0
484077.100000 4209117.000000 26114.0
484067.200000 4209015.900000 26144.0
484205.600000 4208902.600000 26174.0
484043.500000 4208648.900000 26204.0
483843.000000 4208400.900000 26234.0
483668.800000 4208185.800000 26264.0
483558.700000 4207968.500000 26294.0
483499.800000 4207865.300000 26324.0
483452.400000 4207870.900000 26354.0
483419.900000 4207879.800000 26384.0
483415.900000 4207876.900000 38502.0
483494.900000 4207843.300000 38532.0
483525.600000 4207789.100000 38562.0
483842.600000 4207871.800000 38592.0
484167.600000 4207976.600000 38622.0
484501.200000 4208039.000000 38652.0
484892.800000 4208142.400000 38682.0
485125.200000 4208236.800000 38727.0
485213.000000 4208302.200000 38757.0
485245.600000 4208346.600000 38787.0
485331.900000 4208489.500000 38817.0
485424.300000 4208621.400000 38847.0
485449.900000 4208667.900000 38877.0
485528.900000 4208686.800000 38907.0
485761.200000 4208562.000000 38937.0
485969.900000 4208440.600000 38967.0
486037.600000 4208487.000000 38997.0
486278.000000 4208374.500000 39027.0
486561.300000 4208324.000000 39057.0
486564.000000 4208325.300000 39087.0
486639.500000 4208347.200000 39117.0
486703.800000 4208445.700000 39147.0
486933.700000 4208352.200000 39177.0
487240.700000 4208256.500000 39207.0
487496.900000 4208196.000000 39237.0
487499.600000 4208197.300000 39267.0
487550.300000 4208068.500000 39297.0
487605.900000 4207629.100000 39327.0
487600.000000 4207128.800000 39357.0
487527.500000 4206837.300000 39387.0
487362.300000 4206780.900000 39417.0
487377.700000 4206545.500000 39447.0
487391.700000 4206484.500000 39477.0
487387.300000 4206456.600000 39507.0
487355.600000 4206410.100000 39537.0
487352.900000 4206403.300000 39567.0
487322.900000 4206310.300000 39627.0
487150.800000 4206321.500000 39657.0
487192.800000 4206164.900000 39687.0
487232.000000 4205998.500000 39717.0
487323.100000 4205855.300000 39747.0
487580.900000 4205671.600000 39777.0
487944.100000 4205459.000000 39807.0
488274.900000 4205230.000000 39837.0
488473.100000 4205109.900000 39867.0
488790.900000 4205007.500000 39897.0
488965.000000 4205248.900000 39927.0
489011.900000 4205465.200000 39957.0
489260.700000 4205705.700000 39987.0
489397.000000 4205806.700000 40017.0
489555.900000 4205799.700000 40047.0
489696.300000 4205740.700000 40077.0
489863.900000 4205697.300000 40107.0
489928.000000 4205706.100000 40137.0
489995.700000 4205723.800000 40167.0
490061.500000 4205713.600000 40197.0
490201.000000 4205605.900000 40227.0
490427.300000 4205405.800000 40257.0
490375.500000 4205325.900000 40287.0
490377.200000 4205318.300000 40317.0
490436.000000 4205362.700000 40407.0
490472.800000 4205347.000000 40437.0
490474.500000 4205348.200000 40467.0
490431.500000 4205352.500000 40737.0
490269.700000 4205215.100000 40767.0
490279.100000 4205207.500000 43318.0
490364.400000 4205292.900000 43378.0
490411.000000 4205340.700000 43408.0
490408.300000 4205339.800000 44643.0
490447.900000 4205372.000000 45063.0
490469.800000 4205348.700000 45093.0
490472.500000 4205348.700000 45123.0
490447.100000 4205378.700000 45213.0
490309.400000 4205497.400000 45243.0
490130.400000 4205672.000000 45273.0
489887.300000 4205691.300000 45303.0
489735.500000 4205792.700000 45333.0
489647.900000 4205905.800000 45363.0
489647.100000 4205907.900000 45393.0
489633.000000 4205915.600000 45453.0
489611.100000 4205917.700000 45483.0
489590.900000 4205926.600000 45513.0
489568.100000 4205936.800000 45543.0
489532.100000 4205941.100000 45573.0
489493.400000 4205944.500000 45603.0
489374.000000 4205946.800000 45633.0
489263.300000 4205955.800000 45663.0
489209.800000 4205957.100000 45693.0
489161.500000 4205959.300000 45723.0
489057.900000 4205968.400000 45753.0
488984.200000 4205986.200000 45783.0
488898.200000 4206014.300000 45813.0
488843.000000 4206038.900000 45843.0
488712.300000 4206086.900000 45873.0
488701.700000 4206083.500000 45903.0
488628.900000 4206103.500000 45933.0
488578.000000 4206115.900000 45963.0
488570.100000 4206114.600000 45993.0
488498.200000 4206127.800000 46023.0
488480.600000 4206134.600000 46053.0
488427.900000 4206143.600000 46083.0
488397.100000 4206150.400000 46113.0
488332.100000 4206166.200000 46143.0
488242.600000 4206188.300000 46173.0
488167.100000 4206206.200000 46203.0
488128.400000 4206211.700000 46233.0
488093.200000 4206216.000000 46263.0
487959.800000 4206250.500000 46293.0
487745.700000 4206304.100000 46323.0
487636.100000 4206327.600000 46353.0
487640.800000 4206547.200000 46383.0
487660.500000 4206835.900000 46413.0
487593.200000 4207089.100000 46443.0
487598.300000 4207570.700000 46473.0
487595.800000 4207724.800000 46503.0
487587.200000 4207761.600000 46533.0
487575.100000 4207863.700000 46563.0
487541.200000 4208054.600000 46593.0
487534.300000 4208079.200000 46623.0
487534.300000 4208082.500000 46653.0
487523.800000 4208172.300000 46683.0
487523.800000 4208172.300000 46713.0
487416.800000 4208211.400000 46743.0
486991.200000 4208329.700000 46773.0
486857.900000 4208383.200000 46803.0
486772.800000 4208421.100000 46833.0
486770.100000 4208419.800000 46863.0
486727.900000 4208435.500000 46893.0
486471.800000 4208542.600000 46923.0
486236.000000 4208711.400000 46953.0
486094.500000 4208557.600000 46983.0
485852.500000 4208668.100000 47013.0
485636.700000 4208792.900000 47043.0
485594.600000 4208810.700000 47073.0
485585.900000 4208814.100000 47103.0
485514.600000 4208745.300000 47163.0
485421.300000 4208595.600000 47193.0
485385.200000 4208542.300000 47223.0
485268.200000 4208385.100000 47253.0
485152.200000 4208264.200000 47283.0
484980.900000 4208173.600000 47313.0
484691.200000 4208095.400000 47343.0
484331.100000 4208010.500000 47373.0
483959.600000 4207921.500000 47403.0
483626.800000 4207846.800000 47433.0
483519.700000 4207859.300000 47463.0
483478.500000 4207859.400000 47493.0
483432.000000 4207871.800000 47523.0
483420.600000 4207871.800000 47553.0
483388.100000 4207859.600000 47583.0
483376.800000 4207826.600000 48023.0
483373.200000 4207797.800000 48053.0
483417.200000 4207871.000000 48083.0
483497.900000 4207853.000000 48113.0
483525.300000 4207928.300000 48143.0
483630.200000 4208144.400000 48173.0
483814.200000 4208388.200000 48203.0
483961.200000 4208569.900000 48233.0
483955.200000 4208696.500000 48263.0
483780.900000 4208815.400000 48293.0
483807.400000 4208917.300000 48323.0
484016.600000 4209085.400000 48353.0
484253.000000 4209293.600000 48383.0
484377.700000 4209405.500000 48413.0
484492.100000 4209520.800000 48443.0
484601.100000 4209631.500000 48473.0
484654.800000 4209682.600000 48503.0
484768.100000 4209794.600000 48533.0
484882.500000 4209906.500000 48563.0
484933.500000 4209956.400000 48593.0
484927.400000 4210051.600000 48623.0
484882.200000 4210269.300000 48653.0
484856.900000 4210370.500000 48683.0
484836.800000 4210480.600000 48713.0
484985.200000 4210498.100000 48743.0
485154.200000 4210770.800000 48773.0
485233.600000 4211028.000000 48803.0
485073.400000 4211174.700000 48833.0
485072.600000 4211211.500000 48863.0
485075.300000 4211212.800000 48893.0
485116.600000 4211273.700000 48923.0
485220.600000 4211515.100000 48953.0
485259.400000 4211604.000000 48983.0
485359.900000 4211805.700000 49013.0
485425.200000 4212049.800000 49043.0
485480.000000 4212279.500000 49073.0
485196.000000 4212416.300000 49103.0
484841.100000 4212633.200000 49133.0
484623.800000 4212699.200000 49163.0
484606.200000 4212729.300000 49193.0
484633.700000 4212831.300000 49223.0
484615.500000 4212912.200000 49253.0
484432.100000 4212923.500000 49283.0
484274.200000 4212934.000000 49313.0
484161.100000 4212934.200000 49343.0
484147.000000 4212934.200000 49373.0
484145.400000 4212939.700000 49403.0
484145.400000 4212943.100000 49433.0
484159.600000 4213016.300000 49463.0
484131.300000 4213342.700000 49493.0
484151.200000 4213703.300000 49523.0
484165.700000 4213948.300000 49553.0
484123.100000 4214129.100000 49583.0
484035.100000 4214461.100000 49613.0
484014.100000 4214548.800000 49643.0
483935.900000 4214913.800000 49673.0
483968.700000 4215110.100000 49703.0
484046.100000 4215222.100000 49733.0
484127.900000 4215357.400000 49763.0
484035.100000 4215420.600000 49793.0
484139.700000 4215547.800000 49823.0
484356.400000 4215583.000000 49853.0
484486.500000 4215782.500000 49883.0
484526.400000 4216018.600000 49913.0
484495.100000 4216160.900000 49943.0
484527.800000 4216287.400000 49973.0
484597.300000 4216451.500000 50003.0
484688.500000 4216443.700000 50033.0
484765.300000 4216321.600000 50063.0
484777.500000 4216296.200000 50093.0
484774.900000 4216322.900000 50123.0
484730.400000 4216428.400000 50153.0
484518.300000 4216517.700000 50183.0
484517.500000 4216515.500000 50213.0
484495.600000 4216525.700000 50243.0
484485.000000 4216502.500000 50273.0
484395.100000 4216275.400000 50303.0
484190.300000 4216466.600000 50333.0
484089.400000 4216433.400000 50363.0
484001.600000 4216369.200000 50393.0
483917.600000 4216392.700000 50423.0
483960.900000 4216587.700000 50453.0
483991.900000 4216706.200000 50483.0
483994.600000 4216720.600000 50513.0
484094.800000 4216827.900000 50543.0
484223.700000 4216783.200000 50573.0
484242.900000 4216772.100000 50603.0
484260.500000 4216791.100000 50633.0
484354.300000 4216787.600000 50663.0
484504.000000 4216649.700000 50693.0
484561.100000 4216649.600000 50723.0
484880.700000 4216967.300000 50753.0
485265.300000 4217328.500000 50783.0
485423.400000 4217431.500000 50813.0
485467.100000 4217389.100000 50843.0
485560.600000 4217212.400000 50873.0
485657.600000 4217026.000000 50903.0
485823.400000 4217043.500000 50933.0
485984.800000 4217091.100000 50963.0
486073.500000 4217112.100000 50993.0
486210.500000 4217276.100000 51023.0
486250.200000 4217394.500000 51053.0
486116.400000 4217583.500000 51083.0
486078.900000 4217636.900000 51113.0
486018.600000 4217772.500000 51143.0
486226.700000 4217930.800000 51173.0
486266.200000 4217987.500000 51203.0
486548.000000 4218181.300000 51233.0
486733.800000 4218238.600000 51263.0
486946.200000 4218340.200000 51293.0
486954.000000 4218347.000000 51323.0
486982.200000 4218400.300000 51383.0
487286.900000 4218735.000000 51413.0
487454.300000 4218788.900000 51443.0
487575.000000 4218533.500000 51473.0
487725.400000 4218306.000000 51503.0
487916.100000 4218009.500000 51533.0
488010.400000 4217791.800000 51563.0
488088.300000 4217650.700000 51593.0
488124.500000 4217819.100000 51623.0
488130.700000 4217831.400000 51653.0
488146.500000 4217901.200000 51683.0
488158.800000 4217965.500000 51713.0
488182.900000 4218224.100000 51743.0
488097.400000 4218483.700000 51773.0
488021.100000 4218447.000000 51803.0
487896.800000 4218558.000000 51833.0
488037.300000 4218657.700000 51863.0
488253.000000 4218723.000000 51893.0
488561.600000 4218800.500000 51923.0
488485.700000 4219065.900000 51953.0
488446.400000 4219164.600000 51983.0
488335.900000 4219154.600000 52013.0
488036.900000 4219076.300000 52043.0
487769.400000 4218950.200000 52073.0
487850.700000 4218784.500000 52103.0
487862.000000 4218718.900000 52133.0
487873.300000 4218705.800000 52163.0
487874.000000 4218612.700000 52433.0
487667.300000 4218657.400000 52463.0
487535.000000 4218738.500000 52493.0
487431.600000 4218815.200000 52523.0
487414.000000 4218819.500000 52553.0
487245.500000 4218669.900000 52613.0
486877.600000 4218306.500000 52643.0
486556.500000 4218191.400000 52673.0
486202.800000 4217924.500000 52703.0
485870.100000 4217697.800000 52733.0
485691.000000 4217579.600000 52763.0
485311.000000 4217353.000000 52793.0
484976.300000 4217017.500000 52823.0
484640.800000 4216697.300000 52853.0
484508.000000 4216541.000000 52883.0
484493.900000 4216496.500000 52913.0
484426.800000 4216196.100000 52943.0
484263.800000 4215815.900000 52973.0
484185.400000 4215686.200000 53003.0
484102.800000 4215596.600000 53033.0
484045.600000 4215523.500000 53063.0
483906.900000 4215387.500000 53093.0
483870.800000 4215332.100000 53123.0
483769.400000 4215049.500000 53153.0
483676.600000 4214722.500000 53183.0
483646.700000 4214665.000000 53213.0
483628.200000 4214611.700000 53243.0
483623.000000 4214594.000000 53273.0
483596.400000 4214460.700000 53303.0
483553.200000 4214316.500000 53333.0
483463.300000 4214154.500000 53363.0
483406.000000 4214030.200000 53393.0
483399.800000 4214017.100000 53423.0
483399.600000 4213885.000000 53453.0
483421.200000 4213758.400000 53483.0
483362.200000 4213595.600000 53513.0
483354.300000 4213585.500000 53543.0
483297.600000 4213359.100000 53573.0
483181.700000 4212871.400000 53603.0
483119.400000 4212439.800000 53633.0
483070.300000 4212014.900000 53663.0
483367.100000 4211746.800000 53693.0
483238.300000 4211352.200000 53723.0
483028.700000 4210983.100000 53753.0
482950.900000 4210676.800000 53783.0
482695.900000 4210368.000000 53813.0
482641.400000 4210305.900000 53843.0
482552.500000 4210209.500000 53873.0
482747.900000 4210114.700000 53903.0
482986.300000 4209969.900000 53933.0
483010.900000 4209959.700000 53963.0
483030.100000 4209937.700000 53993.0
482937.500000 4209763.500000 54023.0
482930.400000 4209732.600000 54053.0
482936.600000 4209723.700000 54083.0
483033.000000 4209671.400000 54143.0
483182.800000 4209506.900000 54173.0
483034.000000 4209238.900000 54203.0
483071.300000 4209076.700000 54233.0
483160.700000 4209002.000000 54263.0
483058.500000 4208801.600000 54293.0
483072.500000 4208770.700000 54323.0
483189.100000 4208693.800000 54353.0
483242.300000 4208550.600000 54383.0
483279.900000 4208507.400000 54413.0
483284.300000 4208511.600000 54443.0
483331.500000 4208461.600000 54473.0
483401.500000 4208369.200000 54503.0
483532.300000 4208408.700000 54533.0
483617.500000 4208394.100000 54563.0
483714.700000 4208277.500000 54593.0
483580.000000 4208059.400000 54623.0
483548.200000 4207987.500000 54653.0
483556.900000 4207983.300000 54683.0
483518.000000 4207856.800000 54803.0
483441.700000 4207894.600000 54833.0
483397.800000 4207870.200000 54863.0
483383.700000 4207838.000000 54893.0
483372.800000 4207841.400000 56084.0
483458.000000 4207831.100000 56114.0
483530.200000 4207925.300000 56144.0
483636.700000 4208133.800000 56174.0
483804.700000 4208351.000000 56204.0
483975.400000 4208571.600000 56234.0
483935.300000 4208708.000000 56264.0
483791.600000 4208831.400000 56294.0
483711.800000 4208862.500000 56324.0
483841.900000 4208947.700000 56354.0
483899.100000 4208987.400000 56384.0
483909.600000 4208996.300000 56414.0
483923.700000 4209003.900000 56444.0
483942.100000 4209019.500000 56474.0
483957.900000 4209032.600000 56504.0
483992.100000 4209064.700000 56534.0
484008.900000 4209080.300000 56564.0
484046.600000 4209117.900000 56594.0
484065.900000 4209135.600000 56624.0
484212.700000 4209240.700000 56654.0
484293.500000 4209277.400000 56684.0
484358.600000 4209357.300000 56714.0
484494.900000 4209501.400000 56744.0
484632.900000 4209631.000000 56774.0
484712.600000 4209547.500000 56804.0
484897.500000 4209428.700000 56834.0
484934.400000 4209459.500000 56864.0
484939.600000 4209459.500000 56894.0
485011.700000 4209531.300000 56954.0
484835.400000 4209713.600000 56992.0
484808.400000 4209825.800000 57022.0
484920.000000 4209932.300000 57052.0
485031.700000 4210036.200000 57082.0
485239.100000 4210230.100000 57112.0
485527.400000 4210501.300000 57142.0
485749.700000 4210702.800000 57184.0
485790.900000 4210741.700000 57214.0
486038.600000 4210939.800000 57244.0
486318.000000 4211219.100000 57274.0
486720.900000 4211348.400000 57304.0
487121.900000 4211407.800000 57334.0
487523.600000 4211358.500000 57364.0
487535.000000 4211354.300000 57394.0
487535.000000 4211361.900000 57424.0
487195.500000 4211398.000000 57454.0
487157.900000 4211404.800000 57484.0
487172.300000 4211611.300000 57514.0
487368.300000 4211867.500000 57544.0
487400.300000 4212110.400000 57574.0
487260.200000 4212313.800000 57604.0
487310.000000 4212725.100000 57696.0
482641.300000 4213914.500000 58967.0
482321.100000 4215163.000000 59153.0
482331.700000 4215169.700000 59183.0
482349.300000 4215205.300000 59213.0
482433.000000 4215381.600000 59243.0
482551.800000 4215581.100000 59273.0
482672.400000 4215799.300000 59303.0
482842.900000 4216002.900000 59333.0
483009.800000 4216155.800000 59363.0
483125.800000 4216293.100000 59393.0
483159.200000 4216365.000000 59423.0
483126.900000 4216396.000000 59453.0
483102.200000 4216360.400000 59483.0
483146.500000 4216207.100000 59513.0
483157.000000 4216189.300000 59543.0
483288.700000 4216281.300000 59573.0
483495.400000 4216206.400000 59603.0
483551.800000 4216332.900000 59633.0
483612.800000 4216553.700000 59663.0
483679.600000 4216680.100000 59693.0
483896.900000 4216631.900000 59723.0
483915.900000 4216513.300000 59753.0
484064.000000 4216429.600000 59783.0
484401.400000 4216233.900000 59832.0
484399.600000 4216162.800000 59892.0
484381.800000 4216047.200000 59922.0
484479.200000 4216050.400000 59952.0
484411.200000 4215864.300000 59982.0
484399.600000 4215720.000000 60012.0
484401.200000 4215680.200000 60042.0
484327.400000 4215586.000000 60072.0
484158.100000 4215558.400000 60102.0
484025.300000 4215391.000000 60132.0
483966.300000 4215048.300000 60184.0
484015.300000 4214552.200000 60214.0
484111.200000 4214207.900000 60244.0
484111.200000 4214201.100000 60274.0
484165.100000 4213952.500000 60304.0
484158.000000 4213790.000000 60340.0
484126.600000 4213421.800000 60370.0
484152.100000 4213055.700000 60400.0
484173.800000 4212941.300000 60430.0
484502.700000 4212920.800000 60460.0
484626.900000 4212772.900000 60490.0
484549.900000 4212414.500000 60520.0
484401.400000 4212234.900000 60550.0
484057.800000 4211944.000000 60580.0
483942.500000 4211782.100000 60610.0
