483368.500000 4207845.200000 7065.0
483372.000000 4207838.500000 8925.0
483372.000000 4207837.200000 14895.0
483379.000000 4207846.100000 16305.0
483372.000000 4207837.200000 20415.0
483374.600000 4207838.500000 23685.0
483374.700000 4207842.700000 24945.0
483378.200000 4207842.700000 25485.0
483370.200000 4207800.400000 25785.0
483226.100000 4207729.600000 25815.0
482966.100000 4207667.900000 25845.0
482966.100000 4207667.900000 25875.0
482832.600000 4207625.800000 25905.0
482681.500000 4207586.400000 25935.0
482679.800000 4207585.100000 25965.0
482700.700000 4207469.500000 25995.0
482715.200000 4207262.900000 26025.0
482720.100000 4207163.000000 26055.0
482709.400000 4207048.800000 26085.0
482925.900000 4206938.300000 26115.0
482937.000000 4206791.800000 26145.0
482922.700000 4206645.400000 26175.0
482799.600000 4206562.300000 26205.0
482710.700000 4206507.000000 26235.0
482507.700000 4206406.300000 26265.0
482496.300000 4206399.500000 26295.0
482462.100000 4206338.600000 26325.0
482412.600000 4206222.400000 26355.0
482246.500000 4206163.900000 26385.0
482139.200000 4206114.200000 26415.0
482002.900000 4206007.000000 26445.0
481892.900000 4205884.000000 26475.0
481825.100000 4205821.100000 26505.0
481712.500000 4205713.900000 26535.0
481638.700000 4205642.100000 26565.0
481638.500000 4205549.800000 26595.0
481797.000000 4205379.700000 26625.0
481754.700000 4205328.600000 26655.0
481604.800000 4205450.000000 26685.0
481459.100000 4205454.500000 26715.0
481529.100000 4205384.600000 26745.0
481590.400000 4205332.400000 26775.0
481804.200000 4205146.500000 26805.0
482025.900000 4204960.600000 26835.0
482026.800000 4204869.600000 26871.0
481958.100000 4204778.800000 26901.0
482137.100000 4204670.900000 26931.0
482220.300000 4204555.200000 26961.0
482198.900000 4204415.500000 26991.0
482095.400000 4204513.500000 27021.0
482225.500000 4204593.200000 27051.0
482227.200000 4204594.500000 27081.0
482406.600000 4204701.600000 27111.0
482464.700000 4204760.300000 27141.0
482465.600000 4204760.300000 27171.0
482460.400000 4204770.500000 27201.0
482428.900000 4204852.700000 27231.0
482557.000000 4204845.600000 27261.0
482665.000000 4204836.500000 27291.0
482708.100000 4204841.900000 27321.0
482773.900000 4204847.300000 27351.0
482792.400000 4204893.800000 27381.0
482715.300000 4204932.900000 27411.0
482755.000000 4205008.200000 27441.0
482807.700000 4204986.000000 27471.0
482894.000000 4205094.600000 27501.0
482895.000000 4205191.100000 27531.0
482825.800000 4205226.800000 27561.0
482772.100000 4205168.100000 27591.0
482751.700000 4205114.800000 27621.0
482846.500000 4205141.300000 27651.0
483000.300000 4205139.700000 27681.0
483013.500000 4205152.800000 27711.0
482979.600000 4205278.200000 27741.0
482820.300000 4205485.000000 27771.0
482809.800000 4205506.200000 27801.0
482671.900000 4205490.800000 27831.0
482624.400000 4205434.200000 27861.0
482400.000000 4205609.100000 27891.0
482335.800000 4205546.200000 27921.0
482382.000000 4205384.000000 27951.0
482433.800000 4205432.500000 27981.0
482520.100000 4205514.400000 28011.0
482597.500000 4205623.100000 28041.0
482670.400000 4205655.100000 28071.0
482691.700000 4205749.400000 28101.0
482580.800000 4206020.500000 28131.0
482513.500000 4206198.000000 28161.0
482485.500000 4206253.500000 28191.0
482404.700000 4206219.400000 28221.0
482370.500000 4206189.400000 28251.0
482385.300000 4206151.700000 28281.0
482474.000000 4206126.100000 28311.0
482625.200000 4206186.800000 28341.0
482632.200000 4206188.000000 28371.0
482677.800000 4206114.700000 28431.0
482688.300000 4206098.200000 28461.0
482712.800000 4206035.100000 28491.0
482629.300000 4205994.200000 28521.0
482609.000000 4205984.100000 28551.0
482538.200000 4206150.600000 28581.0
482484.000000 4206287.000000 28611.0
482484.000000 4206287.000000 28641.0
482477.900000 4206301.400000 28701.0
482463.100000 4206340.300000 28731.0
482463.100000 4206340.300000 28761.0
482444.700000 4206386.900000 28821.0
482378.400000 4206529.300000 28851.0
482348.100000 4206755.800000 28881.0
482348.600000 4206997.500000 28911.0
482488.400000 4207058.100000 28941.0
482824.400000 4206978.700000 28971.0
482915.000000 4207082.600000 29001.0
482949.700000 4207331.000000 29031.0
483044.100000 4207570.400000 29061.0
483045.000000 4207573.800000 29091.0
483135.300000 4207536.700000 29121.0
483288.000000 4207541.900000 29151.0
483288.200000 4207647.300000 29181.0
483375.200000 4207710.200000 29211.0
483355.000000 4207741.100000 29241.0
483302.400000 4207786.500000 29271.0
483299.100000 4207877.600000 29301.0
483368.300000 4207864.300000 29331.0
483374.500000 4207871.000000 29361.0
483385.100000 4207899.000000 29451.0
483391.400000 4207918.800000 29481.0
483380.100000 4207993.400000 51411.0
483246.700000 4208005.900000 51441.0
483137.500000 4207789.800000 51471.0
483103.200000 4207709.100000 51501.0
483076.900000 4207699.000000 51531.0
483023.300000 4207686.000000 51561.0
483011.000000 4207682.600000 51591.0
482784.400000 4207620.000000 51621.0
482696.600000 4207596.900000 51651.0
482679.800000 4207577.000000 51681.0
482704.200000 4207480.500000 51711.0
482718.700000 4207260.800000 51741.0
482722.700000 4207091.100000 51771.0
482748.800000 4207028.800000 51801.0
482977.700000 4206966.100000 51831.0
482927.100000 4206687.700000 51861.0
482909.400000 4206637.800000 51891.0
482637.800000 4206478.800000 51921.0
482538.600000 4206429.100000 51951.0
482482.300000 4206400.400000 51981.0
482472.600000 4206394.900000 52011.0
482472.500000 4206392.800000 52041.0
482460.200000 4206353.900000 52101.0
482489.000000 4206259.400000 52131.0
482409.100000 4206226.200000 52161.0
482358.100000 4206209.800000 52191.0
482236.700000 4206140.200000 52221.0
482326.600000 4205897.100000 52251.0
482311.700000 4205879.300000 52281.0
482246.800000 4205920.500000 52311.0
482156.000000 4206123.900000 52341.0
482067.100000 4206044.100000 52371.0
482060.000000 4206038.600000 52401.0
482012.600000 4206020.900000 52461.0
481900.000000 4205898.000000 52491.0
481937.500000 4205846.700000 52521.0
482061.800000 4205713.100000 52551.0
482252.800000 4205512.900000 52581.0
482371.900000 4205386.100000 52611.0
482419.400000 4205425.800000 52641.0
482549.500000 4205496.600000 52671.0
482622.200000 4205442.300000 52701.0
482569.000000 4205583.300000 52731.0
482580.500000 4205657.800000 52761.0
482513.100000 4205764.600000 52791.0
482660.700000 4205821.900000 52821.0
482812.700000 4205883.800000 52851.0
482840.700000 4205822.700000 52881.0
482703.600000 4205762.100000 52911.0
482707.100000 4205747.700000 52941.0
482815.600000 4205549.800000 52971.0
482887.200000 4205367.700000 53001.0
483013.200000 4205146.500000 53031.0
482964.600000 4205001.400000 53061.0
482864.100000 4204789.500000 53091.0
482733.900000 4204702.200000 53121.0
482517.000000 4204692.500000 53151.0
482525.900000 4204782.200000 53181.0
482516.300000 4204846.600000 53211.0
482632.100000 4204805.300000 53241.0
482708.600000 4204847.400000 53271.0
482783.300000 4204861.700000 53301.0
482891.800000 4205082.400000 53331.0
482893.700000 4205209.800000 53361.0
482825.300000 4205217.500000 53391.0
482736.400000 4205171.200000 53421.0
482631.900000 4205171.400000 53451.0
482615.800000 4204991.500000 53481.0
482468.200000 4204978.700000 53511.0
482322.500000 4205002.300000 53541.0
482118.400000 4205216.900000 53571.0
481895.800000 4205443.800000 53601.0
481755.600000 4205583.000000 53631.0
481668.000000 4205666.600000 53661.0
481609.900000 4205574.400000 53691.0
481800.900000 4205376.300000 53721.0
481756.000000 4205322.300000 53751.0
481590.400000 4205458.900000 53781.0
481499.200000 4205502.300000 53811.0
481534.900000 4205376.900000 53841.0
481596.300000 4205325.600000 53871.0
481761.900000 4205186.400000 53901.0
481944.300000 4205034.900000 53931.0
482052.900000 4204898.300000 53961.0
482008.900000 4204844.300000 53991.0
482011.300000 4204741.000000 54021.0
482163.100000 4204695.400000 54051.0
482217.500000 4204667.300000 54081.0
482253.400000 4204636.300000 54111.0
482254.300000 4204635.100000 54141.0
482383.200000 4204522.600000 54171.0
482191.500000 4204404.500000 54201.0
482106.400000 4204497.800000 54231.0
482052.300000 4204630.000000 54261.0
482165.600000 4204700.900000 54291.0
482165.600000 4204699.600000 54321.0
482279.200000 4204863.600000 54351.0
482329.000000 4205131.000000 54381.0
482365.500000 4205353.900000 54411.0
482518.500000 4205498.800000 54441.0
482570.400000 4205567.700000 54471.0
482668.100000 4205653.800000 54501.0
482720.900000 4205701.500000 54531.0
482612.600000 4205952.300000 54561.0
482534.000000 4206141.300000 54591.0
482499.000000 4206243.300000 54621.0
482495.500000 4206251.000000 54651.0
482484.200000 4206287.800000 54681.0
482484.200000 4206296.700000 54711.0
482468.600000 4206347.900000 54771.0
482468.600000 4206343.700000 54801.0
482421.500000 4206468.200000 54891.0
482504.100000 4206513.400000 54921.0
482494.300000 4206840.600000 54951.0
482529.900000 4207070.300000 54981.0
482847.500000 4206969.800000 55011.0
482928.500000 4207120.700000 55041.0
482985.400000 4207430.000000 55071.0
483112.000000 4207547.400000 55101.0
483283.100000 4207530.500000 55131.0
483293.100000 4207654.900000 55161.0
483223.900000 4207706.300000 55191.0
483409.200000 4207773.600000 55221.0
483431.300000 4207872.200000 55251.0
483371.400000 4207830.000000 55281.0
