483383.000000 4207892.600000 36161.0
483404.200000 4207981.500000 36221.0
483284.000000 4207987.200000 36251.0
483188.300000 4207895.100000 36281.0
483107.200000 4207718.000000 36311.0
483008.900000 4207684.700000 36341.0
482950.900000 4207667.100000 36371.0
482735.600000 4207606.600000 36401.0
482602.100000 4207570.000000 36431.0
482475.600000 4207533.500000 36461.0
482405.500000 4207518.000000 36491.0
482257.100000 4207484.000000 36521.0
482121.900000 4207468.600000 36551.0
482050.800000 4207481.900000 36581.0
481987.700000 4207507.400000 36611.0
481971.000000 4207517.600000 36641.0
481951.800000 4207529.900000 36671.0
481950.900000 4207531.200000 36701.0
481914.900000 4207525.800000 36731.0
481718.800000 4207358.600000 36761.0
481635.400000 4207308.900000 36791.0
481450.800000 4207225.000000 36821.0
481424.600000 4207229.300000 36851.0
481360.700000 4207326.000000 36881.0
481288.000000 4207418.400000 36911.0
481237.300000 4207480.700000 36941.0
481205.700000 4207520.600000 36971.0
481198.700000 4207535.900000 37594.0
481239.300000 4207619.100000 37654.0
481338.900000 4207857.600000 37684.0
481381.500000 4208049.700000 37714.0
481383.200000 4208051.000000 37744.0
481389.700000 4208163.100000 37864.0
481389.700000 4208163.100000 37894.0
481549.100000 4208059.500000 37924.0
481790.700000 4207748.300000 37954.0
481883.400000 4207589.300000 37984.0
481933.400000 4207537.200000 38014.0
482220.200000 4207473.500000 38044.0
482397.600000 4207508.700000 38074.0
482465.300000 4207556.300000 38104.0
482509.400000 4207682.800000 38134.0
482528.000000 4207738.200000 38164.0
482560.600000 4207805.900000 38194.0
482584.500000 4207851.100000 38224.0
482614.400000 4207911.100000 38254.0
482623.100000 4207930.200000 38284.0
482684.800000 4208049.800000 38314.0
482742.200000 4208168.200000 38344.0
482918.000000 4208263.100000 38374.0
483107.700000 4208364.700000 38404.0
483332.700000 4208541.600000 38434.0
483470.800000 4208693.200000 38464.0
483717.700000 4208858.200000 38494.0
483984.900000 4209056.200000 38524.0
484188.800000 4209220.100000 38554.0
484377.700000 4209403.800000 38584.0
484514.800000 4209489.000000 38614.0
484605.000000 4209389.000000 38644.0
484750.400000 4209276.600000 38674.0
484807.400000 4209210.800000 38704.0
484868.900000 4209253.100000 38734.0
484834.700000 4209195.600000 39364.0
484716.800000 4209074.700000 39394.0
484778.100000 4209008.200000 39424.0
484908.600000 4208880.500000 39454.0
485078.600000 4208757.000000 39484.0
485258.300000 4208636.900000 39514.0
485378.300000 4208543.600000 39544.0
485221.800000 4208320.800000 39574.0
485081.100000 4208191.100000 39604.0
484862.500000 4208138.200000 39634.0
484787.000000 4208119.300000 39664.0
484534.100000 4208058.800000 39694.0
484199.400000 4207980.700000 39724.0
483838.500000 4207892.600000 39754.0
483517.100000 4207822.100000 39784.0
483449.500000 4207872.200000 39814.0
483472.500000 4207973.300000 39844.0
483397.700000 4207896.800000 39874.0
