474071.300000 4213213.000000 21825.0
474115.300000 4213279.300000 23175.0
474201.200000 4213261.200000 23205.0
474485.400000 4213222.700000 23235.0
474493.200000 4213221.400000 23265.0
474639.800000 4212958.100000 23295.0
474748.800000 4212760.100000 23325.0
474928.100000 4212566.500000 23355.0
475056.600000 4212141.200000 23385.0
475265.100000 4211760.900000 23415.0
475619.800000 4211545.600000 23445.0
476013.300000 4211417.900000 23475.0
476126.300000 4211373.200000 23505.0
476207.800000 4211329.700000 23535.0
476346.200000 4211250.600000 23565.0
476418.800000 4211192.800000 23595.0
476569.600000 4211160.200000 23625.0
476720.800000 4211225.400000 23655.0
476810.700000 4211059.700000 23685.0
476906.200000 4211041.600000 23715.0
476937.100000 4211086.000000 23745.0
476987.100000 4211077.000000 23775.0
477165.000000 4211022.300000 23805.0
477240.600000 4211076.200000 23835.0
477506.900000 4210904.500000 23865.0
477655.200000 4210916.400000 23895.0
477915.800000 4210910.200000 23925.0
478010.000000 4210724.500000 23955.0
478193.200000 4210655.100000 23985.0
478379.800000 4210492.500000 24015.0
478379.700000 4210483.600000 24045.0
478490.500000 4210536.600000 24075.0
478618.800000 4210652.700000 24105.0
478751.700000 4210447.000000 24135.0
478816.300000 4210336.800000 24165.0
479085.400000 4210200.700000 24195.0
479288.700000 4210096.900000 24225.0
479407.800000 4210014.500000 24255.0
479598.800000 4209883.200000 24285.0
479648.800000 4209847.600000 24315.0
479693.400000 4209816.600000 24345.0
479711.800000 4209804.200000 24375.0
479758.200000 4209769.800000 24405.0
479786.300000 4209750.700000 24435.0
479843.300000 4209709.500000 24465.0
479905.400000 4209669.600000 24495.0
479919.500000 4209659.400000 24525.0
479938.700000 4209647.100000 24555.0
479795.000000 4209417.600000 24585.0
479793.300000 4209417.600000 24615.0
479731.100000 4209444.400000 24645.0
479676.800000 4209476.700000 24675.0
479666.300000 4209481.000000 24705.0
479577.700000 4209555.700000 25005.0
479392.100000 4209682.700000 25035.0
479139.800000 4209860.700000 25065.0
478934.000000 4210012.300000 25095.0
478813.300000 4210212.400000 25125.0
478870.500000 4210258.800000 25155.0
478873.200000 4210258.800000 25185.0
478843.500000 4210305.400000 25215.0
478810.400000 4210358.900000 25245.0
478789.300000 4210382.200000 25275.0
478778.900000 4210403.400000 25305.0
478754.400000 4210451.300000 25335.0
478728.200000 4210495.800000 25365.0
478691.600000 4210593.600000 25515.0
478809.700000 4210752.100000 25545.0
478795.000000 4210814.300000 25575.0
478898.800000 4210908.400000 25605.0
478951.600000 4210945.100000 25635.0
478992.900000 4210977.200000 25665.0
478996.400000 4210982.700000 25695.0
479136.200000 4211089.800000 25725.0
479319.200000 4211257.800000 25755.0
479498.800000 4211459.300000 25785.0
479587.900000 4211604.200000 25815.0
479777.100000 4211848.800000 25845.0
479875.900000 4212091.500000 25875.0
479917.300000 4212183.700000 25905.0
479954.300000 4212291.100000 25935.0
480022.200000 4212383.200000 25965.0
480187.200000 4212428.100000 25995.0
480445.000000 4212384.300000 26025.0
480502.200000 4212443.000000 26055.0
480530.400000 4212501.800000 26085.0
480523.500000 4212561.900000 26115.0
480355.200000 4212622.400000 26145.0
480284.200000 4212658.100000 26175.0
480215.800000 4212667.200000 26205.0
480181.500000 4212619.400000 26235.0
480100.500000 4212453.300000 26265.0
479949.200000 4212312.700000 26295.0
479813.400000 4211994.800000 26325.0
479653.100000 4211716.700000 26355.0
479472.500000 4211463.100000 26385.0
479240.300000 4211214.000000 26415.0
479140.000000 4211112.300000 26445.0
479193.400000 4211051.200000 26475.0
479197.700000 4211045.700000 26505.0
479262.400000 4210965.500000 26625.0
479323.700000 4210914.100000 26655.0
479518.300000 4210806.100000 26685.0
479678.500000 4210693.600000 26715.0
479731.100000 4210636.700000 26745.0
479849.400000 4210575.500000 26775.0
480065.300000 4210569.500000 26805.0
480164.600000 4210692.400000 26835.0
480279.400000 4210960.500000 26865.0
480369.500000 4211186.700000 26895.0
480307.300000 4211225.800000 26925.0
480181.200000 4211291.700000 26955.0
480096.800000 4211237.700000 26985.0
479949.700000 4211008.200000 27015.0
479863.400000 4210878.500000 27045.0
479801.100000 4210885.400000 27075.0
479772.100000 4210837.700000 27105.0
479880.700000 4210776.500000 27135.0
480010.300000 4210691.900000 27165.0
479891.300000 4210467.900000 27195.0
479873.600000 4210413.700000 27225.0
479685.100000 4210480.700000 27255.0
479534.200000 4210481.000000 27285.0
479551.600000 4210405.700000 27315.0
479570.100000 4210433.500000 27345.0
479570.100000 4210432.300000 27375.0
479596.500000 4210488.900000 27465.0
479529.000000 4210550.000000 27495.0
479324.800000 4210666.900000 27525.0
479256.300000 4210650.600000 27555.0
479229.700000 4210508.500000 27585.0
479183.500000 4210328.700000 27615.0
479125.300000 4210198.900000 27645.0
479165.500000 4210154.400000 27675.0
479232.000000 4210125.400000 27705.0
479290.700000 4210084.200000 27735.0
479307.400000 4210079.900000 27765.0
479463.300000 4209972.900000 27855.0
479499.200000 4209946.100000 27885.0
479583.300000 4209889.200000 27915.0
479626.200000 4209858.200000 27945.0
479658.600000 4209834.800000 27975.0
479702.400000 4209806.800000 28005.0
479705.900000 4209806.800000 28035.0
479747.000000 4209771.100000 28065.0
479764.600000 4209762.200000 28095.0
479797.000000 4209743.100000 28155.0
479797.800000 4209744.300000 28185.0
479844.200000 4209694.300000 28215.0
479846.900000 4209697.700000 28245.0
479898.600000 4209666.600000 28275.0
479908.200000 4209659.800000 28305.0
479909.100000 4209659.800000 28335.0
480005.500000 4209577.500000 28365.0
480164.800000 4209428.500000 28395.0
480278.800000 4209378.300000 28425.0
480346.400000 4209381.500000 28455.0
480347.300000 4209381.500000 28485.0
480446.400000 4209392.300000 28515.0
480511.000000 4209232.600000 28545.0
480530.700000 4209002.700000 28575.0
480588.600000 4208989.500000 28605.0
480687.700000 4208996.000000 28635.0
480730.500000 4208935.800000 28665.0
480746.000000 4208814.700000 28695.0
480794.200000 4208795.600000 28725.0
480918.200000 4208925.200000 28755.0
480959.400000 4208967.400000 28785.0
480959.500000 4208971.700000 28815.0
481025.000000 4208858.500000 28845.0
481090.100000 4208585.400000 28875.0
481236.400000 4208436.500000 28905.0
481208.200000 4208392.100000 28935.0
481125.700000 4208403.300000 28965.0
481032.000000 4208473.300000 28995.0
480982.000000 4208494.600000 29025.0
480992.500000 4208472.600000 29055.0
481060.000000 4208421.200000 29085.0
481156.400000 4208352.000000 29115.0
481293.900000 4208246.300000 29145.0
481296.600000 4208244.200000 29175.0
481326.300000 4208215.300000 29205.0
481553.300000 4208065.000000 29235.0
481679.500000 4207955.900000 29265.0
481788.300000 4207942.500000 29295.0
481956.800000 4207908.700000 29325.0
481984.300000 4207995.000000 29355.0
481990.500000 4207993.700000 29385.0
482031.600000 4207977.100000 29415.0
482041.300000 4207973.700000 29445.0
482121.100000 4207943.500000 29475.0
482129.800000 4207941.400000 29505.0
482209.600000 4207911.200000 29535.0
482448.100000 4207808.600000 29565.0
482649.900000 4207737.100000 29595.0
482894.600000 4207666.800000 29625.0
482955.500000 4207795.300000 29655.0
483032.200000 4207984.800000 29685.0
483162.100000 4207952.300000 29715.0
483183.200000 4207943.400000 29745.0
483293.700000 4207900.800000 29775.0
483370.900000 4207889.700000 29805.0
483373.600000 4207888.400000 29835.0
483377.100000 4207897.300000 29955.0
483403.600000 4207982.700000 29985.0
483541.300000 4207964.700000 30015.0
483553.500000 4207964.700000 30045.0
483639.900000 4208141.000000 30075.0
483727.900000 4208265.200000 30105.0
483805.300000 4208365.000000 30135.0
483952.300000 4208545.400000 30165.0
484020.100000 4208629.500000 30195.0
484144.400000 4208530.700000 30225.0
484287.300000 4208405.900000 30255.0
484380.200000 4208323.700000 30285.0
484457.300000 4208261.300000 30315.0
484458.100000 4208261.300000 30345.0
484546.700000 4208200.200000 30375.0
484730.000000 4208098.700000 30405.0
484974.200000 4208154.900000 30435.0
485146.400000 4208199.900000 30465.0
485187.600000 4208202.000000 30495.0
485199.700000 4208169.800000 30525.0
485355.700000 4208053.100000 30555.0
485445.100000 4207961.900000 30585.0
485527.500000 4207853.000000 30615.0
485569.600000 4207831.800000 30645.0
485571.300000 4207829.700000 30675.0
485547.500000 4207822.900000 31455.0
485402.200000 4208017.500000 31485.0
485226.000000 4208140.900000 31515.0
485137.300000 4208201.200000 31545.0
484943.200000 4208148.200000 31575.0
484713.100000 4208093.200000 31605.0
484608.800000 4208159.900000 31635.0
484388.800000 4208321.100000 31665.0
484252.900000 4208444.500000 31695.0
484125.000000 4208556.900000 31725.0
484003.100000 4208601.600000 31755.0
483851.700000 4208419.900000 31785.0
483681.900000 4208207.300000 31815.0
483558.600000 4207989.200000 31845.0
483464.400000 4207870.900000 31875.0
483417.100000 4207883.200000 31905.0
483437.200000 4207883.600000 44395.0
483502.000000 4207815.800000 44425.0
483249.900000 4207748.600000 44455.0
483040.900000 4207697.800000 44485.0
482747.500000 4207618.400000 44515.0
482444.500000 4207539.000000 44545.0
482284.000000 4207564.800000 44575.0
482166.500000 4207627.200000 44605.0
482040.200000 4207676.200000 44635.0
482079.800000 4207748.100000 44665.0
482085.000000 4207761.200000 44695.0
482106.200000 4207793.300000 44785.0
482123.800000 4207821.200000 44815.0
482131.800000 4207836.800000 44845.0
482153.800000 4207872.300000 44875.0
482164.300000 4207888.800000 44905.0
482171.400000 4207904.500000 44935.0
482253.100000 4207885.200000 45055.0
482481.100000 4207804.800000 45085.0
482528.400000 4207786.900000 45115.0
482542.500000 4207775.800000 45145.0
482605.500000 4207753.700000 45175.0
482652.000000 4207735.800000 45205.0
482794.100000 4207690.200000 45235.0
482800.300000 4207689.000000 45265.0
482915.200000 4207669.700000 46075.0
482977.000000 4207829.100000 46105.0
483045.000000 4207993.200000 46135.0
483181.800000 4207943.000000 46165.0
483299.400000 4207894.100000 46195.0
483377.600000 4207890.500000 46225.0
483403.200000 4207984.800000 46255.0
483458.400000 4207940.300000 46285.0
483410.900000 4207874.800000 46315.0
483427.300000 4207874.800000 51169.0
483507.100000 4207864.400000 51199.0
483510.600000 4207835.600000 51229.0
483350.700000 4207770.400000 51259.0
483349.900000 4207760.200000 51289.0
483497.300000 4207729.000000 51319.0
483720.300000 4207734.100000 51349.0
483938.000000 4207754.800000 51379.0
484137.400000 4207831.000000 51409.0
484468.600000 4207975.600000 51439.0
484797.100000 4208055.000000 51469.0
484994.700000 4208106.700000 51499.0
485178.800000 4208000.900000 51529.0
485309.500000 4207958.400000 51559.0
485452.600000 4207956.900000 51589.0
485641.200000 4207910.000000 51619.0
485918.700000 4207928.500000 51649.0
486254.800000 4207903.400000 51679.0
486411.800000 4207882.000000 51709.0
486500.700000 4208008.400000 51739.0
486740.000000 4207832.800000 51769.0
486904.300000 4207363.100000 51799.0
487092.200000 4206839.300000 51829.0
487322.700000 4206583.700000 51859.0
487356.800000 4206555.700000 51889.0
487446.300000 4206495.500000 51919.0
487526.000000 4206407.700000 51949.0
487554.900000 4206361.100000 51979.0
487920.000000 4206277.200000 52009.0
488431.700000 4206149.100000 52039.0
488651.200000 4206097.600000 52069.0
489023.200000 4205967.100000 52099.0
489334.900000 4205959.100000 52129.0
489417.400000 4205961.100000 52159.0
489593.900000 4205941.800000 52189.0
489781.800000 4205949.200000 52219.0
490146.200000 4206017.800000 52249.0
490507.100000 4206006.300000 52279.0
490897.600000 4205916.200000 52309.0
491146.900000 4205873.600000 52339.0
491432.200000 4205830.100000 52369.0
491584.900000 4205826.600000 52399.0
492038.900000 4205806.200000 52429.0
492296.700000 4205506.300000 52459.0
492300.200000 4205502.900000 52489.0
492377.400000 4205479.600000 52519.0
492805.800000 4205340.400000 52549.0
493331.600000 4205279.000000 52579.0
493883.900000 4205381.900000 52609.0
494351.200000 4205620.200000 52639.0
494712.100000 4205764.300000 52669.0
494741.800000 4205480.300000 52699.0
494622.900000 4205000.000000 52729.0
494682.600000 4204900.100000 52759.0
494849.400000 4204897.900000 52789.0
494925.800000 4204899.100000 52819.0
495071.500000 4204900.300000 52849.0
495183.000000 4204901.500000 52879.0
495230.500000 4205021.200000 52909.0
495256.900000 4205218.900000 52939.0
495341.200000 4205290.800000 52969.0
495387.000000 4205488.400000 52999.0
495478.400000 4205760.100000 53029.0
495706.000000 4206033.000000 53059.0
495940.500000 4206250.400000 53089.0
496316.300000 4206394.500000 53119.0
496274.100000 4206428.000000 53149.0
496030.100000 4206701.100000 53179.0
495643.100000 4206959.900000 53209.0
495526.700000 4207415.800000 53239.0
495495.300000 4207862.800000 53269.0
495528.800000 4208170.000000 53299.0
495600.100000 4208470.500000 53329.0
495623.900000 4208609.300000 53359.0
495904.800000 4208705.700000 53389.0
496137.300000 4208595.500000 53419.0
496378.600000 4208421.100000 53449.0
496489.200000 4208314.300000 53479.0
496553.300000 4208330.800000 53509.0
496429.700000 4208508.200000 53539.0
496531.400000 4208383.700000 53569.0
496588.500000 4208271.600000 53599.0
496570.900000 4208177.200000 53629.0
496589.200000 4208050.600000 53659.0
496798.900000 4207884.200000 53689.0
497079.800000 4207774.100000 53719.0
497403.700000 4207708.300000 53749.0
497724.200000 4207636.300000 53779.0
497911.900000 4207437.800000 53809.0
497987.500000 4207480.900000 53839.0
498128.800000 4207563.000000 53869.0
498535.100000 4207602.700000 53899.0
499037.200000 4207738.100000 53929.0
499470.000000 4207606.000000 53959.0
499970.200000 4207625.000000 53989.0
500415.200000 4207757.100000 54019.0
500569.700000 4207662.700000 54049.0
500671.600000 4207508.700000 54079.0
500913.800000 4207336.900000 54109.0
501228.100000 4207183.700000 54139.0
501244.900000 4206860.700000 54169.0
501247.600000 4206759.600000 54199.0
501045.700000 4206732.900000 54229.0
500993.900000 4206850.600000 54259.0
501024.700000 4207168.800000 54289.0
501033.400000 4207311.100000 54319.0
500728.800000 4207415.100000 54349.0
500664.700000 4207520.500000 54379.0
500490.000000 4207797.700000 54409.0
500537.400000 4207883.200000 54439.0
500388.200000 4208115.200000 54469.0
500246.100000 4208177.400000 54499.0
500111.000000 4208262.900000 54529.0
499925.000000 4208334.000000 54559.0
499734.500000 4208657.800000 54589.0
499525.600000 4208768.700000 54619.0
499200.900000 4208887.200000 54649.0
498956.900000 4209178.800000 54679.0
498576.900000 4209090.000000 54709.0
498502.200000 4209191.200000 54739.0
498465.400000 4209245.300000 54769.0
498269.800000 4209413.000000 54799.0
498342.600000 4209581.400000 54829.0
498370.800000 4209662.300000 54859.0
498338.300000 4209695.700000 54889.0
498154.800000 4209578.100000 54919.0
498276.800000 4209389.300000 54949.0
498486.500000 4209203.000000 54979.0
498486.500000 4209201.800000 55009.0
498701.600000 4209443.400000 55039.0
498994.700000 4209846.300000 55069.0
499013.200000 4210172.600000 55099.0
499306.300000 4210223.800000 55129.0
499321.200000 4210288.100000 55159.0
499273.800000 4210582.300000 55189.0
499129.000000 4210587.800000 55219.0
499018.400000 4210567.900000 55249.0
498841.200000 4210579.000000 55279.0
498750.900000 4211008.200000 55309.0
498523.700000 4211478.400000 55339.0
498366.800000 4211986.800000 55369.0
498247.600000 4212507.000000 55399.0
498266.100000 4212804.500000 55429.0
498458.200000 4212987.800000 55459.0
498577.500000 4213144.300000 55489.0
498616.200000 4213163.400000 55519.0
498729.300000 4213211.200000 55549.0
498753.900000 4213270.000000 55579.0
498738.200000 4213534.100000 55609.0
498601.300000 4213617.500000 55639.0
498339.000000 4213642.100000 55669.0
498333.900000 4213918.500000 55699.0
498136.600000 4214371.400000 55729.0
498020.000000 4214642.400000 55759.0
498001.700000 4214693.600000 55789.0
497899.200000 4214920.000000 55819.0
497782.700000 4215202.000000 55849.0
497605.700000 4215669.300000 55879.0
497432.200000 4216203.100000 55909.0
497265.000000 4216782.100000 55939.0
497203.700000 4217072.900000 55969.0
497198.600000 4217340.400000 55999.0
497197.100000 4217890.700000 56029.0
497193.800000 4218466.700000 56059.0
497193.100000 4219014.800000 56089.0
497173.000000 4219268.000000 56119.0
497112.600000 4219720.900000 56149.0
497041.700000 4220224.600000 56179.0
496934.100000 4220776.100000 56209.0
496851.900000 4221315.400000 56239.0
496931.700000 4221554.900000 56269.0
497009.800000 4221565.000000 56299.0
496933.700000 4221856.700000 56329.0
496714.700000 4222250.800000 56359.0
496516.800000 4222541.700000 56389.0
496732.500000 4222710.100000 56419.0
496607.200000 4222954.300000 56449.0
496436.600000 4223225.300000 56479.0
496285.800000 4223153.400000 56509.0
496251.700000 4223099.200000 56539.0
496328.600000 4222904.900000 56569.0
496433.700000 4222695.400000 56599.0
496544.000000 4222490.000000 56629.0
496654.400000 4222330.400000 56659.0
496654.400000 4222330.400000 56689.0
496822.600000 4222099.700000 56839.0
496974.900000 4221698.000000 56869.0
496860.900000 4221546.100000 56899.0
496871.300000 4221207.400000 56929.0
496964.800000 4220623.700000 56959.0
497069.800000 4220013.400000 56989.0
497152.000000 4219403.000000 57019.0
497189.500000 4219044.500000 57049.0
497191.000000 4218505.200000 57079.0
497194.300000 4217881.800000 57109.0
497195.700000 4217283.700000 57139.0
497238.600000 4216858.700000 57169.0
497382.200000 4216349.500000 57199.0
497553.000000 4215810.200000 57229.0
497721.300000 4215351.000000 57259.0
497790.500000 4215177.800000 57289.0
497890.500000 4214943.700000 57319.0
497933.400000 4214842.600000 57349.0
497986.900000 4214717.300000 57379.0
498147.300000 4214345.600000 57409.0
498342.700000 4213838.500000 57439.0
498293.400000 4213271.400000 57469.0
498260.000000 4212734.300000 57499.0
498250.300000 4212321.600000 57529.0
498409.800000 4211836.500000 57559.0
498657.000000 4211217.300000 57589.0
498829.800000 4210600.100000 57619.0
498990.200000 4210002.100000 57649.0
498757.700000 4209495.000000 57679.0
498456.700000 4209018.900000 57709.0
498315.300000 4208481.800000 57739.0
498296.800000 4207907.100000 57769.0
498009.700000 4207485.600000 57799.0
497739.200000 4207051.800000 57829.0
497273.000000 4206703.600000 57859.0
496725.000000 4206425.300000 57889.0
496206.100000 4206322.200000 57919.0
495709.200000 4206138.300000 57949.0
495160.400000 4205947.800000 57979.0
494687.000000 4205769.400000 58009.0
494676.500000 4205765.200000 58039.0
494331.400000 4205608.800000 58069.0
493952.000000 4205412.700000 58099.0
493504.100000 4205293.300000 58129.0
493045.700000 4205280.500000 58159.0
492533.900000 4205425.300000 58189.0
492121.600000 4205734.200000 58219.0
491623.800000 4205818.900000 58249.0
491230.500000 4205854.900000 58279.0
491131.400000 4205868.100000 58309.0
491041.800000 4205882.600000 58339.0
490767.100000 4205938.300000 58369.0
490706.300000 4205774.200000 58399.0
490685.000000 4205640.900000 58429.0
490691.900000 4205552.000000 58459.0
490692.700000 4205528.700000 58489.0
490692.700000 4205528.700000 58519.0
490607.500000 4205527.500000 59419.0
490414.500000 4205563.300000 59449.0
490213.400000 4205591.500000 59479.0
490417.800000 4205399.100000 59509.0
490472.200000 4205358.000000 59539.0
490405.400000 4205412.600000 61471.0
490171.200000 4205618.200000 61501.0
489941.200000 4205701.900000 61531.0
489748.200000 4205717.700000 61561.0
489452.400000 4205804.500000 61591.0
489278.600000 4205820.300000 61621.0
489177.700000 4205863.600000 61651.0
489182.100000 4205952.500000 61681.0
488852.200000 4206016.000000 61711.0
488523.100000 4206126.500000 61741.0
488161.500000 4206207.900000 61771.0
487685.800000 4206331.700000 61801.0
487365.400000 4206394.400000 61831.0
487117.100000 4206496.800000 61861.0
486672.200000 4206607.600000 61891.0
486390.500000 4206662.200000 61921.0
486151.000000 4206707.100000 61951.0
485878.000000 4206745.200000 61981.0
485759.500000 4206783.100000 62011.0
485698.100000 4206820.000000 62041.0
485614.000000 4206871.300000 62071.0
485582.400000 4206890.400000 62101.0
485486.800000 4206944.800000 62131.0
485436.000000 4206963.900000 62161.0
485318.300000 4206995.000000 62191.0
485231.500000 4207014.200000 62221.0
485203.300000 4207017.700000 62251.0
485203.300000 4207017.700000 62281.0
485170.800000 4206973.300000 62311.0
485018.600000 4206786.100000 62341.0
484993.700000 4206648.500000 62371.0
485060.300000 4206586.200000 62401.0
485045.900000 4206428.800000 62431.0
484859.600000 4206279.300000 62461.0
484684.700000 4206167.500000 62491.0
484475.500000 4206037.100000 62521.0
484380.500000 4205899.700000 62551.0
484198.300000 4205655.000000 62581.0
483888.000000 4205496.000000 62611.0
483788.800000 4205429.700000 62641.0
483470.700000 4205305.900000 62671.0
483257.100000 4205206.500000 62701.0
483095.100000 4205017.200000 62731.0
482869.000000 4204759.100000 62761.0
482774.100000 4204705.900000 62791.0
482675.700000 4204675.200000 62821.0
482577.400000 4204642.000000 62851.0
482531.700000 4204653.100000 62881.0
482470.400000 4204738.700000 62911.0
482379.000000 4204686.900000 62941.0
482295.500000 4204641.800000 62971.0
482173.200000 4204565.400000 63001.0
481881.400000 4204437.400000 63031.0
481783.800000 4204406.700000 63061.0
481455.300000 4204391.800000 63091.0
481245.300000 4204304.600000 63121.0
481272.900000 4204065.900000 63151.0
481359.400000 4203904.800000 63181.0
481022.700000 4203714.700000 63211.0
480827.900000 4203780.800000 63241.0
480827.000000 4203782.000000 63271.0
480870.500000 4203626.600000 63301.0
481051.700000 4203373.100000 63331.0
478841.700000 4202876.900000 64711.0
478847.900000 4202890.000000 64741.0
478973.200000 4203155.100000 64771.0
479117.700000 4203335.400000 64801.0
479380.600000 4203433.400000 64831.0
479504.500000 4203468.600000 64861.0
479537.200000 4203535.000000 64891.0
479622.500000 4203549.200000 64921.0
479608.600000 4203631.300000 64951.0
479553.500000 4203702.600000 64981.0
479523.800000 4203738.200000 65011.0
479501.900000 4203767.000000 65041.0
479487.900000 4203784.800000 65071.0
479418.700000 4203871.300000 65101.0
479358.400000 4203971.400000 65131.0
479299.700000 4204024.900000 65161.0
479246.200000 4204070.300000 65191.0
479245.400000 4204071.600000 65221.0
479154.900000 4204048.500000 65251.0
478912.500000 4204045.700000 65281.0
478912.500000 4204045.700000 65311.0
478788.800000 4204085.800000 65341.0
478618.600000 4204127.300000 65371.0
478515.000000 4204152.200000 65401.0
478085.800000 4204251.900000 65431.0
477735.700000 4204335.000000 65461.0
477581.200000 4204374.300000 65491.0
477533.000000 4204396.500000 65521.0
477257.500000 4204456.000000 65551.0
477073.200000 4204490.000000 65581.0
477071.500000 4204488.700000 65611.0
476911.800000 4204512.500000 65641.0
476570.500000 4204582.400000 65671.0
476488.800000 4204603.800000 65701.0
476421.200000 4204630.700000 65731.0
476380.300000 4204745.100000 65761.0
476422.300000 4204994.700000 65791.0
476371.600000 4205066.800000 65821.0
476373.300000 4205074.400000 65851.0
476262.600000 4205100.100000 65881.0
476161.700000 4205113.500000 65911.0
476156.500000 4205116.900000 65941.0
475997.700000 4205150.800000 65971.0
475961.700000 4205152.200000 66001.0
475929.300000 4205178.900000 66031.0
475937.700000 4205376.600000 66061.0
475935.000000 4205644.900000 66091.0
475956.400000 4205751.500000 66121.0
475963.500000 4205787.100000 66151.0
476015.000000 4205995.600000 66181.0
476060.200000 4206145.300000 66211.0
476078.000000 4206211.700000 66241.0
476080.700000 4206233.700000 66271.0
476102.900000 4206320.000000 66301.0
476114.500000 4206405.400000 66331.0
476113.100000 4206491.800000 66361.0
476114.800000 4206500.600000 66391.0
476121.100000 4206543.800000 66421.0
476118.600000 4206591.600000 66451.0
476110.900000 4206669.500000 66481.0
476097.000000 4206718.300000 66511.0
476082.300000 4206770.400000 66541.0
476057.900000 4206863.500000 66571.0
476021.900000 4207142.100000 66601.0
476006.900000 4207401.600000 66631.0
476067.600000 4207714.300000 66661.0
476111.900000 4207855.100000 66691.0
476111.900000 4207855.100000 66721.0
476117.100000 4207870.700000 66751.0
475847.200000 4208013.700000 66781.0
475747.200000 4208070.700000 66811.0
475728.300000 4208171.900000 66901.0
475796.700000 4208442.600000 66931.0
475898.400000 4208716.200000 66961.0
476025.700000 4209013.400000 66991.0
476151.300000 4209389.300000 67021.0
476318.800000 4209660.500000 67051.0
476409.700000 4209824.500000 67081.0
476504.600000 4210179.300000 67111.0
476439.400000 4210391.600000 67141.0
476208.200000 4210544.200000 67171.0
476057.600000 4210646.600000 67201.0
476079.200000 4210820.900000 67231.0
476042.000000 4210976.400000 67261.0
475794.400000 4211259.800000 67291.0
475522.200000 4211502.300000 67321.0
475157.100000 4211465.800000 67351.0
474852.000000 4211538.600000 67381.0
474831.500000 4211748.200000 67411.0
474990.000000 4211925.100000 67441.0
475062.400000 4212061.200000 67471.0
474912.000000 4212232.600000 67501.0
474781.300000 4212217.300000 67531.0
474749.900000 4212317.300000 67561.0
474750.400000 4212465.000000 67591.0
474750.400000 4212473.500000 68052.0
474757.900000 4212632.200000 68082.0
474751.900000 4212669.900000 68112.0
474731.000000 4212735.600000 68142.0
474627.400000 4212993.200000 68172.0
474501.800000 4213220.900000 68202.0
474331.700000 4213238.000000 68232.0
474115.100000 4213275.500000 68262.0
474068.500000 4213223.500000 68292.0
