481827.700000 4208899.900000 22887.0
481841.700000 4208874.400000 23127.0
481830.200000 4208823.200000 23157.0
481741.600000 4208877.600000 23187.0
481694.500000 4208962.000000 23217.0
481922.200000 4209297.500000 23263.0
482138.700000 4209577.700000 23293.0
482252.100000 4209695.900000 23323.0
482353.300000 4209810.000000 23353.0
482503.000000 4210070.400000 23383.0
482709.000000 4210406.000000 23413.0
482971.200000 4210744.100000 23443.0
483180.900000 4211196.500000 23473.0
483300.900000 4211492.600000 23503.0
483298.200000 4211496.000000 23533.0
483371.400000 4211703.200000 23563.0
483092.100000 4211932.300000 23593.0
483076.700000 4212080.100000 23623.0
483129.200000 4212501.500000 23653.0
483206.400000 4212907.300000 23683.0
483226.700000 4212955.900000 23713.0
483288.700000 4213257.600000 23743.0
483317.400000 4213522.900000 23773.0
483363.200000 4213600.700000 23803.0
483373.500000 4213904.600000 23833.0
483478.500000 4214202.800000 23863.0
483587.900000 4214531.000000 23893.0
483748.200000 4214905.700000 23923.0
483820.800000 4215255.100000 23953.0
483829.600000 4215281.800000 23983.0
483795.500000 4215320.800000 24013.0
483505.400000 4215337.000000 24043.0
483297.700000 4215455.100000 24073.0
483105.100000 4215597.700000 24103.0
483091.300000 4215720.900000 24133.0
483148.200000 4216063.600000 24163.0
483174.800000 4216205.800000 24193.0
483204.800000 4216334.400000 24223.0
483209.700000 4216363.200000 24700.0
483321.600000 4216614.800000 24850.0
483593.900000 4216864.000000 24880.0
483803.800000 4217071.000000 24910.0
484029.000000 4217481.100000 24940.0
484355.000000 4217874.500000 24970.0
484713.500000 4218317.800000 25000.0
485082.500000 4218770.900000 25030.0
485454.200000 4219276.000000 25060.0
485629.400000 4219713.800000 25090.0
485795.800000 4220151.600000 25120.0
486020.200000 4220717.100000 25150.0
486294.000000 4220926.100000 25180.0
486492.300000 4221010.000000 25210.0
486968.100000 4221019.400000 25240.0
487178.000000 4220797.300000 25270.0
487284.900000 4220726.000000 25300.0
487429.200000 4221061.000000 25330.0
487491.500000 4221167.600000 25360.0
487493.200000 4221168.900000 25390.0
487563.300000 4221211.100000 25420.0
487536.900000 4221101.100000 25450.0
487406.800000 4220832.900000 25480.0
487336.300000 4220575.700000 25510.0
487531.300000 4220292.700000 25540.0
487522.400000 4220153.900000 25570.0
487401.100000 4219969.900000 25600.0
487348.300000 4219853.600000 25630.0
487254.500000 4219309.000000 25660.0
487436.300000 4218943.900000 25690.0
487668.600000 4218984.600000 25720.0
488116.700000 4219105.800000 25750.0
488275.400000 4219146.700000 25780.0
488315.700000 4219156.800000 25810.0
488483.900000 4219051.100000 25840.0
488645.500000 4218686.100000 25870.0
488650.300000 4218405.400000 25900.0
488652.800000 4218228.900000 25930.0
488606.000000 4218004.700000 25960.0
488613.300000 4217594.100000 25990.0
488607.600000 4217224.600000 26020.0
488497.000000 4217157.000000 26050.0
488137.600000 4217282.000000 26080.0
487820.500000 4217464.400000 26110.0
487473.800000 4217738.000000 26140.0
487057.800000 4217968.400000 26170.0
486845.900000 4218161.800000 26200.0
486756.500000 4218204.200000 26230.0
486593.500000 4218205.800000 26260.0
486185.400000 4217910.200000 26290.0
485756.100000 4217614.600000 26320.0
485491.200000 4217472.000000 26350.0
485167.100000 4217219.500000 26380.0
484812.300000 4216875.200000 26410.0
484635.400000 4216976.700000 26440.0
484589.900000 4217064.400000 26470.0
484595.500000 4217262.900000 26500.0
484417.800000 4217356.300000 26530.0
484359.000000 4217304.400000 26560.0
484267.600000 4217169.100000 26590.0
484203.400000 4217088.400000 26620.0
484175.200000 4217057.500000 26650.0
484073.300000 4216923.600000 26680.0
484164.200000 4216811.200000 26710.0
484231.700000 4216776.800000 26740.0
484232.500000 4216776.800000 26770.0
484280.800000 4216817.800000 26800.0
484424.400000 4216718.900000 26830.0
484530.200000 4216622.200000 26860.0
484655.700000 4216652.000000 26890.0
484605.400000 4216501.000000 26920.0
484671.100000 4216459.800000 26950.0
484776.900000 4216316.500000 26980.0
484783.900000 4216303.400000 27010.0
484782.200000 4216325.400000 27160.0
484683.400000 4216445.400000 27190.0
484535.400000 4216505.800000 27220.0
484533.700000 4216505.800000 27250.0
484512.700000 4216514.700000 27280.0
484509.100000 4216513.400000 27310.0
484488.000000 4216500.400000 27370.0
484462.500000 4216420.400000 27400.0
484433.300000 4216289.700000 27430.0
484428.100000 4216269.800000 27460.0
484427.100000 4216262.600000 28000.0
484375.000000 4216073.100000 28060.0
484421.400000 4216040.800000 28090.0
484460.100000 4216025.100000 28120.0
484462.700000 4216023.800000 28150.0
484516.200000 4215990.300000 28210.0
484394.000000 4215880.500000 28240.0
484393.700000 4215720.900000 28270.0
484390.900000 4215637.500000 28300.0
484283.000000 4215606.800000 28330.0
484146.100000 4215562.600000 28360.0
484025.700000 4215435.500000 28390.0
484023.100000 4215432.100000 28420.0
483996.700000 4215369.900000 28450.0
483928.000000 4215238.000000 28480.0
483956.300000 4214884.900000 28510.0
484048.400000 4214453.000000 28540.0
484090.200000 4214285.400000 28570.0
484131.100000 4214131.200000 28600.0
484162.300000 4213913.600000 28630.0
484163.900000 4213893.700000 28660.0
484127.200000 4213513.300000 28690.0
484152.700000 4213122.500000 28720.0
484150.700000 4212945.200000 28750.0
484346.300000 4212940.600000 28780.0
484586.700000 4212915.600000 28810.0
484604.800000 4212758.100000 28840.0
484753.700000 4212664.700000 28870.0
484943.900000 4212578.000000 28900.0
485239.300000 4212392.100000 28930.0
485451.400000 4212290.600000 28960.0
485473.300000 4212287.100000 28990.0
485459.100000 4212180.500000 29020.0
485459.100000 4212171.600000 29050.0
485435.200000 4212087.400000 29080.0
485438.700000 4212083.200000 29110.0
485520.300000 4212068.700000 29140.0
485585.200000 4212077.400000 29170.0
485661.300000 4211966.400000 29200.0
485716.900000 4211593.400000 29230.0
485715.600000 4211342.900000 29260.0
485699.800000 4211267.500000 29290.0
485774.200000 4211132.000000 29320.0
485781.100000 4211053.200000 29350.0
485782.700000 4211049.000000 29380.0
485785.400000 4211011.300000 29410.0
485789.500000 4210907.200000 29440.0
485792.200000 4210901.700000 29470.0
485795.600000 4210838.600000 29500.0
485795.600000 4210826.300000 29530.0
485795.600000 4210817.500000 29560.0
485662.700000 4210619.200000 29590.0
485534.400000 4210501.700000 29620.0
485315.700000 4210300.200000 29650.0
485084.500000 4210083.100000 29680.0
484866.500000 4209879.500000 29710.0
484861.300000 4209874.000000 29740.0
484853.500000 4209867.200000 29770.0
484826.100000 4209839.300000 29830.0
484808.500000 4209820.300000 29860.0
484795.300000 4209809.400000 29890.0
484809.200000 4209757.300000 29920.0
484829.500000 4209741.600000 29950.0
484829.400000 4209691.600000 29980.0
484821.500000 4209678.500000 30010.0
484699.300000 4209566.600000 30040.0
484580.500000 4209428.000000 30070.0
484428.500000 4209360.500000 30100.0
484344.400000 4209364.100000 30130.0
484273.100000 4209293.100000 30160.0
484175.500000 4209213.300000 30190.0
484037.500000 4209092.500000 30220.0
484067.200000 4209033.600000 30250.0
484206.600000 4208921.200000 30280.0
484057.800000 4208680.700000 30310.0
483867.900000 4208441.500000 30340.0
483679.600000 4208208.600000 30370.0
483542.100000 4207928.300000 30400.0
483419.100000 4207887.500000 30430.0
483411.800000 4207858.700000 40849.0
483403.200000 4207871.800000 40969.0
483418.300000 4207882.800000 41799.0
483517.300000 4207858.100000 41919.0
483604.200000 4207842.200000 41949.0
483917.700000 4207916.100000 41979.0
484274.300000 4208001.800000 42009.0
484616.800000 4208081.100000 42039.0
484867.000000 4208142.900000 42069.0
485143.700000 4208208.800000 42099.0
485290.400000 4208209.800000 42129.0
485643.200000 4208155.900000 42159.0
485888.000000 4208116.500000 42189.0
486169.700000 4208081.700000 42219.0
486472.500000 4208031.300000 42249.0
486611.000000 4207975.600000 42279.0
486799.100000 4207649.000000 42309.0
486946.800000 4207242.900000 42339.0
487119.100000 4206796.500000 42369.0
487308.400000 4206628.600000 42399.0
487394.300000 4206533.200000 42429.0
487513.400000 4206385.300000 42459.0
487760.800000 4206324.900000 42489.0
488038.200000 4206251.200000 42519.0
488205.800000 4206227.700000 42549.0
488396.300000 4206175.400000 42579.0
488505.100000 4206146.400000 42609.0
488739.400000 4206091.900000 42639.0
488944.800000 4206005.300000 42669.0
488907.700000 4205843.300000 42699.0
489011.200000 4205766.500000 42729.0
489124.400000 4205750.700000 42759.0
489260.600000 4205762.800000 42789.0
489346.700000 4205811.400000 42819.0
489354.600000 4205822.400000 42849.0
489357.300000 4205824.500000 42879.0
489456.400000 4205823.100000 42909.0
489680.200000 4205757.200000 42939.0
489749.500000 4205698.300000 42969.0
489886.500000 4205713.800000 42999.0
490112.000000 4205672.400000 43029.0
490230.400000 4205563.500000 43059.0
490419.800000 4205397.800000 43089.0
490456.600000 4205356.700000 43119.0
490460.100000 4205355.400000 43149.0
490472.300000 4205356.700000 43179.0
