473466.200000 4207017.100000 23784.0
473497.800000 4207012.800000 23814.0
473510.300000 4206785.400000 23844.0
473355.200000 4206625.100000 23874.0
473247.500000 4206438.000000 23904.0
473124.800000 4206259.700000 23934.0
472873.900000 4206033.300000 23964.0
472663.700000 4205921.000000 23994.0
472497.100000 4205988.000000 24024.0
472375.900000 4205704.400000 24054.0
472250.400000 4205733.600000 24084.0
472179.400000 4205770.600000 24114.0
472179.400000 4205771.900000 24144.0
471949.700000 4205870.500000 24204.0
471749.800000 4205955.400000 24234.0
471606.100000 4206044.800000 24264.0
471288.400000 4206310.000000 24294.0
470950.500000 4206597.300000 24324.0
470640.700000 4206862.500000 24354.0
470612.600000 4206885.900000 24384.0
470580.200000 4206910.500000 24414.0
470340.900000 4206994.800000 24444.0
470322.500000 4206994.900000 24474.0
470322.500000 4206994.900000 24504.0
470284.800000 4206995.000000 25014.0
470017.900000 4206989.200000 25044.0
469786.500000 4207082.300000 25074.0
469613.300000 4207237.000000 25104.0
469470.100000 4207457.200000 25134.0
469331.200000 4207643.100000 25164.0
469311.000000 4207665.200000 25194.0
469249.600000 4207654.400000 25224.0
469123.700000 4207576.200000 25254.0
469055.200000 4207563.300000 25284.0
469049.900000 4207555.700000 25314.0
468967.500000 4207365.100000 25374.0
468843.700000 4207340.200000 25404.0
468739.100000 4207076.500000 25434.0
468791.400000 4206981.100000 25464.0
468804.600000 4206977.600000 25494.0
468753.900000 4206802.600000 25524.0
469060.100000 4206751.500000 25554.0
469456.700000 4206889.700000 25584.0
469844.900000 4206962.700000 25614.0
470189.000000 4206969.100000 25644.0
470547.700000 4206903.500000 25674.0
470832.200000 4206671.800000 25704.0
471199.800000 4206359.800000 25734.0
471519.400000 4206087.000000 25764.0
471682.200000 4205961.100000 25794.0
471993.300000 4205817.000000 25824.0
472190.700000 4205730.800000 25854.0
472193.300000 4205730.800000 25884.0
472338.900000 4205939.000000 25914.0
472371.600000 4206017.600000 25944.0
472457.900000 4206331.400000 25974.0
472477.800000 4206505.700000 26004.0
472493.200000 4206661.000000 26034.0
472534.600000 4206712.000000 26064.0
472564.000000 4206860.500000 26094.0
472645.700000 4206842.500000 26124.0
472825.400000 4206763.100000 26154.0
473072.400000 4206604.900000 26184.0
473216.300000 4206850.700000 26214.0
473224.200000 4206848.600000 26244.0
473377.700000 4206805.800000 26274.0
473470.700000 4206767.800000 26304.0
473563.900000 4206535.500000 26334.0
473618.200000 4206494.300000 26364.0
473701.400000 4206428.400000 26394.0
473866.900000 4206295.900000 26424.0
473737.300000 4206145.200000 26454.0
473802.600000 4205990.900000 26484.0
473849.900000 4205953.100000 26514.0
473735.400000 4206123.200000 26544.0
473864.000000 4206285.700000 26574.0
473799.700000 4206478.900000 26604.0
473744.700000 4206561.200000 26634.0
473727.500000 4206695.400000 26664.0
473764.200000 4206902.700000 26694.0
473642.500000 4207010.600000 26724.0
473527.900000 4207144.300000 26754.0
473530.900000 4207248.400000 26784.0
473671.400000 4207275.900000 26814.0
473761.800000 4207272.200000 26844.0
473870.500000 4207216.400000 26874.0
474068.300000 4207024.900000 26904.0
474084.800000 4206952.900000 26934.0
474187.700000 4207038.100000 26964.0
474312.000000 4206959.000000 26994.0
474319.900000 4206956.800000 27024.0
474340.100000 4206952.500000 27054.0
474540.100000 4206928.600000 27084.0
474623.800000 4207022.800000 27114.0
474735.200000 4207237.900000 27144.0
474762.600000 4207289.800000 27174.0
474884.800000 4207603.500000 27204.0
474907.900000 4207726.600000 27234.0
474920.400000 4207807.400000 27264.0
474989.700000 4207811.400000 27294.0
475078.500000 4207814.500000 27324.0
475079.300000 4207814.500000 27354.0
475094.500000 4207906.800000 27384.0
475088.700000 4208311.800000 27414.0
475150.200000 4208623.600000 27444.0
475356.400000 4208621.700000 27474.0
475482.000000 4208629.000000 27504.0
475694.300000 4208589.400000 27534.0
475708.400000 4208582.600000 27564.0
475926.500000 4208478.700000 27594.0
475959.800000 4208464.200000 27624.0
476035.800000 4208630.300000 27654.0
476177.600000 4208800.900000 27684.0
476227.500000 4209041.600000 27714.0
476338.600000 4209194.500000 27744.0
476427.300000 4209214.100000 27774.0
476444.900000 4209203.000000 27804.0
476571.100000 4209135.000000 27834.0
476643.800000 4209120.400000 27864.0
476699.900000 4209066.900000 27894.0
476821.900000 4209063.100000 27924.0
476977.000000 4209259.100000 27954.0
477146.700000 4209356.400000 27984.0
477292.000000 4209251.900000 28014.0
477299.900000 4209249.700000 28044.0
477349.000000 4209227.600000 28074.0
477394.800000 4209210.100000 28150.0
477401.800000 4209208.000000 28180.0
477430.800000 4209209.200000 28210.0
477590.100000 4209377.200000 28240.0
477819.800000 4209624.200000 28270.0
477961.400000 4209764.700000 28300.0
478043.700000 4209973.200000 28330.0
478068.300000 4210004.000000 28360.0
478396.000000 4209808.000000 28390.0
478769.800000 4209826.100000 28420.0
478790.900000 4209827.300000 28450.0
478918.000000 4209774.900000 28480.0
479044.100000 4209679.400000 28510.0
479230.600000 4209503.700000 28540.0
479574.400000 4209428.300000 28570.0
479648.100000 4209429.400000 28600.0
479648.100000 4209429.400000 28630.0
479716.500000 4209422.400000 28660.0
479724.400000 4209423.700000 28690.0
479725.200000 4209423.700000 28720.0
479751.500000 4209411.400000 28750.0
479783.100000 4209392.200000 28780.0
479941.600000 4209264.400000 28810.0
479981.800000 4209219.100000 28840.0
480015.100000 4209191.000000 28870.0
480108.800000 4209138.700000 28900.0
480163.100000 4209097.600000 28930.0
480326.900000 4208976.100000 28960.0
480328.600000 4208976.100000 28990.0
480568.700000 4208793.500000 29020.0
480799.900000 4208616.500000 29050.0
480941.800000 4208506.100000 29080.0
481005.800000 4208456.000000 29110.0
481186.300000 4208321.400000 29140.0
481217.900000 4208301.500000 29170.0
481363.300000 4208190.300000 29200.0
481665.600000 4207972.000000 29230.0
481707.700000 4207909.700000 29260.0
481708.500000 4207905.500000 29290.0
481779.000000 4208042.900000 29320.0
481878.100000 4208048.200000 29350.0
481935.100000 4208026.000000 29380.0
481962.400000 4208013.700000 29410.0
481989.600000 4207999.200000 29440.0
481991.300000 4208002.600000 29470.0
482035.100000 4207983.500000 29500.0
482134.200000 4207940.100000 29530.0
482140.300000 4207938.800000 29560.0
482280.700000 4207869.500000 29590.0
482564.900000 4207765.600000 29620.0
482807.800000 4207689.800000 29650.0
482964.200000 4207797.000000 29680.0
483054.200000 4207995.300000 29710.0
483189.200000 4207938.300000 29740.0
483333.900000 4207875.800000 29770.0
483373.400000 4207877.000000 29800.0
483380.200000 4207838.900000 30867.0
483389.000000 4207913.300000 32307.0
483348.800000 4207982.400000 32337.0
483223.300000 4208010.600000 32367.0
483086.500000 4208084.100000 32397.0
482992.000000 4208194.400000 32427.0
483031.700000 4208301.800000 32457.0
483008.100000 4208353.000000 32487.0
483001.900000 4208368.700000 32517.0
483133.800000 4208510.700000 32667.0
483243.300000 4208469.400000 32697.0
483328.500000 4208448.000000 32727.0
483331.700000 4208301.600000 32757.0
483462.300000 4208198.000000 32787.0
483582.200000 4208085.600000 32817.0
483497.500000 4207831.900000 32847.0
483701.200000 4207872.500000 32877.0
484033.100000 4207948.500000 32907.0
484167.500000 4207978.300000 32937.0
484528.400000 4208061.000000 32967.0
484933.200000 4208154.600000 32997.0
485213.100000 4208149.900000 33027.0
485477.700000 4207919.600000 33057.0
485559.200000 4207837.300000 33087.0
485580.300000 4207831.800000 33117.0
485529.500000 4207861.900000 33717.0
485356.900000 4208059.900000 33747.0
485201.000000 4208207.900000 33777.0
484941.100000 4208155.000000 33807.0
484739.100000 4208107.500000 33837.0
484638.100000 4208083.200000 33867.0
484265.800000 4207995.000000 33897.0
483870.700000 4207903.500000 33927.0
483508.900000 4207824.200000 33957.0
483429.100000 4207874.300000 33987.0
483382.800000 4207884.600000 34570.0
483374.300000 4207988.700000 34630.0
483244.400000 4208002.100000 34660.0
483118.100000 4208054.400000 34690.0
483078.700000 4208085.400000 34720.0
482985.000000 4208191.000000 34750.0
483027.400000 4208306.400000 34780.0
482995.900000 4208370.800000 34810.0
482993.200000 4208379.700000 34840.0
483100.600000 4208483.600000 35080.0
483219.000000 4208455.500000 35110.0
483263.800000 4208474.400000 35140.0
483300.600000 4208481.100000 35170.0
483368.900000 4208383.200000 35200.0
483375.900000 4208377.700000 35230.0
483365.900000 4208236.800000 35260.0
483528.100000 4208142.000000 35290.0
483545.400000 4207979.100000 35320.0
483412.600000 4207878.200000 35350.0
483395.000000 4207885.000000 35380.0
483408.200000 4207881.600000 35410.0
483481.000000 4207868.300000 35590.0
483493.100000 4207809.400000 35620.0
483161.100000 4207719.100000 35650.0
483016.200000 4207678.400000 35680.0
482957.400000 4207662.000000 35710.0
482987.600000 4207856.200000 35740.0
483081.200000 4208079.000000 35770.0
482951.500000 4208182.600000 35800.0
482849.800000 4208245.900000 35830.0
482799.700000 4208229.500000 35860.0
482798.900000 4208236.200000 35890.0
482719.800000 4208203.000000 36070.0
482715.500000 4208200.900000 36100.0
482658.300000 4208170.900000 36130.0
482598.200000 4208011.500000 36160.0
482581.400000 4207981.500000 36190.0
482562.900000 4207930.300000 36220.0
482537.300000 4207860.500000 36250.0
482526.600000 4207820.700000 36280.0
482516.900000 4207808.500000 36310.0
482552.800000 4207771.600000 36370.0
482716.000000 4207721.300000 36400.0
482792.200000 4207658.900000 36430.0
482799.200000 4207663.100000 36460.0
482798.400000 4207663.100000 36490.0
482805.400000 4207678.800000 37990.0
482923.100000 4207671.800000 38020.0
482989.300000 4207863.800000 38050.0
483104.500000 4207964.700000 38080.0
483273.800000 4207901.300000 38110.0
483378.200000 4207874.400000 38140.0
483378.200000 4207881.200000 38170.0
483400.400000 4207984.400000 39430.0
483266.100000 4207997.800000 39460.0
483168.800000 4208031.500000 39490.0
483038.200000 4208118.100000 39520.0
482942.800000 4208198.300000 39550.0
482850.600000 4208200.600000 39580.0
482781.800000 4208045.400000 39610.0
482718.400000 4207912.200000 39640.0
482670.800000 4207844.600000 39670.0
482588.400000 4207894.700000 39700.0
482527.700000 4207853.800000 39730.0
482505.700000 4207793.700000 39760.0
482642.500000 4207751.100000 39790.0
482880.300000 4207676.100000 39820.0
482959.500000 4207797.800000 39850.0
483035.400000 4207983.100000 39880.0
483187.200000 4207945.900000 39910.0
483324.900000 4207892.300000 39940.0
483371.400000 4207888.000000 39970.0
483378.400000 4207879.100000 40000.0
483399.700000 4207994.600000 46360.0
483379.800000 4208160.100000 46390.0
483448.600000 4208319.600000 46420.0
483337.300000 4208434.100000 46450.0
483315.500000 4208465.000000 46480.0
483313.800000 4208466.300000 46510.0
483247.400000 4208551.900000 46540.0
483248.400000 4208664.100000 46570.0
483439.400000 4208899.000000 46600.0
483555.700000 4209140.400000 46630.0
483680.700000 4209346.700000 46660.0
483979.800000 4209270.800000 46690.0
484035.500000 4209510.300000 46720.0
484011.300000 4209733.400000 46750.0
484003.100000 4210006.400000 46780.0
484015.200000 4210372.500000 46810.0
483890.300000 4210691.000000 46840.0
483726.800000 4210924.600000 46870.0
483594.800000 4211180.000000 46900.0
483514.500000 4211375.300000 46930.0
483557.600000 4211428.600000 46960.0
483559.300000 4211437.500000 46990.0
483522.600000 4211477.300000 47050.0
483486.600000 4211490.500000 47080.0
483485.800000 4211492.600000 47110.0
483427.100000 4211511.800000 47140.0
483415.700000 4211515.200000 47170.0
483413.000000 4211513.900000 47200.0
483364.800000 4211525.000000 47230.0
483344.600000 4211541.600000 47260.0
483245.600000 4211559.600000 47350.0
483115.800000 4211603.000000 47380.0
482975.600000 4211660.800000 47410.0
482995.000000 4211776.400000 47440.0
482977.500000 4211776.400000 47470.0
482926.700000 4211803.200000 47500.0
482869.600000 4211801.200000 47530.0
482820.400000 4211802.500000 47560.0
482728.100000 4211763.800000 47590.0
482592.300000 4211879.600000 47620.0
482386.400000 4212003.200000 47650.0
482165.600000 4212113.800000 47680.0
482115.700000 4212170.600000 47710.0
481980.700000 4212186.500000 47740.0
481966.700000 4212184.500000 47770.0
481900.000000 4212149.000000 47800.0
481877.200000 4212143.600000 47830.0
481768.400000 4212123.900000 47860.0
481451.600000 4212110.300000 47890.0
481222.000000 4212206.000000 47920.0
481321.400000 4212385.700000 47950.0
481313.400000 4212682.000000 47980.0
481310.700000 4212688.700000 48010.0
481257.300000 4212742.200000 48040.0
481098.500000 4212737.100000 48070.0
480866.200000 4212766.400000 48100.0
480717.200000 4212798.900000 48130.0
480688.000000 4212694.800000 48160.0
480611.500000 4212608.700000 48190.0
480464.100000 4212598.900000 48220.0
480326.500000 4212650.400000 48250.0
480280.000000 4212673.800000 48280.0
480218.700000 4212713.700000 48310.0
480143.500000 4212821.400000 48340.0
479985.700000 4212861.600000 48370.0
479749.100000 4213006.500000 48400.0
479665.100000 4213072.300000 48430.0
479521.100000 4213016.000000 48460.0
479282.000000 4212818.900000 48490.0
479130.300000 4212828.200000 48520.0
479115.400000 4212826.900000 48550.0
479074.200000 4212802.500000 48580.0
478974.000000 4212749.400000 48610.0
478903.600000 4212624.300000 48640.0
479041.800000 4212520.700000 48670.0
479017.100000 4212476.300000 48700.0
478887.900000 4212398.800000 48730.0
478779.800000 4212332.600000 48760.0
478544.500000 4212255.300000 48790.0
478474.300000 4212193.300000 48820.0
478447.800000 4212120.100000 48850.0
478342.100000 4211932.900000 48880.0
478140.100000 4211571.600000 48910.0
478030.800000 4211371.200000 48940.0
478083.200000 4211230.100000 48970.0
478021.500000 4211152.400000 49000.0
477908.100000 4211029.600000 49030.0
477930.500000 4210899.600000 49060.0
477965.400000 4210804.200000 49090.0
477987.100000 4210738.600000 49120.0
477984.900000 4210549.800000 49150.0
477811.400000 4210298.400000 49180.0
477735.300000 4210059.900000 49210.0
477807.900000 4209994.100000 49240.0
477900.000000 4209963.000000 49270.0
477932.700000 4210038.200000 49300.0
477821.500000 4210128.300000 49330.0
477837.800000 4210346.600000 49360.0
478005.000000 4210555.700000 49390.0
478136.700000 4210599.800000 49420.0
478261.100000 4210569.400000 49450.0
478307.600000 4210531.600000 49480.0
478328.600000 4210504.900000 49510.0
478337.300000 4210508.200000 49540.0
478373.200000 4210481.500000 49600.0
478377.600000 4210481.500000 49630.0
478394.300000 4210477.200000 49690.0
478464.500000 4210530.300000 49720.0
478523.400000 4210571.200000 49750.0
478573.500000 4210607.900000 49780.0
478662.400000 4210674.100000 49810.0
478728.400000 4210743.800000 49840.0
478731.900000 4210742.500000 49870.0
478863.800000 4210877.600000 49900.0
478971.900000 4210958.200000 49930.0
479015.000000 4211002.500000 49960.0
479120.500000 4211080.100000 49990.0
479222.900000 4210997.800000 50020.0
479339.300000 4210896.300000 50050.0
479425.100000 4210838.500000 50080.0
479561.000000 4210773.900000 50110.0
479661.700000 4210660.600000 50140.0
479762.400000 4210603.600000 50170.0
479850.200000 4210624.600000 50200.0
479889.100000 4210746.400000 50230.0
479963.500000 4210614.200000 50260.0
479896.500000 4210482.300000 50290.0
479886.600000 4210374.800000 50320.0
480109.900000 4210192.200000 50350.0
480131.700000 4210167.600000 50380.0
480159.000000 4210137.500000 50410.0
480201.000000 4210089.600000 50440.0
480206.200000 4210080.700000 50470.0
480207.000000 4210079.400000 50500.0
480377.700000 4209913.500000 50530.0
480669.100000 4209550.900000 50560.0
481150.300000 4209353.400000 50590.0
481597.700000 4209241.500000 50620.0
481752.800000 4209151.400000 50650.0
481815.800000 4209104.700000 50680.0
481870.100000 4209071.200000 50710.0
481920.100000 4209037.600000 50740.0
481981.400000 4208992.200000 50770.0
482090.100000 4208911.100000 50800.0
482043.200000 4208764.800000 50830.0
482065.700000 4208620.400000 50860.0
482240.000000 4208502.400000 50890.0
482289.100000 4208466.700000 50920.0
482296.100000 4208457.800000 50950.0
482308.300000 4208412.500000 50980.0
482406.500000 4208393.200000 51010.0
482727.900000 4208448.000000 51040.0
482855.100000 4208478.600000 51070.0
482861.100000 4208339.800000 51100.0
482851.300000 4208304.300000 51130.0
482861.800000 4208277.600000 51160.0
482986.300000 4208252.800000 51190.0
483101.800000 4208111.600000 51220.0
483155.100000 4207960.400000 51250.0
483326.000000 4207888.900000 51280.0
483376.900000 4207878.700000 51310.0
483376.900000 4207876.500000 51340.0
483378.600000 4207886.700000 51640.0
483347.200000 4207992.200000 51670.0
483223.400000 4207975.900000 51700.0
483110.600000 4207723.000000 51730.0
483108.900000 4207719.600000 51760.0
483055.200000 4207691.000000 51820.0
483050.900000 4207689.700000 51850.0
482966.600000 4207666.600000 51880.0
482966.600000 4207665.300000 51910.0
482923.600000 4207653.100000 51940.0
482802.300000 4207622.500000 51970.0
482711.000000 4207597.300000 52000.0
482589.700000 4207565.400000 52030.0
482512.500000 4207546.500000 52060.0
482405.300000 4207520.100000 52090.0
482400.100000 4207518.800000 52120.0
482262.300000 4207493.700000 52150.0
482192.100000 4207480.700000 52180.0
482165.800000 4207477.400000 52210.0
482115.700000 4207477.500000 52240.0
482074.600000 4207481.800000 52270.0
482035.100000 4207492.900000 52300.0
481985.100000 4207518.400000 52330.0
481961.300000 4207531.600000 52360.0
481889.500000 4207608.400000 52390.0
481878.200000 4207624.100000 52420.0
481842.300000 4207684.200000 52450.0
481831.800000 4207700.800000 52480.0
481816.900000 4207727.500000 52510.0
481767.900000 4207807.600000 52540.0
481746.100000 4207847.400000 52570.0
481563.000000 4208057.300000 52600.0
481377.300000 4208191.900000 52630.0
481281.900000 4208273.000000 52660.0
481270.600000 4208281.900000 52690.0
481198.700000 4208344.300000 52720.0
481162.000000 4208374.400000 52750.0
481090.900000 4208426.600000 52780.0
481025.300000 4208476.700000 52810.0
480979.700000 4208512.400000 52840.0
480947.200000 4208537.900000 52870.0
480866.700000 4208603.600000 52900.0
480754.600000 4208692.800000 52930.0
480696.800000 4208735.300000 52960.0
480619.700000 4208789.600000 52990.0
480576.000000 4208825.300000 53020.0
480542.700000 4208846.500000 53050.0
480463.000000 4208900.900000 53080.0
480429.700000 4208923.000000 53110.0
480378.900000 4208959.900000 53140.0
480163.400000 4209119.100000 53170.0
479926.000000 4209306.000000 53200.0
479643.100000 4209503.000000 53230.0
479501.200000 4209608.800000 53260.0
479402.300000 4209670.000000 53290.0
479278.800000 4209754.500000 53320.0
479108.000000 4209863.700000 53350.0
478972.200000 4209956.300000 53380.0
479102.600000 4210148.200000 53410.0
479100.900000 4210148.200000 53440.0
479115.000000 4210167.200000 53500.0
479119.300000 4210167.200000 53530.0
478893.100000 4210245.600000 53590.0
478869.600000 4210349.000000 53620.0
478866.900000 4210356.600000 53650.0
478870.400000 4210346.400000 53680.0
478842.200000 4210295.300000 53800.0
478820.300000 4210316.500000 53830.0
478683.100000 4210200.500000 53860.0
478517.700000 4210067.600000 53890.0
478402.700000 4210034.400000 53920.0
478381.700000 4210087.800000 53950.0
478378.300000 4210109.800000 53980.0
478356.400000 4210129.800000 54010.0
478221.300000 4210125.900000 54040.0
478190.700000 4210190.300000 54070.0
478187.200000 4210192.500000 54100.0
478171.500000 4210225.900000 54130.0
478116.700000 4210364.900000 54160.0
478066.200000 4210533.500000 54190.0
478034.000000 4210603.400000 54220.0
477925.900000 4210887.700000 54250.0
477968.600000 4211069.600000 54280.0
478056.500000 4211157.000000 54310.0
478285.100000 4211350.700000 54340.0
478425.400000 4211604.200000 54370.0
478536.600000 4211838.000000 54400.0
478606.200000 4211957.600000 54430.0
478455.600000 4212088.800000 54460.0
478450.400000 4212095.600000 54490.0
478415.200000 4212063.500000 54520.0
478269.800000 4211818.800000 54550.0
478125.200000 4211548.300000 54580.0
478052.800000 4211383.000000 54610.0
478017.500000 4211352.200000 54640.0
477932.600000 4211431.200000 54670.0
477884.400000 4211436.800000 54700.0
477818.400000 4211354.900000 54730.0
477799.200000 4211348.100000 54760.0
477757.900000 4211327.100000 54790.0
477652.600000 4211316.400000 54820.0
477630.700000 4211321.900000 54850.0
477610.500000 4211339.800000 54880.0
477702.100000 4211481.700000 54910.0
477627.100000 4211631.800000 54940.0
477505.200000 4211665.500000 54970.0
477303.500000 4211421.900000 55000.0
477096.700000 4211193.900000 55030.0
476941.700000 4211004.700000 55060.0
476839.300000 4210783.200000 55090.0
476829.500000 4210729.100000 55120.0
476692.700000 4210752.700000 55150.0
476530.700000 4210867.500000 55180.0
476420.200000 4210926.600000 55210.0
476308.200000 4211011.200000 55240.0
476361.700000 4211299.700000 55270.0
476421.500000 4211672.400000 55300.0
476466.200000 4211959.700000 55330.0
476580.600000 4212419.800000 55360.0
476907.000000 4212452.300000 55390.0
476956.500000 4212585.500000 55420.0
477035.400000 4212837.200000 55450.0
477057.900000 4213043.600000 55480.0
476972.400000 4213221.200000 55510.0
476932.200000 4213559.900000 55540.0
477019.400000 4214016.800000 55570.0
476928.800000 4214217.700000 55600.0
476883.200000 4214241.100000 55630.0
476852.600000 4214303.400000 55660.0
477052.800000 4214415.900000 55690.0
477208.500000 4214547.500000 55720.0
477187.400000 4214551.800000 55750.0
477139.500000 4214649.700000 55780.0
477063.500000 4214745.100000 55810.0
477060.700000 4215010.500000 55840.0
477173.500000 4215223.100000 55870.0
477320.600000 4215428.000000 55900.0
477486.200000 4215651.900000 55930.0
477858.900000 4216011.500000 55960.0
477971.600000 4216159.700000 55990.0
478110.000000 4216455.600000 56020.0
478294.300000 4216839.000000 56050.0
478429.300000 4217193.800000 56080.0
478594.200000 4217548.500000 56110.0
478548.800000 4217991.300000 56140.0
478503.500000 4218417.700000 56170.0
478455.500000 4218868.200000 56200.0
478767.600000 4218909.700000 56230.0
478897.300000 4218913.600000 56260.0
479100.000000 4219325.700000 56290.0
479263.900000 4219668.200000 56320.0
479312.500000 4219842.400000 56350.0
479270.000000 4220034.700000 56380.0
479182.200000 4219948.600000 56410.0
479078.800000 4219592.900000 56440.0
478828.500000 4219082.200000 56470.0
478581.800000 4218903.000000 56500.0
478480.300000 4218642.500000 56530.0
478532.500000 4218135.300000 56560.0
478581.300000 4217669.100000 56590.0
478490.000000 4217305.400000 56620.0
478349.700000 4216966.300000 56650.0
478257.800000 4216705.800000 56680.0
478102.800000 4216447.600000 56710.0
478009.200000 4216223.500000 56740.0
477976.600000 4216172.400000 56770.0
478135.700000 4216015.400000 56800.0
478417.400000 4215752.600000 56830.0
478596.700000 4215590.000000 56860.0
478749.900000 4215450.800000 56890.0
478937.100000 4215277.200000 56920.0
478990.500000 4215229.300000 56950.0
479026.400000 4215194.900000 56980.0
479061.400000 4215152.500000 57010.0
479115.500000 4215042.300000 57040.0
479125.100000 4215001.200000 57070.0
479131.200000 4214949.100000 57100.0
479126.600000 4214859.400000 57130.0
479123.000000 4214843.800000 57160.0
479116.800000 4214817.100000 57190.0
479115.900000 4214812.900000 57220.0
479103.600000 4214768.500000 57250.0
479081.500000 4214691.900000 57280.0
479068.200000 4214644.100000 57310.0
479056.700000 4214603.100000 57340.0
479051.400000 4214584.100000 57370.0
479044.300000 4214555.300000 57430.0
479038.100000 4214534.100000 57460.0
479028.300000 4214502.000000 57490.0
479013.300000 4214444.500000 57520.0
478988.500000 4214361.200000 57550.0
478962.000000 4214271.500000 57580.0
478931.900000 4214132.700000 57610.0
478970.100000 4213961.600000 57640.0
478848.500000 4213807.900000 57670.0
478783.200000 4213642.600000 57700.0
478815.200000 4213457.100000 57730.0
478811.300000 4213295.000000 57760.0
478808.500000 4213268.300000 57790.0
478805.600000 4213182.800000 57850.0
478803.800000 4213135.000000 57880.0
478801.100000 4213105.000000 57910.0
478799.300000 4213071.500000 57940.0
478797.600000 4213048.300000 57970.0
478793.100000 4212990.700000 58000.0
478793.000000 4212967.400000 58030.0
478874.300000 4212818.700000 58060.0
478927.600000 4212718.600000 58090.0
478917.500000 4212565.400000 58120.0
479038.400000 4212502.900000 58150.0
479101.300000 4212433.800000 58180.0
479246.700000 4212366.900000 58210.0
479354.000000 4212434.400000 58240.0
479579.300000 4212410.600000 58270.0
479749.500000 4212410.100000 58300.0
479824.100000 4212396.800000 58330.0
479953.900000 4212368.600000 58360.0
479974.900000 4212358.400000 58390.0
480158.000000 4212253.800000 58420.0
480155.000000 4212114.100000 58450.0
480025.500000 4211903.700000 58480.0
479880.200000 4211688.600000 58510.0
479705.100000 4211435.100000 58540.0
479553.600000 4211225.900000 58570.0
479627.000000 4211110.200000 58600.0
479721.600000 4211062.100000 58630.0
479807.200000 4210903.200000 58660.0
479876.100000 4210768.900000 58690.0
480003.200000 4210697.400000 58720.0
479908.800000 4210499.200000 58750.0
480003.000000 4210293.600000 58780.0
480139.600000 4210154.500000 58810.0
480155.300000 4210137.900000 58840.0
480195.500000 4210095.500000 58870.0
480196.300000 4210095.500000 58900.0
480314.600000 4209977.600000 58930.0
480404.800000 4209900.700000 58960.0
480662.900000 4209560.700000 58990.0
481003.000000 4209420.200000 59020.0
481503.900000 4209303.500000 59050.0
481749.300000 4209158.600000 59080.0
481782.500000 4209130.600000 59110.0
481865.000000 4209079.200000 59140.0
481865.000000 4209081.400000 59170.0
481916.600000 4209049.100000 59200.0
481976.300000 4209005.800000 59230.0
482060.300000 4208943.400000 59260.0
482118.100000 4208896.700000 59290.0
482030.800000 4208658.200000 59320.0
482181.500000 4208535.900000 59350.0
482350.600000 4208394.600000 59380.0
482698.200000 4208442.600000 59410.0
482854.200000 4208335.600000 59440.0
482846.200000 4208292.400000 59470.0
482854.900000 4208274.600000 59500.0
483003.900000 4208223.100000 59530.0
483123.000000 4208064.100000 59560.0
483214.000000 4207936.600000 59590.0
483351.000000 4207999.300000 59620.0
483426.300000 4207883.600000 59650.0
483366.400000 4207835.100000 59680.0
483369.900000 4207833.800000 59710.0
483357.600000 4207783.900000 59920.0
483350.600000 4207771.600000 59950.0
483278.600000 4207803.900000 59980.0
483347.500000 4208009.100000 60010.0
483414.700000 4208258.700000 60040.0
483432.400000 4208337.400000 60070.0
483343.900000 4208438.700000 60100.0
483312.300000 4208481.100000 60130.0
483277.300000 4208525.600000 60160.0
483216.100000 4208642.100000 60190.0
483188.000000 4208694.200000 60220.0
483073.200000 4208766.400000 60250.0
483058.300000 4208779.600000 60280.0
483201.000000 4209059.900000 60310.0
483310.200000 4209259.500000 60340.0
483389.500000 4209409.100000 60370.0
483657.900000 4209351.000000 60400.0
483990.300000 4209277.200000 60430.0
484038.100000 4209489.100000 60460.0
484011.300000 4209715.600000 60490.0
484008.200000 4209940.800000 60520.0
484136.400000 4210021.400000 60550.0
484389.400000 4210139.400000 60580.0
484685.400000 4210325.100000 60610.0
484845.300000 4210422.600000 60640.0
484840.900000 4210429.300000 60670.0
484754.800000 4210370.700000 60700.0
484470.100000 4210191.300000 60730.0
484100.800000 4210236.500000 60760.0
484011.700000 4210433.000000 60790.0
483853.500000 4210763.000000 60820.0
483690.800000 4210998.700000 60850.0
483575.500000 4211249.500000 60880.0
483524.900000 4211385.900000 60910.0
483532.800000 4211400.300000 60940.0
483546.900000 4211419.300000 61000.0
483553.100000 4211426.900000 61030.0
483562.800000 4211435.800000 61060.0
483552.300000 4211455.700000 61090.0
483533.900000 4211464.600000 61120.0
483524.200000 4211468.000000 61150.0
483482.100000 4211484.600000 61180.0
483437.400000 4211502.500000 61210.0
483425.200000 4211505.900000 61240.0
483400.600000 4211513.500000 61270.0
483358.500000 4211524.600000 61300.0
483356.800000 4211524.600000 61330.0
483284.900000 4211534.900000 61390.0
483198.900000 4211561.800000 61420.0
483063.000000 4211613.300000 61450.0
482993.800000 4211638.800000 61480.0
482986.900000 4211698.900000 61510.0
482893.200000 4211803.200000 61540.0
482825.600000 4211817.800000 61570.0
482783.400000 4211796.700000 61600.0
482716.800000 4211801.100000 61630.0
482543.400000 4211931.400000 61660.0
482320.800000 4212055.000000 61690.0
482107.900000 4212193.000000 61720.0
481884.100000 4212151.200000 61750.0
481664.600000 4212109.400000 61780.0
481347.100000 4212135.500000 61810.0
481246.800000 4212017.200000 61840.0
481098.800000 4211784.300000 61870.0
481077.500000 4211689.100000 61900.0
481025.800000 4211698.100000 61930.0
481125.300000 4211860.000000 61960.0
481215.200000 4212016.400000 61990.0
481240.100000 4212162.800000 62020.0
480895.800000 4212340.100000 62050.0
480594.500000 4212551.600000 62080.0
480497.200000 4212585.200000 62110.0
480487.600000 4212633.100000 62140.0
480477.300000 4212739.800000 62170.0
480445.100000 4212844.000000 62200.0
480377.600000 4212897.500000 62230.0
480364.400000 4212883.100000 62260.0
480269.700000 4212886.700000 62320.0
480162.500000 4212867.900000 62350.0
480033.500000 4212866.100000 62380.0
479798.700000 4212957.700000 62410.0
479682.300000 4213051.100000 62440.0
479673.600000 4213060.000000 62470.0
479629.000000 4213063.500000 62500.0
479550.700000 4213021.400000 62530.0
479540.200000 4213017.200000 62560.0
479417.200000 4212954.400000 62590.0
479387.400000 4212938.800000 62620.0
479309.100000 4212876.000000 62650.0
479294.100000 4212835.000000 62680.0
479104.700000 4212814.300000 62710.0
478967.800000 4212814.600000 62740.0
478986.400000 4212913.200000 62770.0
478986.500000 4212914.500000 62800.0
478969.600000 4212877.700000 62830.0
478932.300000 4212683.500000 62860.0
478856.500000 4212546.100000 62890.0
478679.600000 4212351.500000 62920.0
478510.900000 4212265.600000 62950.0
478469.600000 4212205.600000 62980.0
478468.700000 4212176.800000 63010.0
478448.300000 4212120.100000 63100.0
478606.800000 4211993.200000 63130.0
478539.800000 4211853.700000 63160.0
478391.600000 4211540.000000 63190.0
478260.300000 4211310.500000 63220.0
478145.800000 4211197.800000 63250.0
478133.600000 4211194.400000 63280.0
478102.800000 4211190.300000 63310.0
478089.600000 4211182.700000 63340.0
478054.300000 4211152.800000 63370.0
477955.900000 4211059.900000 63400.0
477941.800000 4211044.300000 63430.0
477921.500000 4211034.200000 63460.0
477926.500000 4210959.700000 63490.0
477955.200000 4210873.200000 63520.0
478003.000000 4210728.800000 63550.0
478042.100000 4210574.600000 63580.0
477990.900000 4210476.100000 63610.0
477976.000000 4210469.400000 63640.0
477951.400000 4210460.600000 63670.0
477940.000000 4210450.500000 63700.0
477866.200000 4210404.100000 63730.0
477742.700000 4210156.000000 63760.0
477495.500000 4209915.800000 63790.0
477309.800000 4209680.100000 63820.0
477216.500000 4209598.300000 63850.0
477181.200000 4209568.300000 63880.0
477118.200000 4209578.700000 63910.0
477111.100000 4209573.200000 63940.0
477027.000000 4209592.500000 63970.0
477014.800000 4209595.900000 64000.0
476957.700000 4209615.900000 64030.0
476734.700000 4209577.600000 64060.0
476697.600000 4209490.100000 64090.0
476674.500000 4209350.500000 64120.0
476628.300000 4209197.400000 64150.0
476439.500000 4209151.400000 64180.0
476313.600000 4209018.400000 64210.0
476227.700000 4208784.600000 64240.0
476116.900000 4208713.000000 64270.0
476013.700000 4208504.600000 64300.0
475995.900000 4208459.400000 64330.0
475768.100000 4208563.300000 64360.0
475773.600000 4208690.700000 64390.0
475782.600000 4208778.300000 64420.0
475795.900000 4208811.700000 64450.0
475838.300000 4208873.800000 64480.0
475939.600000 4208991.200000 64510.0
476016.700000 4209258.500000 64540.0
476103.600000 4209254.800000 64570.0
476109.800000 4209259.000000 64600.0
476199.200000 4209515.300000 64630.0
476336.700000 4209707.000000 64660.0
476466.400000 4209939.900000 64690.0
476520.300000 4210351.500000 64720.0
476745.600000 4210602.700000 64750.0
476800.200000 4210683.400000 64780.0
476821.400000 4210707.900000 64810.0
476838.800000 4210930.900000 64840.0
476761.500000 4211259.600000 64870.0
476815.900000 4211548.900000 64900.0
476828.000000 4211800.700000 64930.0
476852.200000 4211959.400000 64960.0
476893.800000 4212094.700000 64990.0
476966.200000 4212274.400000 65020.0
476973.000000 4212490.700000 65050.0
476945.200000 4212615.200000 65080.0
476945.900000 4212863.600000 65110.0
476951.100000 4213166.700000 65140.0
476965.800000 4213384.200000 65170.0
476956.200000 4213703.800000 65200.0
477032.100000 4213893.200000 65230.0
477006.300000 4214059.600000 65260.0
476976.800000 4214131.600000 65290.0
476966.300000 4214167.200000 65320.0
476933.200000 4214210.500000 65380.0
476890.300000 4214249.600000 65410.0
476865.200000 4214358.400000 65440.0
476850.400000 4214408.400000 65470.0
476824.500000 4214533.700000 65500.0
476819.400000 4214552.800000 65530.0
476788.600000 4214549.500000 65560.0
476755.300000 4214548.300000 65590.0
476744.900000 4214586.000000 65620.0
476747.700000 4214641.500000 65770.0
476765.400000 4214701.500000 65800.0
476776.100000 4214730.300000 65830.0
476807.100000 4214808.100000 65860.0
476819.000000 4215020.100000 65890.0
476820.500000 4215255.400000 65920.0
476829.000000 4215478.500000 65950.0
476851.400000 4215629.500000 65980.0
476902.300000 4215946.800000 66010.0
476926.400000 4216091.900000 66040.0
476979.700000 4216319.100000 66070.0
477113.300000 4216730.500000 66100.0
477150.400000 4216812.500000 66130.0
477002.700000 4216405.800000 66160.0
476925.600000 4216097.400000 66190.0
476879.200000 4215829.200000 66220.0
476835.500000 4215570.700000 66250.0
476704.700000 4215519.000000 66280.0
476386.200000 4215437.800000 66310.0
476207.400000 4215176.300000 66340.0
476193.500000 4214915.600000 66370.0
476192.400000 4214825.900000 66400.0
476192.400000 4214818.300000 66430.0
476192.100000 4214720.500000 66460.0
476185.900000 4214399.700000 66490.0
476044.600000 4214345.900000 66520.0
476008.800000 4214110.700000 66550.0
476054.000000 4213958.600000 66580.0
476001.600000 4213706.900000 66610.0
475908.100000 4213548.500000 66640.0
476000.200000 4213526.200000 66670.0
