483601.000000 4207928.600000 45371.0
483664.000000 4207857.300000 45401.0
483845.700000 4207896.800000 45431.0
484167.100000 4207968.100000 45461.0
484460.400000 4208036.500000 45491.0
484479.600000 4208040.700000 45521.0
484527.000000 4208059.700000 45551.0
484664.000000 4208087.400000 45581.0
484871.200000 4208139.000000 45611.0
485169.800000 4208208.300000 45641.0
485513.000000 4208174.300000 45671.0
485905.300000 4208114.800000 45701.0
486323.900000 4208059.900000 45731.0
486600.300000 4207989.600000 45761.0
486823.500000 4207588.900000 45791.0
486996.500000 4207103.500000 45821.0
487203.000000 4206715.900000 45851.0
487390.600000 4206545.900000 45881.0
487527.300000 4206384.900000 45911.0
487681.800000 4206344.900000 45941.0
487827.500000 4206310.400000 45971.0
487902.100000 4206295.900000 46001.0
487961.900000 4206282.700000 46031.0
488070.700000 4206246.900000 46061.0
488207.600000 4206229.000000 46091.0
488306.700000 4206197.900000 46121.0
488565.700000 4206136.600000 46151.0
488827.100000 4206041.000000 46181.0
488943.700000 4205958.800000 46211.0
488954.000000 4205795.800000 46241.0
489177.800000 4205735.400000 46271.0
489372.000000 4205818.500000 46301.0
489588.000000 4205805.100000 46331.0
489741.700000 4205749.500000 46361.0
489713.700000 4205899.400000 46391.0
489713.700000 4205899.400000 46421.0
489830.500000 4205939.000000 46451.0
490089.600000 4205989.900000 46481.0
490238.000000 4206029.500000 46511.0
490704.900000 4205949.000000 46541.0
491000.800000 4205888.600000 46571.0
491348.400000 4205842.900000 46601.0
491833.800000 4205823.400000 46631.0
492203.100000 4205562.300000 46661.0
492691.900000 4205386.600000 46691.0
493209.000000 4205278.700000 46721.0
493738.400000 4205331.600000 46751.0
494214.500000 4205545.400000 46781.0
494654.500000 4205757.200000 46811.0
494762.600000 4205792.700000 46841.0
495069.100000 4205917.800000 46871.0
495555.600000 4206106.300000 46901.0
496050.900000 4206285.900000 46931.0
496532.800000 4206412.200000 46961.0
497020.100000 4206624.900000 46991.0
497497.700000 4206831.300000 47021.0
497826.200000 4207141.900000 47051.0
497991.300000 4207477.100000 47081.0
498063.300000 4207522.400000 47111.0
498126.400000 4207579.100000 47141.0
498243.200000 4207808.900000 47171.0
498370.500000 4208252.800000 47201.0
498313.500000 4208712.100000 47231.0
498499.600000 4209201.300000 47261.0
498895.500000 4209590.700000 47291.0
498973.700000 4210119.700000 47321.0
498822.800000 4210654.700000 47351.0
498670.200000 4211207.100000 47381.0
498449.300000 4211735.400000 47411.0
498270.300000 4212283.500000 47441.0
498268.800000 4212807.100000 47471.0
498268.800000 4212833.700000 47501.0
498545.200000 4213040.200000 47531.0
499011.800000 4213148.900000 47561.0
499339.100000 4213388.500000 47591.0
499126.800000 4213795.700000 47621.0
498986.500000 4214122.000000 47651.0
498745.300000 4214542.800000 47681.0
498541.000000 4214969.000000 47711.0
498509.400000 4215044.400000 47741.0
490459.100000 4205379.100000 54487.0
490445.100000 4205380.400000 54577.0
490183.800000 4205610.600000 54607.0
489978.400000 4205703.900000 54637.0
489707.200000 4205746.600000 54667.0
489462.300000 4205804.500000 54697.0
489398.100000 4205814.700000 54727.0
489205.100000 4205836.100000 54757.0
489204.400000 4205927.100000 54787.0
489172.700000 4205949.200000 54817.0
489172.100000 4206055.800000 54847.0
488890.300000 4206070.600000 54877.0
488800.600000 4206049.500000 54907.0
488759.500000 4206065.300000 54937.0
488654.200000 4206095.400000 54967.0
488629.600000 4206097.600000 54997.0
488438.200000 4206143.100000 55027.0
488235.500000 4206195.500000 55057.0
488109.100000 4206199.100000 55087.0
487795.800000 4206290.500000 55117.0
487539.500000 4206342.100000 55147.0
487372.800000 4206373.300000 55177.0
487098.200000 4206484.600000 55207.0
486702.300000 4206580.400000 55237.0
486410.900000 4206650.700000 55267.0
486024.800000 4206715.700000 55297.0
485570.300000 4206885.000000 55327.0
485374.000000 4207044.900000 55357.0
485230.900000 4207093.800000 55387.0
485163.000000 4206937.300000 55417.0
485158.400000 4206805.300000 55447.0
485223.300000 4206748.400000 55477.0
485147.900000 4206796.400000 55507.0
485039.000000 4206796.600000 55537.0
484954.600000 4206692.600000 55567.0
485075.600000 4206560.400000 55597.0
485051.600000 4206424.100000 55627.0
484983.000000 4206367.500000 55657.0
484816.800000 4206237.900000 55687.0
484701.700000 4206175.000000 55717.0
484590.900000 4206104.100000 55747.0
484398.500000 4206027.900000 55777.0
484274.900000 4206114.500000 55807.0
484083.600000 4206180.400000 55837.0
483838.700000 4206205.500000 55867.0
483585.600000 4206496.700000 55897.0
483451.600000 4206653.600000 55927.0
483404.200000 4206623.700000 55957.0
483392.300000 4206374.000000 55987.0
483522.800000 4206252.700000 56017.0
483733.100000 4206064.700000 56047.0
483929.700000 4206069.900000 56077.0
483856.500000 4205870.200000 56107.0
484083.900000 4205895.200000 56137.0
484001.000000 4205706.600000 56167.0
483826.000000 4205523.600000 56197.0
483790.600000 4205440.300000 56227.0
483693.100000 4205420.600000 56257.0
483507.300000 4205531.000000 56287.0
483397.700000 4205556.700000 56317.0
483279.100000 4205533.600000 56347.0
483293.300000 4205640.200000 56377.0
483255.300000 4205940.000000 56407.0
483321.300000 4206060.900000 56437.0
483336.200000 4206060.900000 56467.0
483382.300000 4206240.700000 56497.0
483394.500000 4206664.300000 56527.0
483453.600000 4206810.600000 56557.0
483453.600000 4206817.400000 56587.0
483694.400000 4206901.200000 56617.0
483936.000000 4206987.000000 56647.0
483978.200000 4206986.900000 56677.0
484154.600000 4206970.100000 56707.0
484197.800000 4207018.700000 56737.0
484197.800000 4207029.700000 56767.0
484138.300000 4207163.100000 56797.0
484121.600000 4207230.900000 56827.0
484135.000000 4207305.400000 56857.0
484325.900000 4207493.800000 56887.0
484520.200000 4207603.400000 56917.0
484406.100000 4207692.500000 56947.0
484167.600000 4207810.700000 56977.0
484389.000000 4207922.400000 57007.0
484675.200000 4207979.400000 57037.0
484824.600000 4208098.900000 57067.0
483363.300000 4207798.300000 59395.0
483123.600000 4207707.800000 59425.0
482967.300000 4207665.800000 59455.0
482963.800000 4207665.800000 59485.0
482928.400000 4207567.200000 59515.0
482892.700000 4207285.400000 59545.0
482861.500000 4207106.900000 59575.0
482767.400000 4207033.800000 59605.0
482717.400000 4207059.300000 59635.0
482629.700000 4207084.900000 59665.0
482505.600000 4206919.700000 59695.0
482521.500000 4206498.900000 59725.0
482539.800000 4206443.400000 59755.0
482534.600000 4206435.800000 59785.0
482384.200000 4206365.100000 59815.0
482264.000000 4206334.400000 59845.0
482110.100000 4206272.500000 59875.0
481957.200000 4206205.100000 59905.0
481880.800000 4206148.600000 59935.0
481740.800000 4206018.100000 59965.0
481619.300000 4205902.000000 59995.0
481578.100000 4205865.300000 60025.0
481523.500000 4205826.400000 60055.0
481473.400000 4205799.900000 60085.0
481306.500000 4205729.200000 60115.0
481219.500000 4205687.000000 60145.0
481197.500000 4205674.800000 60175.0
480972.400000 4205509.800000 60205.0
480705.700000 4205248.500000 60235.0
480502.500000 4205083.400000 60265.0
480469.900000 4205059.000000 60295.0
480235.000000 4204874.200000 60325.0
480192.500000 4204756.600000 60355.0
480270.300000 4204586.700000 60385.0
480319.300000 4204485.400000 60415.0
480581.900000 4204093.300000 60445.0
480693.400000 4203719.300000 60475.0
480594.900000 4203639.500000 60505.0
480266.600000 4203372.000000 60535.0
479854.000000 4203411.900000 60565.0
479780.300000 4203418.800000 60595.0
479724.800000 4203331.400000 60625.0
479785.900000 4203202.500000 60655.0
479857.000000 4203145.700000 60685.0
480024.500000 4203083.000000 60715.0
480133.900000 4202948.600000 60745.0
480154.100000 4202930.800000 60775.0
480251.300000 4202805.300000 60805.0
480359.100000 4202671.700000 60835.0
480522.700000 4202455.800000 60865.0
480590.200000 4202382.500000 60895.0
480690.200000 4202289.100000 60925.0
480440.600000 4202217.800000 60955.0
480124.400000 4202204.100000 60985.0
480038.800000 4202046.900000 61015.0
479157.900000 4202107.900000 61105.0
478959.800000 4202300.500000 61135.0
478699.300000 4202436.700000 61165.0
478637.800000 4202438.900000 61195.0
478616.700000 4202431.400000 61225.0
478569.300000 4202443.800000 61255.0
478420.600000 4202342.200000 61285.0
478298.300000 4202259.100000 61315.0
478267.400000 4202235.900000 61345.0
478200.600000 4202178.500000 61375.0
478200.600000 4202178.500000 61405.0
478197.600000 4202060.000000 61435.0
478228.200000 4201985.400000 61465.0
478244.900000 4201952.000000 61495.0
478338.600000 4201850.500000 61525.0
478379.600000 4201767.100000 61555.0
478242.300000 4201683.200000 61585.0
478200.000000 4201646.500000 61615.0
478006.700000 4201609.300000 61645.0
477984.000000 4201636.100000 61675.0
477857.300000 4201556.400000 61705.0
477720.800000 4201454.800000 61735.0
477679.500000 4201415.900000 61765.0
477598.600000 4201364.900000 61795.0
477440.200000 4201270.100000 61825.0
477505.700000 4201131.100000 61855.0
477566.900000 4201024.300000 61885.0
477751.600000 4201125.800000 61915.0
477631.800000 4201313.600000 61945.0
477539.800000 4201442.600000 61975.0
477469.000000 4201562.500000 62005.0
477417.300000 4201610.500000 62035.0
477308.300000 4201560.900000 62065.0
477203.500000 4201484.500000 62095.0
477189.400000 4201475.700000 62125.0
477150.700000 4201450.400000 62185.0
476934.200000 4201624.100000 62215.0
476812.700000 4201863.200000 62245.0
476592.000000 4201771.500000 62275.0
476430.300000 4201765.200000 62305.0
476372.300000 4201762.000000 62335.0
476290.600000 4201801.200000 62365.0
476177.700000 4201910.300000 62395.0
