483387.800000 4207882.000000 44906.0
483401.200000 4207966.200000 45056.0
483351.200000 4207991.700000 45086.0
483232.700000 4207997.500000 45116.0
483110.100000 4207720.500000 45146.0
482960.800000 4207667.500000 45176.0
482943.200000 4207663.300000 45206.0
482588.400000 4207570.900000 45236.0
482400.500000 4207523.500000 45266.0
482153.700000 4207478.700000 45296.0
482009.800000 4207504.400000 45326.0
481927.400000 4207561.300000 45356.0
481762.100000 4207825.800000 45386.0
481563.400000 4208065.800000 45416.0
481406.600000 4208182.500000 45446.0
481404.900000 4208183.800000 45476.0
481351.500000 4208226.300000 45506.0
481078.100000 4208453.300000 45536.0
480952.000000 4208548.900000 45566.0
480533.200000 4208851.600000 45596.0
480352.700000 4208977.300000 45626.0
480117.100000 4209143.400000 45656.0
479766.700000 4209411.700000 45686.0
479362.300000 4209475.800000 45716.0
478933.100000 4209784.200000 45746.0
478533.900000 4209835.200000 45776.0
478157.700000 4209927.200000 45806.0
478123.600000 4209955.200000 45836.0
478112.300000 4209968.300000 45866.0
478079.900000 4210023.900000 45926.0
478077.300000 4210023.900000 45956.0
478049.200000 4210060.800000 45986.0
478013.300000 4210073.100000 46016.0
477858.100000 4210129.000000 46046.0
477811.600000 4210145.600000 46076.0
477683.300000 4210027.500000 46106.0
477424.700000 4209792.000000 46136.0
477165.100000 4209551.900000 46166.0
477082.500000 4209650.300000 46198.0
476949.500000 4209769.200000 46228.0
476884.600000 4210105.400000 46258.0
476851.700000 4210235.500000 46288.0
476788.300000 4210468.900000 46318.0
476766.800000 4210622.100000 46348.0
476530.000000 4210351.900000 46378.0
476485.100000 4209975.800000 46408.0
476357.200000 4209728.500000 46438.0
476393.800000 4209656.500000 46468.0
476189.100000 4209243.100000 46498.0
475943.600000 4208752.400000 46528.0
475756.900000 4208223.900000 46558.0
475552.600000 4207706.500000 46588.0
475192.400000 4207283.900000 46618.0
475070.800000 4206737.000000 46648.0
474684.200000 4206356.400000 46678.0
474241.600000 4206016.200000 46708.0
473797.100000 4205676.000000 46738.0
473401.400000 4205470.700000 46768.0
473134.000000 4205327.300000 46798.0
473055.500000 4205242.000000 46828.0
473011.000000 4205202.800000 46858.0
473009.300000 4205200.700000 46888.0
472972.300000 4205152.200000 46918.0
472944.100000 4205118.800000 46948.0
472876.200000 4205047.100000 47008.0
472675.200000 4204811.600000 47038.0
472616.200000 4204744.000000 47068.0
472587.100000 4204710.700000 47098.0
472587.100000 4204709.400000 47128.0
472562.400000 4204681.600000 47158.0
472423.400000 4204585.500000 47188.0
472395.300000 4204592.400000 47218.0
472260.300000 4204632.600000 47248.0
472180.800000 4204743.000000 47278.0
472081.800000 4204781.000000 47308.0
471984.400000 4204810.100000 47338.0
471903.700000 4204834.900000 47368.0
471715.200000 4204897.800000 47398.0
471757.700000 4204972.100000 47428.0
471978.400000 4205321.000000 47458.0
472120.500000 4205542.300000 47488.0
472219.300000 4205689.700000 47518.0
472217.700000 4205691.800000 47548.0
472324.500000 4205900.100000 47578.0
472371.400000 4206003.200000 47608.0
472459.400000 4206324.600000 47638.0
472494.100000 4206476.400000 47668.0
472634.000000 4206561.400000 47698.0
472706.700000 4206758.900000 47728.0
472773.000000 4206905.100000 47758.0
472905.600000 4207211.900000 47788.0
472922.400000 4207238.500000 47818.0
472922.400000 4207238.500000 47848.0
473033.600000 4207147.200000 47878.0
473074.700000 4207113.600000 47908.0
473151.200000 4207155.700000 47938.0
473352.000000 4207083.900000 47968.0
473468.600000 4207044.600000 47998.0
473492.500000 4207031.000000 48037.0
473587.200000 4207015.000000 48577.0
473862.800000 4206998.500000 48607.0
474069.000000 4206973.300000 48637.0
474144.400000 4206943.000000 48667.0
474346.700000 4206806.100000 48697.0
474626.200000 4206664.300000 48727.0
474729.700000 4206603.800000 48757.0
474995.800000 4206607.200000 48787.0
475144.600000 4207049.500000 48817.0
475334.500000 4207443.900000 48847.0
475639.200000 4207785.800000 48877.0
475803.900000 4208293.600000 48907.0
475986.200000 4208800.200000 48937.0
476155.000000 4208883.000000 48967.0
476180.200000 4208779.700000 48997.0
476222.700000 4208612.000000 49027.0
476254.900000 4208503.100000 49057.0
476359.500000 4208574.700000 49087.0
476494.300000 4208758.500000 49117.0
476530.400000 4208803.700000 49147.0
476654.600000 4208954.400000 49177.0
476856.000000 4209088.000000 49207.0
476993.500000 4209279.800000 49237.0
477096.300000 4209369.200000 49267.0
477263.700000 4209292.200000 49297.0
477343.300000 4209238.600000 49327.0
477408.200000 4209205.000000 49357.0
477408.200000 4209205.000000 49387.0
477423.100000 4209203.700000 49417.0
477682.800000 4209465.800000 49447.0
477832.400000 4209641.900000 49477.0
477966.200000 4209783.800000 49507.0
478038.600000 4209974.400000 49537.0
478133.200000 4209924.300000 49567.0
478556.000000 4209836.800000 49597.0
478782.400000 4209837.500000 49627.0
478884.100000 4209806.300000 49657.0
478884.100000 4209802.100000 49687.0
478922.700000 4209776.600000 49807.0
479042.600000 4209685.300000 49837.0
479265.900000 4209493.800000 49867.0
479637.900000 4209434.100000 49897.0
479823.600000 4209357.000000 49927.0
480107.500000 4209146.800000 49957.0
480359.000000 4208962.900000 49987.0
480557.000000 4208812.600000 50017.0
480805.800000 4208619.000000 50047.0
481039.800000 4208443.300000 50077.0
481240.500000 4208297.600000 50107.0
481451.700000 4208138.400000 50137.0
481678.600000 4207948.300000 50167.0
481746.800000 4207830.500000 50197.0
481905.100000 4207556.300000 50227.0
481916.500000 4207546.100000 50257.0
482158.600000 4207458.000000 50287.0
482263.100000 4207473.400000 50317.0
482599.400000 4207540.400000 50347.0
482846.100000 4207602.100000 50377.0
483098.200000 4207673.500000 50407.0
483538.300000 4207799.200000 50437.0
484058.200000 4207935.700000 50467.0
484520.100000 4208036.000000 50497.0
484924.900000 4208133.000000 50527.0
485194.700000 4208277.700000 50557.0
485479.800000 4208166.300000 50587.0
486030.900000 4208090.000000 50617.0
486496.000000 4207987.200000 50647.0
486516.800000 4207831.900000 50677.0
486651.100000 4207832.900000 50707.0
486780.800000 4207706.200000 50737.0
486935.500000 4207274.200000 50767.0
487123.400000 4206777.900000 50797.0
487365.300000 4206545.500000 50827.0
487535.400000 4206375.600000 50857.0
487646.800000 4206338.600000 50887.0
487982.100000 4206257.200000 50917.0
488162.000000 4206207.000000 50947.0
488250.700000 4206182.400000 50977.0
488674.600000 4206081.900000 51007.0
489060.700000 4205951.400000 51037.0
489213.400000 4205951.200000 51067.0
489285.400000 4205949.000000 51097.0
489437.300000 4205947.500000 51127.0
489671.700000 4205893.100000 51157.0
489761.900000 4205694.500000 51187.0
489967.400000 4205704.400000 51217.0
490144.600000 4205638.500000 51247.0
490408.600000 4205405.000000 51277.0
490486.700000 4205329.600000 51307.0
490483.200000 4205330.900000 51337.0
490403.400000 4205411.800000 54397.0
490252.500000 4205549.500000 54427.0
490078.900000 4205700.800000 54457.0
489774.200000 4205683.400000 54487.0
489633.000000 4205786.900000 54517.0
489456.600000 4205801.500000 54547.0
489395.100000 4205810.500000 54577.0
489280.100000 4205818.200000 54607.0
489279.400000 4205946.900000 54637.0
489020.400000 4205966.300000 54667.0
488634.300000 4206102.200000 54697.0
488610.500000 4206109.000000 54727.0
488438.400000 4206148.200000 54757.0
488241.900000 4206192.900000 54787.0
488049.700000 4206237.700000 54817.0
487857.600000 4206294.700000 54847.0
487557.400000 4206358.200000 54877.0
487447.000000 4206529.300000 54907.0
487366.400000 4206591.700000 54937.0
487231.400000 4206680.800000 54967.0
487021.400000 4207043.000000 54997.0
486838.700000 4207552.400000 55027.0
486711.900000 4207845.500000 55057.0
486635.600000 4207854.500000 55087.0
486524.900000 4207835.700000 55117.0
486424.800000 4207876.900000 55147.0
486473.200000 4207963.200000 55177.0
486474.900000 4207966.500000 55207.0
486497.700000 4208007.600000 55237.0
486109.000000 4208092.400000 55267.0
485518.500000 4208171.300000 55297.0
485314.200000 4208316.000000 55327.0
485283.400000 4208336.000000 55357.0
485072.600000 4208203.000000 55387.0
484844.800000 4208408.700000 55417.0
484672.000000 4208512.300000 55447.0
484555.900000 4208385.100000 55477.0
484486.700000 4208424.200000 55507.0
484403.500000 4208495.500000 55537.0
484287.800000 4208593.400000 55567.0
484125.700000 4208732.600000 55597.0
484036.000000 4208649.400000 55627.0
483864.100000 4208762.700000 55657.0
483701.700000 4208708.900000 55687.0
483626.000000 4208616.700000 55717.0
483402.600000 4208401.800000 55747.0
483341.700000 4208275.300000 55777.0
483295.000000 4208197.500000 55807.0
483208.300000 4208284.100000 55837.0
483110.200000 4208368.500000 55867.0
482994.200000 4208304.400000 55897.0
482866.900000 4208270.400000 55927.0
482639.400000 4208169.700000 55957.0
482440.800000 4208075.700000 55987.0
482262.700000 4208080.300000 56017.0
482088.800000 4208032.000000 56047.0
482068.500000 4207984.300000 56077.0
482194.700000 4207923.000000 56107.0
482384.000000 4207830.400000 56137.0
482447.800000 4207678.300000 56167.0
482387.800000 4207543.000000 56197.0
482384.200000 4207526.500000 56227.0
482288.300000 4207396.700000 56257.0
482118.000000 4207381.400000 56287.0
481982.000000 4207408.400000 56317.0
481935.300000 4207357.300000 56347.0
481832.800000 4207426.500000 56377.0
481721.200000 4207364.500000 56407.0
481628.800000 4207311.400000 56437.0
481486.600000 4207258.400000 56467.0
481221.800000 4207020.300000 56497.0
481037.900000 4206856.500000 56527.0
480949.400000 4206923.100000 56557.0
481017.300000 4207060.500000 56587.0
481203.000000 4207287.400000 56617.0
481279.700000 4207423.500000 56647.0
481192.200000 4207538.000000 56677.0
481242.500000 4207626.800000 56707.0
481380.400000 4208056.900000 56737.0
481382.200000 4208126.700000 56767.0
481383.200000 4208169.900000 56797.0
481382.300000 4208171.200000 56827.0
481348.100000 4208130.200000 56917.0
481284.200000 4207805.300000 56947.0
481151.000000 4207543.600000 56977.0
480956.100000 4207508.500000 57007.0
480943.300000 4207265.600000 57037.0
480943.300000 4207260.100000 57067.0
480855.300000 4207135.000000 57157.0
480684.500000 4206952.100000 57187.0
480493.900000 4206892.500000 57217.0
480396.900000 4206747.500000 57247.0
480321.800000 4206583.500000 57277.0
480198.800000 4206532.500000 57307.0
480127.400000 4206779.100000 57337.0
480305.600000 4206812.100000 57367.0
480493.200000 4206694.000000 57397.0
480495.900000 4206692.700000 57427.0
480516.100000 4206680.400000 57457.0
480518.800000 4206678.200000 57487.0
480537.200000 4206671.400000 57667.0
480681.600000 4206851.000000 57697.0
480940.500000 4207208.900000 57727.0
481034.700000 4207342.000000 57757.0
481089.300000 4207419.700000 57787.0
481250.400000 4207651.300000 57817.0
481305.100000 4207783.200000 57847.0
481380.300000 4208017.100000 57877.0
481399.900000 4208169.000000 57907.0
481567.500000 4208202.100000 57937.0
481790.300000 4208103.000000 57967.0
482032.300000 4207988.100000 57997.0
482033.100000 4207988.100000 58027.0
482124.300000 4207952.400000 58057.0
482319.000000 4207859.700000 58087.0
482560.200000 4207773.700000 58117.0
482833.100000 4207691.000000 58147.0
482945.600000 4207762.700000 58177.0
483019.600000 4207948.800000 58207.0
483184.700000 4207947.200000 58237.0
483312.700000 4207936.800000 58267.0
483469.900000 4207980.900000 58297.0
483387.100000 4207888.000000 58327.0
483372.100000 4207827.900000 58357.0
483380.100000 4207872.300000 58387.0
483381.700000 4207871.000000 58417.0
483393.200000 4207892.200000 59077.0
483455.600000 4207947.500000 59107.0
483399.400000 4207992.900000 59137.0
483281.700000 4207997.400000 59167.0
483166.800000 4208034.400000 59197.0
483061.600000 4208105.700000 59227.0
482989.000000 4208201.100000 59257.0
483033.900000 4208308.500000 59287.0
482917.300000 4208336.700000 59317.0
482865.700000 4208405.800000 59347.0
482930.200000 4208565.200000 59377.0
482798.800000 4208692.100000 59407.0
482671.700000 4208730.000000 59437.0
482456.700000 4208789.300000 59467.0
482181.100000 4208741.200000 59497.0
482053.900000 4208778.300000 59527.0
482035.900000 4208962.500000 59557.0
481894.900000 4209066.100000 59587.0
481813.300000 4209120.400000 59617.0
481671.700000 4208975.600000 59647.0
481558.200000 4208809.500000 59677.0
481516.900000 4208750.700000 59707.0
481432.400000 4208627.700000 59737.0
481428.900000 4208624.400000 59767.0
481364.300000 4208421.400000 59797.0
481183.700000 4208518.300000 59827.0
481030.100000 4208886.900000 59857.0
480653.900000 4208996.500000 59887.0
480606.100000 4209186.200000 59917.0
480595.000000 4209317.000000 59947.0
480496.200000 4209441.700000 59977.0
480451.900000 4209575.100000 60007.0
480346.800000 4209667.700000 60037.0
480054.500000 4209650.600000 60067.0
479999.200000 4209606.300000 60097.0
479999.200000 4209606.300000 60127.0
479967.600000 4209622.900000 60157.0
479775.800000 4209760.900000 60187.0
479502.400000 4209943.600000 60217.0
479369.200000 4210033.600000 60247.0
479304.400000 4210080.400000 60277.0
479139.600000 4210167.100000 60307.0
479048.500000 4210201.600000 60337.0
478821.500000 4210315.200000 60367.0
478725.400000 4210500.900000 60397.0
478694.700000 4210558.500000 60427.0
478673.800000 4210597.500000 60457.0
478655.400000 4210620.800000 60487.0
478654.600000 4210620.800000 60517.0
478541.800000 4210753.200000 60547.0
478322.800000 4210905.700000 60577.0
478109.800000 4210993.900000 60607.0
477965.200000 4211051.800000 60637.0
477949.500000 4211046.400000 60667.0
477906.400000 4211027.400000 60697.0
477871.400000 4211093.100000 60727.0
477888.400000 4211173.900000 60757.0
477777.400000 4211355.000000 60787.0
477624.600000 4211638.100000 60817.0
477408.600000 4211596.400000 60847.0
477300.200000 4211423.600000 60877.0
477187.600000 4211305.400000 60907.0
477049.400000 4211134.800000 60937.0
476956.000000 4211026.200000 60967.0
476870.000000 4211046.400000 60997.0
476751.900000 4211177.500000 61027.0
476751.200000 4211207.600000 61057.0
476639.700000 4211190.100000 61087.0
476440.700000 4211244.800000 61117.0
476368.800000 4211264.100000 61147.0
476335.700000 4211336.100000 61177.0
476224.900000 4211548.500000 61207.0
476155.100000 4211366.700000 61237.0
475801.800000 4211495.200000 61267.0
475363.900000 4211708.500000 61297.0
475112.200000 4212039.000000 61327.0
474912.800000 4212232.600000 61357.0
474775.900000 4212215.200000 61387.0
474746.700000 4212129.000000 61417.0
474709.800000 4211831.600000 61447.0
474700.700000 4211707.100000 61477.0
474836.600000 4211377.000000 61507.0
474903.500000 4210871.000000 61537.0
474922.200000 4210369.400000 61567.0
474928.600000 4210170.900000 61597.0
474940.900000 4209852.500000 61627.0
474798.500000 4209754.300000 61657.0
474387.100000 4209822.100000 61687.0
474151.800000 4209786.000000 61717.0
473978.900000 4209767.500000 61747.0
473810.500000 4209527.200000 61777.0
473677.000000 4209477.700000 61807.0
473442.500000 4209442.900000 61837.0
473268.500000 4209349.100000 61867.0
473170.900000 4209304.100000 61897.0
472981.200000 4209224.700000 61927.0
472940.300000 4209307.000000 61957.0
472666.200000 4209504.300000 61987.0
472308.200000 4209732.700000 62017.0
471994.600000 4209903.500000 62047.0
471780.800000 4210005.400000 62077.0
471722.100000 4210002.200000 62107.0
471878.100000 4209946.300000 62137.0
472198.700000 4209791.900000 62167.0
472486.000000 4209600.100000 62197.0
472528.100000 4209584.300000 62227.0
472803.000000 4209403.500000 62257.0
473000.500000 4209140.000000 62287.0
473187.000000 4208750.800000 62317.0
473392.900000 4208649.000000 62347.0
473762.000000 4208539.000000 62377.0
473839.700000 4208118.100000 62407.0
474227.200000 4207995.800000 62437.0
474283.400000 4207704.800000 62467.0
474279.600000 4207621.500000 62497.0
474219.000000 4207357.500000 62527.0
474211.000000 4207306.400000 62557.0
474208.300000 4207298.700000 62587.0
474279.700000 4207118.600000 62617.0
474329.300000 4206959.800000 62647.0
474290.400000 4206896.800000 62677.0
474278.100000 4206871.500000 62707.0
474136.300000 4206969.700000 62737.0
474112.600000 4207008.700000 62767.0
474004.600000 4206995.900000 62797.0
473589.400000 4207012.900000 62827.0
473481.400000 4207031.000000 62857.0
473483.100000 4207028.900000 62887.0
