487107.500000 4200985.300000 21824.0
487208.700000 4201068.500000 21854.0
487219.200000 4201068.500000 21884.0
487222.800000 4201077.400000 21914.0
487108.800000 4201297.200000 21944.0
487088.000000 4201474.600000 21974.0
487048.700000 4201615.600000 22004.0
487019.000000 4201690.100000 22034.0
486958.800000 4201961.100000 22064.0
487251.700000 4202211.200000 22094.0
487505.900000 4202518.100000 22124.0
487818.100000 4202764.000000 22154.0
488103.200000 4203156.300000 22184.0
488228.500000 4203595.500000 22214.0
488099.900000 4203954.100000 22244.0
488066.800000 4204150.600000 22274.0
488188.300000 4204330.300000 22304.0
488446.700000 4204524.200000 22334.0
488633.100000 4204794.800000 22364.0
488803.400000 4204722.600000 22394.0
488865.800000 4204806.800000 22424.0
488824.700000 4204914.300000 22454.0
488850.400000 4205051.900000 22484.0
488882.200000 4205212.700000 22514.0
488971.200000 4205383.500000 22544.0
489073.200000 4205540.800000 22574.0
489325.600000 4205763.600000 22604.0
489423.100000 4205804.500000 22634.0
489660.200000 4205773.300000 22664.0
489778.600000 4205685.500000 22694.0
490033.200000 4205718.700000 22724.0
490231.400000 4205568.600000 22754.0
490451.600000 4205378.700000 22784.0
490477.900000 4205353.300000 22814.0
490480.500000 4205347.800000 22844.0
490585.700000 4205235.500000 22904.0
490752.500000 4205171.000000 22934.0
490796.600000 4205390.600000 22964.0
490902.800000 4205470.500000 22994.0
491033.800000 4205580.400000 23024.0
491240.100000 4205633.500000 23054.0
491389.400000 4205715.500000 23084.0
491480.800000 4205818.600000 23114.0
491910.100000 4205807.200000 23144.0
492218.000000 4205538.600000 23174.0
492675.400000 4205373.900000 23204.0
493152.900000 4205255.900000 23234.0
493642.900000 4205296.500000 23264.0
494103.000000 4205459.200000 23294.0
494512.300000 4205692.100000 23324.0
494921.500000 4205839.500000 23354.0
495345.600000 4206007.800000 23384.0
495799.600000 4206143.800000 23414.0
496253.700000 4206340.000000 23444.0
496709.300000 4206413.000000 23474.0
497129.800000 4206671.500000 23504.0
497565.200000 4206877.900000 23534.0
497879.600000 4207236.300000 23564.0
498143.000000 4207598.100000 23594.0
498339.700000 4208042.100000 23624.0
498317.000000 4208501.300000 23654.0
498382.000000 4208840.700000 23684.0
498507.600000 4209202.600000 23714.0
498791.000000 4209511.100000 23744.0
499001.600000 4209870.400000 23774.0
498918.300000 4210318.700000 23804.0
498805.200000 4210747.000000 23834.0
498675.400000 4211198.600000 23864.0
498470.200000 4211641.400000 23894.0
498321.200000 4212129.400000 23924.0
498259.900000 4212616.600000 23954.0
498290.700000 4213119.400000 23984.0
498329.500000 4213635.400000 24014.0
498260.300000 4214095.900000 24044.0
498094.600000 4214474.300000 24074.0
498007.800000 4214677.500000 24104.0
497911.400000 4214901.800000 24134.0
497757.900000 4215266.700000 24164.0
497597.600000 4215695.100000 24194.0
497448.800000 4216164.500000 24224.0
497298.900000 4216669.500000 24254.0
497207.900000 4217071.200000 24284.0
497204.400000 4217260.900000 24314.0
497201.900000 4217759.000000 24344.0
497199.400000 4218305.000000 24374.0
497196.100000 4218827.800000 24404.0
497166.500000 4219341.600000 24434.0
497099.100000 4219841.100000 24464.0
497031.800000 4220339.300000 24494.0
496923.300000 4220835.400000 24524.0
496849.900000 4221340.400000 24554.0
496814.100000 4221525.800000 24584.0
496766.000000 4221825.400000 24614.0
496546.300000 4222259.400000 24644.0
496542.100000 4222561.200000 24674.0
496706.900000 4222778.600000 24704.0
496544.100000 4223050.400000 24734.0
496468.800000 4223334.500000 24764.0
496543.500000 4223695.100000 24794.0
496514.700000 4223943.500000 24824.0
496477.200000 4224151.000000 24854.0
496767.200000 4224309.600000 24884.0
497104.500000 4224469.000000 24914.0
497278.900000 4224774.100000 24944.0
497411.300000 4225065.700000 24974.0
497591.800000 4225453.000000 25004.0
497889.700000 4225730.100000 25034.0
497723.400000 4226059.900000 25064.0
497441.600000 4226487.000000 25094.0
497239.500000 4226888.800000 25124.0
497093.300000 4227303.600000 25154.0
497153.900000 4227653.200000 25184.0
497016.500000 4227849.700000 25214.0
496951.800000 4228006.300000 25244.0
496730.400000 4228130.800000 25274.0
496648.800000 4227982.300000 25304.0
496773.000000 4227862.400000 25334.0
496895.500000 4227741.300000 25364.0
496918.200000 4227713.400000 25394.0
496839.400000 4227783.300000 25424.0
496839.400000 4227783.300000 25454.0
496816.800000 4227837.500000 25544.0
496958.600000 4228016.000000 25574.0
497033.900000 4227825.100000 25604.0
497072.300000 4227512.300000 25634.0
497179.000000 4226998.400000 25664.0
497414.400000 4226535.700000 25694.0
497795.300000 4225966.300000 25724.0
497761.100000 4225565.900000 25754.0
497457.900000 4225182.100000 25784.0
497287.900000 4224812.600000 25814.0
497031.200000 4224439.800000 25844.0
496651.800000 4224162.700000 25874.0
496419.700000 4223960.900000 25904.0
496535.200000 4223760.300000 25934.0
496460.500000 4223320.900000 25964.0
496258.900000 4223151.300000 25994.0
496316.600000 4222930.300000 26024.0
496379.600000 4222800.400000 26054.0
496521.300000 4222547.200000 26084.0
496707.100000 4222773.600000 26114.0
496648.400000 4222794.800000 26144.0
496459.200000 4222664.000000 26174.0
496443.400000 4222457.500000 26204.0
496442.600000 4222434.200000 26234.0
496660.500000 4222087.900000 26264.0
496792.700000 4221606.200000 26294.0
496886.300000 4221039.000000 26324.0
496993.900000 4220478.500000 26354.0
497078.700000 4219902.500000 26384.0
497160.100000 4219307.700000 26414.0
497186.200000 4218683.000000 26444.0
497188.700000 4218112.900000 26474.0
497191.100000 4217487.300000 26504.0
497194.500000 4216984.500000 26534.0
496991.900000 4216751.300000 26564.0
496982.100000 4216394.100000 26594.0
496985.600000 4216344.200000 26624.0
496985.600000 4216344.200000 26654.0
496991.700000 4216259.900000 26684.0
497295.100000 4216339.800000 26714.0
497427.500000 4216202.200000 26744.0
497601.800000 4215661.700000 26774.0
497788.500000 4215171.100000 26804.0
497998.900000 4215105.400000 26834.0
498072.500000 4214969.900000 26864.0
497931.300000 4214915.800000 26894.0
497910.200000 4214902.700000 26924.0
497929.400000 4214785.000000 26954.0
497547.800000 4214678.500000 26984.0
497251.400000 4214477.900000 27014.0
497010.100000 4214220.700000 27044.0
496898.600000 4214012.000000 27074.0
496684.600000 4213869.900000 27104.0
496606.400000 4213812.400000 27134.0
496607.300000 4213812.400000 27164.0
496587.000000 4213751.400000 27224.0
496711.500000 4213776.800000 27254.0
496916.700000 4213789.000000 27284.0
497037.800000 4213744.500000 27314.0
497150.100000 4213879.900000 27344.0
497237.000000 4213987.400000 27374.0
497256.300000 4214132.500000 27404.0
497576.500000 4214289.100000 27434.0
497739.600000 4214192.500000 27464.0
498044.900000 4214349.000000 27494.0
498170.400000 4214284.700000 27524.0
498337.700000 4213798.700000 27554.0
498287.600000 4213200.700000 27584.0
498247.100000 4212600.500000 27614.0
498232.200000 4212365.200000 27644.0
498397.100000 4211856.000000 27674.0
498636.400000 4211243.500000 27704.0
498824.100000 4210604.400000 27734.0
498964.500000 4210128.200000 27764.0
499115.400000 4210093.900000 27794.0
499345.400000 4210102.800000 27824.0
499359.500000 4209907.600000 27854.0
499222.500000 4209889.900000 27884.0
499008.500000 4209857.700000 27914.0
498937.300000 4209734.600000 27944.0
498602.900000 4209354.900000 27974.0
498472.900000 4209069.700000 28004.0
498787.900000 4209114.100000 28034.0
499025.800000 4209062.900000 28064.0
499232.000000 4208884.200000 28094.0
499503.200000 4208765.700000 28124.0
499612.800000 4208742.400000 28154.0
499722.500000 4208626.000000 28184.0
499898.100000 4208340.700000 28214.0
500180.600000 4208203.200000 28244.0
500320.300000 4208028.000000 28274.0
500415.900000 4207874.800000 28304.0
500560.700000 4207649.600000 28334.0
500846.000000 4207351.200000 28364.0
501189.300000 4207220.500000 28394.0
501235.000000 4206914.100000 28424.0
501259.700000 4206717.700000 28454.0
501404.600000 4206435.000000 28484.0
501380.800000 4206454.900000 28514.0
501263.000000 4206714.300000 28544.0
501034.000000 4206719.800000 28574.0
500953.200000 4206969.500000 28604.0
501059.300000 4207301.300000 28634.0
500727.500000 4207396.500000 28664.0
500472.000000 4207339.800000 28694.0
500196.400000 4207333.000000 28724.0
500148.200000 4207330.900000 28754.0
500082.400000 4207335.100000 28784.0
499995.500000 4207348.200000 28814.0
499758.400000 4207380.400000 28844.0
499726.000000 4207120.900000 28874.0
499615.300000 4206847.100000 28904.0
499591.500000 4206808.100000 28934.0
499687.100000 4207022.300000 28964.0
499752.100000 4207369.800000 28994.0
499972.400000 4207354.100000 29024.0
500110.200000 4207333.000000 29054.0
500191.900000 4207333.000000 29084.0
500472.800000 4207339.800000 29114.0
500687.000000 4207456.200000 29144.0
500680.800000 4207470.600000 29174.0
500573.600000 4207633.500000 29204.0
500506.000000 4207741.000000 29234.0
500288.300000 4207684.300000 29264.0
499927.500000 4207622.100000 29294.0
499861.700000 4207624.200000 29324.0
499692.300000 4207620.800000 29354.0
499456.300000 4207599.600000 29384.0
499026.200000 4207727.100000 29414.0
498490.700000 4207576.000000 29444.0
498174.800000 4207548.200000 29474.0
498168.600000 4207548.200000 29504.0
497922.800000 4207371.700000 29534.0
497685.600000 4206998.000000 29564.0
497302.800000 4206712.900000 29594.0
496890.200000 4206524.300000 29624.0
496485.400000 4206421.100000 29654.0
496079.800000 4206285.000000 29684.0
495628.500000 4206128.600000 29714.0
495183.300000 4205957.100000 29744.0
494793.400000 4205805.300000 29774.0
494342.800000 4205613.500000 29804.0
493908.100000 4205392.000000 29834.0
493416.300000 4205283.600000 29864.0
492888.700000 4205312.800000 29894.0
492398.800000 4205470.700000 29924.0
492049.600000 4205797.300000 29954.0
491551.800000 4205823.200000 29984.0
491384.100000 4205798.800000 30014.0
491289.200000 4205655.900000 30044.0
491042.500000 4205577.400000 30074.0
490883.400000 4205465.400000 30104.0
490779.500000 4205274.700000 30134.0
490617.000000 4205218.100000 30164.0
490493.400000 4205324.900000 30194.0
490484.700000 4205338.100000 30224.0
490455.900000 4205374.500000 33079.0
490417.300000 4205404.600000 33109.0
490184.900000 4205612.300000 33139.0
490167.400000 4205619.000000 33169.0
489974.400000 4205704.800000 33199.0
489721.600000 4205730.500000 33229.0
489667.200000 4205775.800000 33259.0
489667.200000 4205777.100000 33289.0
489733.800000 4205722.800000 33409.0
489870.700000 4205692.600000 33439.0
489938.400000 4205703.500000 33469.0
490103.500000 4205695.700000 33499.0
490160.500000 4205626.700000 33529.0
490429.800000 4205392.300000 33559.0
490473.700000 4205341.000000 33589.0
490473.700000 4205341.000000 33619.0
490490.400000 4205342.300000 33679.0
490331.000000 4205476.200000 35921.0
490130.100000 4205670.700000 35951.0
489937.900000 4205698.900000 35981.0
489758.700000 4205710.100000 36011.0
489635.000000 4205784.800000 36041.0
489440.200000 4205801.500000 36071.0
489373.500000 4205797.400000 36101.0
489151.200000 4205612.300000 36131.0
489079.100000 4205548.000000 36161.0
489077.400000 4205546.800000 36191.0
489110.800000 4205580.200000 36251.0
489304.100000 4205749.600000 36281.0
489386.700000 4205809.600000 36311.0
489558.900000 4205790.400000 36341.0
489728.200000 4205721.200000 36371.0
489772.100000 4205680.100000 36401.0
490024.100000 4205715.300000 36431.0
490194.300000 4205600.800000 36461.0
490332.000000 4205473.300000 36491.0
490389.900000 4205422.000000 36521.0
490488.100000 4205344.000000 36551.0
490460.800000 4205365.600000 39172.0
490223.100000 4205581.300000 39202.0
490158.200000 4205634.700000 39232.0
490222.300000 4205586.800000 39262.0
490423.200000 4205403.300000 39292.0
490486.200000 4205362.200000 39322.0
490486.200000 4205356.700000 39352.0
490338.800000 4205467.700000 39712.0
490142.400000 4205644.500000 39742.0
489881.800000 4205693.500000 39772.0
489732.600000 4205724.500000 39802.0
489657.100000 4205778.800000 39832.0
489452.500000 4205807.000000 39862.0
489380.600000 4205842.600000 39892.0
489384.100000 4205852.800000 39922.0
489389.300000 4205849.400000 39952.0
489390.200000 4205908.200000 40192.0
489390.200000 4205913.700000 40222.0
489430.600000 4205938.200000 40252.0
489430.600000 4205951.400000 40282.0
489505.300000 4205954.700000 40522.0
489711.500000 4205860.000000 40552.0
489750.000000 4205730.000000 40582.0
489908.900000 4205703.200000 40612.0
490182.800000 4205610.600000 40642.0
490409.100000 4205410.500000 40672.0
490481.900000 4205352.900000 40702.0
490488.100000 4205347.400000 40732.0
490366.100000 4205447.400000 41422.0
490157.300000 4205633.000000 41452.0
489873.900000 4205690.100000 41482.0
489708.000000 4205741.500000 41512.0
489428.900000 4205806.200000 41542.0
489391.400000 4205904.000000 41572.0
489391.400000 4205938.300000 41602.0
489294.800000 4205952.800000 41632.0
489121.000000 4205957.300000 41662.0
488874.400000 4206011.800000 41692.0
488708.600000 4206085.200000 41722.0
488533.000000 4206126.500000 41752.0
488268.800000 4206189.900000 41782.0
488052.900000 4206235.500000 41812.0
487706.300000 4206324.900000 41842.0
487485.300000 4206481.900000 41872.0
487415.200000 4206553.100000 41902.0
487344.200000 4206607.400000 41932.0
487229.300000 4206682.900000 41962.0
486963.500000 4206849.600000 41992.0
486573.700000 4206887.100000 42022.0
486278.800000 4206916.300000 42052.0
486130.500000 4206952.100000 42082.0
486125.500000 4207056.300000 42112.0
486066.800000 4207147.400000 42142.0
485860.100000 4207370.800000 42172.0
485640.300000 4207692.000000 42202.0
485568.600000 4207830.900000 42232.0
485565.100000 4207832.200000 42262.0
485365.400000 4208044.600000 42682.0
485198.900000 4208202.400000 42712.0
485027.800000 4208171.800000 42742.0
484946.100000 4208152.900000 42772.0
484825.800000 4208124.300000 42802.0
484695.900000 4208094.500000 42832.0
484356.000000 4208015.200000 42862.0
484042.500000 4207941.300000 42892.0
483644.700000 4207847.700000 42922.0
483497.200000 4207860.200000 42952.0
483425.300000 4207876.400000 45400.0
483514.000000 4207854.300000 45460.0
483646.500000 4207848.500000 45490.0
483923.200000 4207915.700000 45520.0
484208.600000 4207984.100000 45550.0
484329.900000 4208013.900000 45580.0
484699.500000 4208096.600000 45610.0
485060.500000 4208184.800000 45640.0
485192.100000 4208207.900000 45670.0
485416.700000 4208189.700000 45700.0
485805.500000 4208123.400000 45730.0
486282.000000 4208059.500000 45760.0
486494.400000 4208022.400000 45790.0
486527.000000 4208081.200000 45820.0
486675.000000 4208412.700000 45850.0
487000.500000 4208336.900000 45880.0
487156.800000 4208407.800000 45910.0
487150.500000 4208355.700000 45940.0
487252.100000 4208266.700000 45970.0
487508.300000 4208203.200000 46000.0
487576.300000 4207870.400000 46030.0
487580.800000 4207443.400000 46060.0
487684.300000 4207343.300000 46090.0
487750.000000 4207292.000000 46120.0
487649.100000 4207290.000000 46150.0
487546.600000 4207353.300000 46180.0
487379.600000 4207208.300000 46210.0
487359.900000 4206921.000000 46240.0
487329.700000 4206687.000000 46270.0
487248.800000 4206521.600000 46300.0
487207.500000 4206468.300000 46330.0
487324.100000 4206409.300000 46360.0
487369.800000 4206392.700000 46390.0
487404.800000 4206268.200000 46420.0
487373.300000 4205821.300000 46450.0
487687.200000 4205558.000000 46480.0
488137.300000 4205302.200000 46510.0
488424.900000 4204998.700000 46540.0
488608.300000 4204875.300000 46570.0
488557.100000 4204693.300000 46600.0
488311.800000 4204444.000000 46630.0
488095.400000 4204214.500000 46660.0
488114.200000 4203909.300000 46690.0
488243.600000 4203525.200000 46720.0
487989.200000 4203067.200000 46750.0
487711.800000 4202603.700000 46780.0
487779.000000 4202309.400000 46810.0
487853.900000 4201855.600000 46840.0
487885.000000 4201436.100000 46870.0
487802.500000 4200942.300000 46900.0
487515.700000 4200682.000000 46930.0
487405.000000 4200692.300000 46960.0
487404.200000 4200694.500000 46990.0
487383.900000 4200722.400000 47050.0
487310.900000 4200645.900000 47080.0
487227.300000 4200509.800000 47110.0
487347.400000 4200372.000000 47140.0
487263.700000 4200249.000000 47170.0
487177.300000 4200051.500000 47200.0
487159.600000 4200009.200000 47230.0
487131.200000 4199853.900000 47260.0
487175.800000 4199753.900000 47290.0
487218.700000 4199640.900000 47320.0
487296.900000 4199609.800000 47350.0
487412.800000 4199540.700000 47380.0
487610.900000 4199210.700000 47410.0
487552.200000 4199296.300000 47440.0
487543.500000 4199307.300000 47470.0
487379.700000 4199610.600000 47500.0
487382.800000 4199876.800000 47530.0
487529.700000 4199930.700000 47560.0
487651.900000 4199984.700000 47590.0
487796.000000 4199974.400000 47620.0
487878.800000 4200052.100000 47650.0
487978.100000 4200162.900000 47680.0
488333.900000 4200202.100000 47710.0
488838.200000 4200273.400000 47740.0
489369.900000 4200376.000000 47770.0
489747.800000 4200530.800000 47800.0
490214.500000 4200742.300000 47830.0
490643.700000 4201068.100000 47860.0
491034.100000 4201428.300000 47890.0
491427.800000 4201494.400000 47920.0
491705.500000 4201576.200000 47950.0
491655.400000 4201640.600000 47980.0
491601.300000 4201917.000000 48010.0
491562.000000 4202227.700000 48040.0
491420.300000 4202665.900000 48070.0
491064.000000 4203012.500000 48100.0
490657.800000 4203343.500000 48130.0
490239.300000 4203697.800000 48160.0
489822.600000 4204010.300000 48190.0
489563.000000 4204250.100000 48220.0
489473.000000 4204665.000000 48250.0
489378.000000 4205102.400000 48280.0
489360.200000 4205610.700000 48310.0
489416.700000 4205805.800000 48340.0
489455.400000 4205804.500000 48370.0
489730.100000 4205724.100000 48400.0
489938.200000 4205704.000000 48430.0
490136.600000 4205651.700000 48460.0
490435.700000 4205388.500000 48490.0
490484.900000 4205331.700000 48520.0
490480.500000 4205335.100000 48550.0
490385.000000 4205422.800000 48700.0
490238.500000 4205556.300000 48730.0
490144.600000 4205639.800000 48760.0
489942.700000 4205697.600000 48790.0
489777.600000 4205678.800000 48820.0
489610.900000 4205786.500000 48850.0
489421.400000 4205807.900000 48880.0
489361.600000 4205812.200000 48910.0
489280.000000 4205885.500000 48940.0
489165.900000 4205948.700000 48970.0
488831.400000 4206023.700000 49000.0
488629.600000 4206100.600000 49030.0
488564.600000 4206113.800000 49060.0
488374.100000 4206161.900000 49090.0
488111.700000 4206219.000000 49120.0
487822.900000 4206297.200000 49150.0
487568.500000 4206351.800000 49180.0
487425.600000 4206538.300000 49210.0
487288.800000 4206629.500000 49240.0
487050.500000 4206950.700000 49270.0
486864.300000 4207477.100000 49300.0
486784.800000 4207695.600000 49330.0
486575.500000 4207983.300000 49360.0
486544.700000 4207995.600000 49390.0
486503.600000 4208010.100000 49420.0
486150.800000 4208073.700000 49450.0
485716.400000 4208134.600000 49480.0
485290.800000 4208200.900000 49510.0
485198.600000 4208205.300000 49540.0
485077.400000 4208187.800000 49570.0
484872.700000 4208140.300000 49600.0
484738.400000 4208107.100000 49630.0
484527.700000 4208056.300000 49660.0
484133.400000 4207963.900000 49690.0
483721.600000 4207866.100000 49720.0
483524.900000 4207816.600000 49750.0
483411.900000 4207875.600000 49780.0
483394.300000 4207884.600000 49810.0
483355.000000 4207797.000000 50763.0
483363.700000 4207798.300000 50853.0
483352.800000 4207811.800000 51131.0
483359.800000 4207796.200000 51161.0
483156.100000 4207727.600000 51191.0
482986.600000 4207671.200000 51251.0
482396.400000 4207522.600000 51341.0
482310.300000 4207501.600000 51371.0
482177.700000 4207485.400000 51401.0
482133.000000 4207478.800000 51431.0
482090.800000 4207483.100000 51461.0
482000.500000 4207511.200000 51491.0
481874.300000 4207614.800000 51521.0
481755.300000 4207773.700000 51551.0
481734.500000 4207923.600000 51581.0
481713.400000 4207940.200000 51611.0
481432.100000 4208117.300000 51671.0
481324.400000 4208251.700000 51701.0
480955.600000 4208515.400000 51731.0
480771.600000 4208663.500000 51761.0
480503.400000 4208810.600000 51791.0
480498.400000 4208867.400000 51821.0
480405.700000 4209024.200000 51851.0
480083.900000 4209149.400000 51881.0
479997.200000 4209215.200000 51911.0
479816.800000 4209384.100000 51941.0
479817.700000 4209380.700000 51971.0
479714.800000 4209281.100000 52001.0
479354.400000 4209052.100000 52031.0
479102.500000 4208672.300000 52061.0
478827.600000 4208265.800000 52091.0
478572.100000 4207864.800000 52121.0
478510.300000 4207756.200000 52151.0
478488.300000 4207711.000000 52181.0
478486.600000 4207706.700000 52211.0
478396.500000 4207498.300000 52241.0
478353.200000 4207389.600000 52271.0
478353.100000 4207376.500000 52301.0
478261.300000 4207131.700000 52331.0
478238.300000 4207075.000000 52361.0
478212.700000 4207018.400000 52391.0
478204.900000 4207017.100000 52421.0
478176.500000 4206933.000000 52451.0
478146.500000 4206872.100000 52481.0
478121.000000 4206847.600000 52511.0
478048.900000 4206815.700000 52541.0
477787.800000 4206652.100000 52571.0
477818.800000 4206712.200000 52601.0
477668.300000 4206603.800000 52631.0
477554.700000 4206464.400000 52661.0
477554.700000 4206471.200000 52691.0
477477.800000 4206578.900000 52721.0
477464.600000 4206591.200000 52751.0
477439.200000 4206598.100000 52781.0
477243.700000 4206667.600000 52811.0
477070.900000 4206752.300000 52841.0
477045.400000 4206731.200000 52871.0
476936.100000 4206841.600000 52901.0
476941.500000 4207235.600000 52961.0
476948.700000 4207293.100000 52991.0
476948.800000 4207305.400000 53021.0
476953.200000 4207342.200000 53081.0
476975.400000 4207727.300000 53111.0
476892.000000 4208039.500000 53351.0
476859.800000 4208111.500000 53381.0
476854.600000 4208127.200000 53411.0
476851.100000 4208125.100000 53441.0
476844.100000 4208127.200000 53471.0
476815.200000 4208154.000000 53501.0
476718.700000 4208197.400000 53531.0
476697.600000 4208183.100000 53561.0
476676.200000 4208085.400000 53591.0
476677.000000 4208056.600000 53621.0
476331.400000 4207799.000000 53681.0
476124.500000 4207871.500000 53711.0
476095.400000 4207840.700000 53741.0
476083.900000 4207801.800000 53771.0
476015.400000 4207493.500000 53801.0
476009.100000 4207451.200000 53831.0
475942.400000 4207430.200000 53861.0
475780.100000 4207471.700000 53951.0
475661.700000 4207508.900000 53981.0
475185.900000 4207195.400000 54191.0
475020.100000 4206625.800000 54221.0
474602.700000 4206197.900000 54251.0
474337.100000 4206048.900000 54281.0
473500.400000 4205493.300000 54311.0
473196.200000 4205344.400000 54341.0
473041.100000 4205179.400000 54371.0
473306.700000 4205332.600000 54431.0
473310.100000 4205314.800000 54581.0
473334.200000 4205399.400000 55483.0
473320.000000 4205381.700000 55513.0
473356.100000 4205406.100000 55543.0
473404.400000 4205428.000000 55573.0
473415.900000 4205443.600000 55603.0
473419.400000 4205439.400000 55633.0
473464.200000 4205462.500000 55843.0
473870.500000 4205687.600000 55873.0
474315.900000 4206051.100000 55903.0
474726.000000 4206372.700000 55933.0
475088.700000 4206722.100000 55963.0
475227.300000 4207273.200000 55993.0
475390.100000 4207399.200000 56023.0
475353.900000 4207310.500000 56053.0
475351.100000 4207273.700000 56083.0
475352.500000 4207208.000000 56113.0
475335.700000 4207172.500000 56233.0
