488157.000000 4206222.300000 38395.0
487964.000000 4206259.400000 38425.0
487721.000000 4206321.900000 38455.0
487594.600000 4206350.100000 38485.0
487339.200000 4206405.900000 38515.0
487248.100000 4206495.800000 38545.0
487275.600000 4206647.700000 38575.0
487071.400000 4206907.500000 38605.0
486930.700000 4207304.700000 38635.0
486801.300000 4207658.700000 38665.0
486621.900000 4207967.600000 38695.0
486538.600000 4208006.600000 38725.0
486462.300000 4208031.300000 38755.0
486086.700000 4208092.900000 38785.0
485672.400000 4208144.800000 38815.0
485333.700000 4208196.600000 38845.0
485170.500000 4208205.800000 38875.0
484897.300000 4208143.200000 38905.0
484814.800000 4208124.300000 38935.0
484733.000000 4208105.400000 38965.0
484513.500000 4208053.800000 38995.0
484079.700000 4207952.600000 39025.0
483683.600000 4207858.200000 39055.0
483488.700000 4207862.800000 39085.0
483417.600000 4207873.900000 39115.0
483411.400000 4207882.800000 39145.0
483452.800000 4207988.100000 39925.0
483374.400000 4207897.300000 39955.0
483360.700000 4207959.500000 45328.0
483223.800000 4207978.900000 45358.0
483100.300000 4207696.400000 45388.0
482835.900000 4207620.300000 45418.0
482529.400000 4207543.100000 45448.0
482442.500000 4207522.100000 45478.0
482410.000000 4207517.900000 45508.0
482407.300000 4207516.700000 45538.0
482360.700000 4207506.600000 45568.0
482334.400000 4207499.900000 45598.0
482300.300000 4207495.700000 45628.0
482286.200000 4207494.500000 45658.0
482246.700000 4207487.000000 45688.0
482193.100000 4207478.200000 45718.0
482175.500000 4207471.500000 45748.0
482120.200000 4207470.300000 45778.0
482066.700000 4207472.500000 45808.0
481967.700000 4207520.600000 45838.0
481958.000000 4207524.800000 45868.0
481782.900000 4207780.500000 45898.0
481573.700000 4208049.300000 45928.0
481433.500000 4208156.200000 45958.0
481379.200000 4208193.200000 45988.0
481079.600000 4208438.100000 46018.0
480956.100000 4208538.300000 46048.0
480578.400000 4208818.900000 46078.0
480278.000000 4209031.700000 46108.0
479921.400000 4209306.400000 46138.0
479763.700000 4209417.700000 46168.0
479369.000000 4209477.500000 46198.0
479327.900000 4209489.900000 46228.0
479186.700000 4209545.700000 46258.0
478845.200000 4209829.300000 46288.0
478425.700000 4209821.500000 46318.0
472007.400000 4205372.500000 48148.0
472155.700000 4205590.400000 48178.0
472176.100000 4205627.200000 48208.0
472248.300000 4205693.400000 48238.0
472570.700000 4205509.000000 48268.0
472744.900000 4205364.100000 48298.0
473020.000000 4205194.700000 48328.0
473399.200000 4205425.500000 48358.0
473853.000000 4205669.100000 48388.0
474256.100000 4206003.900000 48418.0
474675.100000 4206320.000000 48448.0
475081.900000 4206728.000000 48478.0
475211.600000 4207288.900000 48508.0
475597.300000 4207721.600000 48538.0
475779.700000 4208243.800000 48568.0
475959.300000 4208757.100000 48598.0
476142.300000 4208894.100000 48628.0
476178.000000 4208766.600000 48658.0
476245.700000 4208520.000000 48688.0
476252.700000 4208493.400000 48718.0
476359.100000 4208588.300000 48748.0
476359.900000 4208588.300000 48778.0
476502.600000 4208774.100000 48838.0
476712.200000 4209027.500000 48868.0
476807.000000 4209061.500000 48898.0
476968.100000 4209243.000000 48928.0
477030.600000 4209331.700000 48958.0
477221.000000 4209316.800000 48988.0
477384.000000 4209216.500000 49018.0
477391.000000 4209212.200000 49048.0
477507.900000 4209304.200000 49108.0
477817.600000 4209618.200000 49138.0
477904.700000 4209705.600000 49168.0
478038.800000 4209969.400000 49198.0
478081.000000 4209978.100000 49228.0
478483.300000 4209818.400000 49258.0
478763.100000 4209829.900000 49288.0
479031.300000 4209687.000000 49318.0
479153.800000 4209559.300000 49348.0
479680.100000 4209445.000000 49378.0
479759.800000 4209407.900000 49408.0
480055.900000 4209169.800000 49438.0
480359.800000 4208960.400000 49468.0
480636.700000 4208751.100000 49498.0
480927.600000 4208529.400000 49528.0
481055.500000 4208432.600000 49558.0
481391.900000 4208186.800000 49588.0
481618.000000 4208013.200000 49618.0
481714.300000 4207876.700000 49648.0
481865.600000 4207612.200000 49678.0
482031.200000 4207481.900000 49708.0
482097.000000 4207469.500000 49738.0
482215.500000 4207476.900000 49768.0
482247.200000 4207481.000000 49798.0
482411.300000 4207509.500000 49828.0
482468.400000 4207525.000000 49858.0
482550.200000 4207543.900000 49888.0
482652.000000 4207562.700000 49918.0
482686.200000 4207572.800000 49948.0
482810.800000 4207606.800000 49978.0
482827.600000 4207613.600000 50008.0
483026.100000 4207673.300000 50038.0
483317.700000 4207743.800000 50068.0
483348.600000 4207797.000000 50098.0
483369.800000 4207846.900000 50128.0
483377.500000 4207855.000000 50997.0
483466.300000 4207862.400000 51657.0
483505.700000 4207811.100000 51687.0
483807.800000 4207878.200000 51717.0
484204.800000 4207972.700000 51747.0
484581.500000 4208066.400000 51777.0
484700.000000 4208091.500000 51807.0
484902.900000 4208139.000000 51837.0
485159.300000 4208198.600000 51867.0
485225.100000 4208199.800000 51897.0
485512.900000 4208165.000000 51927.0
485787.600000 4208120.100000 51957.0
485999.100000 4208095.200000 51987.0
486265.100000 4208059.200000 52017.0
486477.500000 4208022.000000 52047.0
486495.000000 4208011.800000 52077.0
486739.600000 4207807.400000 52107.0
486904.800000 4207344.500000 52137.0
487083.200000 4206850.300000 52167.0
487307.500000 4206602.300000 52197.0
487488.900000 4206450.100000 52227.0
487594.100000 4206348.000000 52257.0
487731.000000 4206314.300000 52287.0
487862.600000 4206280.700000 52317.0
487908.300000 4206269.600000 52347.0
488050.400000 4206227.100000 52377.0
488158.400000 4206224.800000 52407.0
488232.000000 4206193.800000 52437.0
488410.100000 4206154.600000 52467.0
488648.800000 4206101.000000 52497.0
488946.200000 4205987.500000 52527.0
489144.600000 4205958.500000 52557.0
489182.300000 4205962.700000 52587.0
489216.500000 4205968.100000 52617.0
489305.200000 4205962.500000 52677.0
489342.100000 4205959.100000 52707.0
489406.200000 4205957.700000 52737.0
489457.900000 4205957.700000 52767.0
489619.500000 4205927.400000 52797.0
489692.300000 4205928.600000 52827.0
489700.200000 4205932.000000 52857.0
489708.900000 4205910.000000 52947.0
489744.700000 4205730.000000 52977.0
490001.000000 4205733.100000 53007.0
490263.400000 4205539.800000 53037.0
490439.700000 4205386.400000 53067.0
490485.400000 4205336.400000 53097.0
490495.100000 4205328.700000 53127.0
490552.100000 4205257.600000 54417.0
490756.700000 4205191.700000 54447.0
490806.200000 4205472.300000 54477.0
490643.800000 4205517.800000 54507.0
490405.900000 4205569.200000 54537.0
490191.800000 4205613.900000 54567.0
490185.600000 4205616.100000 54597.0
490154.000000 4205648.300000 54627.0
489916.100000 4205699.800000 54657.0
489673.900000 4205772.000000 54687.0
489397.300000 4205818.900000 54717.0
489284.100000 4205841.100000 54747.0
489282.600000 4205927.400000 54777.0
489278.200000 4205939.700000 54807.0
489244.900000 4205952.000000 54837.0
489242.200000 4205953.300000 54867.0
489210.600000 4205956.700000 54897.0
489170.300000 4205964.400000 54927.0
489162.500000 4206045.200000 54957.0
489005.500000 4206093.300000 54987.0
488895.800000 4206102.300000 55017.0
488840.500000 4206070.200000 55047.0
488709.800000 4206098.300000 55197.0
488637.000000 4206114.900000 55227.0
488424.500000 4206166.400000 55257.0
488269.200000 4206200.100000 55287.0
488235.100000 4206214.500000 55317.0
488200.900000 4206227.700000 55347.0
487932.400000 4206276.800000 55377.0
487693.700000 4206337.200000 55407.0
487447.100000 4206379.900000 55437.0
487355.900000 4206408.000000 55467.0
487062.100000 4206524.800000 55497.0
486711.900000 4206610.900000 55527.0
486421.500000 4206675.700000 55557.0
486310.200000 4206811.300000 55587.0
486234.100000 4206934.600000 55617.0
486182.500000 4207053.200000 55647.0
486009.000000 4207225.400000 55677.0
485750.600000 4207558.500000 55707.0
485499.200000 4207896.200000 55737.0
485240.700000 4208130.800000 55767.0
485178.500000 4208202.800000 55797.0
485024.100000 4208233.200000 55827.0
484768.200000 4208453.300000 55857.0
484692.800000 4208515.700000 55887.0
484684.900000 4208524.600000 55917.0
484620.700000 4208444.700000 55947.0
484535.300000 4208356.000000 55977.0
484371.200000 4208350.800000 56007.0
484208.300000 4208488.600000 56037.0
484048.000000 4208627.800000 56067.0
483901.600000 4208730.100000 56097.0
483737.700000 4208841.300000 56127.0
483605.000000 4208768.300000 56157.0
483396.600000 4208594.300000 56187.0
483318.200000 4208512.400000 56217.0
483218.000000 4208436.000000 56247.0
483257.300000 4208339.400000 56277.0
483328.300000 4208263.900000 56307.0
483303.600000 4208200.900000 56337.0
483175.700000 4208322.200000 56367.0
483089.700000 4208338.900000 56397.0
482884.200000 4208267.400000 56427.0
482677.700000 4208170.000000 56457.0
482610.800000 4208013.600000 56487.0
482569.400000 4207931.500000 56517.0
482531.500000 4207828.400000 56547.0
482597.200000 4207790.500000 56577.0
482561.700000 4207596.300000 56607.0
482575.700000 4207580.700000 56637.0
482594.000000 4207519.700000 56667.0
482498.300000 4207462.300000 56697.0
482475.900000 4207244.800000 56727.0
482360.000000 4207243.800000 56757.0
482336.800000 4207057.600000 56787.0
482346.000000 4206786.700000 56817.0
482229.700000 4206621.500000 56847.0
482044.000000 4206730.600000 56877.0
481895.700000 4206794.000000 56907.0
481718.400000 4206798.600000 56937.0
481629.600000 4206764.600000 56967.0
481487.500000 4206772.500000 56997.0
481359.500000 4206828.200000 57027.0
481218.300000 4206879.800000 57057.0
481107.700000 4206893.100000 57087.0
480954.100000 4206933.300000 57117.0
481014.900000 4207034.300000 57147.0
481197.100000 4207269.200000 57177.0
481338.800000 4207434.400000 57207.0
481391.700000 4207508.800000 57237.0
481483.200000 4207599.500000 57267.0
481569.500000 4207744.500000 57297.0
481684.000000 4207862.800000 57327.0
481684.800000 4207866.200000 57357.0
481773.900000 4208042.500000 57387.0
481905.500000 4208015.500000 57417.0
482036.900000 4207968.700000 57447.0
482193.800000 4207901.900000 57477.0
482393.700000 4207812.600000 57507.0
482592.800000 4207752.000000 57537.0
482886.600000 4207660.400000 57567.0
482916.400000 4207684.900000 57597.0
482924.300000 4207692.500000 57627.0
482817.300000 4207769.300000 57657.0
482910.900000 4207996.400000 57687.0
483043.500000 4207996.200000 57717.0
483045.200000 4207997.400000 57747.0
483184.700000 4207934.100000 57777.0
483321.500000 4207873.700000 57807.0
483400.700000 4207976.800000 57837.0
483449.800000 4207930.200000 57867.0
483383.900000 4207868.100000 57897.0
483377.700000 4207849.000000 57927.0
483365.400000 4207818.200000 57957.0
483370.600000 4207809.300000 57987.0
483368.900000 4207793.600000 59427.0
483158.100000 4207714.000000 59457.0
482896.400000 4207645.600000 59487.0
482611.800000 4207571.700000 59517.0
482534.600000 4207552.800000 59547.0
482452.900000 4207535.200000 59577.0
482389.700000 4207519.700000 59607.0
482120.100000 4207479.200000 59637.0
482083.300000 4207484.800000 59667.0
481992.100000 4207526.000000 59697.0
481979.900000 4207528.200000 59727.0
481951.000000 4207548.100000 59757.0
481944.000000 4207552.400000 59787.0
481910.700000 4207584.600000 59817.0
481794.400000 4207779.200000 59847.0
481704.400000 4207938.900000 59877.0
481644.800000 4208002.100000 59907.0
481616.700000 4208026.700000 59937.0
481536.200000 4208089.100000 59967.0
481522.100000 4208095.900000 59997.0
481433.500000 4208168.100000 60027.0
481431.900000 4208168.100000 60057.0
481219.000000 4208341.700000 60087.0
481071.800000 4208483.000000 60117.0
481061.700000 4208668.400000 60147.0
480942.400000 4209036.000000 60177.0
480654.600000 4209087.900000 60207.0
480625.100000 4209228.900000 60237.0
480542.200000 4209404.400000 60267.0
480414.700000 4209634.500000 60297.0
480064.500000 4209649.700000 60327.0
480005.700000 4209602.000000 60357.0
480003.000000 4209602.000000 60387.0
479912.000000 4209677.600000 60417.0
479650.000000 4209856.900000 60447.0
479348.500000 4210064.200000 60477.0
479248.600000 4210126.600000 60507.0
479173.300000 4210174.700000 60537.0
479164.500000 4210173.400000 60567.0
479048.800000 4210212.600000 60597.0
478990.100000 4210221.700000 60627.0
478979.600000 4210221.700000 60657.0
478940.100000 4210237.500000 60687.0
478921.700000 4210241.800000 60717.0
478882.300000 4210277.400000 60777.0
478842.100000 4210316.400000 60807.0
478774.800000 4210436.400000 60837.0
478750.300000 4210475.400000 60867.0
478711.000000 4210550.000000 60897.0
478702.300000 4210558.900000 60927.0
478662.900000 4210622.100000 60957.0
478658.600000 4210622.100000 60987.0
478539.600000 4210761.200000 61017.0
478370.600000 4210880.200000 61047.0
478190.900000 4210984.800000 61077.0
478021.000000 4211068.600000 61107.0
477912.200000 4211074.400000 61137.0
477901.700000 4211074.400000 61167.0
477890.300000 4211085.500000 61197.0
477896.800000 4211203.100000 61227.0
477876.600000 4211224.300000 61257.0
477791.000000 4211346.500000 61287.0
477619.700000 4211639.800000 61317.0
477394.900000 4211563.800000 61347.0
477217.900000 4211313.800000 61377.0
477004.800000 4211057.900000 61407.0
476889.000000 4211045.900000 61437.0
476773.500000 4211172.800000 61467.0
476766.600000 4211202.900000 61497.0
476717.400000 4211211.900000 61527.0
476499.000000 4211220.100000 61557.0
476373.700000 4211277.200000 61587.0
476236.200000 4211344.100000 61617.0
476087.200000 4211412.200000 61647.0
475734.000000 4211526.300000 61677.0
475388.000000 4211714.800000 61707.0
475129.300000 4212033.900000 61737.0
474933.400000 4212219.800000 61767.0
474809.700000 4212216.800000 61797.0
474802.700000 4212214.700000 61827.0
474778.900000 4212213.500000 61857.0
474749.700000 4212112.500000 61887.0
474707.500000 4211778.700000 61917.0
474732.500000 4211637.600000 61947.0
474769.700000 4211503.300000 61977.0
474906.500000 4211215.500000 62007.0
474901.900000 4210851.500000 62037.0
474919.100000 4210440.900000 62067.0
474921.400000 4210330.900000 62097.0
474929.300000 4210059.100000 62127.0
474948.500000 4209719.600000 62157.0
474632.900000 4209815.000000 62187.0
474340.700000 4209819.300000 62217.0
474195.900000 4209798.500000 62247.0
474004.500000 4209771.200000 62277.0
473883.700000 4209567.600000 62307.0
473712.300000 4209484.800000 62337.0
473470.800000 4209443.200000 62367.0
473331.000000 4209386.100000 62397.0
473194.600000 4209279.000000 62427.0
473080.400000 4209265.000000 62457.0
472948.100000 4209338.700000 62487.0
472641.600000 4209528.500000 62517.0
472507.600000 4209605.500000 62547.0
472197.600000 4209806.300000 62577.0
471879.600000 4209961.500000 62607.0
471747.300000 4210022.100000 62637.0
471825.300000 4209977.300000 62667.0
472092.400000 4209836.800000 62697.0
472391.900000 4209652.500000 62727.0
472670.400000 4209505.100000 62757.0
472905.700000 4209285.900000 62787.0
473024.900000 4208980.300000 62817.0
473270.600000 4208706.500000 62847.0
473337.100000 4208667.400000 62877.0
473342.300000 4208664.000000 62907.0
473641.400000 4208609.700000 62967.0
473787.700000 4208246.500000 62997.0
474081.200000 4208079.200000 63027.0
474254.800000 4207780.300000 63057.0
474269.600000 4207729.000000 63087.0
474269.200000 4207616.000000 63117.0
474217.500000 4207346.500000 63147.0
474221.400000 4207216.600000 63177.0
474302.700000 4207091.100000 63207.0
474331.300000 4206964.400000 63237.0
474293.500000 4206913.300000 63267.0
474272.300000 4206879.900000 63297.0
474121.700000 4207012.500000 63327.0
473997.900000 4207004.000000 63357.0
473698.500000 4207010.400000 63387.0
473502.000000 4207030.100000 63417.0
473492.300000 4207030.100000 63447.0
