483401.000000 4207882.000000 18857.0
483511.600000 4207853.800000 19007.0
483578.600000 4208025.600000 19037.0
483672.900000 4208211.600000 19067.0
483790.900000 4208370.100000 19097.0
483859.500000 4208464.300000 19127.0
483911.400000 4208537.500000 19157.0
483927.200000 4208546.300000 19187.0
483958.900000 4208596.200000 19217.0
483979.200000 4208644.800000 19247.0
483874.900000 4208725.900000 19277.0
483753.200000 4208871.300000 19307.0
483703.100000 4208846.800000 19337.0
483463.200000 4208674.200000 19367.0
483350.600000 4208528.000000 19397.0
483321.700000 4208502.700000 19819.0
483154.800000 4208381.900000 19849.0
482860.500000 4208247.100000 19879.0
482507.300000 4208078.100000 19909.0
482272.900000 4208057.500000 19939.0
482119.000000 4207985.800000 19969.0
482028.400000 4207902.700000 19999.0
481947.100000 4207611.200000 20029.0
481940.000000 4207581.200000 20059.0
481940.000000 4207561.300000 20089.0
481787.800000 4207808.000000 20119.0
481735.300000 4207894.400000 20149.0
481711.600000 4207926.600000 20179.0
481448.700000 4208146.900000 20209.0
481171.800000 4208354.900000 20239.0
481053.500000 4208450.400000 20269.0
480820.400000 4208625.300000 20299.0
480563.700000 4208812.200000 20329.0
480299.200000 4208999.000000 20359.0
480256.800000 4209257.800000 20389.0
480242.300000 4209439.800000 20419.0
480055.600000 4209532.500000 20449.0
479952.100000 4209610.600000 20479.0
479945.100000 4209616.200000 20509.0
480004.100000 4209717.200000 20569.0
480166.200000 4209954.200000 20599.0
480171.400000 4209958.400000 20629.0
480193.400000 4209987.200000 20719.0
480429.100000 4209868.900000 20749.0
480751.200000 4209515.200000 20779.0
481294.900000 4209337.400000 20809.0
481481.800000 4209302.700000 20839.0
481853.500000 4209104.200000 20869.0
481653.800000 4209263.400000 20899.0
482170.600000 4209615.300000 20929.0
482193.400000 4209643.100000 20959.0
482415.900000 4209901.300000 20989.0
482649.200000 4210290.200000 21019.0
482955.500000 4210689.100000 21049.0
483043.000000 4211017.400000 21079.0
483296.700000 4211487.100000 21109.0
483237.700000 4211858.800000 21139.0
483103.400000 4212226.500000 21169.0
483140.100000 4212599.300000 21199.0
483155.400000 4212784.700000 21229.0
483285.900000 4213126.000000 21259.0
483292.400000 4213277.000000 21289.0
483288.100000 4213307.900000 21319.0
483290.200000 4213481.100000 21349.0
483285.000000 4213481.100000 21379.0
483333.400000 4213572.000000 21409.0
483366.800000 4213636.200000 21439.0
483362.000000 4213859.300000 21469.0
483446.000000 4214185.500000 21499.0
483549.000000 4214418.500000 21529.0
483654.000000 4214727.700000 21559.0
483738.800000 4215064.800000 21589.0
483782.100000 4215214.600000 21619.0
483804.900000 4215252.200000 21649.0
483897.400000 4215387.500000 21679.0
484011.700000 4215513.800000 21709.0
484079.400000 4215601.300000 21739.0
484146.100000 4215665.500000 21769.0
484338.800000 4216015.600000 21799.0
484455.300000 4216432.700000 21829.0
484665.400000 4216732.800000 21859.0
484948.200000 4216997.700000 21889.0
485260.000000 4217312.000000 21919.0
485567.200000 4217518.000000 21949.0
485857.600000 4217697.400000 21979.0
486013.700000 4217775.900000 22009.0
486014.600000 4217789.000000 22039.0
485890.100000 4217719.400000 22069.0
485589.100000 4217531.100000 22099.0
485581.200000 4217529.900000 22129.0
485582.100000 4217529.800000 22159.0
485582.100000 4217531.100000 22249.0
485588.200000 4217518.800000 22279.0
485492.700000 4217462.300000 22549.0
485134.500000 4217177.600000 22579.0
484785.900000 4216842.200000 22609.0
484600.500000 4216648.300000 22639.0
484591.800000 4216638.100000 22669.0
484491.500000 4216491.900000 22699.0
484487.200000 4216485.100000 22729.0
484442.200000 4216299.000000 22759.0
484407.000000 4216270.300000 22789.0
484378.200000 4216258.500000 23303.0
484365.100000 4216303.800000 23993.0
484264.300000 4216317.100000 24023.0
484417.600000 4216232.600000 24053.0
484395.600000 4216166.200000 24083.0
484453.200000 4216023.800000 24113.0
484494.300000 4216004.700000 24143.0
484394.000000 4215877.500000 24173.0
484398.800000 4215668.000000 24203.0
484295.100000 4215582.700000 24233.0
484134.600000 4215528.800000 24263.0
484023.000000 4215413.500000 24293.0
483937.600000 4215265.900000 24323.0
483966.100000 4215068.200000 24353.0
483966.100000 4215058.000000 24383.0
483964.400000 4215011.500000 24413.0
483993.500000 4214705.000000 24443.0
484021.400000 4214601.700000 24473.0
484113.700000 4214205.300000 24503.0
484113.700000 4214205.300000 24533.0
484164.100000 4213957.600000 24563.0
484166.400000 4213802.300000 24593.0
484148.200000 4213456.100000 24623.0
484165.000000 4213044.200000 24653.0
484264.800000 4212940.800000 24683.0
484531.500000 4212917.000000 24713.0
484611.000000 4212765.700000 24743.0
484612.600000 4212706.900000 24773.0
484777.500000 4212667.600000 24803.0
484924.800000 4212609.800000 24833.0
484937.000000 4212600.900000 24863.0
484969.400000 4212577.600000 24893.0
485064.800000 4212524.000000 24923.0
485100.700000 4212499.400000 24953.0
485175.300000 4212448.100000 24983.0
485269.900000 4212385.700000 25013.0
485322.500000 4212355.500000 25043.0
485369.800000 4212324.600000 25073.0
485458.500000 4212314.300000 25103.0
485461.900000 4212260.100000 25133.0
485459.100000 4212185.600000 25163.0
485462.600000 4212180.100000 25193.0
485441.300000 4212065.800000 25223.0
485364.500000 4211780.700000 25253.0
485314.300000 4211675.400000 25283.0
485177.700000 4211359.500000 25313.0
485156.500000 4211308.300000 25343.0
485139.700000 4211272.800000 25373.0
485137.000000 4211267.300000 25403.0
485117.700000 4211230.500000 25433.0
485173.700000 4211103.000000 25463.0
485273.600000 4210987.200000 25493.0
485139.700000 4210710.300000 25523.0
484943.600000 4210453.300000 25553.0
484857.500000 4210445.800000 25583.0
484902.800000 4210236.200000 25613.0
484930.000000 4210140.900000 25643.0
484948.200000 4210058.800000 25673.0
484889.200000 4209905.700000 25703.0
484795.900000 4209809.400000 25733.0
484773.100000 4209781.500000 25763.0
484770.500000 4209781.500000 25793.0
484743.100000 4209754.800000 25823.0
484737.900000 4209750.600000 25853.0
484728.200000 4209743.900000 25883.0
484657.900000 4209672.000000 25913.0
484648.200000 4209658.900000 25943.0
484608.600000 4209612.500000 26063.0
484598.900000 4209602.300000 26093.0
484572.600000 4209575.700000 26123.0
484541.700000 4209547.000000 26153.0
484528.500000 4209533.900000 26183.0
484524.100000 4209529.700000 26213.0
484504.800000 4209510.700000 26243.0
484497.800000 4209501.800000 26273.0
484473.100000 4209477.300000 26303.0
484415.900000 4209415.200000 26333.0
484364.900000 4209354.300000 26363.0
484242.700000 4209242.400000 26393.0
484187.400000 4209205.700000 26423.0
484107.400000 4209143.600000 26453.0
483972.100000 4209008.400000 26483.0
483890.300000 4208951.900000 26513.0
483807.700000 4208900.000000 26543.0
483737.400000 4208861.200000 26573.0
483723.400000 4208852.300000 26603.0
483655.600000 4208803.800000 26633.0
483613.400000 4208766.200000 26663.0
483561.600000 4208738.300000 26693.0
483656.100000 4208623.900000 26723.0
483490.700000 4208436.700000 26753.0
483331.400000 4208212.700000 26783.0
483222.000000 4207956.400000 26813.0
483329.100000 4207895.300000 26843.0
483378.300000 4207888.400000 26873.0
483377.400000 4207888.400000 26903.0
483397.800000 4207962.800000 26963.0
483535.600000 4207958.300000 26993.0
483511.600000 4207850.900000 27023.0
483431.000000 4207873.100000 27053.0
483398.400000 4207890.000000 37961.0
483386.100000 4207882.500000 38051.0
483393.100000 4207876.900000 38081.0
483498.400000 4207852.200000 38201.0
483504.500000 4207831.000000 38231.0
483504.500000 4207832.300000 38261.0
483513.200000 4207803.500000 38291.0
483651.000000 4207833.200000 38321.0
483997.100000 4207924.800000 38351.0
484362.400000 4208013.000000 38381.0
484727.700000 4208098.700000 38411.0
485058.800000 4208198.000000 38441.0
485278.700000 4208418.500000 38471.0
485452.000000 4208641.300000 38501.0
485619.600000 4208639.700000 38531.0
485901.900000 4208482.600000 38561.0
486039.600000 4208476.900000 38591.0
486276.500000 4208374.500000 38621.0
486566.000000 4208320.700000 38651.0
486655.700000 4208378.100000 38681.0
486840.800000 4208383.300000 38711.0
487151.400000 4208280.800000 38741.0
487503.100000 4208194.700000 38771.0
487576.200000 4207832.800000 38801.0
487581.600000 4207301.100000 38831.0
487552.800000 4206851.700000 38861.0
487365.000000 4206846.500000 38891.0
487324.200000 4206613.300000 38921.0
487403.100000 4206509.100000 38951.0
487381.100000 4206470.200000 38981.0
487380.300000 4206460.000000 39011.0
487352.100000 4206415.600000 39041.0
487346.900000 4206414.400000 39071.0
487313.400000 4206302.200000 39131.0
487153.700000 4206344.800000 39161.0
487202.700000 4206190.700000 39191.0
487245.500000 4206048.400000 39221.0
487318.100000 4205851.900000 39251.0
487624.100000 4205616.100000 39281.0
488011.800000 4205397.100000 39311.0
488354.800000 4205151.600000 39341.0
488448.700000 4205100.200000 39371.0
488449.500000 4205099.000000 39401.0
488530.300000 4205128.900000 39431.0
488885.800000 4205112.800000 39461.0
488963.200000 4205262.500000 39491.0
489024.100000 4205485.500000 39521.0
489299.200000 4205744.600000 39551.0
489359.900000 4205795.700000 39581.0
489444.200000 4205813.400000 39611.0
489693.500000 4205754.200000 39641.0
489861.000000 4205704.100000 39671.0
490117.400000 4205691.500000 39701.0
490299.900000 4205511.400000 39731.0
490405.800000 4205345.800000 39761.0
490375.000000 4205309.000000 39791.0
490399.500000 4205348.700000 40579.0
490406.500000 4205355.500000 40609.0
490349.400000 4205296.700000 40639.0
490273.700000 4205233.800000 40669.0
490262.500000 4205195.700000 43182.0
490295.000000 4205233.300000 43212.0
490400.500000 4205322.100000 43242.0
490400.800000 4205333.900000 44795.0
490417.600000 4205347.000000 44855.0
490402.700000 4205419.000000 44885.0
490229.100000 4205580.000000 44915.0
490173.900000 4205625.400000 44945.0
490106.300000 4205696.600000 44975.0
489994.000000 4205709.800000 45005.0
489808.700000 4205684.700000 45035.0
489737.700000 4205811.300000 45065.0
489642.200000 4205916.800000 45095.0
489484.200000 4205945.800000 45125.0
489456.100000 4205945.800000 45155.0
489318.300000 4205942.600000 45185.0
489113.600000 4205938.600000 45215.0
488873.100000 4205997.800000 45245.0
488639.600000 4206095.900000 45275.0
488538.700000 4206121.400000 45305.0
488177.100000 4206202.800000 45335.0
487891.900000 4206277.700000 45365.0
487787.400000 4206299.000000 45395.0
487657.500000 4206327.100000 45425.0
487642.100000 4206551.500000 45455.0
487658.300000 4206858.700000 45485.0
487597.200000 4207064.100000 45515.0
487596.200000 4207500.000000 45545.0
487597.300000 4207709.600000 45575.0
487588.800000 4207810.700000 45605.0
487547.900000 4208040.600000 45635.0
487523.500000 4208178.200000 45665.0
487436.700000 4208211.800000 45695.0
487062.000000 4208303.400000 45725.0
486719.900000 4208447.000000 45755.0
486718.200000 4208447.000000 45785.0
486609.500000 4208489.500000 45815.0
486226.400000 4208731.800000 45845.0
486107.600000 4208589.800000 45875.0
485866.400000 4208670.200000 45905.0
485591.100000 4208822.600000 45935.0
485590.300000 4208824.700000 45965.0
485515.500000 4208750.300000 45995.0
485409.000000 4208576.100000 46025.0
485250.600000 4208339.000000 46055.0
484992.300000 4208171.000000 46085.0
484555.800000 4208061.800000 46115.0
484148.400000 4207988.000000 46145.0
483727.800000 4207869.100000 46175.0
483531.100000 4207818.300000 46205.0
483497.100000 4207860.600000 46235.0
483439.200000 4207868.400000 46265.0
483422.400000 4207873.900000 46295.0
483393.500000 4207867.200000 46325.0
483397.100000 4207858.300000 47565.0
483375.100000 4207815.200000 47595.0
483383.100000 4207857.500000 47625.0
483470.800000 4207853.900000 47655.0
483494.500000 4207853.900000 47685.0
483498.100000 4207857.300000 47715.0
483527.200000 4207919.400000 47745.0
483502.000000 4208044.800000 47775.0
483362.500000 4208129.300000 47805.0
483424.200000 4208268.000000 47835.0
483601.900000 4208470.800000 47865.0
483681.200000 4208584.900000 47895.0
483769.100000 4208705.800000 47925.0
483761.500000 4208815.800000 47955.0
483732.600000 4208856.900000 47985.0
483956.700000 4209020.700000 48015.0
484106.100000 4209160.100000 48045.0
484228.300000 4209245.400000 48075.0
484362.000000 4209384.800000 48105.0
484463.100000 4209485.800000 48135.0
484537.700000 4209467.800000 48165.0
484466.400000 4209355.000000 48195.0
484372.500000 4209392.800000 48225.0
484390.200000 4209423.700000 48255.0
484479.000000 4209509.900000 48285.0
484714.700000 4209744.700000 48315.0
484831.500000 4209858.800000 48345.0
484832.400000 4209858.800000 48375.0
484886.800000 4209907.400000 48405.0
484887.700000 4209908.600000 48435.0
484951.900000 4209965.200000 48465.0
484918.800000 4210100.700000 48495.0
484889.300000 4210230.700000 48525.0
484844.900000 4210396.300000 48555.0
484871.300000 4210459.300000 48585.0
484971.400000 4210479.000000 48615.0
485143.900000 4210746.200000 48645.0
485259.400000 4211008.000000 48675.0
485088.600000 4211170.400000 48705.0
485087.000000 4211206.000000 48735.0
485122.300000 4211261.400000 48765.0
485234.200000 4211517.700000 48795.0
485353.000000 4211709.600000 48825.0
485440.200000 4211912.600000 48855.0
485456.100000 4212028.100000 48885.0
485449.100000 4212045.900000 48915.0
485502.200000 4212254.500000 48945.0
485392.700000 4212316.900000 48975.0
485122.000000 4212479.500000 49005.0
484813.600000 4212654.400000 49035.0
484628.000000 4212803.400000 49065.0
484573.000000 4212917.700000 49095.0
484279.200000 4212941.600000 49125.0
484153.000000 4212995.100000 49155.0
484142.200000 4213316.000000 49185.0
484153.500000 4213694.400000 49215.0
484166.000000 4213812.000000 49245.0
484151.600000 4214076.100000 49275.0
484120.200000 4214179.500000 49305.0
484094.100000 4214270.500000 49335.0
484023.500000 4214549.200000 49365.0
484007.900000 4214621.200000 49395.0
483954.400000 4215027.200000 49425.0
483975.600000 4215113.500000 49455.0
484026.600000 4215199.700000 49485.0
484126.900000 4215339.200000 49515.0
484038.400000 4215411.300000 49545.0
484034.900000 4215412.600000 49575.0
484039.300000 4215434.600000 49695.0
484166.700000 4215565.100000 49725.0
484386.000000 4215594.800000 49755.0
484488.900000 4215793.100000 49785.0
484529.600000 4216008.400000 49815.0
484493.900000 4216135.900000 49845.0
484524.800000 4216240.000000 49875.0
484589.200000 4216399.400000 49905.0
484721.600000 4216389.000000 49935.0
484765.200000 4216278.900000 49965.0
484784.400000 4216242.000000 49995.0
484726.800000 4216400.900000 50025.0
484518.300000 4216483.400000 50055.0
484513.900000 4216488.900000 50085.0
484499.100000 4216503.300000 50115.0
484499.900000 4216507.500000 50145.0
484485.800000 4216479.600000 50205.0
484451.500000 4216343.400000 50235.0
484374.300000 4216293.600000 50265.0
484103.700000 4216465.100000 50295.0
484063.900000 4216327.600000 50325.0
483973.700000 4216351.100000 50355.0
483944.200000 4216505.200000 50385.0
483993.800000 4216705.700000 50415.0
483993.800000 4216707.900000 50445.0
484041.300000 4216838.500000 50475.0
484185.100000 4216800.600000 50505.0
484238.500000 4216771.700000 50535.0
484257.800000 4216780.600000 50565.0
484353.300000 4216784.600000 50595.0
484446.100000 4216698.100000 50625.0
484544.100000 4216617.900000 50655.0
484785.700000 4216872.700000 50685.0
485141.400000 4217214.900000 50715.0
485423.200000 4217441.700000 50745.0
485537.800000 4217284.000000 50775.0
485632.100000 4217053.200000 50805.0
485679.300000 4216993.000000 50835.0
485857.300000 4217035.000000 50865.0
485991.500000 4217081.300000 50895.0
486081.000000 4217127.700000 50925.0
486223.300000 4217316.300000 50955.0
486197.300000 4217482.700000 50985.0
486054.700000 4217679.300000 51015.0
486076.900000 4217846.900000 51045.0
486437.700000 4218149.300000 51075.0
486887.800000 4218331.900000 51105.0
486947.500000 4218349.500000 51135.0
486953.700000 4218357.100000 51165.0
486955.300000 4218327.100000 51225.0
486973.400000 4218125.200000 51255.0
486982.000000 4218054.100000 51285.0
486990.700000 4218041.800000 51315.0
487065.100000 4217965.000000 51345.0
487065.100000 4217966.300000 51375.0
486989.100000 4218096.400000 51465.0
486962.100000 4218287.300000 51495.0
487086.800000 4218472.500000 51525.0
487383.600000 4218834.800000 51555.0
487480.000000 4218782.600000 51585.0
487604.000000 4218490.700000 51615.0
487818.300000 4218153.100000 51645.0
487890.100000 4218045.500000 51675.0
487946.100000 4217957.800000 51705.0
487990.400000 4217740.200000 51735.0
488110.400000 4217685.800000 51765.0
488151.900000 4217933.300000 51795.0
488154.600000 4217949.900000 51825.0
488180.300000 4218112.800000 51855.0
488148.200000 4218398.900000 51885.0
488079.200000 4218498.900000 51915.0
488051.100000 4218483.300000 51945.0
487943.200000 4218458.900000 51975.0
487872.400000 4218623.200000 52005.0
488128.400000 4218696.100000 52035.0
488334.500000 4218756.800000 52065.0
488559.800000 4218816.500000 52095.0
488460.200000 4219090.500000 52125.0
488403.300000 4219185.800000 52155.0
488314.700000 4219155.900000 52185.0
488239.200000 4219140.400000 52215.0
487843.700000 4219036.800000 52245.0
487753.300000 4218961.600000 52275.0
487850.300000 4218777.300000 52305.0
487879.900000 4218627.500000 52335.0
487671.300000 4218653.200000 52365.0
487514.600000 4218731.300000 52395.0
487413.900000 4218823.700000 52425.0
487172.400000 4218558.700000 52455.0
486856.500000 4218302.700000 52485.0
486449.400000 4218152.300000 52515.0
486442.400000 4218151.000000 52545.0
486382.700000 4218107.900000 52575.0
485997.200000 4217794.500000 52605.0
485575.900000 4217526.900000 52635.0
485180.900000 4217243.600000 52665.0
484870.800000 4216940.300000 52695.0
484750.500000 4216816.000000 52725.0
484545.700000 4216593.400000 52755.0
484501.000000 4216518.100000 52785.0
484436.400000 4216273.200000 52815.0
484336.900000 4215971.600000 52845.0
483114.300000 4208804.900000 54217.0
483191.300000 4208742.500000 54247.0
483282.300000 4208623.800000 54277.0
483290.900000 4208557.300000 54307.0
483312.800000 4208529.300000 54337.0
483531.000000 4208414.600000 54367.0
483660.800000 4208355.500000 54397.0
483709.800000 4208266.500000 54427.0
483573.300000 4208034.900000 54457.0
483504.500000 4207872.100000 54487.0
483416.800000 4207896.800000 54517.0
483395.700000 4207886.700000 54547.0
483372.800000 4207836.800000 54577.0
483362.500000 4207814.400000 55868.0
483367.000000 4207843.100000 55958.0
483412.700000 4207878.600000 55988.0
483490.900000 4207866.200000 56018.0
483563.200000 4208040.400000 56048.0
483690.900000 4208245.400000 56078.0
483821.900000 4208403.900000 56108.0
483978.500000 4208604.200000 56138.0
483928.700000 4208713.100000 56168.0
483788.400000 4208809.800000 56198.0
483862.300000 4208925.300000 56228.0
484096.200000 4209119.900000 56258.0
484227.100000 4209223.800000 56288.0
484291.300000 4209280.400000 56318.0
484405.700000 4209407.600000 56348.0
484513.900000 4209520.400000 56378.0
484654.600000 4209666.600000 56408.0
484852.500000 4209866.800000 56438.0
484936.800000 4209947.500000 56468.0
484936.800000 4209951.700000 56498.0
485078.300000 4210082.300000 56528.0
485239.100000 4210231.800000 56558.0
485463.200000 4210440.100000 56588.0
485508.000000 4210482.300000 56618.0
485723.400000 4210683.800000 56648.0
485934.200000 4210851.900000 56678.0
486175.900000 4211058.100000 56708.0
486449.300000 4211342.900000 56738.0
486795.000000 4211335.600000 56768.0
486892.300000 4211252.000000 56798.0
487057.200000 4211220.900000 56828.0
487078.500000 4211369.400000 56858.0
487084.800000 4211415.900000 56888.0
487209.600000 4211643.000000 56918.0
487380.200000 4211891.200000 56948.0
487380.600000 4212134.200000 56978.0
487248.400000 4212351.900000 57008.0
487370.700000 4212596.800000 57038.0
487382.100000 4212611.200000 57068.0
487399.900000 4212745.300000 57098.0
487207.700000 4212624.600000 57128.0
486953.100000 4212489.500000 57158.0
486760.300000 4212539.800000 57188.0
486690.900000 4212456.500000 57218.0
486673.200000 4212413.400000 57248.0
486575.800000 4212385.600000 57278.0
486481.100000 4212374.700000 57308.0
486365.900000 4212257.300000 57338.0
486153.700000 4212324.100000 57368.0
486037.900000 4212305.200000 57398.0
485813.500000 4212366.500000 57428.0
485590.700000 4212449.000000 57458.0
485516.900000 4212315.800000 57488.0
485315.100000 4212342.900000 57518.0
484885.800000 4212613.300000 57548.0
484648.400000 4212833.400000 57578.0
484399.500000 4212929.100000 57608.0
484163.700000 4212991.700000 57638.0
484146.000000 4213362.500000 57668.0
484160.900000 4213769.700000 57698.0
484118.900000 4213881.900000 57728.0
484083.000000 4213886.200000 57758.0
483868.100000 4213937.900000 57788.0
483547.100000 4213940.600000 57818.0
483410.300000 4213957.400000 57848.0
483408.600000 4213957.400000 57878.0
483355.100000 4213961.700000 57908.0
483095.500000 4213987.700000 57938.0
482989.400000 4213992.100000 57968.0
482974.500000 4213954.500000 58088.0
482977.900000 4213931.200000 58118.0
482909.400000 4213905.900000 58148.0
482720.100000 4213915.200000 58178.0
482363.200000 4213954.900000 58208.0
482362.800000 4214178.000000 58238.0
482360.200000 4214191.100000 58268.0
482364.200000 4214412.000000 58298.0
482345.500000 4214690.600000 58328.0
482320.100000 4215058.900000 58358.0
482322.900000 4215149.900000 58388.0
482328.100000 4215162.100000 58418.0
482412.600000 4215322.800000 58448.0
482549.000000 4215523.100000 58478.0
482667.900000 4215756.900000 58508.0
482806.000000 4215951.800000 58538.0
482999.200000 4216152.000000 58568.0
483102.000000 4216285.100000 58598.0
483133.000000 4216395.100000 58628.0
483121.700000 4216406.100000 58658.0
483114.500000 4216309.600000 58688.0
483149.300000 4216193.200000 58718.0
483158.000000 4216191.900000 58748.0
483121.600000 4215938.800000 58808.0
483083.400000 4215678.200000 58838.0
483113.600000 4215394.100000 58868.0
483132.700000 4215317.500000 58898.0
483297.600000 4215307.000000 58928.0
483603.000000 4215409.600000 58958.0
483585.200000 4215302.200000 58988.0
483721.100000 4215252.000000 59018.0
483778.900000 4215223.100000 59048.0
483918.300000 4215156.300000 59078.0
483940.900000 4215084.300000 59108.0
483992.700000 4214620.300000 59138.0
484071.000000 4214296.400000 59168.0
484083.200000 4214262.100000 59198.0
484140.600000 4214025.800000 59228.0
484150.200000 4213953.800000 59258.0
484155.100000 4213842.900000 59288.0
484157.700000 4213789.600000 59318.0
484140.200000 4213374.800000 59348.0
484159.900000 4213098.400000 59378.0
484145.600000 4212957.500000 59408.0
484255.100000 4212936.100000 59438.0
484488.500000 4212912.400000 59468.0
484645.300000 4212868.900000 59498.0
484573.600000 4212551.600000 59528.0
484490.700000 4212302.100000 59558.0
484138.300000 4211987.800000 59588.0
483983.600000 4211809.500000 59618.0
484022.700000 4211623.200000 59648.0
483998.000000 4211578.800000 59678.0
483789.600000 4211369.700000 59708.0
483953.500000 4211351.600000 59738.0
484155.300000 4211344.400000 59768.0
484315.900000 4211358.500000 59798.0
484464.300000 4211438.200000 59828.0
484734.400000 4211372.100000 59858.0
485053.400000 4211237.400000 59888.0
485190.000000 4211076.300000 59918.0
485253.900000 4210935.200000 59948.0
485102.400000 4210626.900000 59978.0
484947.600000 4210447.300000 60008.0
484854.600000 4210477.600000 60038.0
484872.000000 4210391.200000 60068.0
484891.100000 4210295.900000 60098.0
484903.100000 4210194.700000 60128.0
484931.000000 4210092.700000 60158.0
484950.100000 4210020.700000 60188.0
484955.300000 4210015.200000 60218.0
484957.900000 4209974.100000 60248.0
484796.100000 4209820.400000 60278.0
484726.700000 4209731.600000 60308.0
484666.000000 4209670.800000 60338.0
484519.000000 4209473.400000 60368.0
484365.200000 4209391.600000 60398.0
484331.800000 4209340.400000 60428.0
484170.000000 4209206.500000 60458.0
484031.100000 4209083.600000 60488.0
484094.100000 4209017.900000 60518.0
484169.300000 4208854.800000 60548.0
484095.400000 4208733.900000 60578.0
483931.800000 4208522.200000 60608.0
