486901.700000 4201042.700000 31301.0
486914.400000 4201333.500000 31331.0
486957.300000 4201771.500000 31361.0
486964.400000 4201799.400000 31391.0
486964.400000 4201799.400000 31421.0
486968.200000 4201975.900000 31451.0
487201.200000 4202170.600000 31481.0
487504.800000 4202516.400000 31511.0
487818.700000 4202762.300000 31541.0
487978.900000 4203042.600000 31571.0
488221.600000 4203236.600000 31601.0
488219.500000 4203636.100000 31631.0
488134.600000 4203889.300000 31661.0
488069.900000 4204054.900000 31691.0
488225.700000 4204366.600000 31721.0
488552.800000 4204675.600000 31751.0
488602.900000 4204747.500000 31781.0
488617.000000 4204768.600000 31811.0
488627.600000 4204786.400000 31871.0
488633.800000 4204795.200000 31901.0
488684.700000 4204800.700000 31961.0
488704.000000 4204786.300000 31991.0
488730.200000 4204766.300000 32021.0
488834.600000 4204695.100000 32051.0
488825.100000 4204839.400000 32081.0
488797.100000 4204949.500000 32111.0
488885.100000 4205113.600000 32141.0
488880.100000 4205208.000000 32171.0
488980.400000 4205377.600000 32201.0
489080.800000 4205556.100000 32231.0
489253.100000 4205709.100000 32261.0
489376.200000 4205792.300000 32291.0
489535.900000 4205801.000000 32321.0
489744.000000 4205716.500000 32351.0
489990.600000 4205712.000000 32381.0
490224.900000 4205574.100000 32411.0
490455.600000 4205364.300000 32441.0
490481.000000 4205345.300000 32471.0
490459.300000 4205365.600000 40954.0
490394.400000 4205421.100000 40984.0
490279.400000 4205524.500000 41014.0
490160.200000 4205623.300000 41044.0
489990.000000 4205704.300000 41074.0
489773.100000 4205681.300000 41104.0
489692.600000 4205876.500000 41134.0
489657.500000 4205915.500000 41164.0
489639.100000 4205925.700000 41194.0
489569.800000 4205943.600000 41224.0
489546.000000 4205947.000000 41254.0
489507.300000 4205950.400000 41284.0
489444.200000 4205950.500000 41314.0
489423.100000 4205951.800000 41344.0
489333.500000 4205954.000000 41374.0
489169.400000 4205958.500000 41404.0
489104.400000 4205957.300000 41434.0
488902.600000 4206004.100000 41464.0
488711.300000 4206075.500000 41494.0
488613.000000 4206102.300000 41524.0
488344.500000 4206169.100000 41554.0
488125.000000 4206212.600000 41584.0
487791.600000 4206300.700000 41614.0
487514.200000 4206356.500000 41644.0
487250.100000 4206440.300000 41674.0
487271.400000 4206538.100000 41704.0
487181.300000 4206718.100000 41734.0
487093.700000 4206839.300000 41764.0
486826.800000 4206855.400000 41794.0
486374.800000 4206897.100000 41824.0
486115.900000 4206958.500000 41854.0
486070.500000 4207142.700000 41884.0
485897.900000 4207333.900000 41914.0
485753.400000 4207542.800000 41944.0
485581.700000 4207783.900000 41974.0
485546.800000 4207836.100000 42365.0
485314.700000 4208082.800000 42395.0
485206.100000 4208196.000000 42425.0
484992.800000 4208160.800000 42455.0
484811.900000 4208118.000000 42485.0
484595.900000 4208067.200000 42515.0
484364.900000 4208013.400000 42545.0
483973.300000 4207919.800000 42575.0
483634.300000 4207838.400000 42605.0
483471.100000 4207863.200000 42635.0
483406.000000 4207877.300000 44607.0
483430.600000 4207881.100000 45087.0
483508.700000 4207825.500000 45117.0
483755.400000 4207872.800000 45147.0
484176.000000 4207973.200000 45177.0
484571.100000 4208065.500000 45207.0
484962.700000 4208157.900000 45237.0
485195.300000 4208207.500000 45267.0
485548.100000 4208167.000000 45297.0
485957.800000 4208105.400000 45327.0
486388.600000 4208047.100000 45357.0
486493.000000 4208025.800000 45387.0
486494.700000 4208024.500000 45417.0
486581.100000 4208214.000000 45447.0
486784.100000 4208423.200000 45477.0
487130.600000 4208289.300000 45507.0
487162.400000 4208396.700000 45537.0
487152.600000 4208346.800000 45567.0
486925.300000 4208369.200000 45597.0
486706.800000 4208323.000000 45627.0
486593.500000 4208244.400000 45657.0
486498.400000 4208008.400000 45687.0
486342.600000 4207735.700000 45717.0
486197.100000 4207366.400000 45747.0
486123.800000 4207093.500000 45777.0
486111.400000 4206986.000000 45807.0
486123.400000 4206798.500000 45837.0
486123.300000 4206796.400000 45867.0
486147.700000 4206655.400000 45897.0
486340.100000 4206245.800000 45927.0
486478.000000 4205783.000000 45957.0
486433.200000 4205242.600000 45987.0
486513.400000 4204880.500000 46017.0
486529.000000 4204820.400000 46047.0
486548.200000 4204757.300000 46077.0
486645.300000 4204545.100000 46107.0
486729.800000 4204115.800000 46137.0
486766.300000 4203837.200000 46167.0
486785.400000 4203742.800000 46197.0
486879.500000 4203327.900000 46227.0
486970.100000 4202904.900000 46257.0
486964.100000 4202341.200000 46287.0
486958.100000 4201850.600000 46317.0
486920.600000 4201427.000000 46347.0
486992.900000 4201115.000000 46377.0
487046.400000 4201034.900000 46407.0
487047.300000 4201036.200000 46437.0
487112.200000 4200992.900000 46767.0
487222.100000 4201071.400000 46797.0
487346.600000 4200941.300000 46827.0
487513.900000 4200703.600000 46857.0
487417.200000 4200680.500000 46887.0
487405.000000 4200699.500000 46917.0
487372.500000 4200710.600000 46947.0
487240.600000 4200554.200000 46977.0
487378.300000 4200416.400000 47007.0
487277.000000 4200260.000000 47037.0
487212.600000 4200123.800000 47067.0
487137.500000 4199926.300000 47097.0
487284.900000 4199748.700000 47127.0
487377.900000 4199628.800000 47157.0
487494.300000 4199370.000000 47187.0
487614.400000 4199226.700000 47217.0
487554.700000 4199295.800000 47247.0
487471.400000 4199410.200000 47277.0
487372.600000 4199638.900000 47307.0
487379.900000 4199874.200000 47337.0
487447.900000 4200016.400000 47367.0
487784.300000 4199978.200000 47397.0
487789.500000 4199978.200000 47427.0
487859.000000 4200034.800000 47457.0
488020.900000 4200174.200000 47487.0
488503.200000 4200202.300000 47517.0
488985.600000 4200314.700000 47547.0
489269.400000 4200371.000000 47577.0
489707.900000 4200489.000000 47607.0
490201.800000 4200738.900000 47637.0
490591.300000 4200992.400000 47667.0
490660.800000 4201085.500000 47697.0
490661.600000 4201085.500000 47727.0
490716.200000 4201160.700000 47787.0
491056.400000 4201425.800000 47817.0
491339.300000 4201455.500000 47847.0
491657.400000 4201549.600000 47877.0
491705.600000 4201579.600000 47907.0
491625.900000 4201745.100000 47937.0
491607.600000 4201893.700000 47967.0
491561.400000 4202279.800000 47997.0
491392.300000 4202703.600000 48027.0
491073.900000 4203005.700000 48057.0
490736.000000 4203281.200000 48087.0
490385.000000 4203573.200000 48117.0
490024.400000 4203869.900000 48147.0
489644.500000 4204137.900000 48177.0
489515.800000 4204461.000000 48207.0
489405.800000 4204979.200000 48237.0
489330.000000 4205441.900000 48267.0
489376.200000 4205777.900000 48297.0
489419.200000 4205807.900000 48327.0
489467.500000 4205809.100000 48357.0
489650.100000 4205787.700000 48387.0
489758.900000 4205704.200000 48417.0
489902.900000 4205704.000000 48447.0
490115.400000 4205693.600000 48477.0
490231.100000 4205575.000000 48507.0
490467.000000 4205362.600000 48537.0
490490.700000 4205332.600000 48567.0
490489.100000 4205333.800000 48597.0
490386.500000 4205429.200000 48687.0
490159.300000 4205630.100000 48717.0
490031.300000 4205715.700000 48747.0
489870.700000 4205693.900000 48777.0
489779.400000 4205685.100000 48807.0
489576.000000 4205797.500000 48837.0
489409.200000 4205807.900000 48867.0
489279.300000 4205822.500000 48897.0
489281.000000 4205873.700000 48927.0
489252.100000 4205946.900000 48957.0
488966.000000 4205978.200000 48987.0
488715.100000 4206070.800000 49017.0
488603.600000 4206101.900000 49047.0
488531.600000 4206121.900000 49077.0
488401.800000 4206158.900000 49107.0
488233.200000 4206203.500000 49137.0
488045.400000 4206232.600000 49167.0
487789.900000 4206302.000000 49197.0
487641.600000 4206335.600000 49227.0
487546.900000 4206375.500000 49257.0
487430.500000 4206544.200000 49287.0
487314.700000 4206616.300000 49317.0
487092.100000 4206856.200000 49347.0
486966.200000 4207213.600000 49377.0
486835.200000 4207574.400000 49407.0
486626.900000 4207958.700000 49437.0
486472.400000 4208019.000000 49467.0
486068.800000 4208090.800000 49497.0
485652.000000 4208144.800000 49527.0
485259.700000 4208204.400000 49557.0
485207.000000 4208204.500000 49587.0
485037.500000 4208174.700000 49617.0
484761.800000 4208110.900000 49647.0
484735.500000 4208105.400000 49677.0
484400.100000 4208025.200000 49707.0
483988.200000 4207927.400000 49737.0
483593.900000 4207832.900000 49767.0
483486.000000 4207863.200000 49797.0
483393.800000 4207884.600000 49827.0
483403.200000 4207894.700000 51155.0
483494.400000 4207867.800000 51215.0
483506.500000 4207816.600000 51245.0
483661.100000 4207850.600000 51275.0
484047.500000 4207940.800000 51305.0
484370.600000 4208016.800000 51335.0
484676.300000 4208087.300000 51365.0
484816.800000 4208120.500000 51395.0
485049.400000 4208176.800000 51425.0
485196.100000 4208204.500000 51455.0
485546.200000 4208161.500000 51485.0
485972.700000 4208095.200000 51515.0
486416.700000 4208035.600000 51545.0
486464.100000 4208027.900000 51575.0
486493.900000 4208020.300000 51605.0
486552.600000 4207999.000000 51635.0
486797.000000 4207662.500000 51665.0
486985.700000 4207133.200000 51695.0
487165.900000 4206736.700000 51725.0
487333.200000 4206575.600000 51755.0
487494.600000 4206453.500000 51785.0
487531.300000 4206373.400000 51815.0
487537.500000 4206364.500000 51845.0
487878.000000 4206287.400000 51875.0
488107.000000 4206227.000000 51905.0
488302.700000 4206184.400000 51935.0
488634.400000 4206103.900000 51965.0
488875.800000 4206012.600000 51995.0
489113.600000 4205958.100000 52025.0
489144.500000 4205958.100000 52055.0
489197.200000 4205956.700000 52085.0
489255.100000 4205955.400000 52115.0
489324.500000 4205954.000000 52145.0
489494.800000 4205950.400000 52175.0
489818.800000 4205947.900000 52205.0
490227.100000 4206028.300000 52235.0
490787.100000 4205936.600000 52265.0
491011.000000 4205887.700000 52295.0
491310.300000 4205845.100000 52325.0
491851.200000 4205821.200000 52355.0
492218.800000 4205551.300000 52385.0
492311.100000 4205502.500000 52415.0
492755.200000 4205359.100000 52445.0
493383.000000 4205287.400000 52475.0
494019.600000 4205443.500000 52505.0
494559.700000 4205723.800000 52535.0
494764.300000 4205643.700000 52565.0
494651.600000 4205140.900000 52595.0
494655.800000 4204906.900000 52625.0
494841.000000 4204904.600000 52655.0
495093.100000 4204905.700000 52685.0
495223.900000 4204906.900000 52715.0
495229.200000 4205157.500000 52745.0
495340.000000 4205295.000000 52775.0
495386.600000 4205421.500000 52805.0
495417.600000 4205687.700000 52835.0
495698.800000 4206031.700000 52865.0
495861.300000 4206195.800000 52895.0
496286.300000 4206372.100000 52925.0
496129.300000 4206567.300000 52955.0
495752.100000 4206883.700000 52985.0
495524.100000 4207324.400000 53015.0
495496.300000 4207818.300000 53045.0
495567.700000 4208309.700000 53075.0
495712.600000 4208569.100000 53105.0
496010.200000 4208761.100000 53135.0
496259.300000 4208455.800000 53165.0
496454.100000 4208363.500000 53195.0
496578.600000 4208281.300000 53225.0
496531.300000 4208370.200000 53255.0
496549.700000 4208325.700000 53285.0
496539.100000 4208223.700000 53315.0
496575.800000 4208052.700000 53345.0
496850.500000 4207856.200000 53375.0
497244.500000 4207722.800000 53405.0
497604.500000 4207685.000000 53435.0
497847.500000 4207533.000000 53465.0
497981.800000 4207470.700000 53495.0
498391.600000 4207547.300000 53525.0
498955.200000 4207702.500000 53555.0
499427.500000 4207618.300000 53585.0
499955.800000 4207617.000000 53615.0
500443.000000 4207768.900000 53645.0
500641.400000 4207530.300000 53675.0
500903.000000 4207325.000000 53705.0
501195.300000 4207216.300000 53735.0
501241.100000 4206872.200000 53765.0
501237.600000 4206742.200000 53795.0
501039.200000 4206723.200000 53825.0
500957.400000 4206979.600000 53855.0
501060.000000 4207302.600000 53885.0
500729.000000 4207405.800000 53915.0
500538.400000 4207691.100000 53945.0
500521.700000 4207862.900000 53975.0
500401.500000 4208071.600000 54005.0
500254.000000 4208169.300000 54035.0
500117.900000 4208245.900000 54065.0
500062.600000 4208267.100000 54095.0
499765.200000 4208547.700000 54125.0
499566.800000 4208750.900000 54155.0
499202.500000 4208871.900000 54185.0
498932.200000 4209162.700000 54215.0
498515.400000 4209068.400000 54245.0
498475.900000 4209073.900000 54275.0
498492.700000 4209162.800000 54305.0
498276.000000 4209379.100000 54335.0
498135.600000 4209578.900000 54365.0
498163.700000 4209523.500000 54395.0
498476.000000 4209209.400000 54425.0
498482.100000 4209201.800000 54455.0
498599.800000 4209357.100000 54485.0
498962.300000 4209794.200000 54515.0
498910.600000 4210338.100000 54545.0
499016.700000 4210568.800000 54575.0
499063.300000 4210577.700000 54605.0
498972.900000 4210557.800000 54635.0
498824.600000 4210665.300000 54665.0
498799.300000 4211127.900000 54695.0
499073.900000 4211557.100000 54725.0
499398.600000 4211956.600000 54755.0
499378.300000 4212163.200000 54785.0
499320.400000 4212189.800000 54815.0
499320.500000 4212427.300000 54845.0
499229.300000 4212762.500000 54875.0
499324.900000 4213140.900000 54905.0
499341.600000 4213372.800000 54935.0
499144.200000 4213518.000000 54965.0
498825.000000 4213279.300000 54995.0
498750.300000 4213241.700000 55025.0
498734.700000 4213539.200000 55055.0
498548.800000 4213613.700000 55085.0
498333.800000 4213654.800000 55115.0
498251.400000 4214113.200000 55145.0
498190.100000 4214264.400000 55175.0
498031.400000 4214625.000000 55205.0
497958.700000 4214796.000000 55235.0
497779.800000 4215218.900000 55265.0
497673.800000 4215495.300000 55295.0
497472.300000 4216090.000000 55325.0
497284.000000 4216715.700000 55355.0
497201.700000 4217139.400000 55385.0
497197.500000 4217680.700000 55415.0
497194.300000 4218343.100000 55445.0
497192.800000 4219001.300000 55475.0
497122.000000 4219651.400000 55505.0
497026.700000 4220357.100000 55535.0
496893.800000 4221049.600000 55565.0
496841.300000 4221542.300000 55595.0
496988.600000 4221561.200000 55625.0
496974.500000 4221563.400000 55655.0
496813.200000 4221549.000000 55835.0
496870.900000 4221197.300000 55865.0
496985.500000 4220539.100000 55895.0
497091.300000 4219858.900000 55925.0
497183.200000 4219187.500000 55955.0
497193.500000 4218527.200000 55985.0
497196.800000 4217875.000000 56015.0
497199.200000 4217214.700000 56045.0
497324.500000 4216575.600000 56075.0
497523.300000 4215920.700000 56105.0
497717.800000 4215375.900000 56135.0
497745.100000 4215300.600000 56165.0
497831.800000 4215095.300000 56195.0
498007.200000 4214689.300000 56225.0
498220.200000 4214189.900000 56255.0
498332.300000 4213645.900000 56285.0
498285.700000 4213014.500000 56315.0
498276.000000 4212892.600000 56345.0
498252.100000 4212497.700000 56375.0
498332.700000 4212103.600000 56405.0
498518.500000 4211497.900000 56435.0
498771.900000 4210905.300000 56465.0
498920.200000 4210317.400000 56495.0
498969.300000 4209788.300000 56525.0
498637.500000 4209373.600000 56555.0
498383.000000 4208842.000000 56585.0
498382.900000 4208274.800000 56615.0
498232.600000 4207763.600000 56645.0
498125.400000 4207576.100000 56675.0
498124.600000 4207576.100000 56705.0
497911.200000 4207318.800000 56735.0
497574.100000 4206889.700000 56765.0
497075.400000 4206652.400000 56795.0
496569.600000 4206405.000000 56825.0
496042.000000 4206280.000000 56855.0
495625.000000 4206126.100000 56885.0
495232.400000 4205973.100000 56915.0
494824.900000 4205816.700000 56945.0
494405.100000 4205652.800000 56975.0
494017.000000 4205435.500000 57005.0
493563.900000 4205298.300000 57035.0
493034.500000 4205284.300000 57065.0
492501.800000 4205438.000000 57095.0
492070.200000 4205791.400000 57125.0
491515.300000 4205822.000000 57155.0
491017.500000 4205888.100000 57185.0
490729.600000 4205951.500000 57215.0
490270.500000 4206037.500000 57245.0
489854.300000 4205958.000000 57275.0
489768.300000 4206056.700000 57305.0
489677.100000 4206090.300000 57335.0
489543.700000 4206121.400000 57365.0
489410.200000 4206108.400000 57395.0
489237.300000 4206112.000000 57425.0
489079.200000 4206143.100000 57455.0
488897.500000 4206089.200000 57485.0
488880.700000 4206076.900000 57515.0
488838.500000 4206042.700000 57545.0
488819.200000 4206036.000000 57575.0
488765.600000 4206055.100000 57605.0
488734.900000 4206065.300000 57635.0
488591.700000 4206105.300000 57665.0
488399.600000 4206157.600000 57695.0
488124.000000 4206211.300000 57725.0
487851.000000 4206283.700000 57755.0
487694.900000 4206322.800000 57785.0
487509.900000 4206453.000000 57815.0
487374.900000 4206583.200000 57845.0
487150.500000 4206752.000000 57875.0
486965.200000 4207210.700000 57905.0
486821.800000 4207610.400000 57935.0
486741.500000 4207833.600000 57965.0
486568.800000 4207988.000000 57995.0
486523.100000 4208002.400000 58025.0
486476.600000 4208018.200000 58055.0
486094.900000 4208083.100000 58085.0
485683.300000 4208137.200000 58115.0
485294.500000 4208196.700000 58145.0
485236.600000 4208200.200000 58175.0
485208.500000 4208202.300000 58205.0
485190.100000 4208201.100000 58235.0
485153.200000 4208194.400000 58265.0
485054.900000 4208171.300000 58295.0
485028.600000 4208164.600000 58325.0
484863.500000 4208125.900000 58355.0
484733.500000 4208094.000000 58385.0
484499.000000 4208037.700000 58415.0
484286.500000 4207988.200000 58445.0
484041.500000 4207933.200000 58475.0
483799.100000 4207877.000000 58505.0
483591.900000 4207825.300000 58535.0
483435.000000 4207868.800000 58565.0
483398.200000 4207873.100000 58595.0
483377.800000 4207819.800000 58625.0
483385.600000 4207869.800000 59211.0
483421.600000 4207873.900000 59241.0
483502.200000 4207818.300000 59271.0
483270.300000 4207744.300000 59301.0
483004.100000 4207667.000000 59331.0
482992.700000 4207663.600000 59361.0
482991.900000 4207661.500000 59391.0
482962.900000 4207652.600000 59421.0
482962.100000 4207651.400000 59451.0
483018.200000 4207597.100000 59511.0
483403.200000 4207404.100000 59541.0
483696.000000 4207207.200000 59571.0
483465.500000 4206957.100000 59601.0
483467.000000 4206912.600000 59631.0
483480.200000 4206863.900000 59661.0
483362.400000 4206829.900000 59691.0
483335.100000 4206823.200000 59721.0
483451.400000 4207020.600000 59751.0
483630.000000 4207261.100000 59781.0
483630.000000 4207259.800000 59811.0
483789.300000 4207473.600000 59871.0
483909.800000 4207656.700000 59901.0
484131.100000 4207707.500000 59931.0
484299.300000 4207516.200000 59961.0
484454.800000 4207583.700000 59991.0
484537.500000 4207636.800000 60021.0
484655.900000 4207567.600000 60051.0
484784.600000 4207376.500000 60081.0
484944.800000 4207195.500000 60111.0
485196.900000 4207232.700000 60141.0
485455.000000 4207311.000000 60171.0
485559.500000 4207300.600000 60201.0
485613.300000 4207454.600000 60231.0
485509.800000 4207499.200000 60261.0
485593.300000 4207576.900000 60291.0
485646.900000 4207623.400000 60321.0
485699.600000 4207612.300000 60351.0
485872.400000 4207506.600000 60381.0
486135.600000 4207438.500000 60411.0
486228.700000 4207442.500000 60441.0
486383.100000 4207830.800000 60471.0
486545.900000 4208119.200000 60501.0
486697.500000 4208440.600000 60531.0
486888.400000 4208722.200000 60561.0
487133.600000 4208916.100000 60591.0
487250.500000 4209072.500000 60621.0
487538.300000 4208953.600000 60651.0
487651.300000 4208853.500000 60681.0
487648.600000 4208851.400000 60711.0
487696.100000 4208954.600000 60741.0
487494.200000 4208961.700000 60771.0
487493.800000 4208698.900000 60801.0
487529.200000 4208269.600000 60831.0
487558.600000 4208012.200000 60861.0
487598.400000 4207656.200000 60891.0
487593.200000 4207090.300000 60921.0
487602.500000 4206816.500000 60951.0
487803.600000 4206819.600000 60981.0
487874.500000 4206668.400000 61011.0
487821.300000 4206365.400000 61041.0
487954.600000 4206259.800000 61071.0
488289.100000 4206180.600000 61101.0
488613.800000 4206101.400000 61131.0
488940.200000 4205990.900000 61161.0
488980.500000 4205976.500000 61191.0
488985.700000 4205974.400000 61221.0
489064.700000 4205954.400000 61251.0
489048.900000 4205856.600000 61281.0
488975.100000 4205778.800000 61311.0
488874.800000 4205629.100000 61341.0
488828.800000 4205456.100000 61371.0
488942.900000 4205384.000000 61401.0
489083.700000 4205558.200000 61431.0
489368.500000 4205794.000000 61461.0
489541.500000 4205798.000000 61491.0
489760.900000 4205687.700000 61521.0
489766.000000 4205685.600000 61551.0
490033.800000 4205717.400000 61611.0
490241.800000 4205558.400000 61641.0
490469.000000 4205354.200000 61671.0
490473.400000 4205368.500000 61701.0
490351.400000 4205457.600000 61761.0
490160.200000 4205628.800000 61791.0
489940.700000 4205700.200000 61821.0
489779.100000 4205679.200000 61851.0
489558.000000 4205788.200000 61881.0
489385.100000 4205800.700000 61911.0
489338.900000 4205463.500000 61941.0
489426.000000 4204917.400000 61971.0
489525.500000 4204451.200000 62001.0
489576.100000 4204212.500000 62031.0
489576.100000 4204212.500000 62061.0
489446.200000 4204238.000000 62091.0
489401.500000 4204264.700000 62121.0
489287.400000 4204336.800000 62151.0
489196.200000 4204405.900000 62181.0
489113.700000 4204472.500000 62211.0
489028.600000 4204543.700000 62241.0
488926.800000 4204632.700000 62271.0
488882.200000 4204668.400000 62301.0
488802.400000 4204729.400000 62331.0
488638.300000 4204794.000000 62361.0
488355.200000 4204465.900000 62391.0
488071.200000 4204157.800000 62421.0
488127.100000 4203902.500000 62451.0
488267.000000 4203446.400000 62481.0
487953.700000 4202994.000000 62511.0
487712.400000 4202597.400000 62541.0
487780.500000 4202305.600000 62571.0
487840.600000 4201891.600000 62601.0
487875.200000 4201526.700000 62631.0
487919.700000 4201331.500000 62661.0
487781.200000 4200923.300000 62691.0
487497.100000 4200663.000000 62721.0
487460.200000 4200624.100000 62751.0
487474.900000 4200529.700000 62781.0
487351.700000 4200358.900000 62811.0
487258.300000 4200205.800000 62841.0
487302.800000 4200057.200000 62871.0
487286.000000 4200030.600000 62901.0
487211.200000 4199974.000000 62931.0
487214.100000 4200117.000000 62961.0
487298.600000 4200294.200000 62991.0
487372.500000 4200401.600000 63021.0
487196.900000 4200512.800000 63051.0
487218.300000 4200657.100000 63081.0
487173.700000 4200762.500000 63111.0
487131.500000 4200780.400000 63141.0
486978.700000 4200802.600000 63171.0
486934.800000 4200800.600000 63201.0
486877.700000 4200846.000000 63231.0
486653.900000 4200975.000000 63261.0
486691.800000 4201079.000000 63291.0
486808.500000 4201055.600000 63321.0
487029.800000 4201016.300000 63351.0
487058.000000 4201012.000000 63381.0
