478256.500000 4209004.600000 21767.0
478255.700000 4209022.400000 21827.0
478293.500000 4209061.200000 21857.0
478239.300000 4209134.600000 21887.0
478262.200000 4209197.600000 21917.0
478340.500000 4209254.100000 21947.0
478639.800000 4209267.700000 21977.0
478790.200000 4209346.100000 22007.0
478902.000000 4209484.600000 22037.0
479053.300000 4209610.800000 22067.0
479057.700000 4209614.100000 22097.0
479171.600000 4209511.800000 22127.0
479482.000000 4209417.900000 22157.0
479734.700000 4209404.200000 22187.0
479743.400000 4209406.300000 22217.0
479841.500000 4209330.700000 22247.0
479809.200000 4209409.500000 22277.0
479943.100000 4209606.800000 22307.0
480077.000000 4209800.800000 22337.0
480219.600000 4210002.300000 22367.0
480339.600000 4209931.000000 22397.0
480611.700000 4209585.400000 22427.0
481048.300000 4209386.700000 22457.0
481478.900000 4209301.500000 22487.0
481812.900000 4209088.700000 22517.0
482088.000000 4208899.300000 22547.0
481994.500000 4208687.400000 22577.0
482082.000000 4208606.400000 22607.0
482163.600000 4208540.600000 22637.0
482284.600000 4208449.400000 22667.0
482455.500000 4208386.800000 22697.0
482693.500000 4208440.500000 22727.0
482841.800000 4208401.200000 22757.0
482849.400000 4208276.800000 22787.0
483130.500000 4208399.300000 22817.0
483270.300000 4208494.300000 22847.0
483470.800000 4208699.200000 22877.0
483713.300000 4208854.000000 22907.0
483907.900000 4208719.500000 22937.0
484028.900000 4208628.200000 22967.0
484162.900000 4208508.200000 22997.0
484301.300000 4208386.900000 23027.0
484470.500000 4208247.700000 23057.0
484674.800000 4208106.400000 23087.0
484864.300000 4208118.300000 23117.0
485021.400000 4208157.800000 23147.0
485190.000000 4208182.100000 23177.0
485419.700000 4207990.800000 23207.0
485636.000000 4207692.000000 23237.0
485806.600000 4207423.400000 23267.0
485988.000000 4207237.700000 23297.0
486113.300000 4207076.600000 23327.0
486113.100000 4206993.200000 23357.0
486381.600000 4206908.600000 23387.0
486800.200000 4206868.900000 23417.0
487082.800000 4206846.500000 23447.0
487303.700000 4206621.000000 23477.0
487353.500000 4206456.700000 23507.0
487341.200000 4206434.700000 23537.0
487332.500000 4206419.000000 23567.0
487517.600000 4206358.700000 23597.0
487714.100000 4206315.200000 23627.0
488022.900000 4206232.600000 23657.0
488440.700000 4206135.500000 23687.0
488835.600000 4206016.500000 23717.0
489126.000000 4205944.100000 23747.0
489358.600000 4205942.600000 23777.0
489413.900000 4205932.300000 23807.0
489426.100000 4205934.400000 23837.0
489430.400000 4205937.800000 23867.0
489754.500000 4205925.100000 24347.0
490133.000000 4206001.300000 24377.0
490577.200000 4205972.000000 24407.0
490961.600000 4205882.700000 24437.0
491266.100000 4205840.000000 24467.0
491722.600000 4205808.700000 24497.0
492146.400000 4205658.400000 24527.0
492579.900000 4205404.100000 24557.0
493149.700000 4205259.300000 24587.0
493738.900000 4205312.100000 24617.0
494240.400000 4205541.600000 24647.0
494669.900000 4205745.300000 24677.0
495169.600000 4205941.400000 24707.0
495664.000000 4206123.100000 24737.0
496125.900000 4206276.100000 24767.0
496556.100000 4206392.300000 24797.0
497007.400000 4206600.800000 24827.0
497243.500000 4206637.600000 24857.0
497425.200000 4206556.700000 24887.0
497485.700000 4206422.500000 24917.0
497687.600000 4206341.600000 24947.0
497906.100000 4206168.400000 24977.0
498039.500000 4206046.500000 25007.0
497915.800000 4205856.900000 25037.0
498043.000000 4205662.600000 25067.0
498289.600000 4205544.900000 25097.0
498295.800000 4205539.400000 25127.0
498364.300000 4205635.900000 25457.0
498374.000000 4205655.800000 25487.0
498455.800000 4205798.000000 25517.0
498308.300000 4205933.400000 25547.0
498020.300000 4206079.900000 25577.0
497825.400000 4206263.200000 25607.0
497614.800000 4206381.000000 25637.0
497464.700000 4206494.000000 25667.0
497316.300000 4206615.100000 25697.0
497201.300000 4206675.300000 25727.0
497446.300000 4206773.800000 25757.0
497673.800000 4206983.200000 25787.0
497887.100000 4207254.100000 25817.0
497897.700000 4207461.500000 25847.0
497672.300000 4207647.700000 25877.0
497296.600000 4207696.500000 25907.0
496928.800000 4207800.800000 25937.0
496647.100000 4207958.300000 25967.0
496519.900000 4208117.900000 25997.0
496556.000000 4208247.900000 26027.0
496446.400000 4208479.900000 26057.0
496528.900000 4208365.500000 26087.0
496575.400000 4208258.000000 26117.0
496456.100000 4208344.400000 26147.0
496267.500000 4208428.700000 26177.0
496029.700000 4208726.400000 26207.0
495730.300000 4208546.600000 26237.0
495574.000000 4208316.900000 26267.0
495500.100000 4207735.400000 26297.0
495561.200000 4207141.900000 26327.0
495941.900000 4206761.300000 26357.0
496276.300000 4206414.900000 26387.0
496031.300000 4206282.900000 26417.0
495507.100000 4206085.500000 26447.0
495015.300000 4205896.200000 26477.0
494729.900000 4205784.200000 26507.0
494729.100000 4205782.900000 26537.0
494764.900000 4205578.900000 26567.0
494635.500000 4205082.900000 26597.0
494520.900000 4204558.200000 26627.0
494550.700000 4204471.800000 26657.0
494874.800000 4204553.700000 26687.0
495090.900000 4204580.300000 26717.0
495221.000000 4204823.100000 26747.0
495109.500000 4204890.900000 26777.0
495214.800000 4204895.100000 26807.0
495198.000000 4204645.400000 26837.0
494742.200000 4204545.800000 26867.0
494453.200000 4204419.400000 26897.0
494595.700000 4204827.800000 26927.0
494654.600000 4205151.500000 26957.0
494654.600000 4205152.800000 26987.0
494716.300000 4205396.900000 27017.0
494719.100000 4205734.300000 27047.0
494719.100000 4205734.300000 27077.0
494721.900000 4205837.500000 27107.0
494660.600000 4206094.100000 27137.0
494692.400000 4206381.400000 27167.0
494664.400000 4206590.100000 27197.0
494323.200000 4206911.200000 27227.0
494199.600000 4207067.900000 27257.0
493987.400000 4207363.000000 27287.0
493907.700000 4207625.900000 27317.0
493955.300000 4207943.300000 27347.0
494053.700000 4208078.700000 27377.0
494034.500000 4208250.500000 27407.0
493588.200000 4208183.600000 27477.0
493581.700000 4207799.700000 27507.0
493430.700000 4207803.200000 27537.0
493149.800000 4207885.500000 27567.0
492809.300000 4207907.800000 27597.0
492441.500000 4207858.200000 27627.0
492071.900000 4207731.200000 27657.0
491674.300000 4207747.200000 27687.0
491706.900000 4207898.300000 27717.0
491517.400000 4207942.900000 27747.0
491223.300000 4207821.300000 27777.0
491071.000000 4208155.400000 27807.0
490947.600000 4208469.600000 27837.0
491051.300000 4208457.200000 27867.0
491242.300000 4208168.400000 27897.0
491148.400000 4208152.800000 27927.0
491034.400000 4208380.200000 27957.0
490926.600000 4208533.500000 27987.0
491089.400000 4208113.900000 28017.0
491396.300000 4207822.000000 28047.0
491611.500000 4207896.300000 28077.0
491410.200000 4207675.500000 28107.0
491236.800000 4207269.800000 28137.0
491247.900000 4206995.900000 28167.0
490886.100000 4206854.100000 28197.0
490693.000000 4206761.200000 28227.0
490858.000000 4206702.200000 28257.0
490887.400000 4206358.100000 28287.0
490824.800000 4206049.600000 28317.0
490823.000000 4205938.700000 28347.0
490995.900000 4205838.600000 28377.0
490923.600000 4205599.100000 28407.0
490805.700000 4205454.100000 28437.0
490716.700000 4205204.500000 28467.0
490713.200000 4205204.500000 28497.0
490713.200000 4205203.200000 28527.0
490507.800000 4205319.800000 28557.0
490434.200000 4205395.300000 28587.0
490165.900000 4205624.100000 28617.0
489886.800000 4205693.500000 28647.0
489655.100000 4205782.600000 28677.0
489398.000000 4205809.600000 28707.0
489395.400000 4205928.100000 28737.0
489392.800000 4205929.400000 28767.0
489173.300000 4205954.200000 28797.0
488720.500000 4206072.500000 28827.0
488431.700000 4206146.100000 28857.0
488190.300000 4206201.900000 28887.0
488085.000000 4206226.600000 28917.0
488055.200000 4206234.300000 28947.0
487788.400000 4206305.800000 28977.0
487741.900000 4206316.800000 29007.0
487725.200000 4206320.200000 29037.0
487704.100000 4206325.800000 29067.0
487668.900000 4206334.700000 29097.0
487629.400000 4206347.900000 29127.0
487655.200000 4206584.000000 29157.0
487596.000000 4206943.500000 29187.0
487590.400000 4207326.100000 29217.0
487587.700000 4207852.200000 29247.0
487533.700000 4208184.100000 29277.0
487258.300000 4208259.000000 29307.0
487204.900000 4208381.000000 29337.0
487161.000000 4208342.100000 29367.0
487161.000000 4208342.100000 29397.0
486967.000000 4208349.200000 29427.0
486816.900000 4208361.700000 29457.0
486645.700000 4208328.600000 29487.0
486522.100000 4208413.000000 29517.0
486276.500000 4208497.600000 29547.0
486068.500000 4208515.800000 29577.0
486038.600000 4208465.900000 29607.0
485905.800000 4208364.100000 29637.0
485600.200000 4208275.700000 29667.0
485528.900000 4208176.000000 29697.0
485271.200000 4208347.400000 29727.0
485198.300000 4208301.000000 29757.0
485177.000000 4208210.000000 29787.0
484156.300000 4208528.900000 29997.0
484076.600000 4208600.200000 30027.0
484039.000000 4208633.700000 30057.0
483915.800000 4208480.700000 30087.0
483753.100000 4208288.900000 30117.0
483629.000000 4208110.500000 30147.0
483551.500000 4207946.500000 30177.0
483438.200000 4207875.600000 30207.0
483409.200000 4207887.900000 30237.0
483404.900000 4207886.600000 30267.0
483435.700000 4207888.700000 30327.0
483363.900000 4207993.000000 30357.0
483246.300000 4208013.100000 30387.0
483229.500000 4207992.000000 30417.0
483318.900000 4207899.500000 30447.0
483378.600000 4207881.600000 30477.0
483377.700000 4207877.400000 30507.0
483446.400000 4207981.400000 30717.0
483510.300000 4207852.600000 30747.0
483346.900000 4207763.200000 30777.0
483214.200000 4207726.600000 30807.0
483394.800000 4207601.000000 30837.0
483540.400000 4207610.800000 30867.0
483607.400000 4207766.000000 30897.0
483603.000000 4207776.200000 30927.0
483591.600000 4207730.900000 30957.0
483540.400000 4207615.500000 30987.0
483500.800000 4207541.100000 31017.0
483360.500000 4207635.700000 31047.0
483383.500000 4207761.000000 31077.0
483509.200000 4207823.800000 31107.0
483425.100000 4207878.100000 31137.0
483432.100000 4207876.900000 31167.0
483514.000000 4207974.500000 35727.0
483543.800000 4207964.200000 35757.0
483641.600000 4208146.100000 35787.0
483637.300000 4208143.900000 35817.0
483644.300000 4208143.900000 35847.0
483596.700000 4208037.400000 35937.0
483476.100000 4207863.200000 35967.0
483435.000000 4207868.800000 35997.0
483433.300000 4207868.800000 36027.0
483436.000000 4207888.700000 37857.0
483415.100000 4207995.400000 37887.0
483254.600000 4208015.600000 37917.0
483161.200000 4207830.400000 37947.0
483010.700000 4207691.900000 37977.0
482771.800000 4207619.200000 38007.0
482537.300000 4207554.100000 38037.0
482450.400000 4207529.700000 38067.0
482448.700000 4207528.400000 38097.0
482420.500000 4207521.700000 38127.0
482372.300000 4207511.700000 38157.0
482284.500000 4207494.100000 38187.0
482253.700000 4207487.400000 38217.0
482129.100000 4207468.600000 38247.0
482123.900000 4207455.500000 38277.0
482102.100000 4207147.000000 38307.0
481996.700000 4207077.400000 38337.0
481777.400000 4207188.800000 38367.0
481644.200000 4207299.900000 38397.0
481639.000000 4207300.000000 38427.0
481528.900000 4207116.100000 38457.0
481432.000000 4206947.800000 38487.0
481268.800000 4206596.500000 38517.0
481174.400000 4206434.600000 38547.0
481173.600000 4206432.500000 38577.0
481121.600000 4206332.700000 38607.0
480984.100000 4206088.800000 38637.0
480897.700000 4205940.500000 38667.0
480757.200000 4205927.700000 38697.0
480615.400000 4205733.700000 38727.0
480383.500000 4205696.600000 38757.0
480232.800000 4205830.300000 38787.0
480172.600000 4206017.900000 38817.0
480166.500000 4206035.700000 38847.0
480161.300000 4206054.800000 38877.0
480158.700000 4206058.200000 38907.0
480188.600000 4206131.300000 38997.0
480274.600000 4206101.100000 39027.0
480369.300000 4206045.400000 39057.0
480506.100000 4205974.000000 39087.0
480603.600000 4205998.300000 39117.0
480675.500000 4205949.400000 39147.0
480599.500000 4205733.300000 39207.0
480317.600000 4205699.700000 39237.0
480237.200000 4205833.200000 39267.0
480227.500000 4205868.800000 39297.0
480222.300000 4205868.800000 39327.0
480159.300000 4205907.900000 39447.0
480091.800000 4205949.100000 39477.0
480088.200000 4205953.400000 39507.0
480096.200000 4205975.400000 39537.0
480142.000000 4206039.600000 39567.0
480176.100000 4205988.300000 39597.0
480183.100000 4205976.000000 39657.0
480175.200000 4205971.800000 39777.0
480170.900000 4206014.100000 41427.0
480157.000000 4206056.500000 41457.0
480157.000000 4206056.500000 41487.0
480283.100000 4206294.900000 41517.0
480453.100000 4206524.300000 41547.0
480521.000000 4206611.800000 41577.0
480521.000000 4206627.400000 41607.0
480575.500000 4206655.200000 43017.0
480736.100000 4206649.400000 43047.0
480822.200000 4206672.400000 43077.0
481111.600000 4206934.600000 43107.0
481393.200000 4207187.100000 43137.0
481574.200000 4207289.900000 43167.0
481575.000000 4207289.900000 43197.0
481652.300000 4207323.200000 43227.0
481851.800000 4207458.200000 43257.0
481857.000000 4207463.700000 43287.0
481858.700000 4207467.100000 43317.0
481966.600000 4207429.200000 43377.0
482014.100000 4207482.400000 43407.0
482021.200000 4207485.800000 43437.0
482419.700000 4207517.100000 43467.0
482672.600000 4207588.500000 43497.0
482707.100000 4207711.600000 43527.0
482793.900000 4207691.500000 43557.0
482796.600000 4207695.700000 43587.0
482875.600000 4207673.600000 44037.0
482949.500000 4207785.600000 44067.0
483043.000000 4208002.900000 44097.0
483215.800000 4207930.600000 44127.0
483357.800000 4207877.000000 44157.0
483379.800000 4207894.700000 44187.0
483394.000000 4207957.800000 45147.0
483321.200000 4207964.700000 45177.0
483199.000000 4207930.700000 45207.0
483051.500000 4207896.700000 45237.0
482906.800000 4207954.500000 45267.0
482768.300000 4208008.200000 45297.0
482612.100000 4208025.000000 45327.0
482550.400000 4207893.100000 45357.0
482514.300000 4207822.000000 45387.0
482464.000000 4207710.000000 45417.0
482405.800000 4207576.800000 45447.0
482400.600000 4207572.600000 45477.0
482384.700000 4207539.200000 45507.0
482382.100000 4207537.900000 45537.0
482047.500000 4207493.300000 45597.0
481993.900000 4207511.200000 45627.0
481841.600000 4207681.300000 45657.0
481755.100000 4207833.400000 45687.0
481733.200000 4207866.900000 45717.0
481683.300000 4207944.900000 45747.0
481472.100000 4208122.700000 45777.0
481281.900000 4208262.800000 45807.0
481076.100000 4208433.000000 45837.0
480705.400000 4208716.600000 45867.0
480389.100000 4208938.300000 45897.0
480377.700000 4208948.500000 45927.0
480192.100000 4209086.500000 45957.0
479832.000000 4209358.200000 45987.0
479812.800000 4209370.600000 46017.0
479687.000000 4209253.200000 46047.0
479288.000000 4209018.900000 46077.0
479068.700000 4208666.400000 46107.0
478784.100000 4208238.000000 46137.0
478573.500000 4207908.800000 46167.0
478452.700000 4207686.100000 46197.0
478450.100000 4207686.100000 46227.0
478426.100000 4207632.800000 46257.0
478364.300000 4207474.300000 46287.0
478353.700000 4207453.100000 46317.0
478336.800000 4207408.700000 46347.0
478305.000000 4207334.300000 46377.0
478303.300000 4207330.100000 46407.0
478274.100000 4207241.300000 46527.0
478240.500000 4207150.400000 46557.0
478230.800000 4207132.600000 46587.0
478204.300000 4207048.500000 46617.0
478201.600000 4207046.400000 46647.0
478246.100000 4206957.300000 46677.0
478311.800000 4206921.600000 46707.0
478341.500000 4206912.700000 46737.0
478509.100000 4206882.200000 46767.0
478529.400000 4206918.900000 46797.0
478375.000000 4206954.900000 46827.0
478353.800000 4206927.000000 46857.0
478346.700000 4206902.500000 46887.0
478345.000000 4206901.200000 46917.0
478363.400000 4206865.600000 46947.0
478515.700000 4206728.900000 46977.0
478690.900000 4206541.000000 47007.0
478678.200000 4206389.900000 47037.0
478950.900000 4206221.600000 47067.0
479069.200000 4206114.600000 47097.0
479073.500000 4206099.000000 47127.0
479040.000000 4206016.900000 47157.0
479003.000000 4205982.700000 47187.0
478731.900000 4205717.200000 47217.0
478723.900000 4205651.600000 47247.0
478726.500000 4205644.800000 47277.0
478683.300000 4205545.100000 47307.0
478683.200000 4205543.800000 47337.0
478666.500000 4205527.300000 47367.0
478556.300000 4205327.900000 47397.0
478290.800000 4205186.300000 47427.0
478199.800000 4204988.100000 47457.0
478205.000000 4204979.200000 47487.0
478233.600000 4204829.300000 47517.0
478322.000000 4204721.500000 47547.0
478359.600000 4204667.200000 47577.0
478434.400000 4204729.300000 47607.0
478511.100000 4204829.000000 47637.0
478587.700000 4204935.400000 47667.0
478622.000000 4204995.400000 47697.0
478622.100000 4205004.300000 47727.0
478619.600000 4205105.500000 47757.0
478617.200000 4205213.000000 47787.0
478559.400000 4205256.300000 47817.0
478547.200000 4205263.100000 47847.0
478616.800000 4205359.400000 47877.0
478667.900000 4205442.700000 47907.0
478676.700000 4205489.200000 47937.0
478675.100000 4205492.600000 47967.0
478726.200000 4205584.700000 48027.0
479018.700000 4205628.400000 48057.0
479236.400000 4205614.800000 48087.0
479284.600000 4205623.500000 48117.0
479283.900000 4205654.400000 48147.0
479319.500000 4205824.100000 48177.0
479350.800000 4206042.400000 48207.0
479368.600000 4206102.400000 48237.0
479368.600000 4206103.700000 48267.0
479425.200000 4206264.400000 48297.0
479583.000000 4206565.800000 48327.0
479644.900000 4206729.900000 48357.0
479759.800000 4206677.500000 48387.0
479945.900000 4206705.000000 48417.0
480212.200000 4206790.700000 48447.0
480408.600000 4206727.200000 48477.0
480473.500000 4206688.100000 48507.0
480590.300000 4206735.600000 48537.0
480865.900000 4207114.600000 48567.0
480907.200000 4207170.000000 48597.0
481100.100000 4207437.000000 48627.0
481293.000000 4207743.900000 48657.0
481379.800000 4208089.900000 48687.0
481571.000000 4208036.100000 48717.0
481775.800000 4207760.600000 48747.0
481879.900000 4207586.000000 48777.0
481936.000000 4207525.700000 48807.0
482245.800000 4207473.900000 48837.0
482526.900000 4207532.100000 48867.0
482775.400000 4207589.100000 48897.0
482872.900000 4207619.000000 48927.0
482875.600000 4207622.400000 48957.0
483007.300000 4207663.100000 48987.0
483360.400000 4207758.900000 49017.0
483447.500000 4207862.900000 49047.0
483396.700000 4207879.500000 49077.0
483405.400000 4207889.600000 49107.0
483431.600000 4207876.400000 51147.0
483485.900000 4207807.300000 51177.0
483219.700000 4207733.400000 51207.0
483342.400000 4207642.100000 51237.0
483540.600000 4207504.200000 51267.0
483534.300000 4207469.900000 51297.0
483528.000000 4207444.500000 51327.0
483490.300000 4207400.200000 51387.0
483489.400000 4207396.800000 51417.0
483626.200000 4207293.200000 51477.0
483653.400000 4207274.100000 51507.0
483706.900000 4207231.700000 51537.0
483564.400000 4207054.600000 51567.0
483379.900000 4206942.000000 51597.0
483323.400000 4206856.600000 51627.0
483322.600000 4206856.600000 51657.0
483479.600000 4206848.700000 51717.0
483869.600000 4206956.700000 51747.0
483921.200000 4206865.600000 51777.0
484076.200000 4206671.000000 51807.0
484243.600000 4206413.300000 51853.0
484388.100000 4206188.800000 51883.0
484430.100000 4206126.500000 51913.0
484469.600000 4206072.200000 51943.0
484473.100000 4206062.000000 51973.0
484532.600000 4205951.000000 52003.0
484622.100000 4205874.300000 52033.0
484778.500000 4205968.400000 52063.0
484877.700000 4206019.400000 52093.0
484813.800000 4206128.300000 52123.0
484650.900000 4206339.400000 52153.0
484806.600000 4206582.400000 52216.0
485032.400000 4206558.700000 52251.0
485182.900000 4206733.700000 52281.0
485183.600000 4206673.600000 52311.0
485184.400000 4206608.000000 52341.0
485211.900000 4206723.500000 52371.0
485183.800000 4206761.200000 52401.0
485103.200000 4206809.200000 52431.0
485020.800000 4206879.200000 52461.0
484781.400000 4206899.900000 52519.0
484598.500000 4206791.500000 52549.0
484445.700000 4206727.400000 52579.0
484297.600000 4206886.400000 52609.0
484232.800000 4206968.700000 52639.0
484225.000000 4206968.700000 52669.0
484222.400000 4207011.900000 52729.0
484219.700000 4207022.900000 52759.0
484333.900000 4207049.300000 52849.0
484491.000000 4207059.200000 52879.0
484711.400000 4207067.700000 52909.0
484901.900000 4207070.700000 52939.0
484929.200000 4207071.900000 52969.0
484964.400000 4207069.700000 52999.0
485116.100000 4207030.500000 53029.0
485135.400000 4207026.300000 53059.0
485525.800000 4206905.800000 53089.0
485818.700000 4206746.600000 53119.0
485987.300000 4206721.700000 53149.0
486266.300000 4206682.300000 53179.0
486659.500000 4206594.100000 53209.0
486985.800000 4206501.300000 53239.0
487058.100000 4206108.400000 53269.0
487321.900000 4205835.000000 53299.0
487496.400000 4205714.900000 53329.0
487856.900000 4205473.600000 53359.0
488211.200000 4205252.100000 53389.0
488560.500000 4205049.700000 53419.0
488729.700000 4204874.300000 53449.0
488832.200000 4204720.900000 53479.0
488847.900000 4204705.200000 53509.0
488812.900000 4204855.100000 53539.0
488885.300000 4205110.200000 53569.0
489005.100000 4205442.700000 53599.0
489254.800000 4205707.800000 53629.0
489447.200000 4205798.500000 53659.0
489756.000000 4205705.900000 53689.0
490023.000000 4205714.500000 53719.0
490293.200000 4205505.500000 53749.0
490468.700000 4205357.500000 53779.0
490487.100000 4205371.900000 53809.0
490495.800000 4205375.300000 53839.0
490420.300000 4205414.300000 54529.0
490240.500000 4205580.000000 54559.0
490049.300000 4205721.200000 54589.0
489834.000000 4205694.800000 54619.0
489729.600000 4205748.200000 54649.0
489598.800000 4205718.400000 54679.0
489429.300000 4205718.600000 54709.0
489295.000000 4205722.100000 54739.0
489153.700000 4205734.600000 54769.0
489188.100000 4205937.700000 54799.0
489003.000000 4205957.800000 54829.0
488837.900000 4206015.600000 54859.0
488795.800000 4206037.700000 54889.0
488757.100000 4206056.800000 54919.0
488754.400000 4206056.800000 54949.0
488643.800000 4206095.900000 54979.0
488640.300000 4206097.200000 55009.0
488562.100000 4206120.500000 55039.0
488544.500000 4206128.200000 55069.0
488512.100000 4206135.000000 55099.0
488445.500000 4206152.900000 55129.0
488402.400000 4206163.100000 55159.0
488366.400000 4206173.300000 55189.0
488344.500000 4206177.600000 55219.0
488296.300000 4206188.600000 55249.0
488198.900000 4206210.800000 55279.0
488169.900000 4206214.200000 55309.0
488151.500000 4206215.500000 55339.0
488078.700000 4206233.400000 55369.0
487991.800000 4206256.800000 55399.0
487967.200000 4206265.700000 55429.0
487891.700000 4206284.900000 55459.0
487878.500000 4206286.200000 55489.0
487846.000000 4206293.000000 55549.0
487832.000000 4206296.400000 55579.0
487814.400000 4206297.700000 55609.0
487745.100000 4206319.800000 55639.0
487717.800000 4206325.300000 55669.0
487566.800000 4206351.000000 55699.0
487453.600000 4206372.300000 55729.0
487452.000000 4206373.600000 55759.0
487351.000000 4206398.300000 55789.0
487193.100000 4206464.100000 55819.0
486976.400000 4206535.600000 55849.0
486608.600000 4206614.900000 55879.0
486544.500000 4206629.400000 55909.0
486442.700000 4206650.700000 55939.0
486421.700000 4206654.100000 55969.0
486175.100000 4206701.100000 55999.0
486125.900000 4206707.900000 56029.0
485995.100000 4206727.200000 56059.0
485882.000000 4206743.900000 56089.0
485799.500000 4206763.900000 56119.0
485721.300000 4206800.900000 56149.0
485663.500000 4206835.300000 56179.0
485538.000000 4206917.600000 56209.0
485473.100000 4206953.300000 56239.0
485310.000000 4206996.700000 56269.0
485288.900000 4206998.000000 56299.0
484935.200000 4207082.900000 56329.0
484480.500000 4207076.100000 56359.0
484189.000000 4207058.900000 56389.0
484099.400000 4207055.700000 56419.0
484099.400000 4207055.700000 56449.0
483728.800000 4206931.100000 56479.0
483397.600000 4206833.200000 56509.0
483337.700000 4206812.100000 56539.0
483335.100000 4206810.900000 56569.0
483367.400000 4206732.100000 56659.0
483382.900000 4206643.200000 56689.0
483370.200000 4206392.600000 56719.0
483258.700000 4206377.200000 56749.0
483090.000000 4206364.400000 56779.0
483005.900000 4206422.200000 56809.0
482892.700000 4206425.800000 56839.0
482885.700000 4206424.500000 56869.0
482798.700000 4206381.500000 56929.0
482629.900000 4206301.900000 56959.0
482406.700000 4206216.000000 56989.0
482284.500000 4206175.200000 57019.0
482172.900000 4206131.000000 57049.0
482047.100000 4206025.900000 57079.0
482107.500000 4205915.700000 57109.0
482228.400000 4205786.800000 57139.0
482363.300000 4205636.700000 57169.0
482530.700000 4205529.700000 57199.0
482605.600000 4205624.700000 57229.0
482793.200000 4205511.300000 57259.0
482752.500000 4205337.000000 57289.0
482790.000000 4205272.600000 57319.0
482867.300000 4205314.800000 57349.0
482960.400000 4205280.300000 57379.0
483001.200000 4205129.100000 57409.0
482891.800000 4204858.500000 57439.0
482780.800000 4204713.500000 57469.0
482533.200000 4204653.100000 57499.0
482490.300000 4204718.800000 57529.0
482431.500000 4204717.700000 57559.0
482288.100000 4204635.800000 57589.0
482182.600000 4204568.400000 57619.0
481874.100000 4204428.100000 57649.0
481713.500000 4204403.900000 57679.0
481698.500000 4204384.000000 57709.0
481632.800000 4204057.000000 57739.0
481510.000000 4203733.500000 57829.0
481328.200000 4203718.200000 57859.0
481194.700000 4203722.800000 57889.0
481322.300000 4203871.000000 57919.0
481551.800000 4203992.400000 57949.0
481449.900000 4204341.000000 57979.0
481435.800000 4204356.700000 58009.0
481680.100000 4204368.400000 58039.0
482141.500000 4204529.500000 58069.0
482261.100000 4204605.900000 58099.0
482312.900000 4204637.900000 58129.0
482508.100000 4204759.400000 58159.0
482519.000000 4204944.800000 58189.0
482346.100000 4204962.900000 58219.0
482331.600000 4205173.700000 58249.0
482409.300000 4205385.600000 58279.0
482518.400000 4205490.700000 58309.0
482617.800000 4205615.000000 58339.0
482710.200000 4205703.700000 58369.0
482573.900000 4206027.700000 58399.0
482488.300000 4206259.900000 58429.0
482465.700000 4206322.100000 58459.0
482465.700000 4206322.100000 58489.0
482416.700000 4206443.300000 58519.0
482480.200000 4206594.300000 58549.0
482488.100000 4207003.500000 58579.0
482602.400000 4207065.500000 58609.0
482588.800000 4207294.100000 58639.0
482590.100000 4207518.400000 58669.0
482617.500000 4207539.500000 58699.0
482810.600000 4207595.800000 58729.0
482863.400000 4207608.800000 58759.0
482901.100000 4207618.900000 58789.0
483291.900000 4207724.800000 58819.0
483505.400000 4207824.200000 58849.0
483380.900000 4207860.000000 58879.0
483387.100000 4207860.000000 58909.0
483378.300000 4207830.000000 59089.0
483376.600000 4207816.900000 59119.0
483351.900000 4207770.400000 59359.0
483213.200000 4207728.300000 59389.0
482807.500000 4207621.600000 59419.0
482504.500000 4207538.900000 59449.0
482305.100000 4207492.800000 59479.0
482008.500000 4207500.200000 59509.0
481792.300000 4207774.500000 59539.0
481657.600000 4207984.300000 59569.0
481629.600000 4208007.700000 59599.0
481529.600000 4208082.400000 59629.0
481529.600000 4208082.400000 59659.0
481434.200000 4208155.800000 59689.0
481433.300000 4208155.800000 59719.0
481327.400000 4208228.000000 59749.0
481036.500000 4208471.600000 59779.0
480725.500000 4208714.000000 59809.0
480595.000000 4208804.100000 59839.0
480557.400000 4208830.800000 59869.0
480499.600000 4208869.900000 59899.0
480468.800000 4208891.100000 59929.0
480407.500000 4208933.600000 59959.0
480346.200000 4208979.000000 59989.0
480074.600000 4209165.900000 60019.0
479857.400000 4209346.300000 60049.0
479847.700000 4209353.100000 60079.0
479665.000000 4209318.000000 60109.0
479329.700000 4209307.900000 60139.0
479033.000000 4209253.200000 60169.0
478845.800000 4209179.100000 60199.0
478686.800000 4209109.700000 60229.0
478374.100000 4208980.600000 60259.0
478148.100000 4208797.100000 60289.0
477973.000000 4208590.200000 60319.0
477857.400000 4208381.800000 60349.0
477790.500000 4208269.000000 60379.0
477736.700000 4208179.400000 60409.0
477671.400000 4208065.300000 60439.0
477705.500000 4208035.100000 60469.0
477707.200000 4208033.900000 60499.0
477756.300000 4208004.900000 60529.0
477768.500000 4207985.900000 60559.0
477634.400000 4207745.400000 60589.0
477446.700000 4207505.100000 60619.0
477327.000000 4207364.500000 60649.0
477347.900000 4207304.300000 60679.0
477345.200000 4207304.300000 60709.0
477574.900000 4207180.500000 60739.0
477729.000000 4206999.400000 60769.0
477742.500000 4206787.300000 60799.0
477680.800000 4206694.300000 60829.0
477532.600000 4206464.900000 60859.0
477532.600000 4206462.800000 60889.0
477548.100000 4206377.200000 60919.0
477635.600000 4206287.300000 60949.0
477676.600000 4206200.800000 60979.0
477698.200000 4206087.800000 61009.0
477757.900000 4206069.800000 61039.0
477760.600000 4206060.900000 61069.0
477769.300000 4206067.700000 61129.0
477867.400000 4206301.500000 61159.0
477824.900000 4206172.900000 61189.0
477640.800000 4205987.200000 61219.0
477573.000000 4205924.300000 61249.0
477486.600000 4205819.100000 61279.0
477315.000000 4205637.600000 61309.0
477190.200000 4205564.700000 61339.0
477109.700000 4205647.100000 61369.0
477085.200000 4205667.000000 61399.0
477142.500000 4205759.100000 61429.0
477189.200000 4205819.100000 61459.0
477259.800000 4205961.100000 61489.0
477489.300000 4206117.100000 61519.0
477717.000000 4206235.000000 61549.0
477638.300000 4206338.500000 61579.0
477553.200000 4206413.200000 61609.0
477430.100000 4206637.900000 61639.0
477330.100000 4206673.700000 61669.0
477085.000000 4206622.300000 61699.0
476970.900000 4206681.500000 61729.0
476945.500000 4206700.600000 61759.0
476951.400000 4206954.500000 61789.0
476958.300000 4207186.500000 61819.0
476965.500000 4207263.000000 61849.0
476964.700000 4207266.400000 61879.0
476971.100000 4207325.200000 61909.0
477068.800000 4207431.600000 61939.0
477260.600000 4207575.400000 61969.0
477399.700000 4207748.200000 61999.0
477443.900000 4207885.600000 62029.0
477529.600000 4208071.600000 62059.0
477542.900000 4208096.100000 62089.0
477608.100000 4208179.300000 62119.0
477690.500000 4208143.500000 62149.0
477763.700000 4208248.700000 62179.0
477903.900000 4208496.000000 62209.0
478038.800000 4208727.500000 62239.0
478225.100000 4208848.100000 62269.0
478353.500000 4208985.300000 62299.0
478250.000000 4209010.100000 62329.0
