482844.000000 4208206.100000 23102.0
482826.400000 4208185.000000 23222.0
482768.200000 4208040.800000 23252.0
482697.800000 4207905.500000 23282.0
482633.300000 4207763.400000 23312.0
482561.000000 4207587.000000 23342.0
482435.300000 4207526.400000 23372.0
482407.100000 4207523.000000 23402.0
482045.500000 4207495.900000 23432.0
481858.400000 4207459.500000 23462.0
481514.700000 4207277.000000 23492.0
481178.700000 4206983.600000 23522.0
480815.500000 4206655.900000 23552.0
480527.500000 4206660.900000 23582.0
480293.100000 4206341.900000 23612.0
480155.700000 4206132.700000 23642.0
479965.300000 4205818.200000 23672.0
479676.400000 4205463.000000 23702.0
479469.100000 4205048.700000 23732.0
479382.500000 4204831.400000 23762.0
479320.100000 4204801.500000 23792.0
479052.300000 4204800.000000 23822.0
479051.400000 4204796.700000 23852.0
478882.500000 4204698.500000 23882.0
478702.900000 4204524.600000 23912.0
478584.200000 4204500.300000 23942.0
478310.400000 4204555.200000 23972.0
478243.800000 4204283.700000 24002.0
478227.900000 4204221.500000 24032.0
478216.500000 4204218.100000 24062.0
478098.000000 4204246.400000 24092.0
478026.900000 4204264.300000 24122.0
477711.900000 4204348.600000 24152.0
477548.700000 4204386.700000 24182.0
477418.800000 4204412.400000 24212.0
477201.200000 4204459.600000 24242.0
476797.500000 4204540.700000 24272.0
476610.100000 4204457.000000 24302.0
476562.000000 4204200.700000 24332.0
476444.000000 4204120.200000 24362.0
476220.200000 4204161.900000 24392.0
476086.800000 4204197.800000 24422.0
476060.500000 4204199.100000 24452.0
476048.400000 4204214.800000 24482.0
476045.000000 4204250.400000 24512.0
476036.200000 4204248.300000 24542.0
476110.100000 4204319.200000 25142.0
476159.500000 4204360.100000 25172.0
476197.400000 4204418.800000 25202.0
476319.400000 4204402.800000 25232.0
476445.100000 4204416.900000 25262.0
476474.400000 4204539.900000 25292.0
476485.000000 4204563.200000 25322.0
476592.200000 4204562.900000 25352.0
476684.500000 4204555.800000 25382.0
477003.900000 4204499.500000 25412.0
477049.700000 4204527.300000 25442.0
477054.900000 4204551.800000 25472.0
477087.900000 4204720.200000 25502.0
477239.200000 4204798.500000 25532.0
477385.900000 4204798.100000 25562.0
477537.700000 4204766.800000 25592.0
477586.900000 4204762.400000 25622.0
477435.900000 4204781.900000 25652.0
477416.400000 4204682.100000 25682.0
477409.300000 4204660.100000 25712.0
477435.400000 4204599.000000 25742.0
477561.000000 4204576.700000 25772.0
477560.900000 4204573.300000 25802.0
477661.000000 4204554.000000 25832.0
477729.500000 4204544.900000 25862.0
477841.900000 4204528.100000 25892.0
477947.100000 4204505.800000 25922.0
478024.300000 4204481.100000 25952.0
478078.700000 4204476.700000 25982.0
478102.600000 4204516.400000 26012.0
478141.600000 4204626.300000 26042.0
478268.000000 4204607.000000 26072.0
478467.100000 4204556.500000 26102.0
478487.600000 4204614.000000 26132.0
478453.500000 4204649.600000 26162.0
478413.700000 4204556.600000 26192.0
478409.400000 4204560.000000 26222.0
478362.900000 4204597.000000 26282.0
478325.300000 4204631.400000 26312.0
478266.700000 4204688.200000 26342.0
478245.300000 4204586.300000 26372.0
478319.100000 4204612.700000 26402.0
478326.100000 4204627.100000 26432.0
478336.700000 4204646.100000 26462.0
478346.500000 4204652.900000 26492.0
478347.300000 4204656.300000 26522.0
478351.700000 4204677.400000 26702.0
478363.200000 4204697.300000 26732.0
478453.100000 4204815.600000 26762.0
478477.000000 4204875.600000 26792.0
478398.100000 4204916.900000 26822.0
478328.000000 4204956.800000 26852.0
478240.400000 4205003.600000 26882.0
478238.700000 4205005.700000 26912.0
478216.900000 4205042.600000 27032.0
478235.500000 4205128.900000 27062.0
478341.100000 4205225.100000 27092.0
478449.300000 4205285.000000 27122.0
478550.300000 4205294.900000 27152.0
478652.000000 4205255.600000 27182.0
478789.100000 4205279.800000 27212.0
478880.600000 4205372.700000 27242.0
479015.500000 4205272.500000 27272.0
479051.400000 4205242.300000 27302.0
479013.500000 4205137.100000 27332.0
478933.100000 4204955.300000 27362.0
478928.700000 4204930.700000 27392.0
478928.700000 4204932.000000 27422.0
478947.900000 4204898.500000 27452.0
478947.900000 4204897.200000 27482.0
478954.900000 4204880.700000 27512.0
478965.400000 4204869.700000 27542.0
478972.400000 4204859.500000 27572.0
479007.400000 4204809.500000 27602.0
479009.100000 4204809.500000 27632.0
479075.500000 4204719.600000 27692.0
479153.600000 4204667.300000 27722.0
479253.600000 4204612.900000 27752.0
479257.100000 4204614.100000 27782.0
479293.100000 4204600.900000 27812.0
479335.500000 4204685.100000 27842.0
479421.300000 4204896.900000 27872.0
479492.900000 4205078.700000 27902.0
479576.900000 4205283.800000 27932.0
479606.000000 4205337.900000 27962.0
479683.200000 4205354.200000 27992.0
479772.900000 4205391.600000 28022.0
479911.900000 4205534.400000 28052.0
479981.400000 4205600.600000 28082.0
480031.500000 4205616.200000 28112.0
480052.700000 4205676.200000 28142.0
480053.700000 4205730.400000 28172.0
480010.700000 4205757.200000 28202.0
480005.600000 4205760.600000 28232.0
479980.100000 4205778.400000 28322.0
480005.800000 4205841.400000 28352.0
480014.500000 4205860.400000 28382.0
480041.900000 4205905.700000 28412.0
480097.400000 4206004.100000 28442.0
480097.400000 4206005.400000 28472.0
480190.100000 4206160.500000 28532.0
480359.200000 4206401.000000 28562.0
480408.600000 4206470.700000 28592.0
480503.700000 4206597.000000 28622.0
480674.900000 4206637.700000 28652.0
480727.700000 4206636.300000 28682.0
480743.400000 4206636.200000 28712.0
480790.000000 4206640.300000 28862.0
480880.600000 4206714.600000 28892.0
481064.500000 4206879.700000 28922.0
481206.900000 4207013.500000 28952.0
481396.000000 4207185.000000 28982.0
481613.900000 4207300.000000 29012.0
481777.400000 4207399.500000 29042.0
481902.200000 4207517.800000 29072.0
482010.500000 4207650.900000 29102.0
482090.600000 4207777.200000 29132.0
482159.300000 4207890.100000 29162.0
482268.100000 4207874.200000 29192.0
482469.000000 4207795.000000 29222.0
482726.000000 4207716.600000 29252.0
482915.400000 4207673.900000 29282.0
482972.000000 4207832.500000 29312.0
483053.000000 4207994.400000 29342.0
483178.500000 4207944.200000 29372.0
483288.000000 4207900.900000 29402.0
483372.200000 4207887.600000 29432.0
483379.300000 4207905.300000 29462.0
483376.400000 4207871.000000 34691.0
483396.900000 4207976.400000 36191.0
483301.300000 4207995.600000 36221.0
483176.500000 4207882.900000 36251.0
483077.000000 4207697.700000 36281.0
482990.100000 4207673.300000 36311.0
482943.500000 4207661.100000 36341.0
482571.100000 4207566.700000 36371.0
482274.300000 4207505.100000 36401.0
482191.800000 4207489.600000 36431.0
482106.500000 4207485.600000 36461.0
482067.900000 4207491.200000 36491.0
481988.900000 4207521.400000 36521.0
481985.400000 4207521.400000 36551.0
481957.300000 4207539.200000 36611.0
481955.600000 4207539.200000 36641.0
481945.100000 4207544.800000 36671.0
481797.300000 4207415.200000 36701.0
481604.000000 4207299.200000 36731.0
481516.700000 4207100.900000 36761.0
481441.700000 4206967.700000 36791.0
481361.600000 4206835.800000 36821.0
481239.700000 4206556.400000 36851.0
481185.900000 4206461.200000 36881.0
481109.200000 4206316.200000 36911.0
480979.600000 4206096.900000 36941.0
480911.700000 4205977.200000 36971.0
480767.600000 4205939.900000 37001.0
480566.900000 4205717.300000 37031.0
480331.600000 4205687.000000 37061.0
480254.400000 4205703.700000 37091.0
480075.100000 4205643.200000 37121.0
479890.400000 4205506.100000 37151.0
479790.000000 4205411.100000 37181.0
479772.400000 4205391.200000 37211.0
479793.500000 4205401.300000 37871.0
479958.100000 4205582.900000 37901.0
480141.700000 4205640.000000 37931.0
480032.300000 4205741.500000 37961.0
479978.800000 4205778.400000 37991.0
479979.700000 4205782.600000 38021.0
480009.600000 4205842.700000 38081.0
480068.600000 4205950.000000 38111.0
480108.300000 4206024.400000 38141.0
480145.200000 4206012.100000 38171.0
480155.700000 4205993.000000 38201.0
480166.200000 4205991.700000 38231.0
480174.100000 4205998.500000 39011.0
480155.800000 4206060.700000 39041.0
480155.000000 4206060.700000 39071.0
480193.900000 4206140.600000 39161.0
480240.600000 4206218.400000 39191.0
480265.300000 4206257.300000 39221.0
480387.800000 4206440.200000 41441.0
480456.500000 4206533.200000 41471.0
480563.800000 4206577.400000 41501.0
480575.300000 4206651.900000 41531.0
480571.000000 4206655.300000 41561.0
480736.700000 4206927.900000 41621.0
480976.300000 4207268.900000 41651.0
481109.300000 4207451.800000 41681.0
481235.300000 4207632.300000 41711.0
481362.400000 4207955.800000 41741.0
481408.600000 4208186.300000 41771.0
481555.300000 4208190.200000 41801.0
481755.200000 4208103.500000 41831.0
481880.600000 4208041.000000 41861.0
481963.900000 4208004.000000 41891.0
481965.500000 4208004.000000 41921.0
482012.000000 4207984.800000 41951.0
482014.700000 4207983.500000 41981.0
482107.700000 4207943.500000 42011.0
482130.500000 4207942.200000 42041.0
482207.600000 4207914.100000 42281.0
482361.900000 4207835.100000 42311.0
482456.600000 4207804.800000 42341.0
482475.000000 4207800.500000 42371.0
482526.700000 4207786.000000 42521.0
482798.600000 4207704.600000 42551.0
482918.900000 4207736.500000 42581.0
483014.900000 4207945.000000 42611.0
483162.400000 4207951.500000 42641.0
483280.900000 4207904.700000 42671.0
483353.600000 4207879.100000 42701.0
483365.900000 4207889.300000 42731.0
483380.000000 4207919.300000 45371.0
483340.600000 4207999.400000 45401.0
483234.500000 4208016.100000 45431.0
483137.500000 4207789.000000 45461.0
483023.100000 4207687.200000 45491.0
482978.400000 4207674.200000 45521.0
482945.000000 4207663.300000 45551.0
482909.500000 4207468.200000 45581.0
482869.400000 4207208.800000 45611.0
482826.000000 4207004.900000 45641.0
482545.200000 4207089.700000 45671.0
482497.400000 4206912.500000 45701.0
482485.400000 4206593.000000 45731.0
482509.600000 4206432.100000 45761.0
482299.700000 4206348.300000 45791.0
482091.400000 4206273.400000 45821.0
481956.100000 4206211.500000 45851.0
481873.400000 4206155.000000 45881.0
481735.300000 4206023.200000 45911.0
481661.500000 4205956.900000 45941.0
481613.200000 4205911.700000 45971.0
481490.900000 4205819.700000 46001.0
481368.700000 4205764.600000 46031.0
481264.900000 4205721.600000 46061.0
481213.100000 4205696.400000 46091.0
481144.500000 4205648.700000 46121.0
481082.100000 4205604.400000 46151.0
480907.100000 4205451.600000 46181.0
480643.100000 4205192.700000 46211.0
480517.200000 4205094.400000 46241.0
480466.200000 4205055.600000 46271.0
480102.900000 4204747.900000 46301.0
479790.000000 4204574.300000 46331.0
479746.900000 4204544.400000 46361.0
479504.000000 4204329.500000 46391.0
479379.900000 4204226.600000 46421.0
479276.000000 4204120.200000 46451.0
479209.200000 4204082.700000 46481.0
479156.400000 4204054.900000 46511.0
479126.500000 4204020.600000 46541.0
479119.400000 4203990.600000 46571.0
479178.100000 4203948.100000 46601.0
479059.900000 4203771.900000 46631.0
478850.300000 4203551.500000 46661.0
478688.500000 4203493.100000 46691.0
478685.800000 4203497.400000 46721.0
478551.300000 4203423.200000 46751.0
478420.900000 4203268.200000 46781.0
478416.500000 4203260.600000 46811.0
478361.600000 4203062.300000 46841.0
478258.600000 4202973.600000 46871.0
478217.300000 4202940.300000 46901.0
478080.900000 4202864.100000 46931.0
478075.800000 4202867.500000 46961.0
477960.600000 4202837.700000 46991.0
477959.800000 4202835.600000 47021.0
477946.500000 4202828.900000 47051.0
477928.100000 4202820.000000 47081.0
477928.100000 4202818.800000 47111.0
477899.900000 4202796.800000 47141.0
478049.500000 4202572.100000 47171.0
478089.800000 4202519.900000 47201.0
478088.100000 4202517.800000 47231.0
478206.600000 4202487.500000 47261.0
478306.700000 4202453.800000 47291.0
478309.400000 4202462.600000 47321.0
478349.900000 4202499.400000 47351.0
478437.600000 4202489.000000 47381.0
478549.100000 4202446.400000 47411.0
478754.300000 4202652.400000 47441.0
478862.900000 4202852.700000 47471.0
478875.200000 4202879.400000 47501.0
478875.200000 4202879.400000 47531.0
478892.000000 4202914.900000 47561.0
479274.900000 4202879.600000 47651.0
479295.500000 4203015.800000 47681.0
479306.800000 4203329.900000 47711.0
479323.700000 4203374.300000 47741.0
479334.300000 4203374.200000 47771.0
479423.200000 4203441.700000 47801.0
479574.300000 4203462.500000 47831.0
479738.500000 4203465.500000 47861.0
479749.900000 4203447.700000 47891.0
480049.200000 4203369.100000 47921.0
480429.700000 4203504.500000 47951.0
480605.800000 4203641.600000 47981.0
480731.600000 4203743.300000 48011.0
480763.300000 4203767.800000 48041.0
480765.000000 4203767.800000 48071.0
480740.600000 4203869.000000 48101.0
480501.800000 4204230.200000 48131.0
480375.800000 4204422.600000 48161.0
480332.900000 4204485.800000 48191.0
480311.900000 4204518.000000 48221.0
480267.500000 4204644.700000 48251.0
480221.100000 4204732.400000 48281.0
480220.300000 4204735.800000 48311.0
480136.300000 4204828.300000 48341.0
480193.700000 4204975.800000 48371.0
480264.200000 4205105.600000 48401.0
480341.700000 4205223.100000 48431.0
480345.200000 4205230.700000 48461.0
480423.800000 4205383.700000 48491.0
480521.700000 4205562.100000 48521.0
480581.700000 4205657.200000 48551.0
480655.700000 4205776.800000 48581.0
480905.400000 4205943.800000 48641.0
480912.500000 4205956.900000 48671.0
481066.800000 4206217.300000 48701.0
481131.200000 4206338.200000 48731.0
481147.000000 4206368.200000 48761.0
481178.800000 4206427.000000 48791.0
481309.400000 4206714.100000 48821.0
481404.600000 4206901.400000 48851.0
481576.600000 4206855.700000 48881.0
481803.700000 4206744.300000 48911.0
481993.600000 4206903.400000 48941.0
482083.100000 4206864.300000 48971.0
482206.200000 4206944.000000 49001.0
482319.500000 4206995.000000 49031.0
482445.100000 4207040.000000 49061.0
482737.400000 4207014.800000 49091.0
482839.400000 4207123.400000 49121.0
482878.600000 4207338.800000 49151.0
482797.200000 4207488.800000 49181.0
482799.100000 4207589.900000 49211.0
482897.400000 4207626.500000 49241.0
482969.500000 4207654.300000 49271.0
483343.500000 4207753.400000 49301.0
483446.300000 4207862.000000 49331.0
483395.500000 4207884.100000 49361.0
483403.400000 4207906.100000 49391.0
483484.000000 4207868.300000 51161.0
483523.400000 4207818.300000 51191.0
483809.700000 4207888.800000 51221.0
484119.700000 4207966.100000 51251.0
484259.200000 4207902.700000 51281.0
484439.200000 4207912.600000 51311.0
484446.100000 4207820.300000 51341.0
484446.900000 4207819.000000 51371.0
484490.700000 4207801.200000 51401.0
484547.900000 4207836.600000 51431.0
484551.400000 4207840.000000 51461.0
484591.600000 4207772.200000 51491.0
484508.900000 4207673.700000 51521.0
484610.500000 4207563.500000 51551.0
484692.200000 4207588.700000 51581.0
484723.900000 4207605.200000 51611.0
484870.500000 4207555.000000 51641.0
484983.400000 4207400.700000 51671.0
484951.500000 4207284.400000 51701.0
484997.100000 4207203.400000 51731.0
485005.800000 4207204.700000 51761.0
485086.600000 4207261.300000 51791.0
485095.300000 4207263.400000 51821.0
485107.700000 4207345.400000 51851.0
485088.500000 4207381.000000 51881.0
485146.600000 4207465.200000 51911.0
485220.400000 4207549.200000 51941.0
485235.300000 4207564.900000 51971.0
485237.000000 4207563.600000 52001.0
485356.600000 4207706.500000 52031.0
485469.200000 4207858.200000 52061.0
485486.000000 4207880.200000 52091.0
485527.100000 4207844.600000 52121.0
485616.500000 4207717.800000 52151.0
485730.400000 4207572.500000 52181.0
485870.700000 4207513.400000 52211.0
486120.800000 4207444.000000 52241.0
486196.200000 4207417.200000 52271.0
486235.700000 4207386.200000 52301.0
486213.500000 4207257.600000 52331.0
486243.100000 4207098.000000 52361.0
486443.100000 4207056.600000 52391.0
486618.700000 4207038.500000 52421.0
486518.500000 4207009.900000 52451.0
486487.700000 4207010.000000 52481.0
486450.000000 4206999.000000 52511.0
486478.000000 4206912.600000 52541.0
486778.200000 4206883.400000 52571.0
486980.900000 4206864.000000 52601.0
487108.100000 4206806.200000 52631.0
487307.000000 4206611.700000 52661.0
487456.000000 4206493.800000 52691.0
487522.500000 4206375.200000 52721.0
487756.800000 4206323.600000 52751.0
487869.100000 4206294.600000 52781.0
487920.900000 4206278.900000 52811.0
487982.300000 4206261.000000 52841.0
488105.100000 4206227.400000 52871.0
488139.300000 4206229.500000 52901.0
488295.500000 4206188.200000 52931.0
488594.800000 4206123.500000 52961.0
488869.400000 4206017.700000 52991.0
489144.100000 4205966.100000 53021.0
489181.800000 4205962.700000 53051.0
489253.800000 4205958.400000 53081.0
489264.400000 4205954.100000 53111.0
489299.400000 4205887.600000 53141.0
489331.100000 4205882.100000 53171.0
489373.300000 4205875.200000 53201.0
489460.100000 4205810.800000 53231.0
489690.100000 4205747.400000 53261.0
489753.300000 4205786.300000 53291.0
489888.400000 4205809.400000 53321.0
489952.600000 4205820.300000 53351.0
489786.600000 4205793.900000 53381.0
489730.300000 4205730.900000 53411.0
489512.700000 4205804.400000 53441.0
489391.400000 4205811.300000 53471.0
489382.600000 4205723.700000 53501.0
489334.900000 4205471.900000 53531.0
489360.900000 4205215.400000 53561.0
489411.500000 4204970.300000 53591.0
489468.200000 4204699.300000 53621.0
489535.500000 4204389.900000 53651.0
489590.500000 4204175.600000 53681.0
489657.100000 4204134.500000 53711.0
489963.300000 4203917.800000 53741.0
490383.500000 4203577.900000 53771.0
490774.000000 4203252.400000 53801.0
491165.200000 4202932.400000 53831.0
491473.900000 4202546.100000 53861.0
491549.300000 4202345.400000 53891.0
491564.700000 4202071.500000 53921.0
491579.600000 4202008.400000 53951.0
491827.200000 4202001.400000 53981.0
491835.700000 4201847.400000 54011.0
491769.000000 4201729.800000 54041.0
491751.400000 4201731.000000 54071.0
491653.900000 4201770.100000 54101.0
491646.900000 4201766.700000 54131.0
491632.000000 4201790.000000 54191.0
491605.800000 4201950.900000 54221.0
491571.900000 4202222.600000 54251.0
491481.800000 4202560.000000 54281.0
491262.500000 4202862.000000 54311.0
490922.900000 4203137.500000 54341.0
490549.200000 4203441.800000 54371.0
490186.900000 4203755.000000 54401.0
489812.200000 4204026.400000 54431.0
489609.600000 4204162.900000 54461.0
489485.900000 4204214.300000 54491.0
489138.500000 4204461.000000 54521.0
488884.200000 4204675.500000 54551.0
488877.200000 4204682.300000 54581.0
488728.500000 4204478.500000 54611.0
488442.300000 4204489.100000 54641.0
488235.800000 4204371.700000 54671.0
488024.600000 4204068.100000 54701.0
487970.900000 4203993.700000 54731.0
487799.900000 4204079.400000 54761.0
487504.200000 4204242.000000 54791.0
487197.900000 4204412.200000 54821.0
486908.400000 4204573.500000 54851.0
486619.800000 4204733.500000 54881.0
486579.500000 4204755.600000 54911.0
486577.800000 4204756.800000 54941.0
486562.000000 4204744.600000 54971.0
486570.700000 4204707.800000 55001.0
486600.400000 4204631.100000 55031.0
486650.300000 4204529.900000 55061.0
486693.900000 4204369.000000 55091.0
486709.400000 4204235.600000 55121.0
486720.000000 4204224.600000 55151.0
486810.300000 4204163.500000 55181.0
486845.300000 4204043.700000 55211.0
486934.900000 4204047.800000 55241.0
486940.100000 4204040.100000 55271.0
486967.400000 4204042.200000 56201.0
487068.600000 4204152.900000 56231.0
487194.500000 4204382.600000 56261.0
487299.800000 4204346.800000 56291.0
487549.000000 4204212.300000 56321.0
487820.100000 4204055.300000 56351.0
487986.100000 4204024.200000 56381.0
488114.600000 4204272.400000 56411.0
488364.200000 4204475.200000 56441.0
488641.600000 4204394.800000 56471.0
488839.600000 4204665.500000 56501.0
488844.800000 4204669.700000 56531.0
488916.000000 4204638.700000 56561.0
489223.000000 4204385.200000 56591.0
489549.300000 4204185.000000 56621.0
489572.100000 4204181.600000 56651.0
489526.700000 4204420.300000 56681.0
489452.400000 4204773.400000 56711.0
489368.700000 4205167.600000 56741.0
489349.900000 4205546.000000 56771.0
489396.800000 4205799.000000 56801.0
489599.600000 4205791.200000 56831.0
489761.900000 4205689.800000 56861.0
489909.300000 4205626.600000 56891.0
490147.300000 4205638.500000 56921.0
490390.200000 4205426.200000 56951.0
490467.300000 4205377.400000 56981.0
490481.400000 4205371.900000 57011.0
490433.200000 4205398.600000 61361.0
490270.900000 4205543.200000 61391.0
490151.700000 4205646.600000 61421.0
489880.300000 4205616.900000 61451.0
489776.800000 4205699.100000 61481.0
489606.600000 4205808.100000 61511.0
489401.200000 4205824.800000 61541.0
489296.700000 4205883.800000 61571.0
489289.800000 4205948.200000 61601.0
489257.300000 4205955.000000 61631.0
489221.300000 4205957.100000 61661.0
489172.100000 4205961.400000 61691.0
489091.400000 4205964.900000 61721.0
489087.000000 4205964.900000 61751.0
489014.200000 4205984.100000 61781.0
488970.400000 4205997.200000 61811.0
488931.700000 4206010.400000 61841.0
488838.600000 4206046.100000 61871.0
488814.900000 4206055.000000 61901.0
488692.900000 4206106.400000 61931.0
488616.500000 4206124.300000 61961.0
488377.000000 4206177.900000 61991.0
488158.600000 4206228.200000 62021.0
488081.400000 4206240.600000 62051.0
487911.100000 4206285.300000 62081.0
487783.100000 4206318.900000 62111.0
487611.000000 4206356.000000 62141.0
487509.200000 4206371.800000 62171.0
487434.600000 4206389.700000 62201.0
487274.100000 4206446.600000 62231.0
487046.000000 4206529.100000 62261.0
486721.300000 4206602.800000 62291.0
486647.600000 4206618.600000 62321.0
486496.700000 4206649.800000 62351.0
486314.000000 4206686.900000 62381.0
486029.600000 4206730.500000 62411.0
485591.900000 4206892.100000 62441.0
485334.100000 4206994.600000 62471.0
485271.800000 4207010.400000 62501.0
485257.800000 4207012.500000 62531.0
485240.200000 4207016.800000 62561.0
485214.700000 4207022.300000 62591.0
485102.100000 4206870.600000 62621.0
484916.500000 4206656.700000 62651.0
484786.500000 4206578.200000 62681.0
484685.400000 4206519.600000 62711.0
484640.600000 4206485.400000 62741.0
484667.700000 4206383.300000 62771.0
484707.100000 4206321.100000 62801.0
484764.000000 4206212.200000 62831.0
484597.000000 4206103.700000 62861.0
484535.500000 4206059.400000 62891.0
484529.300000 4206059.400000 62921.0
484480.000000 4206041.700000 62951.0
484286.000000 4206081.000000 62981.0
484197.100000 4205974.500000 63011.0
484121.400000 4205873.500000 63041.0
483955.000000 4205636.400000 63071.0
483819.500000 4205473.700000 63101.0
483572.600000 4205344.300000 63131.0
483343.300000 4205239.300000 63161.0
483229.900000 4205162.900000 63191.0
483038.000000 4204942.400000 63221.0
482863.800000 4204751.900000 63251.0
482630.000000 4204671.500000 63281.0
482538.700000 4204678.500000 63311.0
482473.100000 4204739.600000 63341.0
482400.100000 4204697.400000 63371.0
482297.300000 4204637.500000 63401.0
482240.100000 4204603.400000 63431.0
482006.200000 4204478.600000 63461.0
481810.300000 4204411.300000 63491.0
481713.600000 4204386.100000 63521.0
481777.200000 4204165.000000 63551.0
481584.700000 4204040.200000 63581.0
481298.100000 4203875.300000 63611.0
481240.900000 4203842.000000 63641.0
480941.000000 4203686.100000 63671.0
480802.600000 4203786.300000 63701.0
480966.100000 4203495.200000 63731.0
481222.500000 4203106.000000 63761.0
481500.900000 4202755.800000 63791.0
481723.600000 4202539.000000 63821.0
481597.500000 4202338.700000 63851.0
481411.500000 4202053.000000 63881.0
481334.500000 4201755.600000 63911.0
480026.400000 4200953.200000 64031.0
480081.100000 4200726.700000 64061.0
478544.300000 4200627.200000 64301.0
478329.300000 4200740.800000 64331.0
478172.300000 4200810.200000 64361.0
478098.700000 4200843.800000 64391.0
478051.300000 4200866.000000 64421.0
477758.900000 4200600.500000 64451.0
477573.500000 4200556.600000 64481.0
477478.100000 4200385.900000 64511.0
477532.800000 4200152.500000 64541.0
477384.800000 4200031.000000 64571.0
477173.100000 4200053.600000 64601.0
477006.900000 4200018.500000 64631.0
476985.800000 4200008.400000 64661.0
476984.900000 4200007.100000 64691.0
476953.200000 4199994.100000 64721.0
476953.200000 4199992.000000 64751.0
476939.100000 4199989.900000 64811.0
476736.100000 4199948.200000 64901.0
476601.100000 4199725.500000 64931.0
476376.600000 4199600.900000 64961.0
476102.200000 4199497.500000 64991.0
475996.100000 4199279.400000 65021.0
475991.700000 4199263.800000 65051.0
475980.200000 4199228.300000 65081.0
475812.000000 4199061.200000 65111.0
475963.600000 4198915.500000 65141.0
475922.800000 4198779.400000 65171.0
475752.800000 4198673.200000 65201.0
475652.400000 4198587.200000 65231.0
475601.200000 4198505.200000 65261.0
475637.000000 4198419.600000 65291.0
475474.300000 4198404.400000 65321.0
475446.500000 4198238.200000 65351.0
475327.800000 4197938.900000 65381.0
475269.300000 4197790.500000 65411.0
475140.200000 4197821.800000 65441.0
475060.000000 4197756.400000 65471.0
474853.600000 4197790.500000 65501.0
474660.500000 4197817.700000 65531.0
474429.100000 4197752.800000 65561.0
474408.800000 4197747.400000 65591.0
474217.900000 4197687.900000 65621.0
474144.900000 4197664.800000 65651.0
474066.500000 4197646.000000 65681.0
473968.000000 4197610.800000 65711.0
473914.300000 4197594.500000 65741.0
473839.500000 4197573.500000 65771.0
473836.000000 4197572.300000 65801.0
473704.500000 4197386.500000 65861.0
473647.700000 4197235.500000 65891.0
473814.300000 4197144.000000 65921.0
473938.000000 4197074.600000 65951.0
473993.000000 4196963.600000 65981.0
474082.600000 4196680.600000 66011.0
474071.400000 4196491.800000 66041.0
474088.200000 4196495.100000 66071.0
474227.100000 4196505.700000 66101.0
474267.900000 4196657.500000 66131.0
474349.200000 4196805.000000 66161.0
474593.800000 4196863.100000 66191.0
474611.600000 4196926.100000 66221.0
474631.700000 4196858.300000 66251.0
474739.100000 4196904.500000 66281.0
474940.600000 4196951.700000 66311.0
475177.300000 4197055.100000 66341.0
475280.900000 4196999.400000 66371.0
475385.000000 4196842.500000 66401.0
475379.700000 4196802.700000 66431.0
475293.800000 4196599.800000 66461.0
475134.000000 4196362.800000 66491.0
474916.900000 4196118.400000 66521.0
474726.600000 4195928.100000 66551.0
474709.700000 4195908.300000 66581.0
474672.700000 4195869.500000 66611.0
474667.500000 4195866.100000 66641.0
474693.600000 4195779.700000 66671.0
474885.700000 4195659.300000 66701.0
474962.000000 4195602.400000 66731.0
475071.700000 4195574.100000 66761.0
475191.800000 4195478.500000 66791.0
475383.200000 4195391.600000 66821.0
475531.500000 4195287.900000 66851.0
475647.400000 4195268.500000 66881.0
476026.500000 4195317.300000 66911.0
476348.200000 4195277.400000 66941.0
476561.900000 4195307.700000 66971.0
476794.500000 4195225.000000 67001.0
476797.200000 4195223.700000 67031.0
477057.400000 4195198.400000 67061.0
477234.000000 4195171.300000 67091.0
477465.200000 4195138.500000 67121.0
477742.100000 4195136.400000 67151.0
477795.800000 4195138.400000 67181.0
477877.500000 4195092.900000 67211.0
477878.500000 4194841.100000 67241.0
477874.000000 4194482.600000 67271.0
478056.800000 4194398.700000 67301.0
478103.700000 4194189.100000 67331.0
478116.200000 4193940.600000 67361.0
478171.900000 4193692.000000 67391.0
478185.900000 4193629.800000 67421.0
478228.100000 4193620.800000 67451.0
478467.300000 4193626.900000 67481.0
478672.200000 4193642.900000 67511.0
478731.100000 4193646.100000 67541.0
478788.300000 4193626.900000 67571.0
478799.500000 4193561.300000 67601.0
478810.700000 4193495.700000 67631.0
478826.300000 4193413.500000 67661.0
478880.500000 4193290.200000 67691.0
