478903.200000 4193249.900000 19024.0
478911.700000 4193169.900000 19054.0
478883.300000 4193102.300000 19084.0
478929.300000 4192833.800000 19114.0
478994.500000 4192574.200000 19144.0
479052.500000 4192231.200000 19174.0
479080.600000 4191830.800000 19204.0
479138.400000 4191415.800000 19234.0
479283.400000 4191041.700000 19264.0
479443.300000 4190667.600000 19294.0
479543.600000 4190312.300000 19324.0
479538.200000 4189898.400000 19354.0
479400.800000 4189484.800000 19384.0
479360.100000 4189365.100000 19414.0
479358.400000 4189363.800000 19444.0
479369.500000 4189248.200000 19474.0
479507.300000 4188776.400000 19504.0
479620.800000 4188399.900000 19534.0
479707.300000 4188155.400000 19564.0
479753.600000 4188019.900000 19594.0
479816.800000 4187969.800000 19624.0
480076.700000 4187776.200000 19654.0
480341.700000 4187475.900000 19684.0
480543.900000 4187375.500000 19714.0
480903.400000 4187254.900000 19744.0
480980.500000 4187115.900000 19774.0
480981.300000 4187114.600000 19804.0
481096.600000 4187114.400000 19834.0
481491.200000 4187238.800000 19864.0
481710.100000 4187215.000000 19894.0
481838.500000 4187194.800000 19924.0
482188.600000 4187126.300000 19954.0
482459.500000 4187068.200000 19984.0
482621.700000 4187150.000000 20014.0
482919.600000 4187383.400000 20044.0
483211.200000 4187609.200000 20074.0
483569.100000 4187879.400000 20104.0
483866.900000 4188108.600000 20134.0
484131.300000 4188329.900000 20164.0
484499.600000 4188570.000000 20194.0
484808.900000 4188874.600000 20224.0
484962.700000 4189300.500000 20254.0
485208.800000 4189628.500000 20284.0
485624.300000 4189763.200000 20314.0
485990.500000 4189939.100000 20344.0
486243.400000 4190174.900000 20374.0
486504.100000 4190363.200000 20404.0
486811.700000 4190705.500000 20434.0
487167.600000 4191083.300000 20464.0
487300.600000 4191199.500000 20494.0
487564.900000 4191431.100000 20524.0
487835.200000 4191613.900000 20554.0
487998.100000 4191723.700000 20584.0
488029.000000 4191750.400000 20614.0
488310.800000 4191990.800000 20644.0
488654.300000 4192334.400000 20674.0
488995.900000 4192673.400000 20704.0
489325.300000 4193033.600000 20734.0
489447.200000 4193413.100000 20764.0
489620.700000 4193591.400000 20794.0
489963.400000 4193404.800000 20824.0
490416.800000 4193173.600000 20854.0
490944.300000 4193082.000000 20884.0
491455.100000 4193008.200000 20914.0
491961.500000 4192945.500000 20944.0
492471.500000 4192846.400000 20974.0
492986.700000 4192780.400000 21004.0
493198.700000 4192759.000000 21034.0
493217.100000 4192757.800000 21064.0
493486.100000 4192727.500000 21094.0
493573.100000 4192694.000000 21124.0
493574.800000 4192694.000000 21154.0
493712.000000 4192692.600000 21334.0
493820.200000 4192701.400000 21364.0
493950.300000 4192631.500000 21394.0
493970.600000 4192612.400000 21424.0
494129.800000 4192628.000000 21454.0
494425.500000 4192887.200000 21484.0
494711.400000 4193041.100000 21514.0
494928.600000 4193207.300000 21544.0
495166.300000 4193583.400000 21574.0
495496.200000 4193813.900000 21604.0
495792.700000 4194184.500000 21634.0
496156.900000 4194514.100000 21664.0
496409.500000 4194988.800000 21694.0
496618.100000 4195420.500000 21724.0
497030.500000 4195741.100000 21754.0
497423.600000 4196059.300000 21784.0
497732.200000 4196512.900000 21814.0
497865.100000 4197008.900000 21844.0
498046.200000 4197522.700000 21874.0
498273.000000 4197510.400000 21904.0
498720.400000 4197341.900000 21934.0
499080.800000 4197501.400000 21964.0
499356.700000 4197647.800000 21994.0
499609.800000 4197491.200000 22024.0
499923.600000 4197643.100000 22054.0
500303.300000 4197886.100000 22084.0
500630.100000 4198066.800000 22114.0
500891.000000 4198257.700000 22144.0
500851.400000 4198656.000000 22174.0
500660.700000 4199017.900000 22204.0
500537.600000 4199388.600000 22234.0
500536.800000 4199820.300000 22264.0
500434.800000 4200284.200000 22294.0
500368.100000 4200663.900000 22324.0
500343.500000 4201187.400000 22354.0
500379.400000 4201696.600000 22384.0
500490.200000 4202133.800000 22414.0
500271.500000 4202154.900000 22444.0
499861.400000 4202040.700000 22474.0
499430.200000 4201927.700000 22504.0
498957.600000 4201812.200000 22534.0
498550.900000 4201594.700000 22564.0
498383.200000 4201432.600000 22594.0
498160.000000 4201223.100000 22624.0
497758.500000 4201034.400000 22654.0
497335.900000 4200927.100000 22684.0
496865.900000 4201090.200000 22714.0
496311.600000 4200982.900000 22744.0
495780.100000 4200967.500000 22774.0
495216.200000 4201036.800000 22804.0
494700.500000 4201104.800000 22834.0
494147.100000 4201092.000000 22864.0
493606.800000 4201059.000000 22894.0
493429.600000 4201271.200000 22924.0
493196.200000 4201677.300000 22954.0
492806.300000 4201809.600000 22984.0
492345.200000 4201949.700000 23014.0
491921.800000 4201959.000000 23044.0
491703.900000 4201894.900000 23074.0
491602.200000 4202001.600000 23104.0
491537.600000 4202426.700000 23134.0
491283.400000 4202840.900000 23164.0
491000.100000 4203069.700000 23194.0
490743.000000 4203278.700000 23224.0
490494.600000 4203482.100000 23254.0
490237.600000 4203706.700000 23284.0
490074.500000 4203839.000000 23314.0
489893.700000 4203964.500000 23344.0
489577.000000 4204247.600000 23374.0
489494.100000 4204618.500000 23404.0
489396.300000 4205062.600000 23434.0
489349.500000 4205508.700000 23464.0
489385.100000 4205810.500000 23494.0
489386.000000 4205888.400000 23524.0
489385.200000 4205917.100000 23554.0
489384.400000 4205918.400000 23584.0
489512.500000 4205933.900000 23614.0
489667.000000 4205891.400000 23644.0
489701.100000 4205862.600000 23674.0
489839.800000 4205875.500000 23704.0
489928.600000 4205888.500000 23734.0
489921.400000 4205818.700000 23764.0
489802.000000 4205813.300000 23794.0
489764.200000 4205704.600000 23824.0
489921.300000 4205716.700000 23854.0
490179.300000 4205617.800000 23884.0
490431.900000 4205393.100000 23914.0
490470.500000 4205357.500000 23944.0
490335.500000 4205473.300000 23974.0
490121.600000 4205687.700000 24004.0
489923.100000 4205696.800000 24034.0
489749.300000 4205718.200000 24064.0
489515.800000 4205796.300000 24094.0
489394.600000 4205821.000000 24124.0
489392.000000 4205865.500000 24154.0
489389.300000 4205867.600000 24184.0
489392.100000 4205921.800000 24214.0
489390.400000 4205921.800000 24244.0
489171.900000 4205947.500000 24274.0
488812.000000 4206032.200000 24304.0
488626.900000 4206100.100000 24334.0
488576.800000 4206113.300000 24364.0
488244.200000 4206189.100000 24394.0
487869.500000 4206284.900000 24424.0
487628.200000 4206394.000000 24454.0
487666.300000 4206732.600000 24484.0
487591.200000 4206992.200000 24514.0
487595.900000 4207216.500000 24544.0
487589.000000 4207314.200000 24574.0
487421.500000 4207347.900000 24604.0
487419.800000 4207351.300000 24634.0
487380.000000 4207153.700000 24694.0
487363.900000 4206921.800000 24724.0
487329.300000 4206656.500000 24754.0
487119.800000 4206802.000000 24784.0
486993.400000 4206861.000000 24814.0
486991.800000 4206859.700000 24844.0
486929.500000 4206864.100000 24874.0
486618.000000 4206902.200000 24904.0
486528.500000 4206990.000000 24934.0
486495.200000 4206993.400000 24964.0
486487.300000 4206994.700000 24994.0
486322.300000 4207005.200000 25024.0
486236.400000 4207130.600000 25054.0
486190.100000 4207278.400000 25084.0
486272.300000 4207533.500000 25114.0
486052.900000 4207617.200000 25144.0
485854.700000 4207731.800000 25174.0
485831.000000 4207762.800000 25204.0
485822.300000 4207764.900000 25234.0
485730.800000 4207597.400000 25264.0
485558.200000 4207825.000000 25294.0
485583.200000 4208024.800000 25324.0
485638.600000 4208135.600000 25354.0
485349.200000 4208254.600000 25384.0
485234.300000 4208317.900000 25414.0
485190.400000 4208287.900000 25444.0
485131.500000 4208233.800000 25474.0
484882.900000 4208135.600000 25504.0
484556.300000 4208058.400000 25534.0
484158.600000 4207985.900000 25564.0
483757.200000 4207870.300000 25594.0
483565.000000 4207822.800000 25624.0
483406.800000 4207780.800000 25654.0
483297.200000 4207803.100000 25684.0
483368.500000 4207860.500000 25714.0
483381.700000 4207867.200000 25744.0
483386.900000 4207867.200000 25774.0
483374.700000 4207883.700000 41434.0
483374.900000 4207984.900000 41464.0
483274.800000 4207994.000000 41494.0
483177.100000 4207862.100000 41524.0
483065.300000 4207694.800000 41554.0
483006.500000 4207678.400000 41584.0
483002.100000 4207677.100000 41614.0
482955.600000 4207664.100000 41644.0
482952.100000 4207662.000000 41674.0
482902.400000 4207433.500000 41764.0
482851.600000 4207099.700000 41794.0
482718.100000 4207046.600000 41824.0
482497.600000 4207006.000000 41854.0
482490.100000 4206753.000000 41884.0
482519.300000 4206479.000000 41914.0
482529.800000 4206449.000000 41944.0
482388.300000 4206362.900000 41974.0
482106.200000 4206264.900000 42004.0
482039.500000 4206238.400000 42034.0
481904.200000 4206166.700000 42064.0
481942.700000 4206075.700000 42094.0
481943.300000 4205958.000000 42124.0
481821.800000 4205837.200000 42154.0
481942.700000 4205685.000000 42184.0
482180.100000 4205428.000000 42214.0
482309.600000 4205213.500000 42244.0
482265.100000 4204907.200000 42274.0
482183.000000 4204769.800000 42304.0
482245.900000 4204637.600000 42334.0
482022.500000 4204499.300000 42364.0
481794.900000 4204405.400000 42394.0
481639.400000 4204374.900000 42424.0
481401.300000 4204345.300000 42454.0
481384.100000 4204131.200000 42484.0
481614.900000 4204086.200000 42514.0
481347.600000 4203906.100000 42544.0
481067.100000 4203741.300000 42574.0
480833.600000 4203782.900000 42604.0
480707.400000 4203926.200000 42634.0
480677.700000 4203947.400000 42664.0
480665.700000 4203688.000000 42694.0
480544.200000 4203591.800000 42724.0
480164.200000 4203339.600000 42754.0
479831.500000 4203402.600000 42784.0
479782.300000 4203407.000000 42814.0
479777.900000 4203408.300000 42844.0
479734.000000 4203389.300000 42874.0
479570.300000 4203242.000000 42904.0
479543.900000 4203215.400000 42934.0
479524.600000 4203202.300000 42964.0
479498.300000 4203177.900000 42994.0
479386.300000 4203030.400000 43084.0
479346.200000 4202786.300000 43114.0
479328.500000 4202757.600000 43144.0
479254.400000 4202600.300000 43174.0
479088.600000 4202695.100000 43204.0
479003.300000 4202664.400000 43234.0
479022.600000 4202663.100000 43264.0
479019.100000 4202702.100000 43294.0
478864.600000 4202744.800000 43324.0
478857.600000 4202749.000000 43354.0
478842.700000 4202771.100000 43384.0
478864.800000 4202815.500000 43414.0
478861.300000 4202818.900000 43444.0
478876.300000 4202859.900000 43474.0
478876.300000 4202866.700000 43504.0
478889.600000 4202885.700000 43534.0
478991.300000 4203152.900000 43564.0
479048.700000 4203267.000000 43594.0
479052.300000 4203274.600000 43624.0
479075.100000 4203302.500000 43654.0
479348.600000 4203432.600000 43684.0
479490.900000 4203465.700000 43714.0
479675.400000 4203479.600000 43744.0
479896.500000 4203418.100000 43774.0
480259.100000 4203410.500000 43804.0
480401.600000 4203508.800000 43834.0
480439.300000 4203526.500000 43864.0
480449.900000 4203526.400000 43894.0
480488.600000 4203549.600000 43924.0
480559.800000 4203596.800000 44077.0
480567.600000 4203600.200000 44107.0
480598.500000 4203624.700000 44167.0
480598.500000 4203624.700000 44197.0
480659.300000 4203673.200000 44227.0
480665.500000 4203678.700000 44257.0
480690.100000 4203698.500000 44287.0
480696.400000 4203702.800000 44317.0
480728.900000 4203728.100000 44347.0
480735.100000 4203733.600000 44377.0
480758.900000 4203752.600000 44407.0
480759.800000 4203753.800000 44437.0
480670.700000 4203991.500000 44467.0
480440.500000 4204318.400000 44497.0
480322.400000 4204504.900000 44527.0
480282.300000 4204608.200000 44557.0
480216.000000 4204744.700000 44587.0
480215.100000 4204746.000000 44617.0
480145.300000 4204910.300000 44647.0
480222.800000 4205022.300000 44677.0
480271.300000 4205136.500000 44707.0
480381.400000 4205293.700000 44737.0
480381.400000 4205291.600000 44767.0
480384.100000 4205309.300000 44797.0
480489.100000 4205502.100000 44827.0
480634.500000 4205735.800000 44857.0
480730.500000 4205893.000000 44887.0
480851.600000 4205866.100000 44917.0
480960.900000 4206043.200000 44947.0
481062.200000 4206209.300000 44977.0
481076.400000 4206233.800000 45007.0
481128.300000 4206323.400000 45037.0
481145.100000 4206358.900000 45067.0
481282.700000 4206610.400000 45097.0
481383.400000 4206857.800000 45127.0
481530.100000 4206884.100000 45157.0
481758.100000 4206766.000000 45187.0
481928.500000 4206822.300000 45217.0
482130.600000 4206927.300000 45247.0
482355.500000 4207002.100000 45277.0
482502.300000 4207072.900000 45307.0
482820.800000 4206997.700000 45337.0
482869.600000 4207285.000000 45367.0
482792.700000 4207415.100000 45397.0
482779.800000 4207587.000000 45427.0
482834.300000 4207613.500000 45457.0
482869.400000 4207620.200000 45487.0
483171.600000 4207703.900000 45517.0
483461.400000 4207789.600000 45547.0
483450.200000 4207865.000000 45577.0
483402.900000 4207886.200000 45607.0
483402.900000 4207890.500000 45637.0
483424.800000 4207874.800000 47527.0
483503.700000 4207829.300000 47557.0
483627.400000 4207832.500000 47587.0
484004.100000 4207922.700000 47617.0
484346.600000 4208002.000000 47647.0
484384.200000 4207930.000000 47677.0
484552.600000 4207840.800000 47707.0
484559.600000 4207828.500000 47737.0
484582.200000 4207743.000000 47767.0
484517.100000 4207661.000000 47797.0
484562.700000 4207615.600000 47827.0
484662.700000 4207557.900000 47857.0
484814.100000 4207318.000000 47887.0
484971.900000 4207182.300000 47917.0
484996.500000 4207178.000000 47947.0
485015.800000 4207192.400000 47977.0
485091.400000 4207245.600000 48067.0
485096.600000 4207246.800000 48097.0
485090.600000 4207348.000000 48127.0
485133.800000 4207442.300000 48157.0
485244.700000 4207581.800000 48187.0
485439.200000 4207822.300000 48217.0
485327.900000 4207966.800000 48247.0
485464.800000 4207915.300000 48277.0
485716.200000 4207579.700000 48307.0
486028.300000 4207452.600000 48337.0
486198.500000 4207393.500000 48367.0
486174.500000 4207251.300000 48397.0
486217.300000 4207104.800000 48427.0
486274.200000 4207023.900000 48457.0
486275.100000 4207022.600000 48487.0
486343.500000 4207009.400000 48517.0
486483.200000 4207001.500000 48547.0
486489.400000 4207001.500000 48577.0
486610.500000 4206941.200000 48607.0
486829.900000 4206871.900000 48637.0
486977.400000 4206862.700000 48667.0
487068.600000 4206855.800000 48697.0
487222.900000 4206690.100000 48727.0
487364.800000 4206548.900000 48757.0
487343.600000 4206443.600000 48787.0
487345.200000 4206440.200000 48817.0
487427.700000 4206377.800000 48847.0
487662.900000 4206338.500000 48877.0
487974.400000 4206259.400000 48907.0
488302.600000 4206173.400000 48937.0
488537.800000 4206121.000000 48967.0
488688.800000 4206084.000000 48997.0
489008.200000 4205976.000000 49027.0
489067.900000 4205962.800000 49057.0
489153.200000 4205960.600000 49087.0
489200.600000 4205959.300000 49117.0
489245.300000 4205957.900000 49147.0
489376.900000 4205954.400000 49177.0
489376.000000 4205892.200000 49207.0
489376.800000 4205885.400000 49237.0
489474.200000 4205814.200000 49267.0
489705.000000 4205741.900000 49297.0
489788.500000 4205800.700000 49327.0
489913.100000 4205830.600000 49357.0
489922.800000 4205829.300000 49387.0
489736.700000 4205793.900000 49417.0
489657.600000 4205757.200000 49447.0
489521.400000 4205726.500000 49477.0
489536.000000 4205463.600000 49507.0
489338.400000 4205448.200000 49537.0
489370.500000 4205149.800000 49567.0
489458.700000 4204743.800000 49597.0
489542.500000 4204358.500000 49627.0
489578.300000 4204203.100000 49657.0
489660.800000 4204131.100000 49687.0
490072.300000 4203839.800000 49717.0
490454.000000 4203517.700000 49747.0
490832.200000 4203205.300000 49777.0
491199.900000 4202904.400000 49807.0
491476.300000 4202545.700000 49837.0
491562.000000 4202150.700000 49867.0
491592.600000 4201955.500000 49897.0
491619.800000 4201828.100000 49927.0
491799.900000 4201831.300000 49957.0
491759.400000 4201718.300000 49987.0
491757.700000 4201715.000000 50017.0
491687.500000 4201738.300000 50047.0
491641.800000 4201769.200000 50077.0
491639.100000 4201769.200000 50107.0
491617.300000 4201879.300000 50167.0
491571.900000 4202211.200000 50197.0
491436.200000 4202657.400000 50227.0
491075.500000 4203009.500000 50257.0
490685.100000 4203327.400000 50287.0
490349.100000 4203609.700000 50317.0
490089.400000 4203828.400000 50347.0
490193.100000 4203899.300000 50377.0
490370.700000 4204070.100000 50407.0
490508.700000 4204183.000000 50437.0
490513.900000 4204180.900000 50467.0
490513.900000 4204180.900000 50497.0
490487.600000 4204178.800000 50527.0
490326.800000 4204046.900000 50557.0
490164.100000 4203854.100000 50587.0
490059.600000 4203852.100000 50617.0
489804.200000 4204029.800000 50647.0
489623.500000 4204155.300000 50677.0
489365.500000 4204291.000000 50707.0
489102.300000 4204489.000000 50737.0
489015.500000 4204562.400000 50767.0
488919.000000 4204644.600000 50797.0
488888.200000 4204672.600000 50827.0
488852.200000 4204681.500000 50857.0
488677.200000 4204407.900000 50887.0
488403.300000 4204502.700000 50917.0
488168.500000 4204319.700000 50947.0
487992.400000 4204013.600000 50977.0
487829.200000 4204056.100000 51007.0
487511.500000 4204238.600000 51037.0
487165.000000 4204432.100000 51067.0
486733.400000 4204671.500000 51097.0
486568.400000 4204762.800000 51127.0
486566.800000 4204764.100000 51157.0
486569.400000 4204708.600000 51187.0
486665.600000 4204483.300000 51217.0
486699.600000 4204351.200000 51247.0
486712.600000 4204226.700000 51277.0
486717.800000 4204214.400000 51307.0
486768.700000 4204189.000000 51337.0
486827.200000 4204037.800000 51367.0
486884.300000 4204037.700000 51397.0
486888.700000 4204037.700000 51427.0
486941.400000 4204041.000000 54067.0
487017.800000 4204039.600000 54097.0
487016.200000 4204048.500000 54127.0
487081.300000 4204182.500000 54217.0
487189.700000 4204380.900000 54247.0
487373.100000 4204302.700000 54277.0
487650.400000 4204153.700000 54307.0
487925.900000 4204004.800000 54337.0
488066.700000 4204167.500000 54367.0
488276.100000 4204420.300000 54397.0
488543.000000 4204421.200000 54427.0
488797.800000 4204583.800000 54457.0
488866.400000 4204676.800000 54487.0
489177.800000 4204419.900000 54517.0
489542.800000 4204182.000000 54547.0
489573.600000 4204219.700000 54577.0
489514.200000 4204496.100000 54607.0
489425.900000 4204896.600000 54637.0
489337.700000 4205299.700000 54667.0
489451.100000 4205451.500000 54697.0
489520.600000 4205612.200000 54727.0
489598.900000 4205707.400000 54757.0
489666.700000 4205749.600000 54787.0
489759.700000 4205683.900000 54817.0
489779.900000 4205686.000000 54847.0
490056.600000 4205706.800000 54877.0
490292.500000 4205506.700000 54907.0
490463.500000 4205371.100000 54937.0
490472.200000 4205371.100000 54967.0
490400.200000 4205417.700000 57667.0
490184.400000 4205610.100000 57697.0
489988.800000 4205708.100000 57727.0
489815.800000 4205687.200000 57757.0
489678.100000 4205769.500000 57787.0
489593.900000 4205799.600000 57817.0
489402.500000 4205813.000000 57847.0
489339.400000 4205874.000000 57877.0
489289.500000 4205945.200000 57907.0
489004.200000 4205974.300000 57937.0
488751.400000 4206067.000000 57967.0
488482.900000 4206138.400000 57997.0
488283.700000 4206183.200000 58027.0
488181.100000 4206206.600000 58057.0
487770.400000 4206315.900000 58087.0
487629.100000 4206344.100000 58117.0
487361.400000 4206396.600000 58147.0
487036.800000 4206524.500000 58177.0
486784.000000 4206585.000000 58207.0
486574.300000 4206629.700000 58237.0
486487.400000 4206645.500000 58267.0
486349.700000 4206673.700000 58297.0
486163.700000 4206704.900000 58327.0
486154.000000 4206706.200000 58357.0
485992.500000 4206728.500000 58387.0
485925.800000 4206738.800000 58417.0
485796.000000 4206762.300000 58447.0
485736.900000 4206626.100000 58477.0
485570.300000 4206701.700000 58507.0
485338.500000 4206654.300000 58537.0
485337.400000 4206498.900000 58567.0
485331.000000 4206405.800000 58597.0
485207.800000 4206216.400000 58627.0
485054.700000 4206041.500000 58657.0
484964.200000 4205970.600000 58687.0
484904.500000 4206038.400000 58717.0
484901.800000 4206034.200000 58747.0
484889.600000 4206044.300000 58897.0
484845.900000 4206101.100000 58927.0
484838.800000 4206105.400000 58957.0
484750.300000 4206193.200000 58987.0
484557.000000 4206071.600000 59017.0
484481.400000 4206021.800000 59047.0
484404.800000 4205911.900000 59077.0
484289.400000 4205750.000000 59107.0
484089.100000 4205612.900000 59137.0
483808.700000 4205444.900000 59167.0
483485.400000 4205314.800000 59197.0
483299.200000 4205219.900000 59227.0
483203.400000 4205131.300000 59257.0
482963.200000 4204854.500000 59287.0
482723.200000 4204690.800000 59317.0
482539.600000 4204678.100000 59347.0
482501.000000 4204722.600000 59377.0
482374.400000 4204672.900000 59407.0
482155.600000 4204546.800000 59437.0
481840.100000 4204415.500000 59467.0
481728.500000 4204367.000000 59497.0
481742.900000 4204139.700000 59527.0
481615.400000 4204068.000000 59557.0
481300.600000 4203871.100000 59587.0
481027.000000 4203715.100000 59617.0
480827.000000 4203787.500000 59647.0
480826.200000 4203787.500000 59677.0
480843.500000 4203671.100000 59707.0
481102.600000 4203279.800000 59737.0
481370.300000 4202867.400000 59767.0
481662.300000 4202657.200000 59797.0
481643.300000 4202369.900000 59827.0
481408.800000 4202022.100000 59857.0
481105.000000 4201726.500000 59887.0
480529.000000 4201777.800000 59917.0
480115.200000 4201712.300000 59947.0
480029.100000 4201719.300000 59977.0
479770.200000 4201846.500000 60007.0
479354.800000 4201883.100000 60037.0
479152.000000 4201931.400000 60067.0
478836.900000 4202008.800000 60097.0
478500.700000 4202091.800000 60127.0
478370.800000 4202127.700000 60157.0
478287.500000 4202149.100000 60187.0
478234.700000 4202158.100000 60217.0
478160.900000 4202126.100000 60247.0
478169.600000 4202099.400000 60277.0
478179.200000 4202090.500000 60307.0
478210.800000 4202042.600000 60337.0
478232.600000 4202002.800000 60367.0
478240.400000 4201981.600000 60397.0
478257.100000 4201961.700000 60427.0
478338.600000 4201862.800000 60457.0
478442.000000 4201719.500000 60487.0
478325.000000 4201656.700000 60517.0
478113.100000 4201597.200000 60547.0
478144.600000 4201526.000000 60577.0
478142.900000 4201523.900000 60607.0
478120.100000 4201534.100000 60637.0
478117.500000 4201534.100000 60667.0
478087.600000 4201541.000000 60697.0
478043.900000 4201593.100000 60727.0
477996.600000 4201621.200000 60757.0
477979.800000 4201605.600000 60787.0
477968.400000 4201603.500000 60817.0
477946.400000 4201587.900000 60847.0
477940.100000 4201571.400000 60877.0
477954.100000 4201542.600000 60907.0
477975.800000 4201429.500000 60937.0
478027.300000 4201340.500000 60967.0
478051.000000 4201310.400000 60997.0
478064.700000 4201179.600000 61027.0
478036.200000 4201026.400000 61057.0
478013.000000 4200873.300000 61087.0
477878.900000 4200677.200000 61117.0
477603.700000 4200579.400000 61147.0
477517.300000 4200487.300000 61177.0
477495.700000 4200321.100000 61207.0
477532.900000 4200121.200000 61237.0
477291.800000 4200026.600000 61267.0
477014.200000 4200043.000000 61297.0
476977.300000 4200024.100000 61327.0
476951.800000 4200014.000000 61357.0
476950.900000 4200011.900000 61387.0
476903.500000 4200012.000000 61417.0
476893.800000 4200008.700000 61447.0
476725.900000 4199949.000000 61507.0
476680.900000 4199865.800000 61537.0
476583.800000 4199721.700000 61567.0
476333.100000 4199614.900000 61597.0
476124.600000 4199532.200000 61627.0
475964.100000 4199619.000000 61657.0
475810.800000 4199471.700000 61687.0
475806.500000 4199470.500000 61717.0
475703.000000 4199559.600000 61747.0
475521.800000 4199476.800000 61777.0
475351.600000 4199297.400000 61807.0
475241.900000 4199329.900000 61837.0
475168.400000 4199400.000000 61867.0
475019.100000 4199394.900000 61897.0
474970.300000 4199236.400000 61927.0
474943.200000 4198979.100000 61957.0
474842.500000 4198811.000000 61987.0
474751.700000 4198710.100000 62017.0
474747.000000 4198608.100000 62047.0
474883.800000 4198494.700000 62077.0
474794.900000 4198145.300000 62107.0
474757.800000 4198063.300000 62137.0
474656.000000 4197849.500000 62167.0
474815.600000 4197741.500000 62197.0
474728.000000 4197529.700000 62227.0
474514.600000 4197308.600000 62257.0
474607.500000 4197213.900000 62287.0
474781.400000 4197197.700000 62317.0
474684.100000 4197000.400000 62347.0
474763.100000 4196964.600000 62377.0
474953.900000 4196961.900000 62407.0
475261.700000 4197046.400000 62437.0
475377.900000 4196804.400000 62467.0
475378.700000 4196804.400000 62497.0
475462.800000 4196738.500000 62527.0
475629.600000 4196658.100000 62557.0
475871.100000 4196577.400000 62587.0
476122.200000 4196527.900000 62617.0
476400.600000 4196446.300000 62647.0
476515.100000 4196194.100000 62677.0
476552.200000 4195968.900000 62707.0
476531.300000 4195769.200000 62737.0
476463.900000 4195537.400000 62767.0
476399.100000 4195319.200000 62797.0
476451.800000 4195282.200000 62827.0
476722.500000 4195249.300000 62857.0
477036.300000 4195204.000000 62887.0
477377.200000 4195151.800000 62917.0
477700.600000 4195135.300000 62947.0
477899.100000 4195071.700000 62977.0
477890.300000 4194745.400000 63007.0
477881.600000 4194413.600000 63037.0
478087.200000 4194380.900000 63067.0
478112.100000 4194150.100000 63097.0
478121.300000 4193946.900000 63127.0
478156.000000 4193763.600000 63157.0
478185.500000 4193636.100000 63187.0
478215.300000 4193614.900000 63217.0
478351.700000 4193614.500000 63247.0
478678.700000 4193622.500000 63277.0
478800.900000 4193600.200000 63307.0
478815.600000 4193505.800000 63337.0
478843.300000 4193309.300000 63367.0
478897.600000 4193242.800000 63397.0
