479132.400000 4198266.500000 18154.0
479016.300000 4198221.500000 18184.0
478915.200000 4198230.700000 18214.0
478688.200000 4198128.000000 18244.0
478680.300000 4198126.700000 18274.0
478678.600000 4198125.500000 18304.0
478484.100000 4198027.400000 18334.0
478396.300000 4198045.400000 18364.0
478397.200000 4198046.600000 18394.0
478368.800000 4197980.300000 18424.0
478061.700000 4197843.500000 18454.0
477844.400000 4197748.900000 18484.0
477658.800000 4197666.000000 18514.0
477492.800000 4197717.700000 18544.0
477421.000000 4197816.500000 18574.0
477412.300000 4197817.800000 18604.0
477378.200000 4197562.600000 18634.0
477373.900000 4197257.500000 18664.0
477345.400000 4197146.700000 18694.0
477344.600000 4197145.400000 18724.0
477341.000000 4197129.800000 18754.0
477287.300000 4197121.000000 18784.0
477282.100000 4197119.800000 18814.0
477166.200000 4197125.600000 19024.0
477185.400000 4197121.300000 19054.0
477217.100000 4197121.200000 19084.0
477217.900000 4197119.900000 19114.0
477232.000000 4197111.000000 19354.0
477349.900000 4197123.800000 19384.0
477364.400000 4196970.500000 19414.0
477366.400000 4196729.700000 19444.0
477370.600000 4196374.600000 19474.0
477375.300000 4196181.600000 19504.0
477421.800000 4196148.000000 19534.0
477657.700000 4195964.100000 19564.0
477923.200000 4195639.600000 19594.0
478055.400000 4195416.200000 19624.0
478175.100000 4195153.900000 19654.0
478264.200000 4194920.500000 19684.0
478221.600000 4194767.400000 19714.0
478215.000000 4194648.900000 19744.0
478275.000000 4194668.600000 19774.0
478343.600000 4194696.300000 19804.0
478461.600000 4194417.500000 19834.0
478513.200000 4194319.600000 19864.0
478668.200000 4194101.700000 19894.0
478829.700000 4193944.700000 19924.0
478568.500000 4193939.800000 19954.0
478286.300000 4193936.300000 19984.0
478132.300000 4193935.500000 20014.0
478019.800000 4193931.500000 20044.0
477748.900000 4193923.400000 20074.0
477632.000000 4193897.000000 20104.0
477631.100000 4193892.800000 20134.0
477632.700000 4193868.300000 20164.0
477660.400000 4193680.700000 20194.0
477659.600000 4193677.300000 20224.0
477685.700000 4193601.900000 20314.0
477667.200000 4193578.700000 20344.0
477791.900000 4193204.600000 20374.0
477903.800000 4192953.700000 20404.0
477667.600000 4192733.400000 20434.0
477570.100000 4192794.600000 20464.0
477467.600000 4192902.400000 20494.0
477483.400000 4192898.200000 20524.0
477636.800000 4192715.700000 20554.0
477814.900000 4192866.400000 20584.0
477939.000000 4192922.700000 20614.0
477992.300000 4192806.200000 20644.0
477995.800000 4192806.200000 20674.0
478251.100000 4192564.700000 20704.0
478482.700000 4192356.700000 20734.0
478632.200000 4192372.800000 20764.0
478788.200000 4192501.100000 20794.0
478951.000000 4192547.200000 20824.0
478987.800000 4192504.800000 20854.0
479043.800000 4192345.900000 20884.0
479062.200000 4191996.300000 20914.0
479096.600000 4191669.900000 20944.0
479193.100000 4191554.100000 20974.0
479473.800000 4191642.300000 21004.0
479500.600000 4191439.100000 21034.0
479515.300000 4191326.900000 21064.0
479649.000000 4191335.400000 21094.0
479636.400000 4191199.200000 21124.0
479660.100000 4191132.700000 21154.0
479638.600000 4191005.300000 21184.0
479556.000000 4191033.500000 21214.0
479358.800000 4190936.200000 21244.0
479269.700000 4190850.100000 21274.0
479300.300000 4190770.000000 21304.0
479301.200000 4190768.700000 21334.0
479315.200000 4190744.100000 21424.0
479299.100000 4190625.700000 21454.0
479297.100000 4190482.600000 21484.0
479385.500000 4190286.000000 21514.0
479158.300000 4190183.300000 21544.0
479040.200000 4190144.700000 21574.0
478939.000000 4190114.900000 21604.0
478620.600000 4190162.200000 21634.0
478568.300000 4190351.100000 21664.0
478575.500000 4190405.300000 21694.0
478577.200000 4190427.300000 21724.0
478657.700000 4190279.400000 21754.0
478632.600000 4190100.800000 21784.0
478913.100000 4190102.200000 21814.0
479116.500000 4189868.500000 21844.0
479305.300000 4189400.800000 21874.0
479319.300000 4189363.900000 21904.0
479376.900000 4189185.200000 21934.0
479513.800000 4188712.100000 21964.0
479632.600000 4188341.000000 21994.0
479751.400000 4187993.200000 22024.0
479829.700000 4187629.100000 22054.0
479807.700000 4187267.200000 22084.0
479807.700000 4187266.000000 22114.0
479820.500000 4187097.500000 22144.0
479826.700000 4187081.800000 22174.0
480126.800000 4187088.700000 22204.0
480185.700000 4187077.600000 22234.0
480512.800000 4187012.500000 22264.0
480935.400000 4187063.500000 22294.0
481008.400000 4187081.100000 22324.0
481246.400000 4187197.000000 22354.0
481524.600000 4187237.400000 22384.0
481712.800000 4187217.100000 22414.0
481774.400000 4187212.700000 22444.0
481885.300000 4187187.900000 22474.0
482022.500000 4187158.900000 22504.0
482132.400000 4187136.600000 22534.0
482230.000000 4187114.400000 22564.0
482267.800000 4187105.400000 22594.0
482326.700000 4187096.400000 22624.0
482477.200000 4187063.900000 22654.0
482618.200000 4187158.900000 22684.0
482925.000000 4187397.800000 22714.0
483237.000000 4187640.100000 22744.0
483592.900000 4187905.600000 22774.0
483985.100000 4188219.700000 22804.0
484379.000000 4188506.300000 22834.0
484770.200000 4188806.100000 22864.0
484819.700000 4188916.900000 22894.0
484895.800000 4189127.600000 22924.0
485065.500000 4189521.300000 22954.0
485523.300000 4189743.500000 22984.0
485982.000000 4189928.100000 23014.0
486318.500000 4190198.400000 23044.0
486601.300000 4190471.800000 23074.0
486912.400000 4190824.300000 23104.0
487232.100000 4191137.800000 23134.0
487313.100000 4191208.800000 23164.0
487363.300000 4191254.000000 23194.0
487587.900000 4191450.100000 23224.0
487844.100000 4191624.100000 23254.0
488040.400000 4191769.000000 23284.0
488302.800000 4191992.900000 23314.0
488653.300000 4192344.100000 23344.0
488807.500000 4192478.100000 23374.0
488923.700000 4192606.600000 23404.0
489023.100000 4192715.200000 23434.0
489117.400000 4192816.300000 23464.0
489236.300000 4192961.300000 23494.0
489379.900000 4193146.500000 23524.0
489436.600000 4193407.100000 23554.0
489443.800000 4193523.500000 23584.0
489398.300000 4193714.500000 23614.0
489090.000000 4193950.200000 23644.0
488820.400000 4194244.700000 23674.0
488761.600000 4194319.300000 23704.0
488747.600000 4194337.100000 23734.0
488705.400000 4194410.300000 23764.0
488651.200000 4194578.900000 23794.0
488674.400000 4194919.500000 23824.0
488672.800000 4194946.200000 23854.0
488663.100000 4194955.100000 23884.0
488682.600000 4195158.200000 24004.0
488697.700000 4195265.700000 24034.0
488721.700000 4195425.300000 24064.0
488789.100000 4195866.600000 24094.0
488865.000000 4196131.900000 24124.0
488907.800000 4196517.000000 24154.0
488812.600000 4196903.100000 24184.0
488756.600000 4197127.500000 24214.0
488680.500000 4197406.100000 24244.0
488577.200000 4197766.900000 24274.0
488428.500000 4198214.000000 24304.0
488300.800000 4198611.200000 24334.0
488200.400000 4199048.500000 24364.0
488047.200000 4199508.000000 24394.0
487862.400000 4199866.800000 24424.0
487718.700000 4200149.700000 24454.0
487549.500000 4200425.100000 24484.0
487490.000000 4200629.200000 24514.0
487469.900000 4200733.300000 24544.0
487383.900000 4200847.700000 24574.0
487441.200000 4200927.600000 24604.0
487433.300000 4200922.100000 24634.0
487422.600000 4200804.500000 24664.0
487527.800000 4200685.800000 24694.0
487703.800000 4200851.000000 24724.0
487903.600000 4201134.700000 24754.0
487868.200000 4201523.300000 24784.0
487851.900000 4201849.700000 24814.0
487761.900000 4202188.400000 24844.0
487752.600000 4202480.100000 24874.0
487788.200000 4202711.900000 24904.0
487914.900000 4202920.400000 24934.0
488128.700000 4203166.400000 24964.0
488236.500000 4203564.600000 24994.0
488085.100000 4203908.900000 25024.0
488006.200000 4204041.100000 25054.0
488151.400000 4204279.600000 25084.0
488308.700000 4204429.200000 25114.0
488513.400000 4204417.900000 25144.0
488742.600000 4204505.200000 25174.0
488838.400000 4204658.300000 25204.0
488841.100000 4204662.500000 25234.0
488746.600000 4204834.500000 25294.0
488586.200000 4205036.600000 25324.0
488260.800000 4205216.900000 25354.0
488012.500000 4205385.700000 25384.0
487676.500000 4205562.700000 25414.0
487419.600000 4205775.100000 25444.0
487384.100000 4206088.000000 25474.0
487427.500000 4206322.000000 25504.0
487424.800000 4206324.100000 25534.0
487430.000000 4206368.500000 25564.0
487362.400000 4206390.600000 25594.0
487362.400000 4206394.900000 25624.0
487224.700000 4206457.300000 25654.0
487304.800000 4206587.100000 25684.0
487178.600000 4206711.700000 25714.0
487018.500000 4207028.200000 25744.0
486870.800000 4207449.100000 25774.0
486786.000000 4207688.800000 25804.0
486696.600000 4207824.400000 25834.0
486606.300000 4207847.800000 25864.0
486512.300000 4207837.800000 25894.0
486457.200000 4207917.900000 25924.0
486486.300000 4207969.900000 25954.0
486486.300000 4207973.300000 25984.0
486239.800000 4208062.600000 26014.0
485723.800000 4208136.700000 26044.0
485339.700000 4208279.600000 26074.0
485225.600000 4208316.600000 26104.0
484933.000000 4208145.300000 26134.0
484722.300000 4208094.500000 26164.0
484596.700000 4208066.800000 26194.0
484186.700000 4207992.200000 26224.0
483788.100000 4207878.700000 26254.0
483548.400000 4207819.100000 26284.0
483387.700000 4207776.200000 26314.0
483305.200000 4207796.300000 26344.0
483316.000000 4207879.600000 26374.0
483377.400000 4207869.400000 26404.0
483378.600000 4207888.400000 34853.0
483389.200000 4207922.700000 41603.0
483391.000000 4207978.100000 41633.0
483256.800000 4208003.800000 41663.0
483162.500000 4207843.100000 41693.0
483100.000000 4207709.100000 41723.0
483004.300000 4207677.100000 41753.0
483004.300000 4207675.800000 41783.0
482956.100000 4207658.200000 41813.0
482952.600000 4207661.600000 41843.0
482920.700000 4207575.300000 41933.0
482874.300000 4207232.500000 41963.0
482799.200000 4207011.800000 41993.0
482497.300000 4207067.800000 42023.0
482496.700000 4206812.600000 42053.0
482534.600000 4206454.000000 42083.0
482356.300000 4206350.300000 42113.0
482033.000000 4206235.400000 42143.0
481909.100000 4206172.700000 42173.0
481634.600000 4205913.800000 42203.0
481342.700000 4205739.200000 42233.0
481222.300000 4205685.300000 42263.0
481027.100000 4205550.300000 42293.0
480890.600000 4205423.300000 42323.0
480796.500000 4205327.000000 42353.0
480792.100000 4205323.600000 42383.0
480559.800000 4205121.000000 42413.0
480188.600000 4204807.000000 42443.0
479810.600000 4204578.100000 42473.0
479654.800000 4204424.400000 42503.0
479601.900000 4204382.200000 42533.0
479514.000000 4204323.600000 42563.0
479490.200000 4204305.900000 42593.0
479437.300000 4204260.700000 42623.0
479434.600000 4204255.200000 42653.0
479349.200000 4204187.700000 42683.0
479286.800000 4204133.700000 42713.0
479249.800000 4204109.200000 42743.0
479131.100000 4204043.100000 42773.0
479167.900000 4204025.200000 42803.0
479071.700000 4203788.000000 42833.0
478862.100000 4203572.300000 42863.0
478783.700000 4203519.100000 42893.0
478775.800000 4203512.400000 42923.0
478724.900000 4203503.600000 42953.0
478688.800000 4203494.800000 42983.0
478670.400000 4203487.200000 43013.0
478540.200000 4203412.200000 43043.0
478430.100000 4203270.300000 43073.0
478422.200000 4203263.600000 43103.0
478355.000000 4203038.600000 43133.0
478269.500000 4202964.300000 43163.0
478186.700000 4202884.500000 43193.0
478100.500000 4202854.700000 43223.0
478093.500000 4202852.600000 43253.0
477918.600000 4202809.900000 43283.0
477915.100000 4202809.900000 43313.0
477931.700000 4202729.900000 43343.0
478054.900000 4202505.200000 43373.0
477863.600000 4202570.100000 43403.0
477818.700000 4202529.100000 43433.0
477936.200000 4202431.000000 43463.0
478020.200000 4202325.400000 43493.0
478050.900000 4202278.800000 43523.0
478064.100000 4202259.700000 43553.0
478088.600000 4202215.200000 43583.0
478105.300000 4202185.100000 43613.0
478145.500000 4202128.300000 43643.0
478187.500000 4202057.100000 43673.0
478218.300000 4202018.100000 43703.0
478266.300000 4201937.900000 43733.0
478311.900000 4201875.600000 43763.0
478387.200000 4201776.800000 43793.0
478419.600000 4201732.200000 43823.0
478438.800000 4201706.800000 43853.0
478458.900000 4201674.600000 43883.0
478519.300000 4201572.400000 43913.0
478605.900000 4201441.400000 43943.0
478676.800000 4201322.700000 43973.0
478803.700000 4201154.800000 44003.0
478933.500000 4201064.700000 44033.0
479035.500000 4201082.200000 44063.0
479171.600000 4201053.100000 44093.0
479230.300000 4201024.200000 44123.0
479207.200000 4200885.400000 44153.0
479167.600000 4200863.500000 44183.0
479107.700000 4200830.200000 44213.0
479107.700000 4200823.400000 44243.0
478992.500000 4200812.700000 44273.0
478775.100000 4200649.100000 44303.0
478641.900000 4200781.500000 44333.0
478509.800000 4200990.500000 44363.0
478364.900000 4201025.100000 44393.0
478172.200000 4201217.800000 44423.0
478054.900000 4201370.100000 44453.0
478002.000000 4201338.000000 44483.0
477997.600000 4201335.900000 44513.0
478052.700000 4201254.900000 44633.0
478158.600000 4201112.500000 44663.0
478226.100000 4201041.200000 44693.0
478419.000000 4200936.500000 44723.0
478560.000000 4200775.300000 44753.0
478730.900000 4200657.200000 44783.0
478885.700000 4200719.900000 44813.0
478961.400000 4200769.600000 44843.0
479431.500000 4200811.600000 44933.0
479431.600000 4200812.900000 44963.0
479503.700000 4200838.100000 45023.0
479891.600000 4200703.000000 45053.0
480026.700000 4200678.100000 45083.0
480107.000000 4201148.100000 45113.0
480545.200000 4201452.300000 45143.0
480978.700000 4201651.000000 45173.0
481256.400000 4201673.700000 45203.0
481417.100000 4202044.100000 45233.0
481718.300000 4202452.700000 45263.0
481403.900000 4202827.100000 45293.0
481104.600000 4203288.300000 45323.0
480835.000000 4203700.700000 45353.0
480572.500000 4204115.300000 45383.0
480443.000000 4204305.200000 45413.0
480414.100000 4204349.700000 45443.0
480260.300000 4204658.700000 45473.0
480287.100000 4204862.600000 45503.0
480369.000000 4204957.600000 45533.0
480440.400000 4205019.700000 45563.0
480660.300000 4205191.000000 45593.0
480900.500000 4205427.900000 45623.0
481146.800000 4205632.600000 45653.0
481400.000000 4205750.500000 45683.0
481625.800000 4205897.700000 45713.0
481854.600000 4206118.200000 45743.0
481857.300000 4206119.400000 45773.0
482012.900000 4206214.300000 45803.0
482382.700000 4206344.300000 45833.0
482430.100000 4206364.100000 45863.0
482432.800000 4206365.400000 45893.0
482436.600000 4206472.900000 45983.0
482477.200000 4206631.500000 46013.0
482485.900000 4206990.800000 46043.0
482682.500000 4207038.200000 46073.0
482834.500000 4207075.600000 46103.0
482891.400000 4207389.500000 46133.0
482797.700000 4207505.300000 46163.0
482782.100000 4207590.800000 46193.0
482858.500000 4207612.700000 46223.0
482859.400000 4207614.800000 46253.0
483038.600000 4207669.800000 46283.0
483435.600000 4207779.900000 46313.0
483471.600000 4207790.000000 46343.0
483473.300000 4207791.300000 46373.0
483487.500000 4207850.100000 46403.0
483382.200000 4207872.300000 46433.0
483396.300000 4207886.700000 46463.0
483468.300000 4207868.700000 47393.0
483544.800000 4207976.100000 47423.0
483678.700000 4208209.000000 47453.0
483863.500000 4208433.000000 47483.0
484019.800000 4208499.200000 47513.0
484177.600000 4208377.800000 47543.0
484320.500000 4208267.500000 47573.0
484362.600000 4208234.000000 47603.0
484444.400000 4208259.200000 47633.0
484642.500000 4208126.800000 47663.0
484660.100000 4208117.900000 47693.0
484953.300000 4208147.400000 47723.0
485193.100000 4208290.000000 47753.0
485195.800000 4208292.100000 47783.0
485245.100000 4208336.500000 47843.0
485245.900000 4208337.700000 47873.0
485260.800000 4208363.100000 47903.0
485326.800000 4208473.900000 47933.0
485427.200000 4208600.200000 47963.0
485521.300000 4208754.100000 47993.0
485431.300000 4208935.000000 48023.0
485431.600000 4209120.400000 48053.0
485539.400000 4209057.200000 48083.0
485562.100000 4208985.200000 48113.0
485622.600000 4208949.500000 48143.0
485598.600000 4208827.700000 48173.0
485866.000000 4208677.400000 48203.0
486082.600000 4208555.100000 48233.0
486038.600000 4208471.800000 48263.0
486038.600000 4208466.300000 48293.0
486126.600000 4208605.800000 48323.0
486338.700000 4208448.800000 48353.0
486395.700000 4208413.200000 48383.0
486630.100000 4208389.500000 48413.0
486694.300000 4208433.900000 48443.0
486968.800000 4208350.100000 48473.0
487340.800000 4208233.100000 48503.0
487475.800000 4208202.800000 48533.0
487511.000000 4208198.500000 48563.0
487569.300000 4207902.200000 48593.0
487580.800000 4207427.300000 48623.0
487574.900000 4206960.000000 48653.0
487596.600000 4206769.100000 48683.0
487488.300000 4206618.200000 48713.0
487351.100000 4206434.200000 48743.0
487350.300000 4206433.000000 48773.0
487345.100000 4206424.100000 48803.0
487392.400000 4206389.700000 48833.0
487660.900000 4206337.300000 48863.0
488040.900000 4206240.200000 48893.0
488279.600000 4206182.300000 48923.0
488557.800000 4206119.700000 48953.0
488646.500000 4206095.000000 48983.0
488942.200000 4205993.500000 49013.0
488913.000000 4205814.900000 49043.0
488844.500000 4205768.400000 49073.0
488786.200000 4205531.100000 49103.0
488793.100000 4205443.400000 49133.0
488811.500000 4205415.500000 49163.0
488793.700000 4205242.400000 49193.0
488899.900000 4205272.300000 49223.0
488921.100000 4205362.000000 49253.0
488878.200000 4205429.800000 49283.0
488923.100000 4205605.000000 49313.0
488944.300000 4205678.200000 49343.0
489032.100000 4205735.600000 49373.0
489063.800000 4205739.800000 49403.0
489244.600000 4205726.400000 49433.0
489176.000000 4205647.800000 49463.0
489267.300000 4205637.500000 49493.0
489362.100000 4205656.400000 49523.0
489412.400000 4205808.300000 49553.0
489495.000000 4205897.900000 49583.0
489557.400000 4205933.400000 49613.0
489679.400000 4205872.300000 49643.0
489814.500000 4205872.200000 49673.0
489829.300000 4205820.900000 49703.0
489764.300000 4205793.100000 49733.0
489754.500000 4205708.900000 49763.0
489978.400000 4205715.400000 49793.0
490201.300000 4205599.500000 49823.0
490442.600000 4205381.700000 49853.0
490460.100000 4205381.700000 49883.0
490466.300000 4205379.600000 49913.0
490361.100000 4205454.200000 50873.0
490136.600000 4205663.100000 50903.0
489875.100000 4205697.700000 50933.0
489675.000000 4205766.900000 50963.0
489418.700000 4205808.300000 50993.0
489339.600000 4205772.900000 51023.0
489073.200000 4205535.800000 51053.0
488986.900000 4205357.300000 51083.0
488982.500000 4205338.200000 51113.0
488843.500000 4205043.400000 51143.0
488888.900000 4204795.700000 51173.0
488820.300000 4204740.400000 51203.0
488644.100000 4205006.000000 51233.0
488246.700000 4205235.100000 51263.0
487961.600000 4205427.700000 51293.0
487623.000000 4205614.400000 51323.0
487381.900000 4205864.500000 51353.0
487415.800000 4206275.000000 51383.0
487421.200000 4206381.700000 51413.0
487396.600000 4206389.300000 51443.0
487242.100000 4206453.900000 51473.0
487234.300000 4206490.700000 51503.0
487223.200000 4206690.500000 51533.0
487016.700000 4207067.100000 51563.0
486843.700000 4207549.000000 51593.0
486751.800000 4207808.600000 51623.0
486655.300000 4207854.100000 51653.0
486521.900000 4207841.200000 51683.0
486435.100000 4207894.700000 51713.0
486437.800000 4207898.900000 51743.0
486480.900000 4207969.900000 51773.0
486482.600000 4207973.300000 51803.0
486496.700000 4207998.700000 51833.0
486153.600000 4208084.700000 51863.0
485694.700000 4208151.100000 51893.0
485364.900000 4208235.100000 51923.0
485302.800000 4208328.300000 51953.0
485299.300000 4208329.600000 51983.0
485241.400000 4208345.300000 52013.0
484931.200000 4208153.800000 52043.0
484554.500000 4208064.700000 52073.0
484161.100000 4207993.500000 52103.0
483786.100000 4207883.400000 52133.0
483603.300000 4207838.400000 52163.0
483512.000000 4207813.200000 52193.0
483508.500000 4207813.200000 52223.0
483465.500000 4207801.000000 52253.0
483360.900000 4207772.500000 52283.0
483329.300000 4207764.900000 52313.0
483301.200000 4207757.300000 52343.0
483244.900000 4207741.800000 52373.0
483233.500000 4207739.700000 52403.0
483196.600000 4207729.600000 52433.0
483144.900000 4207715.300000 52463.0
483125.600000 4207711.100000 52493.0
483098.300000 4207702.300000 52523.0
482993.800000 4207672.500000 52553.0
482991.100000 4207672.500000 52583.0
482944.600000 4207681.500000 52613.0
482730.700000 4207816.100000 52643.0
482680.700000 4207842.900000 52673.0
482657.000000 4207856.000000 52703.0
482609.700000 4207886.200000 52733.0
482582.400000 4207905.300000 52763.0
482565.700000 4207912.900000 52793.0
482536.800000 4207929.500000 52823.0
482506.000000 4207946.100000 52853.0
482456.800000 4207976.200000 52913.0
482448.100000 4207983.000000 52943.0
482406.000000 4208020.800000 52973.0
482341.200000 4208059.900000 53003.0
482318.400000 4208070.100000 53033.0
482271.900000 4208085.800000 53063.0
482257.000000 4208091.400000 53093.0
482223.700000 4208101.600000 53123.0
482204.500000 4208105.000000 53153.0
482107.000000 4208075.200000 53183.0
481911.400000 4208133.200000 53213.0
481831.500000 4208096.500000 53243.0
481666.500000 4208114.700000 53273.0
481630.400000 4208081.300000 53303.0
481602.200000 4208062.300000 53333.0
481410.300000 4208180.400000 53453.0
481403.300000 4208182.500000 53483.0
481376.000000 4208204.600000 53573.0
481352.800000 4207996.000000 53603.0
481236.200000 4207654.700000 53633.0
481130.500000 4207507.200000 53663.0
481029.900000 4207643.800000 53693.0
480942.500000 4207797.200000 53723.0
480812.300000 4208050.600000 53753.0
480658.400000 4208304.000000 53783.0
480566.000000 4208571.800000 53813.0
480358.100000 4208653.100000 53843.0
480149.300000 4208690.400000 53873.0
479995.700000 4208718.700000 53903.0
480019.400000 4208715.300000 53933.0
480155.600000 4208760.200000 53963.0
480329.400000 4208761.100000 53993.0
480479.800000 4208853.000000 54023.0
480489.500000 4208876.300000 54053.0
480358.200000 4208973.100000 54083.0
480305.600000 4209014.300000 54113.0
480137.300000 4209139.900000 54143.0
479994.400000 4209229.200000 54173.0
479907.800000 4209322.500000 54203.0
479865.600000 4209349.300000 54233.0
479864.800000 4209349.300000 54263.0
479739.300000 4209351.700000 54293.0
479365.400000 4209319.200000 54323.0
478943.000000 4209228.000000 54353.0
478758.500000 4209143.000000 54383.0
478509.900000 4209041.600000 54413.0
478311.900000 4208888.900000 54443.0
478067.500000 4208739.700000 54473.0
477979.300000 4208586.700000 54503.0
477883.300000 4208412.600000 54533.0
477765.100000 4208208.900000 54563.0
477758.000000 4208197.900000 54593.0
477581.700000 4208241.600000 54623.0
477510.300000 4208174.100000 54653.0
477453.800000 4208074.300000 54683.0
477379.700000 4207929.400000 54713.0
477222.400000 4207833.300000 54743.0
477129.200000 4207776.800000 54773.0
477066.800000 4207747.000000 54803.0
477049.200000 4207740.200000 54833.0
477009.300000 4207571.900000 54863.0
476991.300000 4207447.500000 54893.0
476977.900000 4207384.500000 54923.0
476958.300000 4207262.600000 54953.0
476951.700000 4207111.600000 54983.0
476941.200000 4206831.000000 55013.0
476939.200000 4206709.900000 55043.0
476936.400000 4206668.900000 55073.0
477060.900000 4206646.500000 55103.0
477277.900000 4206690.400000 55133.0
477442.800000 4206637.800000 55163.0
477512.600000 4206476.800000 55193.0
477522.200000 4206467.900000 55223.0
477544.000000 4206400.100000 55253.0
477622.700000 4206286.900000 55283.0
477652.400000 4206223.700000 55313.0
477695.800000 4206073.800000 55343.0
477576.100000 4205951.000000 55373.0
477562.500000 4205835.400000 55403.0
477665.900000 4205706.500000 55433.0
477728.000000 4205637.300000 55463.0
477854.400000 4205639.100000 55493.0
477895.100000 4205778.700000 55523.0
478047.300000 4205891.300000 55553.0
478139.100000 4206092.900000 55583.0
478268.800000 4206319.000000 55613.0
478624.700000 4206456.900000 55643.0
478842.800000 4206309.900000 55673.0
478972.700000 4206309.600000 55703.0
479229.700000 4206212.400000 55733.0
479346.300000 4206171.100000 55763.0
479348.000000 4206171.100000 55793.0
479375.400000 4206235.300000 55823.0
479288.400000 4206201.300000 55853.0
479350.400000 4206088.900000 55883.0
479310.200000 4205808.400000 55913.0
479317.200000 4205797.400000 55943.0
479462.600000 4205663.700000 55973.0
479627.900000 4205744.100000 56003.0
479782.300000 4206003.200000 56033.0
479956.700000 4206250.400000 56063.0
480116.200000 4206141.200000 56093.0
480118.800000 4206140.000000 56123.0
480260.500000 4206273.800000 56183.0
480363.500000 4206409.000000 56213.0
480500.000000 4206591.900000 56243.0
480649.300000 4206642.800000 56273.0
480892.700000 4206740.000000 56303.0
481133.800000 4206957.000000 56333.0
481388.800000 4207190.500000 56363.0
481484.600000 4207265.600000 56393.0
481542.400000 4207211.300000 56423.0
481454.100000 4206943.100000 56453.0
481696.900000 4206813.900000 56483.0
481895.300000 4206802.500000 56513.0
482113.300000 4206950.600000 56543.0
482324.000000 4207001.300000 56573.0
482457.600000 4207057.800000 56603.0
482749.000000 4207022.900000 56633.0
482849.400000 4207147.100000 56663.0
482847.200000 4207404.400000 56693.0
482784.400000 4207561.200000 56723.0
482886.400000 4207625.300000 56753.0
482889.900000 4207628.700000 56783.0
483083.000000 4207685.000000 56843.0
483466.800000 4207789.600000 56873.0
483594.900000 4207824.900000 56903.0
484062.100000 4207951.400000 56933.0
484530.000000 4208048.300000 56963.0
484782.100000 4208107.900000 56993.0
485023.600000 4208173.100000 57023.0
485267.000000 4208338.100000 57053.0
485598.500000 4208160.200000 57083.0
486111.800000 4208088.200000 57113.0
486530.500000 4208077.300000 57143.0
486732.500000 4208159.100000 57173.0
486657.400000 4207888.400000 57203.0
486751.200000 4207795.900000 57233.0
486905.800000 4207361.900000 57263.0
487084.200000 4206862.100000 57293.0
487315.500000 4206599.800000 57323.0
487486.400000 4206464.100000 57353.0
487536.400000 4206407.300000 57383.0
487528.600000 4206423.800000 57413.0
487531.300000 4206422.500000 57443.0
487456.700000 4206525.900000 58283.0
487361.000000 4206442.700000 58313.0
487356.600000 4206438.500000 58343.0
487193.400000 4206475.500000 58373.0
486955.600000 4206547.000000 58403.0
486868.700000 4206563.700000 58433.0
486793.200000 4206579.400000 58463.0
486745.900000 4206588.400000 58493.0
486738.800000 4206589.700000 58523.0
486722.100000 4206591.800000 58553.0
486655.500000 4206605.100000 58583.0
486610.800000 4206615.300000 58613.0
486548.500000 4206629.800000 58643.0
486502.000000 4206638.700000 58673.0
486435.400000 4206651.100000 58703.0
486394.200000 4206660.100000 58733.0
486259.100000 4206687.000000 58763.0
486173.100000 4206699.400000 58793.0
486004.500000 4206721.700000 58823.0
485886.800000 4206739.700000 58853.0
485819.200000 4206755.400000 58883.0
485689.400000 4206823.400000 58913.0
485604.300000 4206874.700000 58943.0
485554.300000 4206904.900000 58973.0
485474.500000 4206944.000000 59003.0
485442.000000 4206952.900000 59033.0
485407.900000 4206963.100000 59063.0
485406.200000 4206963.100000 59093.0
485362.300000 4206975.500000 59123.0
485320.200000 4206987.800000 59153.0
485263.900000 4207001.100000 59363.0
485261.200000 4207001.100000 59393.0
485233.100000 4207007.900000 59513.0
485231.500000 4207009.200000 59543.0
485177.800000 4206964.800000 59633.0
485075.800000 4206838.400000 59663.0
484888.400000 4206636.900000 59693.0
484785.600000 4206574.900000 59723.0
484687.500000 4206658.400000 59753.0
484553.800000 4206549.900000 59783.0
484469.800000 4206647.800000 59813.0
484404.200000 4206727.900000 59843.0
484348.000000 4206767.800000 59873.0
484156.300000 4206642.900000 59903.0
484034.900000 4206545.400000 59933.0
483935.600000 4206422.400000 59963.0
484035.300000 4206216.900000 59993.0
483952.500000 4206083.800000 60023.0
483808.100000 4205883.400000 60053.0
483701.400000 4205640.700000 60083.0
483692.600000 4205590.800000 60113.0
483782.900000 4205518.600000 60143.0
483706.300000 4205393.500000 60173.0
483527.300000 4205503.900000 60203.0
483438.800000 4205586.200000 60233.0
483289.700000 4205637.700000 60263.0
483226.800000 4205373.700000 60293.0
483121.400000 4205319.800000 60323.0
482968.500000 4205255.700000 60353.0
482790.400000 4205312.800000 60383.0
482533.600000 4205514.000000 60413.0
482346.900000 4205657.500000 60443.0
482347.400000 4205512.300000 60473.0
482288.400000 4205385.000000 60503.0
482270.700000 4205365.100000 60533.0
482335.500000 4205257.500000 60563.0
482331.700000 4205122.100000 60593.0
482331.600000 4205079.700000 60623.0
482298.000000 4204949.900000 60653.0
482230.000000 4204804.900000 60683.0
482215.100000 4204782.900000 60713.0
482182.500000 4204741.900000 60743.0
482176.300000 4204729.600000 60773.0
482377.900000 4204549.300000 60803.0
482216.000000 4204431.100000 60833.0
481997.100000 4204296.200000 60863.0
481788.600000 4204169.200000 60893.0
481642.700000 4204083.200000 60923.0
481381.600000 4203916.200000 60953.0
481183.700000 4203806.600000 60983.0
480893.600000 4203693.000000 61013.0
480804.300000 4203800.700000 61043.0
480690.400000 4203959.700000 61073.0
480648.400000 4204020.700000 61103.0
480729.700000 4203863.100000 61133.0
480550.900000 4203598.100000 61163.0
480125.200000 4203350.700000 61193.0
479784.600000 4203414.600000 61223.0
479777.600000 4203412.500000 61253.0
479672.000000 4203332.800000 61283.0
479559.400000 4203237.800000 61313.0
479523.300000 4203211.200000 61343.0
479490.700000 4203183.400000 61493.0
479307.300000 4203239.300000 61523.0
479227.400000 4203262.800000 61553.0
479218.700000 4203258.600000 61583.0
479146.700000 4203277.800000 61613.0
479131.000000 4203277.800000 61643.0
479125.800000 4203276.600000 61673.0
478999.800000 4203147.000000 61703.0
478923.000000 4202985.000000 61733.0
478883.300000 4202904.300000 61763.0
478701.500000 4202557.300000 61793.0
478629.200000 4202472.000000 61823.0
478372.300000 4202298.300000 61853.0
478325.600000 4202270.400000 61883.0
478323.000000 4202270.500000 61913.0
478204.100000 4202185.300000 61943.0
478208.100000 4202042.200000 61973.0
478224.800000 4202015.500000 62003.0
478301.700000 4201913.300000 62033.0
478375.200000 4201811.900000 62063.0
478434.800000 4201727.600000 62093.0
478243.900000 4201642.600000 62123.0
478109.500000 4201615.000000 62153.0
477997.100000 4201652.100000 62183.0
477934.700000 4201602.300000 62213.0
477924.100000 4201589.200000 62243.0
477966.800000 4201446.900000 62303.0
478050.700000 4201307.000000 62333.0
478052.300000 4201292.600000 62363.0
478171.300000 4201115.800000 62393.0
478205.200000 4200991.300000 62423.0
478162.500000 4200825.900000 62453.0
478137.400000 4200652.900000 62483.0
478117.800000 4200517.500000 62513.0
478070.100000 4200407.500000 62543.0
477837.400000 4200438.200000 62573.0
477678.400000 4200455.200000 62603.0
477612.600000 4200463.000000 62633.0
477598.500000 4200458.800000 62663.0
477489.500000 4200420.100000 62693.0
477536.200000 4200179.200000 62723.0
477323.100000 4200020.200000 62753.0
477296.800000 4200010.100000 62783.0
477015.700000 4200037.500000 62813.0
476969.900000 4200009.700000 62843.0
476906.700000 4200002.300000 62873.0
476905.800000 4200000.200000 62903.0
476871.400000 4199908.000000 62963.0
476923.300000 4199598.500000 62993.0
476981.200000 4199283.400000 63023.0
477015.000000 4199115.700000 63053.0
477115.800000 4198741.700000 63083.0
477121.000000 4198729.400000 63113.0
477194.700000 4198730.500000 63143.0
477400.900000 4198914.000000 63173.0
477704.600000 4199107.500000 63203.0
477845.000000 4199044.900000 63233.0
478006.400000 4198903.500000 63263.0
478364.100000 4198908.000000 63293.0
478466.500000 4198780.400000 63323.0
478565.300000 4198633.700000 63353.0
478667.900000 4198582.200000 63383.0
478680.100000 4198569.000000 63413.0
478874.400000 4198572.800000 63443.0
479036.500000 4198389.100000 63473.0
479118.900000 4198319.000000 63503.0
