479420.800000 4198913.400000 22954.0
479355.700000 4198900.400000 23134.0
479295.900000 4198899.300000 23164.0
479168.500000 4198908.500000 23194.0
479157.500000 4199072.800000 23224.0
478995.900000 4199088.800000 23254.0
478890.300000 4199052.300000 23284.0
478745.900000 4199263.400000 23314.0
478663.200000 4199531.100000 23344.0
478680.000000 4199576.400000 23374.0
477646.700000 4199894.000000 23494.0
477509.400000 4199814.400000 23524.0
477659.800000 4199522.400000 24334.0
477715.700000 4199374.500000 24994.0
477727.900000 4199343.600000 25024.0
477727.900000 4199342.300000 25054.0
477776.800000 4199205.900000 25144.0
477798.500000 4199145.700000 25174.0
477812.500000 4199108.900000 25204.0
477889.200000 4198887.700000 25234.0
477894.400000 4198884.300000 25264.0
477904.900000 4198874.100000 25324.0
478008.800000 4198617.400000 25354.0
477903.600000 4198369.200000 25384.0
477722.500000 4198030.200000 25414.0
477635.800000 4197850.600000 25444.0
477638.500000 4197867.100000 25474.0
477797.600000 4198177.300000 25504.0
478007.700000 4198526.400000 25534.0
478070.400000 4198638.400000 25564.0
477948.800000 4198848.200000 25594.0
477887.600000 4198988.000000 25624.0
477829.200000 4199127.000000 25654.0
477750.600000 4199330.400000 25684.0
477646.800000 4199594.800000 25714.0
477469.200000 4199863.600000 25834.0
477636.900000 4199846.600000 26404.0
477691.900000 4199752.100000 26434.0
477759.700000 4199778.600000 26464.0
477929.200000 4199731.600000 26494.0
478239.000000 4199602.100000 26524.0
478612.700000 4199392.400000 26644.0
478681.700000 4199258.100000 26674.0
478590.900000 4199125.000000 26704.0
478517.700000 4199003.300000 26734.0
478442.600000 4198867.200000 26764.0
478436.200000 4198815.200000 26794.0
478330.000000 4198845.500000 26824.0
478192.000000 4198809.000000 26854.0
478016.600000 4198591.900000 26884.0
478156.600000 4198358.400000 26914.0
478262.300000 4198119.400000 26944.0
478322.600000 4197988.400000 26974.0
478331.300000 4197970.600000 27004.0
478380.500000 4197973.900000 27034.0
478478.300000 4198034.600000 27064.0
478652.500000 4198116.200000 27094.0
478914.600000 4198237.500000 27124.0
479033.400000 4198292.600000 27154.0
479151.500000 4198408.700000 27184.0
479173.900000 4198560.600000 27214.0
479168.500000 4198899.200000 27244.0
479160.000000 4198964.800000 27274.0
479250.700000 4199074.600000 27304.0
479454.800000 4199166.400000 27334.0
479592.400000 4199387.800000 27364.0
479802.800000 4199535.900000 27394.0
479980.400000 4199628.600000 27424.0
479967.200000 4199644.300000 27454.0
479909.200000 4199634.200000 27484.0
480907.600000 4203559.600000 28414.0
480871.700000 4203620.700000 28444.0
480826.100000 4203692.700000 28474.0
480750.900000 4203831.700000 28504.0
480642.500000 4204021.600000 28534.0
480564.500000 4204132.700000 28564.0
480536.500000 4204177.200000 28594.0
480456.900000 4204295.900000 28624.0
480455.200000 4204301.400000 28654.0
480390.500000 4204401.400000 28684.0
480335.400000 4204482.400000 28714.0
480311.700000 4204515.900000 28744.0
480269.800000 4204642.500000 28774.0
480198.900000 4204765.900000 28804.0
480371.600000 4204960.600000 28834.0
480389.200000 4204980.400000 28864.0
480578.300000 4205123.100000 28894.0
480625.800000 4205161.900000 28924.0
481177.300000 4205621.100000 29044.0
481495.500000 4205797.700000 29074.0
481535.900000 4205822.200000 29104.0
481819.200000 4206083.500000 29134.0
482155.000000 4206279.200000 29164.0
482357.100000 4206337.600000 29194.0
482429.100000 4206368.300000 29224.0
482794.700000 4206551.700000 29254.0
482942.400000 4206641.100000 29284.0
482992.500000 4206671.900000 29314.0
483042.700000 4206699.700000 29344.0
483166.500000 4206757.000000 29374.0
483179.700000 4206759.100000 29404.0
483229.800000 4206776.800000 29434.0
483275.600000 4206794.500000 29464.0
483277.300000 4206807.600000 29494.0
483346.000000 4206915.000000 29584.0
483587.100000 4207194.300000 29614.0
483623.300000 4207259.800000 29644.0
483559.300000 4207331.000000 29674.0
483481.200000 4207366.700000 29734.0
483455.800000 4207382.500000 29764.0
483429.500000 4207395.600000 29794.0
483374.300000 4207426.600000 29824.0
483320.000000 4207455.500000 29854.0
483227.800000 4207502.300000 29884.0
483071.900000 4207657.900000 30004.0
483170.300000 4207696.700000 30034.0
483459.300000 4207790.500000 30064.0
483484.000000 4207862.400000 30094.0
483473.500000 4207862.400000 30124.0
483420.800000 4207874.800000 30154.0
487370.300000 4206428.700000 36826.0
487377.300000 4206383.400000 36886.0
487442.300000 4206365.500000 36916.0
487392.700000 4206150.200000 36946.0
487384.300000 4205829.400000 36976.0
487581.700000 4205647.100000 37006.0
487912.400000 4205448.900000 37036.0
488239.700000 4205233.000000 37066.0
488655.500000 4204984.000000 37096.0
488814.100000 4204734.100000 37126.0
488868.600000 4204811.900000 37156.0
488788.200000 4204998.200000 37186.0
488937.700000 4205204.500000 37216.0
489017.100000 4205487.200000 37246.0
489217.400000 4205681.200000 37276.0
489378.200000 4205807.500000 37306.0
489578.300000 4205798.400000 37336.0
489765.200000 4205687.300000 37366.0
489985.600000 4205711.500000 37396.0
490178.600000 4205609.300000 37426.0
490422.500000 4205393.600000 37456.0
490466.300000 4205344.900000 37486.0
490480.500000 4205349.100000 41480.0
490439.400000 4205386.800000 41600.0
490276.300000 4205527.900000 41630.0
490126.200000 4205680.000000 41660.0
490000.700000 4205706.900000 41690.0
489782.100000 4205680.500000 41720.0
489665.500000 4205770.300000 41750.0
489453.000000 4205804.000000 41780.0
489362.600000 4205785.100000 41810.0
489151.700000 4205613.500000 41840.0
488992.500000 4205387.300000 41870.0
488870.000000 4205078.900000 41900.0
488811.800000 4204859.300000 41930.0
488877.400000 4204720.400000 41960.0
488878.200000 4204718.300000 41990.0
488773.000000 4204787.400000 42020.0
488411.500000 4205108.800000 42060.0
488148.300000 4205293.200000 42090.0
487833.400000 4205482.500000 42120.0
487525.600000 4205690.300000 42150.0
487423.100000 4205768.400000 42180.0
487377.500000 4205842.900000 42210.0
487373.300000 4205926.300000 42240.0
487408.900000 4206258.100000 42270.0
487424.000000 4206363.500000 42300.0
487364.300000 4206388.100000 42330.0
487287.800000 4206633.700000 42430.0
486792.500000 4207678.200000 42529.0
486614.800000 4207963.800000 42559.0
483402.500000 4207890.000000 44873.0
483455.200000 4207865.400000 44903.0
483554.500000 4207974.000000 44933.0
483651.500000 4208164.700000 44963.0
483812.500000 4208367.500000 44993.0
483975.200000 4208569.100000 45023.0
484105.100000 4208568.800000 45053.0
484246.200000 4208444.100000 45083.0
484407.500000 4208306.300000 45113.0
484539.900000 4208200.600000 45143.0
484715.300000 4208100.400000 45173.0
484975.200000 4208160.900000 45203.0
485195.600000 4208202.800000 45233.0
485465.100000 4208176.900000 45263.0
485828.400000 4208114.100000 45293.0
486171.500000 4208072.400000 45323.0
486483.000000 4208018.600000 45353.0
486497.000000 4208013.100000 45383.0
486703.900000 4207888.300000 45443.0
486861.300000 4207488.500000 45473.0
487023.000000 4207029.800000 45503.0
487230.600000 4206681.200000 45533.0
487364.700000 4206548.900000 45563.0
487404.100000 4206509.100000 45593.0
487346.900000 4206429.200000 45623.0
487346.900000 4206429.200000 45653.0
487389.900000 4206385.900000 45713.0
487408.100000 4206267.400000 45743.0
487373.400000 4205889.100000 45773.0
487376.800000 4205833.600000 45803.0
487631.000000 4205601.300000 45833.0
488027.600000 4205382.300000 45863.0
488272.300000 4205215.600000 45893.0
488611.900000 4205026.400000 45923.0
488838.000000 4204718.800000 45953.0
488841.500000 4204714.500000 45983.0
488898.700000 4204787.700000 46013.0
488782.300000 4204978.700000 46043.0
488882.600000 4205101.800000 46073.0
488998.000000 4205406.800000 46103.0
489161.600000 4205628.300000 46133.0
489375.200000 4205787.600000 46163.0
489407.700000 4205804.100000 46193.0
489525.400000 4205799.700000 46223.0
489696.500000 4205748.300000 46253.0
489758.700000 4205694.000000 46283.0
489981.800000 4205713.700000 46313.0
490183.600000 4205605.900000 46343.0
490433.500000 4205388.100000 46373.0
490483.600000 4205361.300000 46403.0
490486.200000 4205357.100000 46433.0
490487.400000 4205358.000000 46553.0
490427.700000 4205405.800000 48563.0
490236.500000 4205573.700000 48593.0
490092.600000 4205698.300000 48623.0
489928.500000 4205701.900000 48653.0
489752.900000 4205719.900000 48683.0
489508.000000 4205805.700000 48713.0
489349.000000 4205790.200000 48743.0
489118.700000 4205601.700000 48773.0
488992.000000 4205392.400000 48803.0
488873.900000 4205099.700000 48833.0
488792.900000 4204883.500000 48863.0
488867.400000 4204730.200000 48893.0
488869.000000 4204724.700000 48923.0
488754.900000 4204831.500000 48953.0
488581.400000 4205051.400000 48983.0
488227.800000 4205250.400000 49013.0
488041.900000 4205375.100000 49043.0
487804.200000 4205505.400000 49073.0
487520.000000 4205706.400000 49103.0
487398.000000 4205801.800000 49133.0
487380.900000 4206099.400000 49163.0
487434.900000 4206361.300000 49193.0
487439.300000 4206374.400000 49223.0
487328.600000 4206415.700000 49253.0
487142.700000 4206489.200000 49283.0
486882.100000 4206564.900000 49313.0
486395.100000 4206667.700000 49343.0
486065.100000 4206722.400000 49373.0
485636.900000 4206858.600000 49403.0
485222.800000 4207024.800000 49433.0
485105.100000 4207055.100000 49463.0
485092.900000 4207061.900000 49493.0
484840.200000 4207102.100000 49523.0
484705.900000 4207102.400000 49553.0
484539.100000 4207095.100000 49583.0
484449.500000 4207088.500000 49613.0
484327.500000 4207077.700000 49643.0
484291.400000 4207067.600000 49673.0
484289.800000 4207066.300000 49703.0
484216.100000 4207056.300000 49733.0
484101.100000 4207054.400000 49763.0
484100.200000 4207055.700000 49793.0
483980.800000 4207020.400000 49823.0
483565.300000 4206890.400000 49853.0
483395.700000 4206844.200000 49883.0
483143.600000 4206768.100000 49913.0
482728.700000 4206529.400000 49943.0
482472.900000 4206410.200000 49973.0
482427.200000 4206395.900000 50003.0
482145.200000 4206305.500000 50033.0
481827.000000 4206126.300000 50063.0
481586.800000 4205898.300000 50093.0
481303.000000 4205743.600000 50123.0
481204.600000 4205696.000000 50153.0
481109.600000 4205630.600000 50183.0
480802.500000 4205339.700000 50243.0
480088.100000 4204733.100000 50333.0
479856.100000 4204615.200000 50363.0
479649.300000 4204439.200000 50393.0
479446.900000 4204294.500000 50423.0
479417.100000 4204270.100000 50453.0
479174.200000 4204075.500000 50483.0
479008.900000 4203991.700000 50513.0
478870.000000 4203924.400000 50543.0
478886.000000 4204026.300000 50573.0
479012.500000 4204029.400000 50603.0
479228.400000 4203983.600000 50633.0
479339.500000 4204122.100000 50663.0
479396.700000 4204182.100000 50693.0
479498.000000 4204300.300000 50723.0
479660.000000 4204418.400000 50753.0
479755.800000 4204513.400000 50783.0
480067.100000 4204695.900000 50813.0
480383.800000 4204951.700000 50843.0
480430.400000 4204979.500000 50873.0
480881.700000 4205333.500000 50963.0
480990.000000 4205457.700000 50993.0
481230.000000 4205623.500000 51023.0
481437.400000 4205725.100000 51053.0
481680.100000 4205903.100000 51083.0
481680.900000 4205901.000000 51113.0
481917.600000 4206139.200000 51143.0
482366.600000 4206313.500000 51173.0
482717.200000 4206484.600000 51203.0
483034.600000 4206679.000000 51233.0
483147.100000 4206744.400000 51263.0
483266.500000 4206786.500000 51293.0
483266.500000 4206792.000000 51323.0
483447.500000 4206844.900000 51353.0
483563.400000 4206879.000000 51383.0
483709.200000 4206915.500000 51413.0
483754.900000 4206931.900000 51443.0
483848.900000 4206968.600000 51473.0
483861.100000 4206975.300000 51503.0
484136.900000 4207058.200000 51533.0
484293.100000 4207068.000000 51563.0
484391.400000 4207074.600000 51593.0
484473.100000 4207080.000000 51623.0
484890.100000 4207092.300000 51653.0
485087.500000 4207053.000000 51683.0
485210.400000 4207021.900000 51713.0
485520.100000 4206924.800000 51743.0
485878.000000 4206751.100000 51773.0
486297.500000 4206688.200000 51803.0
486716.900000 4206592.300000 51833.0
486972.200000 4206433.100000 51863.0
487070.800000 4206085.500000 51893.0
487388.100000 4205797.600000 51923.0
487809.200000 4205498.600000 51953.0
488230.300000 4205239.400000 51983.0
488635.600000 4204999.200000 52013.0
488841.500000 4204707.300000 52043.0
488810.900000 4204858.500000 52073.0
488842.800000 4205044.700000 52103.0
488974.000000 4205327.200000 52133.0
489118.400000 4205586.500000 52163.0
489335.500000 4205770.300000 52193.0
489427.800000 4205800.300000 52223.0
489631.400000 4205778.000000 52253.0
489768.200000 4205676.700000 52283.0
489948.300000 4205698.500000 52313.0
490214.200000 4205580.500000 52343.0
490470.400000 4205385.100000 52373.0
490470.400000 4205389.300000 52403.0
490406.300000 4205414.800000 54503.0
490200.200000 4205600.400000 54533.0
490101.100000 4205694.900000 54563.0
489832.500000 4205688.400000 54593.0
489756.200000 4205717.300000 54623.0
489615.000000 4205799.600000 54653.0
489552.700000 4205807.300000 54683.0
489432.500000 4205815.100000 54713.0
489398.300000 4205818.500000 54743.0
489141.700000 4205613.600000 54773.0
488993.000000 4205383.900000 54803.0
488935.600000 4205191.800000 54833.0
488777.200000 4204966.900000 54863.0
488903.400000 4204761.400000 54893.0
488902.600000 4204757.200000 54923.0
488900.900000 4204747.100000 54953.0
488892.100000 4204733.900000 54983.0
488891.300000 4204733.900000 55013.0
488879.100000 4204714.900000 55043.0
488820.300000 4204740.400000 55073.0
488736.300000 4204889.100000 55103.0
488534.500000 4205071.300000 55133.0
488389.800000 4205131.600000 55163.0
488093.300000 4205341.600000 55193.0
487857.400000 4205479.500000 55223.0
487567.100000 4205664.000000 55253.0
487481.200000 4205737.400000 55283.0
487375.400000 4206010.500000 55313.0
487346.800000 4206271.300000 55343.0
487108.200000 4206387.200000 55373.0
487127.600000 4206481.600000 55403.0
487053.000000 4206517.200000 55433.0
486568.600000 4206630.200000 55463.0
486150.800000 4206710.900000 55493.0
485692.700000 4206822.500000 55523.0
485349.800000 4206990.700000 55553.0
485071.700000 4207064.500000 55583.0
484816.200000 4207095.000000 55613.0
484634.600000 4207094.000000 55643.0
484591.500000 4207092.900000 55673.0
484524.900000 4207088.800000 55703.0
484466.900000 4207085.500000 55733.0
484422.200000 4207082.200000 55763.0
484337.000000 4207076.800000 55793.0
484294.800000 4207068.000000 55823.0
484101.700000 4207055.300000 55853.0
483751.200000 4206939.600000 55883.0
483494.700000 4206864.700000 55913.0
483196.000000 4206779.000000 55943.0
482954.300000 4206656.300000 55973.0
482693.300000 4206498.100000 56003.0
482582.500000 4206446.300000 56033.0
482232.800000 4206322.600000 56063.0
481908.500000 4206182.400000 56093.0
481752.800000 4206037.600000 56123.0
481716.700000 4205998.700000 56153.0
481608.400000 4205893.600000 56183.0
481528.400000 4205828.100000 56213.0
481367.600000 4205754.000000 56243.0
481325.400000 4205734.200000 56273.0
481240.100000 4205706.500000 56303.0
481112.600000 4205626.800000 56333.0
480297.100000 4204579.000000 56753.0
481222.500000 4201806.200000 57023.0
479816.900000 4199561.700000 57473.0
479643.500000 4199469.800000 57503.0
479451.300000 4199200.700000 57533.0
479184.800000 4199099.400000 57563.0
479156.900000 4198892.000000 57593.0
479155.400000 4198629.200000 57623.0
479148.100000 4198501.800000 57653.0
479142.300000 4198274.500000 57683.0
479018.900000 4198147.500000 57713.0
478940.300000 4198010.100000 57743.0
478902.800000 4197778.300000 57773.0
478881.400000 4197667.400000 57803.0
478681.100000 4197645.900000 57833.0
478391.600000 4197531.100000 57863.0
478230.000000 4197592.500000 57893.0
478188.900000 4197635.800000 57923.0
478032.200000 4197816.900000 57953.0
478025.900000 4198108.600000 57983.0
478048.200000 4198550.000000 58013.0
477979.400000 4198785.500000 58043.0
478021.000000 4198897.500000 58073.0
478425.100000 4198856.700000 58103.0
478556.000000 4198859.700000 58133.0
478831.500000 4199036.300000 58163.0
478749.400000 4199255.000000 58193.0
478638.200000 4199422.800000 58223.0
478646.200000 4199459.600000 58253.0
478652.500000 4199479.500000 58283.0
477744.300000 4199617.400000 58403.0
477648.600000 4199612.100000 58433.0
477621.400000 4199628.700000 58463.0
477581.100000 4199674.100000 58493.0
477396.200000 4199831.200000 58553.0
480263.300000 4204705.600000 59573.0
480236.200000 4204818.700000 59603.0
480383.300000 4204973.700000 59633.0
480441.400000 4205018.800000 59663.0
480690.400000 4205222.300000 59723.0
481054.800000 4205574.400000 59783.0
481239.400000 4205691.600000 59813.0
481889.100000 4206150.700000 59933.0
482230.100000 4206319.700000 59963.0
482594.700000 4206445.400000 59993.0
482875.000000 4206594.700000 60023.0
482939.200000 4206634.300000 60053.0
483247.600000 4206783.500000 60083.0
483399.500000 4206820.100000 60113.0
483727.200000 4206902.800000 60143.0
484056.600000 4207013.000000 60173.0
484415.600000 4207049.200000 60203.0
484792.300000 4207082.800000 60233.0
485154.600000 4207030.900000 60263.0
485182.800000 4207030.800000 60293.0
485203.000000 4207032.100000 60323.0
485592.600000 4206895.900000 60353.0
486120.700000 4206723.200000 60383.0
486426.200000 4206669.300000 60413.0
486846.500000 4206572.200000 60443.0
486986.100000 4206541.000000 60473.0
487033.800000 4206223.500000 60503.0
487096.600000 4206044.800000 60533.0
487342.200000 4205839.200000 60563.0
487547.400000 4205685.600000 60593.0
487702.600000 4205553.400000 60623.0
487823.700000 4205490.100000 60653.0
488137.800000 4205300.900000 60683.0
488310.600000 4205182.100000 60713.0
488674.700000 4204964.100000 60743.0
488865.000000 4204692.900000 60773.0
488774.800000 4204888.200000 60803.0
488884.800000 4205105.600000 60833.0
488984.200000 4205353.900000 60863.0
489169.000000 4205624.500000 60893.0
489384.400000 4205800.700000 60923.0
489605.600000 4205789.500000 60953.0
489773.100000 4205679.200000 60983.0
489788.800000 4205680.500000 61013.0
489923.100000 4205695.900000 61043.0
490100.500000 4205693.600000 61073.0
490352.200000 4205452.500000 61103.0
490489.900000 4205366.000000 61133.0
490491.600000 4205364.700000 61163.0
490464.300000 4205358.000000 61583.0
490225.800000 4205576.700000 61613.0
490128.400000 4205677.900000 61643.0
489793.800000 4205680.400000 61673.0
489649.100000 4205781.800000 61703.0
489406.000000 4205806.600000 61733.0
489395.400000 4205808.800000 61763.0
489153.700000 4205612.700000 61793.0
488994.500000 4205359.000000 61823.0
488814.000000 4205008.700000 61853.0
488905.900000 4204758.100000 61883.0
488876.000000 4204708.100000 61913.0
488876.000000 4204708.100000 61943.0
488815.300000 4204608.300000 61973.0
488607.800000 4204403.400000 62003.0
488307.600000 4204430.400000 62033.0
488060.400000 4204124.400000 62063.0
488100.500000 4203901.200000 62093.0
488269.300000 4203452.800000 62123.0
487976.200000 4203024.900000 62153.0
487726.200000 4202616.000000 62183.0
487429.100000 4202420.000000 62213.0
487110.600000 4202093.300000 62243.0
486976.100000 4201986.000000 62273.0
486968.800000 4201840.900000 62303.0
486828.500000 4201457.200000 62333.0
486677.600000 4201112.500000 62363.0
486744.000000 4200920.200000 62393.0
486899.400000 4200861.200000 62423.0
487061.000000 4200824.100000 62453.0
487158.500000 4200804.000000 62483.0
487252.700000 4200952.500000 62513.0
487344.800000 4200773.700000 62543.0
487539.400000 4200457.200000 62573.0
487575.300000 4200397.100000 62603.0
487655.900000 4200260.700000 62633.0
487749.600000 4200101.000000 62663.0
487783.700000 4200031.900000 62693.0
487923.100000 4199749.800000 62723.0
488092.400000 4199582.000000 62753.0
488547.000000 4199157.700000 62783.0
488935.700000 4198726.700000 62813.0
489309.400000 4198274.600000 62843.0
489580.500000 4197945.800000 62873.0
489821.800000 4197589.600000 62903.0
489618.200000 4197138.200000 62933.0
490013.400000 4196916.800000 62963.0
490332.800000 4196516.900000 62993.0
490577.500000 4196002.800000 63023.0
490516.500000 4195758.700000 63053.0
490176.900000 4195573.700000 63083.0
489942.800000 4195377.600000 63113.0
489602.300000 4195115.100000 63143.0
489526.400000 4194931.100000 63173.0
489645.700000 4194711.300000 63203.0
489765.800000 4194430.600000 63233.0
489643.300000 4194294.400000 63263.0
489438.300000 4194222.700000 63293.0
489376.300000 4193812.300000 63323.0
489363.000000 4193770.000000 63353.0
489363.000000 4193768.700000 63383.0
489395.400000 4193724.200000 63413.0
489437.100000 4193283.600000 63443.0
489152.600000 4192845.900000 63473.0
488742.300000 4192405.000000 63503.0
488437.600000 4192132.400000 63533.0
488114.500000 4191826.400000 63563.0
487767.600000 4191573.000000 63593.0
487338.800000 4191234.200000 63623.0
486946.000000 4190864.000000 63653.0
486609.300000 4190478.600000 63683.0
486301.000000 4190193.800000 63713.0
485994.400000 4189949.300000 63743.0
485666.900000 4189774.600000 63773.0
485232.200000 4189650.100000 63803.0
484971.200000 4189339.900000 63833.0
484806.700000 4188878.400000 63863.0
484488.500000 4188572.600000 63893.0
484116.900000 4188325.700000 63923.0
483799.700000 4188062.200000 63953.0
483380.200000 4187743.500000 63983.0
483329.900000 4187703.800000 64013.0
483297.300000 4187682.700000 64043.0
483226.900000 4187622.800000 64073.0
483105.100000 4187524.400000 64103.0
483021.400000 4187458.100000 64133.0
482970.300000 4187415.900000 64163.0
482870.800000 4187338.200000 64193.0
482762.400000 4187246.200000 64223.0
482729.800000 4187220.800000 64253.0
482698.800000 4187192.100000 64283.0
482630.900000 4187138.100000 64313.0
482622.200000 4187134.700000 64343.0
482535.700000 4187067.200000 64373.0
482534.900000 4187067.200000 64403.0
482483.000000 4187061.800000 64433.0
482228.900000 4187115.700000 64463.0
481928.100000 4187176.400000 64493.0
481877.900000 4187186.700000 64523.0
481700.200000 4187215.000000 64553.0
481414.300000 4187247.800000 64583.0
481110.400000 4187118.600000 64613.0
481023.200000 4187085.300000 64643.0
480878.000000 4187062.400000 64673.0
480233.000000 4187076.200000 64703.0
480058.000000 4187105.400000 64733.0
479979.600000 4187098.800000 64763.0
479968.200000 4187098.800000 64793.0
479884.600000 4187086.800000 64823.0
479882.900000 4187084.600000 64853.0
479825.100000 4187206.700000 64883.0
479837.800000 4187702.700000 64913.0
479790.000000 4187932.600000 64943.0
479750.700000 4188054.600000 64973.0
479568.900000 4188579.900000 65003.0
479414.500000 4189130.500000 65033.0
479398.400000 4189376.800000 65063.0
479429.100000 4189712.800000 65093.0
479607.600000 4190044.200000 65123.0
479542.300000 4190330.500000 65153.0
479432.400000 4190716.700000 65183.0
479406.300000 4190807.800000 65213.0
479402.800000 4190807.800000 65243.0
479324.000000 4190968.800000 66083.0
479182.100000 4191203.300000 66113.0
479127.500000 4191480.600000 66143.0
479084.300000 4191789.300000 66173.0
479063.700000 4192003.500000 66203.0
479052.500000 4192100.000000 66233.0
479050.200000 4192239.700000 66263.0
479027.900000 4192437.400000 66293.0
479002.600000 4192523.800000 66323.0
478920.700000 4192838.100000 66353.0
478867.000000 4193137.900000 66383.0
478840.100000 4193313.200000 66413.0
478834.100000 4193383.000000 66443.0
478810.700000 4193550.700000 66473.0
478804.700000 4193648.500000 66503.0
478846.700000 4193911.200000 66533.0
478790.600000 4194016.700000 66563.0
478562.700000 4194261.500000 66593.0
478404.400000 4194597.100000 66623.0
478339.800000 4194758.200000 66653.0
478313.600000 4194817.100000 66683.0
478298.800000 4194856.000000 66713.0
478270.700000 4194903.900000 66743.0
478255.100000 4194951.800000 66773.0
478224.400000 4195032.700000 66803.0
478225.300000 4195036.100000 66833.0
478231.000000 4195240.100000 66863.0
478274.700000 4195769.000000 66893.0
478312.900000 4196297.200000 66923.0
478340.100000 4196611.100000 66953.0
478346.600000 4196719.900000 66983.0
478371.400000 4197114.700000 67013.0
478384.300000 4197350.900000 67043.0
478524.600000 4197568.900000 67073.0
478739.500000 4197761.300000 67103.0
478875.400000 4197986.100000 67133.0
478968.200000 4198180.200000 67163.0
479130.300000 4198311.800000 67193.0
479156.000000 4198409.500000 67223.0
479156.400000 4198569.100000 67253.0
479157.200000 4198848.900000 67283.0
479160.800000 4198888.600000 67313.0
479311.900000 4198888.300000 67343.0
479427.100000 4198885.900000 67373.0
479410.300000 4198892.700000 67403.0
479391.900000 4198892.700000 67643.0
