473785.900000 4207720.400000 45769.0
473841.100000 4207716.000000 45979.0
473908.800000 4207724.600000 46009.0
473909.600000 4207725.900000 46039.0
473915.800000 4207736.900000 46069.0
473934.300000 4207763.500000 46099.0
473953.700000 4207782.500000 46129.0
474034.300000 4207761.100000 46159.0
474093.900000 4207719.800000 46189.0
474181.600000 4207690.800000 46219.0
474241.400000 4207731.600000 46249.0
474252.000000 4207726.100000 46279.0
474287.200000 4207736.100000 46309.0
474388.800000 4207953.400000 46339.0
474437.600000 4208139.500000 46369.0
474452.300000 4208334.500000 46399.0
474389.000000 4208594.200000 46429.0
474317.300000 4208710.000000 46459.0
474208.500000 4208699.300000 46489.0
474138.300000 4208686.400000 46519.0
474150.200000 4208592.000000 46549.0
474156.200000 4208528.900000 46579.0
474155.400000 4208518.700000 46609.0
474112.300000 4208520.100000 46669.0
474091.600000 4208621.400000 46699.0
474084.800000 4208687.800000 46729.0
474084.800000 4208698.000000 46759.0
474119.000000 4208704.700000 46879.0
474230.400000 4208688.700000 46909.0
474321.600000 4208669.300000 46939.0
474379.300000 4208615.800000 46969.0
474359.500000 4208772.500000 46999.0
474336.200000 4208895.700000 47029.0
474313.800000 4209027.800000 47059.0
474434.100000 4209060.900000 47089.0
474586.400000 4208957.200000 47119.0
474756.400000 4208874.500000 47149.0
474857.900000 4208776.400000 47179.0
474869.300000 4208776.400000 47209.0
474931.400000 4208725.000000 47599.0
475007.500000 4208646.000000 47629.0
475031.200000 4208615.900000 47659.0
475033.800000 4208614.600000 47689.0
475057.500000 4208586.600000 47719.0
475061.000000 4208558.700000 47749.0
475088.200000 4208553.100000 47779.0
475122.600000 4208625.000000 47809.0
475237.600000 4208623.300000 47839.0
475423.600000 4208630.400000 47869.0
475600.800000 4208607.900000 47899.0
475640.300000 4208598.900000 47929.0
475645.500000 4208598.800000 47959.0
475674.400000 4208591.100000 47989.0
475689.300000 4208587.700000 48019.0
475831.200000 4208520.800000 48049.0
475968.800000 4208456.100000 48079.0
476002.400000 4208549.100000 48109.0
476121.400000 4208705.400000 48139.0
476150.400000 4208715.400000 48169.0
476155.600000 4208718.800000 48199.0
476155.900000 4208850.900000 48229.0
476186.800000 4209211.400000 48259.0
476435.500000 4209651.300000 48289.0
476554.600000 4210162.200000 48319.0
476602.400000 4210318.700000 48349.0
476647.300000 4210388.400000 48379.0
476754.700000 4210500.300000 48409.0
476885.000000 4210635.400000 48439.0
476913.200000 4210665.300000 48469.0
477016.100000 4210788.200000 48499.0
477120.900000 4210912.400000 48529.0
477227.300000 4211035.200000 48559.0
477251.100000 4211059.700000 48589.0
477474.000000 4211416.300000 48619.0
477654.600000 4211974.100000 48649.0
477898.800000 4212442.800000 48679.0
478358.100000 4212935.600000 48709.0
478907.900000 4213216.900000 48739.0
479443.700000 4213491.900000 48769.0
480050.500000 4213799.000000 48799.0
480620.800000 4214220.400000 48829.0
480999.200000 4214810.000000 48859.0
481354.800000 4215386.100000 48889.0
481548.400000 4215707.300000 48919.0
481551.900000 4215707.300000 48949.0
481672.400000 4215904.700000 48979.0
482119.800000 4216337.600000 49009.0
482785.900000 4216659.100000 49039.0
483396.700000 4216956.200000 49069.0
483673.100000 4217001.000000 49099.0
483693.200000 4216953.100000 49129.0
483694.100000 4216953.100000 49159.0
483781.800000 4217000.700000 49189.0
483996.500000 4217432.000000 49219.0
484347.100000 4217855.100000 49249.0
484699.400000 4218287.000000 49279.0
485034.200000 4218683.400000 49309.0
485402.400000 4219164.400000 49339.0
485611.900000 4219667.700000 49369.0
485786.200000 4220119.000000 49399.0
485869.600000 4220195.500000 49429.0
486082.500000 4220186.200000 49459.0
486077.500000 4220278.500000 49489.0
486076.700000 4220278.500000 49519.0
486048.700000 4220328.500000 50329.0
486040.800000 4220328.500000 50359.0
486040.800000 4220326.400000 50389.0
486100.500000 4220311.900000 50599.0
486098.800000 4220324.200000 50629.0
486104.000000 4220307.700000 53749.0
