444707.817263 4636029.558219 1304018032.0
444687.314035 4636028.829145 1304018060.0
444663.787253 4636023.460194 1304018064.0
444643.110272 4636021.733291 1304018067.0
444617.705941 4636020.376307 1304018070.0
444588.729088 4636018.492036 1304018073.0
444559.436712 4636018.719984 1304018076.0
444531.972517 4636019.266917 1304018079.0
444508.819023 4636019.225200 1304018082.0
444484.993889 4636018.189487 1304018086.0
444472.337346 4636002.077184 1304018093.0
444476.276965 4635975.176245 1304018097.0
444476.901661 4635948.856320 1304018100.0
444477.433861 4635921.315743 1304018103.0
444480.659593 4635898.639667 1304018107.0
444490.204162 4635877.468823 1304018113.0
444503.635155 4635854.491167 1304018116.0
444515.539714 4635837.965400 1304018118.0
444528.128925 4635813.439877 1304018121.0
444521.793568 4635788.506579 1304018124.0
444512.844188 4635768.923280 1304018127.0
444501.327434 4635750.026197 1304018132.0
444498.231795 4635725.511816 1304018136.0
444497.271252 4635698.093917 1304018139.0
444496.022018 4635676.229966 1304018141.0
444494.680277 4635653.145363 1304018143.0
444493.905588 4635628.279800 1304018145.0
444493.284755 4635601.858564 1304018147.0
444492.086476 4635575.885964 1304018149.0
444490.658264 4635552.357903 1304018151.0
444488.362972 4635524.062142 1304018154.0
444485.882729 4635503.984333 1304018157.0
444486.473011 4635483.882597 1304018164.0
444466.641498 4635473.711014 1304018169.0
444441.735695 4635472.683839 1304018172.0
444411.103736 4635471.701433 1304018175.0
444388.861319 4635471.652965 1304018177.0
444366.039721 4635471.831158 1304018179.0
444344.212240 4635471.779589 1304018181.0
444317.982941 4635471.318357 1304018184.0
444296.416573 4635472.819369 1304018189.0
444273.923452 4635472.551153 1304018203.0
444246.678310 4635469.544348 1304018206.0
444222.934274 4635468.508845 1304018208.0
444197.370588 4635468.264913 1304018210.0
444174.052788 4635468.669675 1304018212.0
444152.642835 4635468.948523 1304018214.0
444126.423951 4635469.820322 1304018217.0
444105.863042 4635472.535399 1304018222.0
444085.282977 4635472.807938 1304018241.0
444060.280154 4635470.006313 1304018244.0
444039.607499 4635469.058337 1304018246.0
444019.190780 4635468.996682 1304018248.0
443990.975834 4635469.329495 1304018251.0
443965.080178 4635469.089006 1304018254.0
443941.011996 4635469.056298 1304018257.0
443920.185577 4635469.664355 1304018260.0
443899.965431 4635473.487686 1304018265.0
443882.631606 4635485.504858 1304018279.0
443884.177183 4635513.140166 1304018283.0
443884.731282 4635541.338455 1304018286.0
443884.396914 4635562.104462 1304018288.0
443883.991808 4635584.425504 1304018290.0
443883.356991 4635609.191106 1304018292.0
443882.737049 4635635.844172 1304018294.0
443882.842991 4635659.826702 1304018296.0
443882.435280 4635681.814665 1304018298.0
443882.052938 4635707.022419 1304018301.0
443890.919405 4635726.383541 1304018306.0
443915.898679 4635726.297857 1304018310.0
443942.611020 4635724.977247 1304018313.0
443963.593928 4635723.257670 1304018316.0
443987.911951 4635723.510543 1304018337.0
444008.254558 4635724.794053 1304018340.0
444034.576416 4635726.585811 1304018343.0
444059.812484 4635727.497921 1304018346.0
444082.313535 4635728.875726 1304018357.0
444104.041578 4635726.928646 1304018361.0
444124.522248 4635724.658315 1304018381.0
444149.751341 4635724.682525 1304018386.0
444178.809910 4635726.231290 1304018389.0
444199.808514 4635726.510900 1304018391.0
444227.625769 4635728.513724 1304018394.0
444249.209599 4635729.344066 1304018397.0
444271.699306 4635729.279115 1304018400.0
444298.174879 4635729.516167 1304018403.0
444328.222258 4635730.169537 1304018406.0
444348.977088 4635731.117695 1304018408.0
444369.730178 4635731.843859 1304018410.0
444390.482395 4635732.459056 1304018412.0
444411.484428 4635733.183398 1304018414.0
444431.736995 4635733.580547 1304018416.0
444455.372014 4635731.397595 1304018419.0
444476.900507 4635735.782145 1304018425.0
444484.964888 4635758.925385 1304018430.0
444483.858666 4635787.358699 1304018433.0
444482.201766 4635809.023235 1304018435.0
444481.949538 4635829.899585 1304018437.0
444483.790932 4635853.202366 1304018440.0
444484.958068 4635875.177995 1304018446.0
444484.216597 4635897.168501 1304018449.0
444483.614365 4635926.375131 1304018452.0
444482.420016 4635954.142936 1304018455.0
444480.436438 4635976.476229 1304018458.0
444476.711128 4635998.934135 1304018483.0
444501.904692 4636005.177756 1304018487.0
444529.634314 4636006.738287 1304018490.0
444554.625537 4636008.320242 1304018493.0
444575.418395 4636014.265278 1304018496.0
444603.325150 4636017.268157 1304018500.0
444629.681250 4636012.954960 1304018503.0
444658.154186 4636014.066075 1304018506.0
444687.657376 4636019.610661 1304018509.0
444708.582431 4636021.224733 1304018511.0
444731.247496 4636022.492263 1304018513.0
444755.565285 4636022.858774 1304018515.0
444781.540972 4636022.990446 1304018517.0
444808.596271 4636023.224881 1304018519.0
444835.975753 4636022.457603 1304018521.0
444863.517762 4636021.245037 1304018523.0
444891.141902 4636019.920907 1304018525.0
444918.099624 4636018.268938 1304018527.0
444943.652684 4636017.405165 1304018529.0
444967.714661 4636016.886107 1304018531.0
444989.374472 4636016.940851 1304018533.0
445016.847251 4636017.505955 1304018536.0
445040.504603 4636018.322672 1304018540.0
445063.494673 4636018.700479 1304018559.0
445089.554187 4636018.943662 1304018562.0
445110.303758 4636019.338894 1304018564.0
445133.543616 4636019.826036 1304018566.0
445157.362628 4636020.086726 1304018568.0
445181.347599 4636020.346219 1304018570.0
445205.496821 4636020.382461 1304018572.0
445230.640107 4636020.189074 1304018574.0
445256.946836 4636020.208900 1304018576.0
445284.498280 4636020.219262 1304018578.0
445312.712719 4636020.113606 1304018580.0
445341.425043 4636020.004240 1304018582.0
445368.638596 4636019.240284 1304018584.0
445394.025717 4636018.379401 1304018586.0
445417.262140 4636018.423359 1304018588.0
445445.149756 4636018.986935 1304018591.0
445466.061002 4636018.826795 1304018595.0
445486.649670 4636019.890557 1304018611.0
445510.230747 4636021.597686 1304018614.0
445539.540901 4636023.705220 1304018617.0
445561.539370 4636024.647384 1304018619.0
445585.111927 4636025.244489 1304018621.0
445609.343239 4636025.170440 1304018623.0
445633.743903 4636025.539314 1304018625.0
445658.559468 4636025.905107 1304018627.0
445684.452936 4636026.151732 1304018629.0
445710.757073 4636025.840153 1304018631.0
445737.480346 4636026.080646 1304018633.0
445763.461014 4636026.882062 1304018635.0
445788.691465 4636027.245149 1304018637.0
445812.506166 4636026.952894 1304018639.0
445833.417378 4636026.793832 1304018641.0
445857.232081 4636026.501727 1304018644.0
445877.310108 4636025.904993 1304018649.0
