443882.332688 4635468.630034 1302439185.0
443861.911584 4635468.013694 1302439188.0
443836.591573 4635467.102931 1302439191.0
443807.867304 4635465.997042 1302439194.0
443787.698649 4635465.823059 1302439196.0
443767.364894 4635465.761470 1302439198.0
443747.114125 4635465.699284 1302439200.0
443726.862478 4635465.526129 1302439202.0
443706.776804 4635465.351719 1302439204.0
443686.525153 4635465.178679 1302439206.0
443666.108402 4635465.118035 1302439208.0
443645.942370 4635465.277535 1302439210.0
443625.608605 4635465.216351 1302439212.0
443595.980205 4635465.228811 1302439215.0
443568.591595 4635465.112618 1302439218.0
443543.445412 4635465.200826 1302439221.0
443522.534247 4635465.588649 1302439225.0
443501.214307 4635466.757015 1302439243.0
443474.242396 4635466.859948 1302439247.0
443449.917278 4635465.831629 1302439250.0
443423.016885 4635464.490744 1302439253.0
443395.536447 4635463.265603 1302439256.0
443368.063941 4635463.039813 1302439259.0
443340.840396 4635462.812148 1302439262.0
443315.276604 4635462.571380 1302439265.0
443293.113543 4635462.081564 1302439268.0
443272.859199 4635461.576618 1302439274.0
443248.701767 4635460.769719 1302439279.0
443227.870038 4635460.713637 1302439282.0
443205.874707 4635460.444824 1302439285.0
443181.712832 4635459.083016 1302439289.0
443157.235827 4635459.833455 1302439296.0
443132.336796 4635459.699073 1302439300.0
443111.505943 4635459.754359 1302439303.0
443086.945069 4635460.394675 1302439307.0
443067.489051 4635466.323923 1302439316.0
443063.843763 4635487.893709 1302439320.0
443064.690463 4635510.760007 1302439323.0
443064.565275 4635536.632000 1302439326.0
443064.205329 4635564.282418 1302439329.0
443063.353681 4635592.714009 1302439332.0
443063.082059 4635621.029930 1302439335.0
443063.229807 4635649.897673 1302439338.0
443063.300784 4635679.543270 1302439341.0
443063.287003 4635708.967478 1302439344.0
443063.193791 4635738.836459 1302439347.0
443062.435821 4635768.599722 1302439350.0
443061.518551 4635788.815305 1302439352.0
443061.341485 4635818.573926 1302439355.0
443060.997569 4635848.222848 1302439358.0
443061.057036 4635876.425101 1302439361.0
443060.856908 4635903.297017 1302439364.0
443060.813872 4635929.057335 1302439367.0
443060.595112 4635953.597681 1302439370.0
443060.613763 4635976.692683 1302439373.0
443063.954343 4636000.094233 1302439377.0
443084.407747 4636004.927309 1302439381.0
443104.987175 4636004.762890 1302439384.0
443128.724335 4636005.128488 1302439387.0
443153.625005 4636005.706948 1302439390.0
443178.777272 4636006.616590 1302439393.0
443204.090181 4636006.858834 1302439396.0
443229.732358 4636006.765440 1302439399.0
443256.790528 4636007.327064 1302439402.0
443284.509007 4636007.439395 1302439405.0
443312.645925 4636007.992641 1302439408.0
443341.110347 4636007.988221 1302439411.0
443370.154754 4636007.868269 1302439414.0
443398.122166 4636007.979063 1302439417.0
443423.932938 4636008.218132 1302439420.0
443447.421107 4636008.586769 1302439424.0
443468.003158 4636008.756481 1302439430.0
443495.969677 4636008.756631 1302439434.0
443521.532372 4636009.109056 1302439437.0
443548.919776 4636009.336075 1302439440.0
443577.466277 4636009.220915 1302439443.0
443606.516820 4636009.879118 1302439446.0
443635.812785 4636010.091360 1302439449.0
443665.441550 4636010.412124 1302439452.0
443695.238029 4636010.953755 1302439455.0
443724.534858 4636011.277389 1302439458.0
443753.001868 4636011.607697 1302439461.0
443780.142047 4636012.059626 1302439464.0
443804.875761 4636012.530644 1302439467.0
443827.017782 4636010.579435 1302439470.0
443847.743004 4636007.862226 1302439475.0
443863.541556 4635990.749464 1302439485.0
443864.622648 4635969.977556 1302439488.0
443865.423300 4635945.210629 1302439491.0
443866.457158 4635918.443251 1302439494.0
443867.732975 4635890.785695 1302439497.0
443868.420923 4635862.244499 1302439500.0
443869.350830 4635832.813125 1302439503.0
443871.111461 4635803.486241 1302439506.0
443873.633840 4635776.040937 1302439509.0
443874.769125 4635751.604485 1302439512.0
443877.336155 4635729.821573 1302439517.0
443902.849968 4635723.846824 1302439522.0
443925.938956 4635726.107778 1302439525.0
443948.677642 4635726.039847 1302439528.0
443970.671211 4635726.199918 1302439540.0
443995.170905 4635728.450000 1302439545.0
444017.585495 4635729.384144 1302439548.0
444042.072950 4635730.080006 1302439551.0
444064.663957 4635732.345321 1302439554.0
444088.569630 4635732.934877 1302439561.0
444113.969021 4635733.512794 1302439565.0
444139.121194 4635734.314808 1302439568.0
444166.597798 4635735.209724 1302439571.0
444194.573170 4635736.211873 1302439574.0
444221.719557 4635737.331658 1302439577.0
444244.791869 4635737.484127 1302439580.0
444265.293396 4635737.878854 1302439586.0
