446822.114410 4636772.150110 1302299811.0
446820.466684 4636751.510183 1302299828.0
446818.864609 4636725.873409 1302299832.0
446825.648606 4636700.951244 1302299836.0
446827.969503 4636678.394115 1302299839.0
446829.873061 4636655.507003 1302299842.0
446828.228655 4636635.311187 1302299845.0
446828.490986 4636614.879068 1302299852.0
446834.401373 4636595.182014 1302299880.0
446833.993298 4636573.866634 1302299890.0
446819.364141 4636559.430483 1302299899.0
446797.122778 4636559.041447 1302299903.0
446772.243648 4636561.003898 1302299906.0
446748.355246 4636562.292826 1302299909.0
446727.869641 4636563.667413 1302299912.0
446706.618992 4636562.605046 1302299918.0
446683.124694 4636561.115407 1302299940.0
446660.555581 4636561.284418 1302299943.0
446631.768359 4636562.166299 1302299946.0
446611.194802 4636562.875679 1302299948.0
446585.309205 4636563.402894 1302299951.0
446565.316974 4636553.115726 1302299955.0
446560.824822 4636529.499292 1302299959.0
446562.793054 4636504.279911 1302299962.0
446564.839279 4636478.393745 1302299965.0
446566.178725 4636457.842494 1302299968.0
446565.940800 4636437.192045 1302299973.0
446565.175860 4636412.659378 1302299995.0
446565.429130 4636391.116976 1302299998.0
446565.076573 4636366.248117 1302300001.0
446564.558060 4636341.380503 1302300004.0
446562.559280 4636318.300533 1302300007.0
446563.385899 4636295.754531 1302300010.0
446564.102890 4636269.656282 1302300013.0
446563.799156 4636240.234688 1302300016.0
446563.645044 4636219.694650 1302300018.0
446563.725708 4636197.265283 1302300020.0
446564.280093 4636171.612392 1302300022.0
446564.407923 4636144.408233 1302300024.0
446563.617148 4636116.433734 1302300026.0
446563.107797 4636092.787429 1302300028.0
446562.612606 4636071.028587 1302300030.0
446562.460998 4636050.821637 1302300032.0
446562.525013 4636026.171732 1302300035.0
446538.984742 4636018.798111 1302300042.0
446511.770305 4636019.446567 1302300046.0
446486.876836 4636019.744589 1302300049.0
446458.333873 4636020.292198 1302300052.0
446429.292191 4636020.732639 1302300055.0
446402.987212 4636020.930537 1302300058.0
446378.013274 4636021.562645 1302300061.0
446357.107915 4636022.497298 1302300064.0
446333.218592 4636023.898629 1302300068.0
446312.880720 4636023.052600 1302300075.0
446287.739992 4636023.575248 1302300083.0
446264.693895 4636026.746987 1302300086.0
446235.676542 4636030.408007 1302300089.0
446214.948083 4636032.785178 1302300091.0
446194.634540 4636035.159275 1302300093.0
446166.337227 4636035.262066 1302300096.0
446145.251693 4636034.311133 1302300099.0
446123.591165 4636034.141846 1302300104.0
446098.108472 4636033.335349 1302300109.0
446071.387783 4636033.426585 1302300113.0
446034.785638 4636032.704515 1302300117.0
446013.539159 4636032.421393 1302300119.0
445990.711830 4636031.595153 1302300121.0
445967.969161 4636030.990411 1302300123.0
445946.389062 4636030.487952 1302300125.0
445925.723436 4636030.200683 1302300127.0
445905.638673 4636029.909062 1302300129.0
445884.890904 4636029.733569 1302300131.0
445862.814593 4636029.457200 1302300133.0
445840.321686 4636028.962001 1302300135.0
445817.829619 4636028.577900 1302300137.0
445795.754144 4636028.412766 1302300139.0
445774.008900 4636028.023120 1302300141.0
445752.014709 4636027.635435 1302300143.0
445729.190704 4636027.254142 1302300145.0
445705.950945 4636026.765057 1302300147.0
445683.210760 4636026.494306 1302300149.0
445660.885478 4636026.220462 1302300151.0
445640.218966 4636025.822994 1302300153.0
445614.738703 4636025.351307 1302300156.0
445591.166999 4636024.865131 1302300160.0
445570.336210 4636024.691187 1302300168.0
445545.938083 4636024.655612 1302300190.0
445523.281707 4636024.495763 1302300193.0
445499.547425 4636024.455269 1302300196.0
445478.637897 4636024.837365 1302300199.0
445456.479403 4636024.673918 1302300202.0
445429.754396 4636024.212425 1302300205.0
445400.374840 4636023.882414 1302300208.0
445370.248450 4636023.558253 1302300211.0
445349.503178 4636023.717401 1302300213.0
445327.509780 4636023.442054 1302300215.0
445304.603588 4636023.173785 1302300217.0
445280.616932 4636022.691823 1302300219.0
445256.712400 4636022.098277 1302300221.0
445233.305748 4636021.500982 1302300223.0
445210.649338 4636021.342128 1302300225.0
445189.155516 4636021.285433 1302300227.0
445168.407669 4636021.112027 1302300229.0
445147.161932 4636020.942515 1302300231.0
445124.588495 4636020.783296 1302300233.0
445101.598438 4636020.405291 1302300235.0
445079.520314 4636019.909296 1302300237.0
445058.689473 4636019.736848 1302300239.0
445037.857773 4636019.453435 1302300241.0
445017.689919 4636019.164958 1302300243.0
444988.473684 4636018.502283 1302300246.0
444958.348938 4636018.401918 1302300249.0
444937.440252 4636018.896630 1302300251.0
444917.032031 4636019.720634 1302300253.0
444888.161452 4636020.832240 1302300256.0
444860.949644 4636021.820087 1302300259.0
444832.905450 4636022.481383 1302300262.0
444804.861259 4636023.142791 1302300265.0
444778.554511 4636023.124634 1302300268.0
444751.329801 4636022.447491 1302300271.0
444723.112756 4636022.222289 1302300274.0
444701.783146 4636021.943723 1302300278.0
