446011.556604 4634850.929103 1303601739.0
446001.441578 4634830.464578 1303601746.0
445980.939309 4634830.286886 1303601752.0
445973.531572 4634849.440794 1303601758.0
445974.472993 4634875.082369 1303601762.0
445974.182127 4634902.398790 1303601765.0
445973.804062 4634929.160707 1303601768.0
445973.555788 4634951.147204 1303601773.0
445973.831576 4634976.571764 1303601778.0
445973.880274 4635004.884916 1303601781.0
445973.636218 4635027.426551 1303601783.0
445973.399742 4635050.967430 1303601785.0
445973.165796 4635074.841391 1303601787.0
445972.681194 4635098.495187 1303601789.0
445972.193229 4635121.704876 1303601791.0
445971.780683 4635143.914693 1303601793.0
445972.104114 4635164.675494 1303601795.0
445972.537479 4635188.988533 1303601798.0
445973.023523 4635209.303969 1303601818.0
445972.708290 4635233.400620 1303601822.0
445972.753648 4635261.269674 1303601825.0
445973.000826 4635282.919326 1303601827.0
445972.262236 4635305.908855 1303601829.0
445972.357753 4635329.447227 1303601831.0
445972.540471 4635353.540106 1303601833.0
445972.223573 4635377.414708 1303601835.0
445971.988827 4635401.177655 1303601837.0
445971.419605 4635424.610038 1303601839.0
445970.260213 4635446.825531 1303601841.0
445968.088137 4635466.828035 1303601843.0
445963.936171 4635488.400028 1303601846.0
445944.017122 4635499.210367 1303601850.0
445916.930443 4635495.085652 1303601854.0
445889.948644 4635493.847114 1303601857.0
445869.690487 4635492.779651 1303601859.0
445848.516087 4635491.275077 1303601861.0
445826.671024 4635488.887397 1303601863.0
445805.069840 4635485.831728 1303601865.0
445783.726048 4635483.884500 1303601867.0
445763.468686 4635482.928366 1303601869.0
445734.742379 4635481.481630 1303601872.0
445714.402861 4635480.637295 1303601875.0
445691.926825 4635482.585144 1303601882.0
445670.934411 4635483.189347 1303601885.0
445647.366004 4635483.369132 1303601888.0
445623.704439 4635482.217302 1303601891.0
445602.618865 4635481.490014 1303601894.0
445577.792068 4635479.903101 1303601898.0
445556.548991 4635480.287488 1303601901.0
445534.962082 4635479.120098 1303601905.0
445511.088033 4635482.744712 1303601914.0
445483.697102 4635482.288075 1303601918.0
445459.460537 4635481.918427 1303601921.0
445433.817434 4635482.114802 1303601924.0
445409.842587 4635483.408822 1303601927.0
445386.109899 4635483.812797 1303601930.0
445361.465204 4635484.334880 1303601933.0
445334.409617 4635484.320380 1303601936.0
445305.524043 4635483.764865 1303601939.0
445277.216816 4635482.871922 1303601942.0
445250.156952 4635482.302606 1303601945.0
445224.010796 4635481.837401 1303601948.0
445197.862073 4635481.039211 1303601951.0
445171.466089 4635480.465086 1303601954.0
445144.238515 4635479.675396 1303601957.0
445115.352895 4635479.120651 1303601960.0
445086.554535 4635479.120519 1303601963.0
445058.081272 4635478.229727 1303601966.0
445029.104078 4635476.565700 1303601969.0
444999.467254 4635475.462053 1303601972.0
444971.407182 4635474.346349 1303601975.0
444946.089121 4635473.653698 1303601978.0
444925.997552 4635472.698662 1303601981.0
444903.179409 4635473.319242 1303601986.0
444877.958066 4635474.402627 1303601995.0
444854.971377 4635474.691565 1303601998.0
444826.751314 4635474.354905 1303602001.0
444798.447398 4635473.907972 1303602004.0
444771.055479 4635473.343048 1303602007.0
444746.318295 4635472.646604 1303602010.0
444724.824513 4635472.813349 1303602014.0
444704.328305 4635473.194482 1303602031.0
444681.751374 4635472.814596 1303602034.0
444648.295301 4635471.519999 1303602038.0
444619.070719 4635470.081628 1303602041.0
444598.397303 4635469.021004 1303602043.0
444578.060150 4635468.512993 1303602045.0
444550.171116 4635468.063818 1303602048.0
444526.349337 4635467.694113 1303602051.0
444504.441460 4635467.975781 1303602055.0
444484.366234 4635469.131506 1303602064.0
444464.196773 4635468.844581 1303602068.0
444436.799590 4635467.614778 1303602071.0
444415.217598 4635467.116941 1303602073.0
444392.969967 4635466.402298 1303602075.0
444371.553074 4635465.792270 1303602077.0
444351.388798 4635466.171827 1303602079.0
444324.172305 4635466.828623 1303602082.0
444300.849291 4635466.566808 1303602086.0
444279.091751 4635464.849382 1303602096.0
444258.500371 4635463.678067 1303602100.0
444233.728306 4635458.542315 1303602103.0
444210.803675 4635456.168030 1303602105.0
444188.300056 4635454.567758 1303602107.0
444167.216791 4635454.177798 1303602109.0
444138.247935 4635453.627663 1303602112.0
444115.091707 4635453.476181 1303602115.0
444094.473907 4635459.522757 1303602121.0
444072.236662 4635460.141441 1303602125.0
444044.185914 4635460.250685 1303602128.0
444022.768954 4635459.641706 1303602130.0
444001.353736 4635459.254845 1303602132.0
443981.019101 4635459.081620 1303602134.0
443952.886230 4635459.302904 1303602137.0
443930.568623 4635460.255764 1303602140.0
443909.169131 4635461.867670 1303602164.0
443888.250085 4635461.255174 1303602168.0
443861.017835 4635459.915250 1303602171.0
443839.101171 4635459.088692 1303602173.0
443815.194544 4635458.499965 1303602175.0
443790.375046 4635457.918520 1303602177.0
443765.807134 4635457.668278 1303602179.0
443741.571171 4635457.415499 1303602181.0
443717.336082 4635457.273830 1303602183.0
443693.433820 4635457.240646 1303602185.0
443669.783153 4635457.538656 1303602187.0
443647.374670 4635457.493815 1303602189.0
443625.794307 4635457.220424 1303602191.0
443605.126809 4635456.939870 1303602193.0
443576.658445 4635456.721159 1303602196.0
443554.172244 4635457.343432 1303602199.0
443533.924959 4635457.725961 1303602203.0
443507.223110 4635460.491448 1303602224.0
443482.900620 4635459.796098 1303602227.0
443453.342837 4635458.254113 1303602230.0
443430.841657 4635456.989313 1303602232.0
443408.675065 4635456.055029 1303602234.0
443387.587310 4635455.112240 1303602236.0
443367.248204 4635454.385630 1303602238.0
443338.440790 4635453.282292 1303602241.0
443311.549156 4635453.052098 1303602244.0
443288.971125 4635452.565597 1303602247.0
443266.637633 4635451.522048 1303602253.0
443240.659737 4635451.395880 1303602258.0
443218.247669 4635450.908280 1303602261.0
443196.744922 4635449.969363 1303602264.0
443173.741300 4635448.154209 1303602268.0
443151.505820 4635448.997821 1303602274.0
443127.360734 4635449.745714 1303602277.0
443100.635929 4635449.626019 1303602280.0
443077.402828 4635450.255762 1303602284.0
