446323.740372 4635063.308893 1304091611.0
446328.982641 4635043.061334 1304091638.0
446330.133212 4635019.513601 1304091644.0
446329.564358 4634999.087754 1304091651.0
446329.578963 4634978.990613 1304091658.0
446329.345426 4634959.006375 1304091666.0
446330.340903 4634936.903247 1304091670.0
446329.336171 4634913.704853 1304091673.0
446328.081616 4634890.397309 1304091676.0
446326.422118 4634868.425216 1304091679.0
446326.245644 4634844.998520 1304091682.0
446327.736596 4634822.558563 1304091685.0
446329.355917 4634795.121143 1304091688.0
446331.628346 4634766.235372 1304091691.0
446334.339190 4634740.455233 1304091694.0
446334.764627 4634719.799840 1304091700.0
446335.355225 4634699.032171 1304091720.0
446310.540135 4634699.330140 1304091725.0
446284.638559 4634698.637086 1304091728.0
446264.046236 4634697.570986 1304091730.0
446242.955090 4634696.397675 1304091732.0
446219.700161 4634694.463524 1304091734.0
446198.689478 4634692.956636 1304091736.0
446177.758426 4634691.005076 1304091740.0
446157.410016 4634689.271240 1304091746.0
446136.660040 4634689.317031 1304091749.0
446116.786084 4634684.470792 1304091760.0
446089.470961 4634683.456036 1304091764.0
446062.160030 4634682.996520 1304091767.0
446034.099602 4634682.209685 1304091770.0
446011.692192 4634682.601492 1304091773.0
445990.563394 4634687.425013 1304091784.0
445985.650415 4634707.226192 1304091806.0
445984.205955 4634735.661684 1304091810.0
445982.632220 4634757.991322 1304091812.0
445981.469266 4634779.762679 1304091814.0
445980.311371 4634802.200200 1304091817.0
445978.642888 4634822.976093 1304091828.0
445977.522052 4634850.298804 1304091832.0
445975.998040 4634879.179041 1304091835.0
445974.968641 4634907.611397 1304091838.0
445976.292191 4634928.919774 1304091841.0
445975.945763 4634948.908414 1304091848.0
445974.911329 4634976.674610 1304091855.0
445974.647416 4635007.543901 1304091858.0
445973.672420 4635032.200713 1304091860.0
445972.701643 4635057.412662 1304091862.0
445971.648726 4635082.736269 1304091864.0
445970.749171 4635106.393212 1304091866.0
445970.581392 4635128.046005 1304091868.0
445970.153695 4635148.257335 1304091870.0
445969.758841 4635172.798722 1304091873.0
445968.610340 4635196.457557 1304091877.0
445968.025098 4635217.780419 1304091881.0
445954.780716 4635233.314531 1304091890.0
445934.451480 4635233.912913 1304091893.0
445908.217296 4635232.890683 1304091896.0
445882.485262 4635232.419903 1304091899.0
445858.331725 4635232.159286 1304091902.0
445834.923408 4635231.671018 1304091906.0
445809.928983 4635229.973523 1304091933.0
445784.533956 4635230.166734 1304091936.0
445756.145361 4635229.605593 1304091939.0
445735.468092 4635228.097556 1304091941.0
445713.380824 4635226.711357 1304091943.0
445691.215634 4635225.992021 1304091945.0
445670.126773 4635224.931445 1304091947.0
445648.633117 4635225.206423 1304091949.0
445627.556956 4635225.811379 1304091951.0
445598.099619 4635226.591427 1304091954.0
445571.120971 4635225.909222 1304091957.0
445546.053639 4635225.545611 1304091960.0
445522.646960 4635225.280423 1304091963.0
445503.282418 4635232.645708 1304091968.0
445502.298061 4635255.859257 1304091975.0
445500.891970 4635278.187765 1304091978.0
445498.858496 4635305.295519 1304091981.0
445498.111246 4635326.952787 1304091983.0
445497.716344 4635351.272168 1304091985.0
445497.662744 4635376.810307 1304091987.0
445497.766630 4635401.236907 1304091989.0
445497.771389 4635423.554628 1304091991.0
445498.097909 4635444.537484 1304091993.0
445498.758926 4635465.850883 1304091995.0
445499.477703 4635494.714127 1304091998.0
445497.895518 4635515.711588 1304092002.0
445496.169458 4635539.597027 1304092014.0
445494.482489 4635568.589715 1304092017.0
445493.647216 4635589.581465 1304092019.0
445492.989816 4635612.126327 1304092021.0
445493.246112 4635634.775231 1304092023.0
445493.167069 4635656.982568 1304092025.0
445493.336134 4635679.076973 1304092027.0
445492.918359 4635700.398634 1304092029.0
445492.742744 4635720.830173 1304092031.0
445492.625183 4635759.692860 1304092035.0
445494.392188 4635784.550883 1304092038.0
445495.066804 4635807.640727 1304092048.0
445496.312106 4635829.393801 1304092051.0
445497.378692 4635849.482738 1304092053.0
445498.456318 4635871.015029 1304092055.0
445499.710948 4635893.989405 1304092057.0
445501.301748 4635917.516378 1304092059.0
445501.150767 4635941.167713 1304092061.0
445500.003158 4635964.715641 1304092063.0
445497.998557 4635984.717049 1304092065.0
445498.100785 4636008.921617 1304092069.0
