443902.464678 4635474.689379 1303598256.0
443879.553964 4635474.092594 1303598277.0
443850.996584 4635473.096251 1303598280.0
443828.002870 4635472.500285 1303598282.0
443802.770235 4635472.144124 1303598284.0
443776.540867 4635471.684885 1303598286.0
443749.814445 4635471.340701 1303598288.0
443723.005908 4635471.108300 1303598290.0
443697.108477 4635470.646730 1303598292.0
443670.797858 4635470.410591 1303598294.0
443644.905688 4635470.615374 1303598296.0
443619.592675 4635470.593600 1303598298.0
443594.940924 4635470.233577 1303598300.0
443571.705237 4635470.528627 1303598302.0
443551.540977 4635470.910449 1303598304.0
443529.552748 4635471.528854 1303598307.0
443509.304623 4635471.800426 1303598334.0
443488.637156 4635471.520211 1303598337.0
443458.496747 4635469.760759 1303598340.0
443434.671326 4635468.950595 1303598342.0
443409.188789 4635468.486777 1303598344.0
443383.787470 4635467.800337 1303598346.0
443358.888485 4635467.665164 1303598348.0
443335.232548 4635467.298121 1303598350.0
443307.517273 4635467.851735 1303598353.0
443285.271240 4635467.362604 1303598372.0
443262.515780 4635465.434155 1303598379.0
443239.273880 4635464.953099 1303598382.0
443210.972372 4635464.845554 1303598385.0
443186.987114 4635464.814732 1303598388.0
443166.911142 4635465.863143 1303598394.0
443143.668345 4635465.271372 1303598398.0
443116.858838 4635464.930225 1303598401.0
443094.949158 4635464.994173 1303598404.0
443072.131047 4635465.620620 1303598410.0
443064.653229 4635485.333451 1303598433.0
443066.101248 4635510.748732 1303598437.0
443065.177243 4635540.513309 1303598440.0
443064.367752 4635563.836983 1303598442.0
443063.818765 4635588.602022 1303598444.0
443063.513418 4635612.698909 1303598446.0
443063.114440 4635635.464133 1303598448.0
443062.787802 4635656.896368 1303598450.0
443062.458505 4635677.995522 1303598452.0
443061.797272 4635699.097330 1303598454.0
443061.552744 4635720.417877 1303598456.0
443061.647257 4635742.623989 1303598458.0
443061.329512 4635765.166500 1303598460.0
443061.010884 4635787.597985 1303598462.0
443061.686290 4635809.799456 1303598464.0
443061.780809 4635832.005571 1303598466.0
443061.630816 4635854.768814 1303598468.0
443061.231878 4635877.534047 1303598470.0
443060.831169 4635900.077226 1303598472.0
443060.338606 4635921.510797 1303598474.0
443060.087894 4635942.054161 1303598476.0
443060.620414 4635967.143673 1303598479.0
443060.625752 4635988.573266 1303598502.0
443074.963821 4636007.001400 1303598508.0
443100.519475 4636006.464095 1303598512.0
443129.226657 4636005.679649 1303598515.0
443151.798525 4636005.610491 1303598517.0
443174.950377 4636005.425743 1303598519.0
443197.275070 4636005.580770 1303598521.0
443219.183968 4636005.628147 1303598523.0
443241.678159 4636006.226099 1303598525.0
443265.334971 4636006.925895 1303598527.0
443290.812950 4636007.056098 1303598529.0
443317.618630 4636007.175825 1303598531.0
443344.423425 4636007.184627 1303598533.0
443370.897174 4636007.307195 1303598535.0
443396.876561 4636007.877928 1303598537.0
443420.615442 4636008.466553 1303598539.0
443444.525571 4636009.720103 1303598542.0
443468.599009 4636010.639334 1303598548.0
443494.160820 4636010.880633 1303598551.0
443516.318627 4636010.926948 1303598553.0
443541.300443 4636011.284050 1303598555.0
443568.273809 4636011.625460 1303598557.0
443595.827161 4636011.851345 1303598559.0
443623.545593 4636011.964995 1303598561.0
443651.348761 4636012.300151 1303598563.0
443678.657547 4636013.083462 1303598565.0
443705.383701 4636013.649414 1303598567.0
443731.444244 4636013.998656 1303598569.0
443756.921282 4636014.019498 1303598571.0
443780.658339 4636014.387268 1303598573.0
443802.570678 4636014.880549 1303598575.0
443829.951026 4636014.220430 1303598578.0
443850.438672 4636012.948546 1303598583.0
443865.644973 4635994.397014 1303598591.0
443867.441407 4635969.622239 1303598594.0
443868.018497 4635948.077065 1303598596.0
443868.406879 4635923.646491 1303598598.0
443868.117404 4635897.444714 1303598600.0
443868.242845 4635871.239668 1303598602.0
443868.368289 4635845.034623 1303598604.0
443868.162677 4635818.943222 1303598606.0
443869.037607 4635793.065376 1303598608.0
443871.091823 4635769.398920 1303598610.0
443872.372948 4635742.407534 1303598613.0
443880.349731 4635722.580613 1303598617.0
443905.893300 4635720.380800 1303598621.0
443934.210337 4635722.600613 1303598624.0
443956.286903 4635722.759986 1303598626.0
443980.770897 4635723.011529 1303598628.0
444004.673123 4635723.156695 1303598630.0
444027.832845 4635723.862946 1303598632.0
444048.668117 4635724.476496 1303598634.0
444068.684871 4635726.539976 1303598637.0
444091.933657 4635728.022974 1303598644.0
444115.772906 4635730.722790 1303598647.0
444137.194263 4635731.998205 1303598649.0
444162.015369 4635732.913930 1303598651.0
444188.001731 4635734.264747 1303598653.0
444210.832059 4635735.307275 1303598655.0
444236.725854 4635735.437621 1303598658.0
