443245.905794 4636005.637239 1303670728.0
443271.873710 4636004.764161 1303670739.0
443295.022025 4636004.135694 1303670742.0
443321.911581 4636004.365805 1303670745.0
443351.212897 4636005.243040 1303670748.0
443371.380057 4636005.415773 1303670750.0
443400.844674 4636005.958811 1303670753.0
443427.738622 4636006.744458 1303670756.0
443448.160006 4636007.581594 1303670761.0
443469.663668 4636008.854335 1303670767.0
443491.989208 4636009.121313 1303670770.0
443519.293633 4636009.348877 1303670773.0
443549.582747 4636009.219786 1303670776.0
443570.911622 4636009.383876 1303670778.0
443593.243306 4636010.428362 1303670780.0
443616.067597 4636010.802812 1303670782.0
443638.893641 4636011.399391 1303670784.0
443661.806175 4636012.439495 1303670786.0
443696.004171 4636013.390451 1303670789.0
443718.327921 4636013.436083 1303670791.0
443740.315359 4636012.929271 1303670793.0
443761.312282 4636013.096552 1303670795.0
443781.813068 4636013.489880 1303670797.0
443811.109876 4636013.813871 1303670800.0
443835.239946 4636011.402868 1303670803.0
443856.213237 4636008.572693 1303670810.0
443863.570284 4635983.865120 1303670814.0
443864.294948 4635959.987065 1303670817.0
443864.859780 4635936.887509 1303670820.0
443865.761798 4635914.451502 1303670823.0
443866.987739 4635880.465392 1303670827.0
443867.756045 4635851.590462 1303670830.0
443868.172437 4635830.712763 1303670832.0
443869.332188 4635809.385071 1303670834.0
443871.574239 4635788.492988 1303670836.0
443873.239789 4635768.160619 1303670838.0
443874.371576 4635743.280059 1303670841.0
443886.942261 4635727.192109 1303670845.0
443915.402520 4635726.523832 1303670849.0
443938.812073 4635727.338861 1303670852.0
443962.715160 4635727.594913 1303670856.0
443986.875056 4635728.848333 1303670871.0
444007.548714 4635730.018203 1303670884.0
444032.534076 4635730.710119 1303670888.0
444054.284775 4635731.649594 1303670891.0
444074.701610 4635731.822370 1303670895.0
444100.348218 4635732.176229 1303670901.0
444122.774970 4635734.665085 1303670904.0
444148.605813 4635737.349387 1303670907.0
444176.496456 4635738.130061 1303670910.0
444204.385352 4635738.688790 1303670913.0
444231.368366 4635740.142993 1303670916.0
444260.008450 4635741.251228 1303670919.0
444280.092436 4635741.316162 1303670921.0
444309.882135 4635740.861129 1303670924.0
444330.044766 4635740.370420 1303670926.0
444359.913116 4635739.359811 1303670929.0
444389.038080 4635738.799268 1303670932.0
444417.583021 4635738.354404 1303670935.0
444445.053494 4635738.473204 1303670938.0
444467.799906 4635739.406175 1303670942.0
444479.345815 4635719.441095 1303670948.0
444479.506409 4635697.455122 1303670951.0
444480.548689 4635671.465057 1303670954.0
444483.395031 4635642.685084 1303670957.0
444485.573184 4635613.355152 1303670960.0
444486.002589 4635583.261612 1303670963.0
444486.094939 4635563.163754 1303670965.0
444486.116342 4635533.961668 1303670968.0
444486.077256 4635507.646936 1303670971.0
444485.815167 4635484.664960 1303670975.0
444499.215833 4635468.349594 1303670982.0
444526.617321 4635470.134772 1303670986.0
444552.604547 4635471.486928 1303670989.0
444578.634153 4635467.620256 1303670992.0
444599.139874 4635468.460059 1303670994.0
444620.391615 4635469.183088 1303670996.0
444640.973411 4635469.134149 1303670998.0
444661.726355 4635469.750144 1303671000.0
444682.895095 4635470.474004 1303671002.0
444704.148541 4635471.419336 1303671004.0
444725.982032 4635472.249198 1303671006.0
444748.232176 4635473.297962 1303671008.0
444770.809960 4635473.789087 1303671010.0
444792.391888 4635474.288001 1303671012.0
444812.809406 4635474.462899 1303671014.0
444841.610383 4635474.795005 1303671017.0
444866.178991 4635475.159984 1303671020.0
444886.438257 4635476.335622 1303671027.0
444907.784081 4635478.502218 1303671031.0
444931.198569 4635479.875650 1303671034.0
444957.687871 4635481.780569 1303671037.0
444986.163712 4635483.004041 1303671040.0
445014.394863 4635484.784685 1303671043.0
445041.044098 4635485.911443 1303671046.0
445066.206401 4635487.938036 1303671049.0
445093.931881 4635488.723590 1303671052.0
445124.224829 4635488.823271 1303671055.0
445145.891366 4635489.544670 1303671057.0
445168.718865 4635490.146165 1303671059.0
445192.370252 4635489.964158 1303671061.0
445216.183345 4635489.225818 1303671063.0
445239.668759 4635489.045244 1303671065.0
445263.246545 4635490.085409 1303671067.0
445286.900488 4635490.236798 1303671069.0
445310.552724 4635490.166210 1303671071.0
445333.538504 4635489.767715 1303671073.0
445356.353201 4635488.704404 1303671075.0
445378.592952 4635488.422810 1303671077.0
445400.587996 4635488.698330 1303671079.0
445422.251938 4635489.087488 1303671081.0
445442.754055 4635489.485609 1303671083.0
445469.739376 4635491.166562 1303671086.0
445490.491293 4635491.673943 1303671090.0
445501.161485 4635508.691483 1303671101.0
445499.267739 4635532.356135 1303671106.0
445498.107295 4635554.238641 1303671109.0
445496.985936 4635581.228396 1303671112.0
445496.557942 4635601.217727 1303671114.0
445496.223982 4635622.649777 1303671116.0
445495.894273 4635644.636964 1303671118.0
445495.567966 4635667.068260 1303671120.0
445495.405934 4635689.276233 1303671122.0
445495.153274 4635710.485597 1303671124.0
445495.559395 4635731.023718 1303671126.0
445496.710674 4635751.334072 1303671128.0
445497.733360 4635776.530892 1303671131.0
445498.732254 4635798.618951 1303671137.0
445499.903907 4635821.593960 1303671141.0
445500.581902 4635845.127915 1303671144.0
445502.197342 4635871.874675 1303671147.0
445504.986420 4635900.166929 1303671150.0
445505.787303 4635928.918531 1303671153.0
445505.595799 4635958.121861 1303671156.0
445505.470292 4635985.104014 1303671159.0
445505.146546 4636007.868403 1303671162.0
445522.944688 4636023.832139 1303671167.0
445543.780576 4636024.672107 1303671170.0
445568.344665 4636024.706407 1303671173.0
445594.899450 4636024.614552 1303671176.0
445622.535530 4636024.847641 1303671179.0
445650.838844 4636025.519881 1303671182.0
445680.134535 4636025.740531 1303671185.0
445700.551254 4636026.028985 1303671187.0
445720.963739 4636025.762362 1303671189.0
445741.462589 4636025.939275 1303671191.0
445761.793784 4636025.895455 1303671193.0
445781.876036 4636025.853589 1303671195.0
445810.842323 4636026.410384 1303671198.0
445839.056709 4636026.306813 1303671201.0
445862.791808 4636026.459466 1303671204.0
445885.051804 4636029.066144 1303671216.0
445908.380417 4636030.332374 1303671220.0
445932.617597 4636031.036614 1303671223.0
445960.751504 4636031.267236 1303671226.0
445989.466275 4636031.493564 1303671229.0
446018.184407 4636032.164117 1303671232.0
446047.400417 4636032.831014 1303671235.0
446077.111784 4636033.161180 1303671238.0
446097.612267 4636033.561171 1303671240.0
446118.447190 4636034.291792 1303671242.0
446139.279589 4636034.689393 1303671244.0
446159.617456 4636035.534926 1303671246.0
446189.243301 4636035.533105 1303671249.0
446217.523005 4636033.098835 1303671252.0
446243.964578 4636029.013046 1303671255.0
446266.183364 4636026.180582 1303671258.0
