444114.180056 4635749.833143 1303769291.0
444136.077230 4635758.877203 1303769302.0
444160.752292 4635762.347851 1303769305.0
444187.731748 4635763.357779 1303769308.0
444212.629633 4635763.495838 1303769311.0
444237.098687 4635761.860798 1303769315.0
444253.916256 4635747.516808 1303769321.0
444274.470337 4635744.024959 1303769324.0
444303.102582 4635744.134123 1303769327.0
444329.583303 4635745.037454 1303769330.0
444353.235606 4635745.074707 1303769333.0
444373.481210 4635744.583472 1303769336.0
444398.098992 4635740.727146 1303769350.0
444421.818876 4635749.424749 1303769354.0
444442.017855 4635753.597499 1303769358.0
444461.004699 4635740.680527 1303769365.0
444466.755396 4635711.877898 1303769369.0
444468.747681 4635690.654883 1303769371.0
444470.802194 4635666.766569 1303769373.0
444472.179855 4635641.218025 1303769375.0
444472.818443 4635616.674548 1303769377.0
444472.559769 4635594.136677 1303769379.0
444472.486107 4635574.040111 1303769381.0
444472.437448 4635546.504079 1303769384.0
444473.268857 4635525.401154 1303769387.0
444478.004999 4635504.822966 1303769405.0
444479.921327 4635484.488825 1303769415.0
444480.496884 4635462.499627 1303769419.0
444480.869263 4635435.737556 1303769422.0
444480.869970 4635414.530077 1303769424.0
444480.858565 4635391.768218 1303769426.0
444480.840239 4635368.118144 1303769428.0
444480.490824 4635344.581684 1303769430.0
444480.401626 4635322.486638 1303769432.0
444480.774025 4635295.724572 1303769435.0
444480.614820 4635275.295581 1303769438.0
444480.689010 4635252.866162 1303769441.0
444481.179886 4635230.655565 1303769444.0
444497.578210 4635215.538223 1303769449.0
444524.223380 4635215.996894 1303769453.0
444545.221728 4635216.055482 1303769455.0
444569.621824 4635215.976629 1303769457.0
444593.442713 4635216.124433 1303769459.0
444621.000764 4635216.576366 1303769462.0
444641.493397 4635215.639864 1303769468.0
444665.468189 4635214.232239 1303769483.0
444688.038183 4635213.612838 1303769486.0
444717.165299 4635213.053658 1303769489.0
444804.816278 4635214.039553 1303769496.0
444831.711244 4635214.608472 1303769498.0
444859.434392 4635214.949015 1303769500.0
444887.156677 4635215.178639 1303769502.0
444914.135476 4635215.858255 1303769504.0
444940.945713 4635216.206174 1303769506.0
444966.760918 4635216.672914 1303769508.0
444990.168535 4635217.047303 1303769510.0
445016.311407 4635216.956524 1303769513.0
445037.386717 4635216.238732 1303769517.0
445059.717163 4635216.843727 1303769539.0
445082.553250 4635218.444198 1303769543.0
445109.533717 4635219.346607 1303769546.0
445129.700405 4635219.191258 1303769548.0
445152.190826 4635219.018075 1303769550.0
445175.509444 4635218.616522 1303769552.0
445198.745926 4635218.326711 1303769554.0
445221.816428 4635218.038252 1303769556.0
445244.891197 4635218.305004 1303769558.0
445268.378357 4635218.235561 1303769560.0
445291.950211 4635218.387612 1303769562.0
445315.356934 4635218.652043 1303769564.0
445339.510569 4635218.910819 1303769566.0
445364.826066 4635219.160767 1303769568.0
445390.972316 4635219.515471 1303769570.0
445417.532663 4635219.756065 1303769572.0
445442.681319 4635219.896534 1303769574.0
445466.832388 4635219.822661 1303769576.0
445492.727954 4635219.957590 1303769578.0
445521.537521 4635221.291698 1303769580.0
445552.836788 4635222.606895 1303769582.0
445585.462190 4635223.690033 1303769584.0
445617.915667 4635223.997398 1303769586.0
445650.286148 4635224.305544 1303769588.0
445683.075808 4635225.165808 1303769590.0
445715.200689 4635225.920255 1303769592.0
445746.661638 4635226.679903 1303769594.0
445777.042859 4635227.336874 1303769596.0
445806.425655 4635227.668468 1303769598.0
445834.561058 4635227.676567 1303769600.0
445860.208438 4635227.925751 1303769602.0
445881.954428 4635228.093629 1303769604.0
445903.946857 4635227.926602 1303769607.0
445925.870621 4635229.647733 1303769618.0
445952.016769 4635230.004495 1303769622.0
445972.161038 4635237.846108 1303769648.0
445974.078119 4635260.815496 1303769652.0
445974.344658 4635285.018771 1303769655.0
445973.975910 4635313.002001 1303769658.0
445973.307681 4635334.325496 1303769660.0
445972.414910 4635358.870666 1303769662.0
445972.116539 4635385.187864 1303769664.0
445972.053664 4635409.726742 1303769666.0
445972.210284 4635430.377783 1303769668.0
445972.074530 4635456.249618 1303769671.0
