444704.290132 4635478.968538 1303681100.0
444679.150953 4635479.940956 1303681104.0
444656.911166 4635480.224733 1303681108.0
444632.317526 4635476.640689 1303681127.0
444604.670587 4635475.301149 1303681131.0
444578.610766 4635475.281775 1303681134.0
444550.475389 4635475.167618 1303681137.0
444524.334304 4635475.371143 1303681140.0
444502.586371 4635474.874335 1303681143.0
444480.426957 4635474.824935 1303681150.0
444455.771855 4635474.017825 1303681154.0
444429.539114 4635473.112074 1303681157.0
444399.657510 4635472.567998 1303681160.0
444370.025728 4635472.133131 1303681163.0
444340.900542 4635472.804769 1303681166.0
444315.527159 4635475.667877 1303681169.0
444294.112020 4635475.280137 1303681183.0
444270.948057 4635474.128904 1303681188.0
444250.707769 4635475.397613 1303681191.0
444224.392876 4635474.604293 1303681194.0
444203.055493 4635473.550014 1303681196.0
444180.975565 4635473.056787 1303681198.0
444159.974471 4635472.555171 1303681200.0
444139.886238 4635472.046459 1303681202.0
444114.152226 4635471.248991 1303681205.0
444092.655807 4635471.084562 1303681214.0
444070.908680 4635470.700098 1303681219.0
444047.751630 4635470.437808 1303681222.0
444018.699834 4635469.888812 1303681225.0
443997.118670 4635469.503269 1303681227.0
443974.540777 4635469.014596 1303681229.0
443952.297451 4635468.856464 1303681231.0
443929.971135 4635468.699055 1303681233.0
443906.732826 4635468.659930 1303681235.0
443882.411303 4635468.074245 1303681237.0
443857.672210 4635467.158831 1303681239.0
443832.187970 4635466.471446 1303681241.0
443805.955958 4635465.679016 1303681243.0
443778.647726 4635465.228279 1303681245.0
443750.509611 4635464.784200 1303681247.0
443722.537465 4635464.338920 1303681249.0
443695.478181 4635463.886535 1303681251.0
443669.002439 4635463.762740 1303681253.0
443643.933096 4635463.072747 1303681255.0
443619.528528 4635462.488615 1303681257.0
443595.541531 4635462.234363 1303681259.0
443572.638649 4635462.637809 1303681261.0
443545.670245 4635463.184580 1303681264.0
443525.422976 4635463.567133 1303681269.0
443504.590391 4635463.399214 1303681288.0
443482.266666 4635463.576290 1303681291.0
443455.206466 4635463.013790 1303681294.0
443435.117238 4635462.396037 1303681296.0
443413.532461 4635461.568153 1303681298.0
443391.783467 4635460.963706 1303681300.0
443370.698370 4635460.354049 1303681302.0
443349.117991 4635460.081495 1303681304.0
443328.036419 4635459.916073 1303681306.0
443299.568039 4635459.698469 1303681309.0
443278.071522 4635459.536497 1303681313.0
443252.344390 4635459.630358 1303681322.0
443229.434421 4635459.146690 1303681325.0
443201.961883 4635458.921540 1303681328.0
443179.054562 4635458.771115 1303681331.0
443158.308469 4635459.047656 1303681337.0
443132.666089 4635459.363342 1303681341.0
443108.022224 4635460.004248 1303681344.0
443087.693734 4635460.610763 1303681347.0
443067.631956 4635463.435889 1303681364.0
443066.464759 4635483.542424 1303681371.0
443065.598000 4635510.086548 1303681398.0
443064.797376 4635534.520493 1303681401.0
443064.207991 4635564.615500 1303681404.0
443063.549395 4635586.050386 1303681406.0
443063.137989 4635607.261228 1303681408.0
443062.220684 4635627.476806 1303681410.0
443062.113267 4635655.569348 1303681413.0
443064.534027 4635678.089967 1303681416.0
443067.357276 4635699.052889 1303681437.0
443065.817807 4635724.492056 1303681442.0
443064.016974 4635748.378833 1303681445.0
443063.244803 4635776.365659 1303681448.0
443062.664793 4635797.244753 1303681450.0
443062.343502 4635819.343157 1303681452.0
443062.182856 4635840.774072 1303681454.0
443061.691168 4635862.318668 1303681456.0
443061.444883 4635883.417165 1303681458.0
443061.359242 4635903.848173 1303681460.0
443061.173316 4635932.496527 1303681463.0
443061.286484 4635957.034220 1303681466.0
443061.782610 4635977.571614 1303681470.0
443065.116086 4636000.084946 1303681489.0
443089.888079 4636005.327656 1303681494.0
443113.041708 4636005.364761 1303681497.0
443141.506154 4636005.359544 1303681500.0
443170.554127 4636005.682887 1303681503.0
443196.703054 4636006.695675 1303681506.0
443219.200785 4636007.737665 1303681509.0
443239.940856 4636006.906149 1303681515.0
443263.006182 4636006.278239 1303681528.0
443286.162448 4636006.648989 1303681531.0
443315.376362 4636006.971601 1303681534.0
443336.708794 4636007.579099 1303681536.0
443359.782950 4636008.061776 1303681538.0
443382.439546 4636008.214743 1303681540.0
443403.766672 4636008.156278 1303681542.0
443429.994114 4636008.614126 1303681545.0
443452.492673 4636009.767880 1303681550.0
443479.044099 4636009.224028 1303681555.0
443504.936079 4636009.240676 1303681558.0
443525.191480 4636010.079350 1303681560.0
443547.441949 4636011.346404 1303681562.0
443571.677806 4636011.820559 1303681564.0
443596.576631 4636012.178512 1303681566.0
443621.061423 4636012.650863 1303681568.0
443644.883238 4636013.239579 1303681570.0
443668.536451 4636013.496604 1303681572.0
443692.020186 4636013.310912 1303681574.0
443715.669007 4636013.012957 1303681576.0
443739.321336 4636013.159191 1303681578.0
443763.057521 4636013.415875 1303681580.0
443786.457396 4636013.120121 1303681582.0
443808.450968 4636013.390710 1303681584.0
443836.082893 4636013.061733 1303681587.0
443857.609044 4636006.674110 1303681591.0
443865.539969 4635981.073742 1303681595.0
443867.576603 4635955.186733 1303681598.0
443868.366770 4635929.087480 1303681601.0
443868.114043 4635907.548847 1303681604.0
