446312.105408 4635072.279227 1303945284.0
446317.925237 4635051.583173 1303945301.0
446320.173076 4635030.469903 1303945327.0
446320.354475 4635010.482537 1303945334.0
446318.125732 4634990.069197 1303945355.0
446315.982481 4634969.988314 1303945359.0
446316.453184 4634944.336071 1303945363.0
446316.610321 4634921.128924 1303945366.0
446316.178973 4634896.926912 1303945369.0
446316.492064 4634872.386193 1303945372.0
446315.623157 4634845.189580 1303945375.0
446315.154163 4634815.991357 1303945378.0
446314.770674 4634787.125590 1303945381.0
446314.491093 4634761.034874 1303945384.0
446314.911451 4634739.713317 1303945387.0
446314.427220 4634719.508908 1303945391.0
446308.217072 4634699.458677 1303945399.0
446281.089802 4634701.328638 1303945404.0
446255.775902 4634701.519526 1303945407.0
446229.119817 4634699.833065 1303945410.0
446201.552434 4634698.375652 1303945413.0
446177.212674 4634695.672597 1303945416.0
446155.703165 4634694.058570 1303945421.0
446129.245752 4634696.701281 1303945425.0
446109.163967 4634697.297268 1303945427.0
446087.580688 4634696.905371 1303945429.0
446066.829051 4634696.729312 1303945431.0
446039.617140 4634698.378767 1303945434.0
446016.561791 4634700.885101 1303945437.0
445995.297035 4634698.714537 1303945442.0
445980.727870 4634714.813778 1303945456.0
445981.298903 4634746.342926 1303945462.0
445980.327194 4634771.443835 1303945466.0
445978.772842 4634796.327096 1303945470.0
445977.551326 4634821.318868 1303945475.0
445976.881320 4634842.420291 1303945478.0
445975.276840 4634871.634239 1303945481.0
445974.100465 4634891.629170 1303945483.0
445974.144946 4634919.387183 1303945486.0
445973.968719 4634939.929699 1303945489.0
445971.298482 4634959.935961 1303945495.0
445970.642831 4634982.924849 1303945499.0
445969.349344 4635009.360612 1303945502.0
445969.039150 4635034.123417 1303945504.0
445968.234374 4635059.334108 1303945506.0
445967.834462 4635083.209329 1303945508.0
445967.753891 4635105.416627 1303945510.0
445967.248261 4635126.294748 1303945512.0
445966.551763 4635154.835626 1303945515.0
445965.411689 4635179.604732 1303945519.0
445964.159160 4635200.488521 1303945538.0
445961.083379 4635221.719241 1303945556.0
445939.756115 4635232.984391 1303945560.0
445913.032416 4635233.076192 1303945563.0
445883.148340 4635232.303832 1303945566.0
445855.921632 4635231.733468 1303945569.0
445832.925733 4635230.908972 1303945573.0
445810.671673 4635229.412706 1303945578.0
445786.594350 4635228.263485 1303945582.0
445764.102286 4635228.212611 1303945585.0
445737.795203 4635228.523965 1303945588.0
445717.629404 4635228.788621 1303945590.0
445697.535594 4635227.609349 1303945592.0
445669.473011 4635226.268833 1303945595.0
445640.672820 4635226.155425 1303945598.0
445618.853986 4635227.321242 1303945600.0
445596.618511 4635228.268240 1303945602.0
445575.041874 4635228.544073 1303945604.0
445553.875098 4635228.150638 1303945606.0
445527.741632 4635229.460743 1303945609.0
445505.197989 4635233.519324 1303945613.0
445502.373408 4635254.859379 1303945618.0
445500.619219 4635275.080911 1303945621.0
445498.743230 4635301.077124 1303945624.0
445497.639643 4635330.398437 1303945627.0
445496.805165 4635351.501206 1303945629.0
445495.897898 4635373.936936 1303945631.0
445494.908499 4635396.484329 1303945633.0
445493.992753 4635417.809790 1303945635.0
445494.029807 4635444.346542 1303945638.0
445494.618043 4635466.992901 1303945642.0
445496.861775 4635489.071426 1303945662.0
445495.472755 4635513.620486 1303945667.0
445496.636797 4635535.596240 1303945670.0
445495.979377 4635558.141099 1303945673.0
445494.664021 4635581.468229 1303945676.0
445494.996500 4635603.228280 1303945679.0
445494.927643 4635626.767941 1303945684.0
445494.837550 4635647.531925 1303945687.0
445494.250397 4635668.410746 1303945690.0
445491.763941 4635690.525471 1303945694.0
445492.093034 4635711.841418 1303945698.0
445495.099718 4635736.023751 1303945702.0
445495.208736 4635761.116528 1303945706.0
445496.051865 4635784.538183 1303945713.0
445494.656984 4635808.310065 1303945718.0
445497.244462 4635831.940442 1303945722.0
445500.024227 4635859.011393 1303945726.0
445502.035042 4635883.201354 1303945729.0
445502.458135 4635905.960025 1303945732.0
445502.199531 4635926.392206 1303945735.0
445500.466794 4635949.389441 1303945739.0
445498.064270 4635971.614567 1303945744.0
445499.482305 4635994.254595 1303945749.0
445519.110327 4636010.759489 1303945754.0
445543.899849 4636018.564341 1303945758.0
445568.967786 4636019.372027 1303945761.0
445595.445546 4636020.057999 1303945764.0
445623.835255 4636021.173607 1303945767.0
445654.302021 4636022.606580 1303945770.0
445687.174376 4636023.910306 1303945773.0
445709.252413 4636024.408184 1303945775.0
445730.997675 4636024.797633 1303945777.0
445752.743780 4636025.298176 1303945779.0
445774.568635 4636025.243017 1303945781.0
445795.897292 4636025.413768 1303945783.0
445816.394448 4636025.368842 1303945785.0
445843.528397 4636025.051440 1303945788.0
445868.343096 4636025.306937 1303945791.0
445889.257685 4636025.592148 1303945794.0
445911.339064 4636026.534762 1303945797.0
445932.417922 4636026.596785 1303945800.0
445955.400286 4636025.978226 1303945804.0
445980.721279 4636027.340607 1303945808.0
446004.948357 4636026.712767 1303945811.0
446030.500610 4636025.741867 1303945814.0
446054.488843 4636026.448409 1303945817.0
446074.824226 4636026.960619 1303945820.0
446095.076624 4636027.473515 1303945825.0
446119.660826 4636030.174369 1303945847.0
446140.241776 4636030.240774 1303945850.0
446164.797416 4636029.166859 1303945853.0
446186.450406 4636028.337026 1303945857.0
