445525.668864 4636032.805034 1303758476.0
445502.606103 4636033.758698 1303758481.0
445476.977737 4636035.620345 1303758485.0
445455.571207 4636036.117348 1303758490.0
445433.230622 4636033.845727 1303758513.0
445406.163511 4636032.054539 1303758516.0
445384.581644 4636031.331727 1303758518.0
445361.672075 4636030.619166 1303758520.0
445337.854822 4636030.579847 1303758522.0
445313.956291 4636030.763300 1303758524.0
445289.803700 4636030.282581 1303758526.0
445265.819626 4636030.133751 1303758528.0
445242.247894 4636029.648730 1303758530.0
445220.420467 4636029.372438 1303758532.0
445192.287332 4636029.255767 1303758535.0
445163.651180 4636028.476877 1303758538.0
445137.004854 4636027.460707 1303758541.0
445116.337435 4636026.953731 1303758544.0
445091.431129 4636025.591222 1303758557.0
445069.107501 4636025.541287 1303758560.0
445039.397698 4636025.437380 1303758563.0
445016.989372 4636025.166194 1303758565.0
444993.835070 4636025.011873 1303758567.0
444969.853528 4636025.197121 1303758569.0
444945.296268 4636026.053102 1303758571.0
444920.325823 4636027.134432 1303758573.0
444895.021743 4636027.996363 1303758575.0
444870.047872 4636028.633760 1303758577.0
444846.402562 4636029.371990 1303758579.0
444823.670907 4636030.214255 1303758581.0
444802.098410 4636030.714508 1303758583.0
444772.887352 4636030.718881 1303758586.0
444746.246983 4636030.481363 1303758589.0
444724.666733 4636029.982605 1303758592.0
444703.253303 4636029.593651 1303758596.0
444677.356303 4636028.906483 1303758600.0
444654.029122 4636027.866338 1303758603.0
444627.641127 4636028.071438 1303758606.0
444607.147381 4636028.563895 1303758608.0
444585.242958 4636029.067385 1303758610.0
444561.993555 4636027.360733 1303758612.0
444538.422590 4636026.989067 1303758614.0
444516.594225 4636026.603905 1303758616.0
444491.099977 4636024.359801 1303758619.0
444470.882865 4636028.403582 1303758626.0
444458.282449 4636008.848811 1303758633.0
444458.281314 4635987.419258 1303758635.0
444459.629403 4635958.095771 1303758637.0
444462.689094 4635935.420979 1303758639.0
444465.915637 4635912.855922 1303758643.0
444467.292345 4635887.196339 1303758647.0
444469.995929 4635861.415379 1303758650.0
444472.494726 4635841.298750 1303758652.0
444475.148255 4635819.737475 1303758654.0
444475.060637 4635787.205207 1303758657.0
444477.617367 4635763.868147 1303758660.0
444480.264023 4635741.418659 1303758666.0
444480.492025 4635717.433550 1303758670.0
444481.684698 4635689.443701 1303758673.0
444482.929303 4635668.115484 1303758675.0
444484.081413 4635645.566617 1303758677.0
444485.062369 4635622.352881 1303758679.0
444484.719881 4635599.704629 1303758681.0
444485.036093 4635576.385042 1303758684.0
444486.250453 4635551.170879 1303758691.0
444484.925107 4635530.195798 1303758694.0
444484.241155 4635506.328838 1303758698.0
444487.983224 4635485.980472 1303758708.0
444470.550570 4635474.790881 1303758715.0
444445.145113 4635473.545521 1303758719.0
444418.421374 4635473.531911 1303758722.0
444397.827449 4635472.027113 1303758724.0
444375.997370 4635471.642365 1303758726.0
444354.916777 4635471.584932 1303758728.0
444327.784160 4635472.352092 1303758731.0
444303.480938 4635474.096540 1303758735.0
444286.910705 4635488.327426 1303758751.0
444269.431153 4635503.009601 1303758755.0
444240.910471 4635506.674838 1303758758.0
444219.408952 4635505.843864 1303758760.0
444198.152040 4635504.455869 1303758762.0
444170.582864 4635502.451201 1303758765.0
444147.239931 4635499.636264 1303758769.0
444134.411393 4635482.970724 1303758785.0
444112.162026 4635482.034903 1303758789.0
444087.671116 4635481.005711 1303758792.0
444058.532022 4635479.902068 1303758795.0
444028.398811 4635479.028424 1303758798.0
444007.464123 4635476.417090 1303758800.0
443979.063150 4635474.197630 1303758803.0
443956.151572 4635473.489571 1303758806.0
443932.746431 4635473.340641 1303758810.0
443912.005635 4635474.281150 1303758816.0
443891.437814 4635476.108630 1303758828.0
443884.491540 4635500.368771 1303758833.0
443886.031861 4635527.337917 1303758836.0
443886.367504 4635548.875884 1303758838.0
443885.549207 4635571.422248 1303758840.0
443884.895140 4635593.745251 1303758842.0
443884.496159 4635616.843484 1303758844.0
443884.016821 4635640.275454 1303758846.0
