444720.900737 4635213.135706 1301976214.0
444700.660510 4635214.514156 1301976221.0
444669.203628 4635214.314261 1301976224.0
444643.641662 4635214.401800 1301976226.0
444615.014222 4635215.179464 1301976228.0
444583.567697 4635216.312273 1301976230.0
444551.204827 4635217.008217 1301976232.0
444523.071886 4635217.338267 1301976234.0
444502.409828 4635217.832294 1301976236.0
444485.354497 4635233.843016 1301976240.0
444484.850631 4635254.388206 1301976243.0
444485.175804 4635274.815903 1301976245.0
444485.207950 4635300.242408 1301976247.0
444484.188059 4635329.119162 1301976249.0
444483.270203 4635360.437869 1301976251.0
444482.515740 4635391.422202 1301976253.0
444482.230663 4635418.738760 1301976255.0
444482.312940 4635439.945592 1301976257.0
444481.995855 4635463.154148 1301976261.0
444463.172465 4635475.847702 1301976267.0
444440.471972 4635480.910205 1301976270.0
444411.675489 4635491.794111 1301976273.0
444388.993282 4635499.188349 1301976275.0
444366.149481 4635507.139092 1301976277.0
444340.903150 4635505.004592 1301976279.0
444317.403006 4635503.300667 1301976282.0
444296.743517 4635504.017353 1301976291.0
444273.301549 4635509.752394 1301976294.0
444248.842918 4635512.830655 1301976296.0
444220.027246 4635510.613484 1301976298.0
444193.950132 4635508.374975 1301976300.0
444170.275279 4635505.562563 1301976302.0
444145.750511 4635500.203112 1301976305.0
444125.955116 4635494.695615 1301976309.0
444099.211395 4635492.129578 1301976312.0
444078.617441 4635490.625702 1301976314.0
444057.847911 4635487.901890 1301976316.0
444037.898645 4635483.950320 1301976318.0
444012.900203 4635481.703998 1301976321.0
443989.726597 4635479.332380 1301976325.0
443962.647317 4635476.325356 1301976334.0
443936.171644 4635476.200569 1301976337.0
443913.500287 4635474.380417 1301976341.0
443888.015207 4635473.581805 1301976346.0
443859.528564 4635471.030393 1301976349.0
443836.856292 4635469.099457 1301976351.0
443812.451772 4635468.514665 1301976353.0
443786.721195 4635468.162488 1301976355.0
443761.157465 4635467.920120 1301976357.0
443735.177040 4635467.459068 1301976359.0
443709.034144 4635467.443530 1301976361.0
443682.054346 4635466.546431 1301976363.0
443654.411515 4635465.765713 1301976365.0
443627.183615 4635464.981819 1301976367.0
443601.452126 4635464.519283 1301976369.0
443578.379758 4635464.479916 1301976371.0
443558.128095 4635464.307240 1301976373.0
443535.137831 4635464.156328 1301976376.0
443512.067219 4635464.339230 1301976400.0
443486.681756 4635465.650912 1301976403.0
443462.768933 4635464.286177 1301976405.0
443434.372111 4635462.624022 1301976407.0
443403.574800 4635461.758291 1301976409.0
443372.027941 4635460.565548 1301976411.0
443341.722356 4635458.918936 1301976413.0
443314.326631 4635457.915502 1301976415.0
443291.338980 4635458.098458 1301976417.0
443270.335965 4635457.377410 1301976420.0
443249.493613 4635455.988938 1301976424.0
443220.939567 4635455.439228 1301976427.0
443198.364188 4635455.286095 1301976429.0
443172.382758 4635454.716067 1301976432.0
443148.559010 4635454.128914 1301976436.0
443120.769562 4635455.794188 1301976439.0
443098.279826 4635455.973792 1301976441.0
443071.237285 4635457.633294 1301976444.0
443058.533010 4635477.609968 1301976449.0
443058.804141 4635501.147072 1301976452.0
443058.977198 4635522.797377 1301976454.0
443059.359715 4635549.886689 1301976456.0
443058.760593 4635578.760399 1301976458.0
443058.658509 4635607.519102 1301976460.0
443057.960440 4635634.394987 1301976462.0
443058.146820 4635657.710706 1301976464.0
443060.240975 4635680.900140 1301976467.0
443064.299250 4635700.631812 1301976484.0
443062.848540 4635737.173704 1301976488.0
443062.474431 4635763.047696 1301976490.0
443060.213881 4635791.712627 1301976492.0
443058.629648 4635821.926635 1301976494.0
443058.221400 4635853.907794 1301976496.0
443057.899692 4635886.332399 1301976498.0
443057.316618 4635917.204615 1301976500.0
443056.547171 4635945.524532 1301976502.0
443057.734683 4635969.498464 1301976504.0
443061.486634 4635992.452587 1301976508.0
443080.225840 4636000.852456 1301976513.0
443107.852509 4635999.854490 1301976516.0
443131.180096 4636000.889574 1301976518.0
443157.405828 4636001.124364 1301976520.0
443187.446053 4636000.995721 1301976522.0
443218.155440 4636001.528075 1301976524.0
443249.611655 4636002.054612 1301976526.0
443282.556226 4636001.903229 1301976528.0
443316.418011 4636002.299870 1301976530.0
443350.445752 4636002.695353 1301976532.0
443383.807870 4636002.874220 1301976534.0
443413.516148 4636002.749168 1301976536.0
443436.583256 4636002.343875 1301976538.0
443460.731770 4636002.263176 1301976542.0
443480.921837 4636005.322928 1301976546.0
443507.163369 4636007.557496 1301976549.0
443533.226597 4636008.239095 1301976551.0
443562.106790 4636008.343296 1301976553.0
443592.893794 4636008.210445 1301976555.0
443624.677454 4636008.180872 1301976557.0
443657.787937 4636008.029911 1301976559.0
443689.905274 4636008.220058 1301976561.0
443721.939625 4636008.411005 1301976563.0
443753.475206 4636008.495001 1301976565.0
443783.932902 4636008.698679 1301976567.0
443810.813634 4636007.820362 1301976569.0
443832.873565 4636005.980854 1301976571.0
443853.512320 4636002.820207 1301976575.0
443863.022514 4635977.540490 1301976579.0
443864.024126 4635957.213345 1301976581.0
443864.748797 4635933.335291 1301976583.0
443865.322385 4635911.346009 1301976585.0
443864.908934 4635890.474848 1301976589.0
