445972.388702 4635202.202642 1303819172.0
445972.315706 4635225.409188 1303819183.0
445972.477367 4635246.726386 1303819186.0
445971.765716 4635273.268781 1303819189.0
445970.743166 4635302.589372 1303819192.0
445970.318018 4635323.133788 1303819194.0
445969.808201 4635343.456781 1303819196.0
445969.281081 4635372.440518 1303819199.0
445967.758109 4635401.431809 1303819202.0
445966.234310 4635430.312075 1303819205.0
445963.028036 4635456.207200 1303819208.0
445962.849366 4635476.416653 1303819212.0
445983.016505 4635487.367053 1303819234.0
446010.226230 4635485.828378 1303819238.0
446035.539033 4635485.858646 1303819241.0
446063.429484 4635486.535688 1303819244.0
446083.846873 4635486.714229 1303819246.0
446104.929837 4635487.109859 1303819248.0
446126.592030 4635487.279104 1303819250.0
446148.338886 4635487.669842 1303819252.0
446169.755468 4635488.285209 1303819254.0
446190.675800 4635489.126455 1303819256.0
446211.508107 4635489.302227 1303819258.0
446231.761179 4635489.704499 1303819260.0
446259.153659 4635490.386065 1303819263.0
446283.397643 4635491.757677 1303819267.0
446302.845232 4635484.393886 1303819292.0
446305.325083 4635461.058176 1303819296.0
446305.640575 4635436.850515 1303819299.0
446306.091084 4635408.533602 1303819302.0
446305.855792 4635388.327296 1303819304.0
446305.219089 4635358.908245 1303819307.0
446304.016522 4635331.492062 1303819310.0
446302.336098 4635306.744283 1303819313.0
446302.341399 4635285.425833 1303819316.0
446303.184969 4635265.211400 1303819321.0
446298.122023 4635243.153920 1303819338.0
446277.388841 4635234.205499 1303819342.0
446254.562352 4635233.822499 1303819345.0
446227.178103 4635234.362239 1303819348.0
446198.870903 4635233.576654 1303819351.0
446172.724796 4635233.218986 1303819354.0
446151.061835 4635233.049594 1303819357.0
446130.977364 4635233.090398 1303819376.0
446105.585719 4635233.726573 1303819382.0
446082.765092 4635234.121313 1303819385.0
446055.626454 4635234.215720 1303819388.0
446026.245397 4635234.105152 1303819391.0
445996.115741 4635233.778313 1303819394.0
445966.732151 4635233.334909 1303819397.0
445937.429861 4635232.668943 1303819400.0
445917.259018 4635232.266871 1303819402.0
445897.089859 4635232.086911 1303819404.0
445876.006118 4635231.691889 1303819406.0
445854.424432 4635231.300713 1303819408.0
445832.432856 4635231.578921 1303819410.0
445810.520049 4635231.301429 1303819412.0
445788.524248 4635231.024637 1303819414.0
445766.779106 4635230.968071 1303819416.0
445745.282087 4635230.798649 1303819418.0
445723.784221 4635230.518264 1303819420.0
445702.203361 4635230.238577 1303819422.0
445681.200891 4635229.621444 1303819424.0
445651.209206 4635225.630904 1303819427.0
445629.722331 4635226.794155 1303819429.0
445609.227107 4635227.394733 1303819431.0
445583.248588 4635227.260015 1303819434.0
445558.265101 4635227.006754 1303819438.0
445537.934164 4635227.384214 1303819453.0
445511.787959 4635227.028971 1303819458.0
445489.129894 4635226.980235 1303819461.0
445463.068373 4635226.846590 1303819464.0
445433.599142 4635226.072939 1303819467.0
445412.930286 4635225.676108 1303819469.0
445392.180989 4635225.613055 1303819471.0
445371.099729 4635225.552608 1303819473.0
445349.351990 4635225.164235 1303819475.0
445327.271434 4635224.667449 1303819477.0
445305.108735 4635224.282395 1303819479.0
445282.614071 4635223.899960 1303819481.0
445259.784029 4635223.076038 1303819483.0
445236.129198 4635222.924731 1303819485.0
445212.890169 4635222.881339 1303819487.0
445190.064384 4635222.612776 1303819489.0
445167.322440 4635222.454674 1303819491.0
445144.247677 4635222.188174 1303819493.0
445120.841804 4635222.035333 1303819495.0
445097.185247 4635221.662433 1303819497.0
445073.362705 4635221.290892 1303819499.0
445049.125206 4635220.922630 1303819501.0
445024.555742 4635220.557013 1303819503.0
444999.734731 4635219.860321 1303819505.0
444974.832438 4635219.386411 1303819507.0
444949.762443 4635218.691816 1303819509.0
444924.776291 4635218.107695 1303819511.0
444899.791850 4635217.745716 1303819513.0
444875.387480 4635217.268302 1303819515.0
444851.483628 4635217.120198 1303819517.0
444829.075322 4635217.182661 1303819519.0
444801.931392 4635216.615681 1303819522.0
444777.694709 4635216.359369 1303819526.0
444757.203789 4635217.517534 1303819553.0
444733.380334 4635217.036102 1303819558.0
444709.894869 4635217.329362 1303819561.0
444682.093033 4635217.545181 1303819564.0
444661.843337 4635217.702443 1303819566.0
444640.762011 4635217.644156 1303819568.0
444619.430848 4635217.476840 1303819570.0
444598.357288 4635218.417923 1303819572.0
444571.471804 4635219.071183 1303819575.0
444548.237042 4635219.585094 1303819578.0
444524.671185 4635220.212693 1303819581.0
444503.678038 4635220.820329 1303819584.0
444486.714354 4635237.940672 1303819589.0
444486.319494 4635272.475280 1303819594.0
444485.532122 4635299.240577 1303819597.0
444485.019682 4635329.334750 1303819600.0
444484.852978 4635350.543519 1303819602.0
444484.437311 4635371.754229 1303819604.0
444484.016456 4635392.298778 1303819606.0
444483.161704 4635421.063216 1303819609.0
444482.825577 4635441.829174 1303819612.0
444483.070369 4635462.590605 1303819620.0
444469.002367 4635478.467068 1303819627.0
444444.840871 4635477.100979 1303819632.0
444424.329085 4635475.484430 1303819635.0
444400.489119 4635472.783576 1303819638.0
444374.090388 4635471.879323 1303819641.0
444346.208280 4635472.319165 1303819644.0
444321.064765 4635472.737710 1303819647.0
444299.072177 4635472.798604 1303819651.0
444275.502823 4635472.871900 1303819670.0
444251.081001 4635470.065062 1303819674.0
444225.521670 4635470.376164 1303819677.0
444194.805798 4635469.284310 1303819680.0
444173.218560 4635468.121043 1303819682.0
444152.544180 4635466.950685 1303819684.0
444126.392601 4635465.823344 1303819687.0
444105.233344 4635466.322436 1303819691.0
444092.246759 4635482.413241 1303819698.0
444086.937771 4635503.884473 1303819702.0
444088.220520 4635529.856365 1303819706.0
444088.260206 4635556.060082 1303819710.0
444088.921084 4635576.818258 1303819713.0
444088.694383 4635600.803387 1303819717.0
444088.298229 4635624.345712 1303819721.0
444089.305863 4635646.988746 1303819725.0
444088.565571 4635668.979297 1303819729.0
444087.396416 4635689.196670 1303819733.0
444085.489120 4635710.530179 1303819748.0
444103.088669 4635721.828557 1303819756.0
