443511.110104 4635469.232323 1304050042.0
443490.782507 4635469.948714 1304050046.0
443463.570455 4635471.163935 1304050049.0
443439.164125 4635470.358366 1304050051.0
443411.680186 4635468.689054 1304050053.0
443382.447311 4635466.256509 1304050055.0
443353.211766 4635463.491002 1304050057.0
443326.964642 4635460.812873 1304050059.0
443296.741148 4635459.054765 1304050062.0
443276.767586 4635462.544804 1304050075.0
443256.462975 4635466.148571 1304050080.0
443227.590291 4635467.266886 1304050083.0
443205.421038 4635466.000153 1304050085.0
443178.509956 4635463.327864 1304050088.0
443156.582555 4635461.171079 1304050092.0
443132.924802 4635460.582654 1304050095.0
443112.337596 4635459.969786 1304050097.0
443091.753933 4635459.801086 1304050099.0
443066.376490 4635462.113511 1304050102.0
443053.473422 4635477.983515 1304050107.0
443058.478403 4635501.926915 1304050126.0
443058.859147 4635528.794173 1304050129.0
443059.132054 4635552.553332 1304050131.0
443058.594620 4635578.761725 1304050133.0
443058.559548 4635605.521275 1304050135.0
443059.420461 4635630.164012 1304050137.0
443058.516484 4635652.045000 1304050139.0
443058.014129 4635672.257263 1304050141.0
443058.511150 4635692.905675 1304050143.0
443059.438183 4635715.438235 1304050145.0
443059.888605 4635740.639429 1304050147.0
443059.856207 4635767.732067 1304050149.0
443059.090269 4635796.496086 1304050151.0
443060.307960 4635824.244940 1304050153.0
443061.846928 4635850.658815 1304050155.0
443061.825185 4635879.083785 1304050157.0
443061.144908 4635908.180227 1304050159.0
443059.365455 4635934.731667 1304050161.0
443056.313770 4635957.851214 1304050163.0
443053.903769 4635978.189774 1304050165.0
443054.976350 4635998.167388 1304050190.0
443068.716684 4636014.490635 1304050197.0
443095.633721 4636018.161737 1304050201.0
443125.664126 4636016.811532 1304050204.0
443148.646435 4636016.183915 1304050206.0
443173.795122 4636016.649430 1304050208.0
443200.604318 4636017.212826 1304050210.0
443228.482531 4636016.546424 1304050212.0
443256.614999 4636016.544312 1304050214.0
443285.494298 4636016.536364 1304050216.0
443316.194767 4636015.958868 1304050218.0
443346.979987 4636015.602899 1304050220.0
443377.184338 4636015.251680 1304050222.0
443405.398017 4636015.027441 1304050224.0
443428.802302 4636015.285649 1304050226.0
443452.708880 4636016.095117 1304050229.0
443478.613172 4636017.666052 1304050232.0
443499.699247 4636018.609095 1304050234.0
443524.259968 4636018.192237 1304050236.0
443551.891001 4636017.751130 1304050238.0
443583.599555 4636018.721276 1304050240.0
443616.716144 4636019.347314 1304050242.0
443650.659023 4636019.522832 1304050244.0
443682.859291 4636019.712291 1304050246.0
443713.982551 4636020.132474 1304050248.0
443744.945105 4636021.220267 1304050250.0
443775.573092 4636021.977734 1304050252.0
443804.625302 4636022.858799 1304050254.0
443829.446334 4636023.884383 1304050256.0
443855.318108 4636021.348678 1304050259.0
443868.756416 4635999.591098 1304050263.0
443869.100169 4635969.498132 1304050266.0
443869.167997 4635946.513528 1304050268.0
443868.168431 4635924.980780 1304050270.0
443865.759030 4635903.570177 1304050273.0
443861.365902 4635883.174518 1304050293.0
443865.420405 4635860.602633 1304050295.0
443872.105908 4635834.901063 1304050297.0
443876.534278 4635807.107638 1304050299.0
443881.291124 4635778.867492 1304050301.0
443882.015886 4635754.989447 1304050303.0
443881.474018 4635728.345529 1304050306.0
443906.686502 4635726.259361 1304050310.0
443927.703485 4635728.869740 1304050312.0
443953.279366 4635730.778104 1304050314.0
443980.595289 4635732.339773 1304050316.0
444009.319319 4635733.557376 1304050318.0
444037.140101 4635736.003565 1304050320.0
444061.125263 4635736.148268 1304050322.0
444081.834619 4635741.870470 1304050326.0
444107.984324 4635742.886611 1304050332.0
444135.798934 4635744.555994 1304050335.0
444156.818379 4635747.500130 1304050337.0
444177.282147 4635753.668668 1304050339.0
444202.668406 4635752.581492 1304050341.0
444226.635242 4635750.395181 1304050343.0
444251.353297 4635748.758241 1304050346.0
444274.875705 4635742.800414 1304050375.0
444295.055694 4635744.530149 1304050378.0
444325.533554 4635747.178752 1304050381.0
444350.024368 4635748.319780 1304050383.0
444374.933563 4635749.901761 1304050385.0
444400.010448 4635751.704589 1304050387.0
444425.318946 4635751.285018 1304050389.0
444447.886364 4635750.553811 1304050391.0
444471.273243 4635748.483881 1304050394.0
444482.678273 4635731.739889 1304050398.0
444483.004845 4635709.752623 1304050401.0
444484.419745 4635688.978249 1304050403.0
444486.793273 4635663.421945 1304050405.0
444489.641374 4635634.864030 1304050407.0
444490.580821 4635606.320991 1304050409.0
444490.030850 4635578.344729 1304050411.0
444488.324255 4635551.043684 1304050413.0
444485.626997 4635524.416565 1304050415.0
444483.786417 4635501.224822 1304050417.0
444477.869053 4635476.732447 1304050420.0
444473.888930 4635455.889096 1304050426.0
444476.109523 4635431.999500 1304050429.0
444475.830964 4635406.908011 1304050431.0
444476.028703 4635379.036964 1304050433.0
444475.532247 4635347.285142 1304050435.0
444476.031663 4635315.525561 1304050437.0
444476.372896 4635284.766519 1304050439.0
444477.664235 4635258.774530 1304050441.0
444481.363171 4635232.874814 1304050444.0
