445510.965095 4636030.807867 1303402342.0
445486.501850 4636033.104702 1303402369.0
445462.678662 4636032.287775 1303402372.0
445441.842782 4636031.448044 1303402385.0
445414.287138 4636030.881938 1303402390.0
445383.500337 4636031.006918 1303402393.0
445359.431588 4636030.636354 1303402395.0
445334.364507 4636029.940433 1303402397.0
445309.381253 4636029.354989 1303402399.0
445284.565661 4636028.990413 1303402401.0
445259.833046 4636028.625285 1303402403.0
445236.011511 4636028.031171 1303402405.0
445213.437249 4636027.760643 1303402407.0
445191.941738 4636027.481886 1303402409.0
445169.779812 4636026.875222 1303402411.0
445147.035303 4636026.051046 1303402413.0
445122.880964 4636025.348838 1303402415.0
445097.735980 4636025.320552 1303402417.0
445072.092252 4636025.185167 1303402419.0
445046.448522 4636025.049874 1303402421.0
445020.222207 4636024.697103 1303402423.0
444993.578409 4636024.014551 1303402425.0
444965.776301 4636023.785183 1303402427.0
444937.146953 4636023.895422 1303402429.0
444909.514235 4636024.109100 1303402431.0
444882.709611 4636024.094410 1303402433.0
444856.733077 4636023.851341 1303402435.0
444831.670192 4636023.712324 1303402437.0
444807.106912 4636023.791592 1303402439.0
444783.949147 4636023.193844 1303402441.0
444763.778698 4636022.573004 1303402443.0
444740.458406 4636022.420794 1303402446.0
444717.811440 4636023.484808 1303402454.0
444696.219096 4636021.431754 1303402459.0
444674.372433 4636029.373796 1303402463.0
444647.840915 4636032.466819 1303402467.0
444622.351053 4636030.777382 1303402470.0
444600.283265 4636031.615199 1303402473.0
444580.118045 4636021.001781 1303402476.0
444556.719949 4636010.857719 1303402479.0
444531.228253 4636008.946553 1303402482.0
444504.744292 4636018.146608 1303402485.0
444482.578013 4636027.646208 1303402489.0
444478.810764 4636002.137754 1303402496.0
444480.700961 4635978.472779 1303402498.0
444483.076949 4635953.249544 1303402500.0
444484.325818 4635932.476455 1303402502.0
444482.414439 4635910.839727 1303402506.0
444483.330521 4635889.958199 1303402510.0
444494.263326 4635865.889657 1303402513.0
444504.083747 4635848.158737 1303402515.0
444516.068706 4635831.299242 1303402517.0
444526.715609 4635813.117781 1303402519.0
444533.330062 4635788.638803 1303402522.0
444527.765771 4635766.808448 1303402526.0
444521.206500 4635745.096880 1303402530.0
444517.702922 4635721.473941 1303402533.0
444518.523189 4635698.927663 1303402535.0
444519.235400 4635673.162244 1303402537.0
444521.018648 4635646.389180 1303402539.0
444523.310204 4635620.944566 1303402541.0
444523.869445 4635596.845851 1303402543.0
444518.857359 4635571.347087 1303402545.0
444516.694462 4635549.379219 1303402547.0
444516.722909 4635521.065352 1303402550.0
444515.899897 4635500.641525 1303402556.0
444494.853076 4635494.254484 1303402560.0
444471.094460 4635491.330693 1303402563.0
444443.769962 4635488.767892 1303402566.0
444414.033608 4635485.557811 1303402569.0
444388.699896 4635482.868652 1303402571.0
444364.525388 4635479.837428 1303402573.0
444342.752293 4635476.121319 1303402575.0
444319.756055 4635475.190686 1303402578.0
444299.684343 4635476.791040 1303402583.0
444275.886014 4635479.419906 1303402587.0
444253.651433 4635480.371105 1303402590.0
444226.448035 4635482.693682 1303402593.0
444205.704634 4635483.300255 1303402595.0
444182.954746 4635482.035031 1303402597.0
444162.452474 4635481.640535 1303402599.0
444137.080054 4635484.615306 1303402602.0
444114.799336 4635479.682499 1303402616.0
444088.554351 4635477.223622 1303402621.0
444062.978479 4635475.425792 1303402624.0
444042.548698 4635473.698662 1303402626.0
444019.963844 4635472.321628 1303402628.0
443996.464370 4635470.729787 1303402630.0
443973.801746 4635470.019714 1303402632.0
443946.081235 4635469.904681 1303402635.0
443925.837480 4635470.730204 1303402645.0
443903.274446 4635472.129219 1303402658.0
443897.046158 4635492.719569 1303402662.0
443895.016237 4635519.494766 1303402665.0
443894.180418 4635539.820584 1303402667.0
443893.512327 4635560.367150 1303402669.0
443891.186262 4635581.148844 1303402671.0
443890.366206 4635603.473154 1303402673.0
443888.470840 4635626.250072 1303402675.0
443886.163183 4635649.363341 1303402677.0
443885.494258 4635669.798884 1303402679.0
443884.991310 4635690.233121 1303402681.0
443886.163807 4635712.652773 1303402684.0
443904.687874 4635725.386827 1303402688.0
443929.268832 4635727.413975 1303402691.0
443954.267319 4635729.771024 1303402694.0
443976.743067 4635727.928706 1303402698.0
443998.789935 4635724.313286 1303402716.0
444026.125064 4635728.317728 1303402720.0
444051.521864 4635728.562341 1303402723.0
444072.606073 4635729.174005 1303402726.0
444095.429470 4635729.327946 1303402732.0
444117.015934 4635730.490970 1303402737.0
444137.236058 4635737.327511 1303402751.0
444156.794877 4635744.502395 1303402765.0
444176.185948 4635751.456579 1303402787.0
444199.209155 4635755.939611 1303402798.0
444221.158752 4635761.097330 1303402802.0
444242.332779 4635762.597063 1303402810.0
444255.573338 4635747.170738 1303402820.0
444280.265353 4635742.203082 1303402842.0
444304.014543 4635744.015958 1303402845.0
444324.268827 4635744.634855 1303402847.0
444345.516318 4635744.912948 1303402849.0
444366.674751 4635744.414561 1303402851.0
444387.668951 4635744.139588 1303402853.0
444408.500648 4635744.310081 1303402855.0
444437.470881 4635745.194384 1303402858.0
444458.701911 4635743.363297 1303402861.0
444480.187096 4635742.196497 1303402872.0
444486.199353 4635768.242616 1303402877.0
444484.758597 4635796.345435 1303402880.0
444483.762104 4635817.560688 1303402882.0
444483.009377 4635838.107838 1303402884.0
444481.712120 4635863.322660 1303402887.0
444474.152219 4635883.589772 1303402893.0
444469.245209 4635903.503109 1303402896.0
444467.570329 4635933.495342 1303402899.0
444466.899786 4635953.930824 1303402901.0
444464.711461 4635981.928453 1303402904.0
444463.804109 4636003.920259 1303402907.0
444463.889076 4636025.460193 1303402918.0
444487.302838 4636037.602441 1303402924.0
444508.349803 4636044.211504 1303402927.0
444532.592344 4636045.577145 1303402930.0
444558.134913 4636043.379661 1303402933.0
444582.401681 4636037.194972 1303402936.0
444606.084169 4636030.570775 1303402939.0
444626.191489 4636033.745440 1303402945.0
444643.618514 4636023.061749 1303402953.0
444658.949492 4636009.618538 1303402967.0
444677.285972 4635998.483729 1303402982.0
444698.136731 4636001.208688 1303402987.0
444719.672868 4636006.704236 1303402992.0
444743.164344 4636007.521255 1303402995.0
444773.557899 4636010.172406 1303402998.0
444797.057960 4636012.099875 1303403000.0
444821.220996 4636013.911250 1303403002.0
444845.865571 4636013.609335 1303403004.0
444870.839493 4636012.971853 1303403006.0
444895.978522 4636012.222149 1303403008.0
444921.284376 4636011.582276 1303403010.0
444946.598815 4636012.052766 1303403012.0
444972.241743 4636012.076673 1303403014.0
444997.549314 4636011.659126 1303403016.0
445022.031359 4636011.803211 1303403018.0
445046.680221 4636012.057126 1303403020.0
445083.939661 4636011.880784 1303403023.0
445109.676685 4636013.347900 1303403025.0
445137.157158 4636014.912712 1303403027.0
445166.117601 4636014.689696 1303403029.0
445195.658059 4636014.351300 1303403031.0
445225.698113 4636014.231253 1303403033.0
445255.743285 4636014.777495 1303403035.0
445285.702911 4636014.991420 1303403037.0
445314.749739 4636015.212479 1303403039.0
445342.552698 4636015.554236 1303403041.0
445369.104122 4636015.017431 1303403043.0
445394.498068 4636015.044767 1303403045.0
445418.812406 4636014.969433 1303403047.0
445439.965803 4636013.919091 1303403049.0
445461.869437 4636013.307203 1303403052.0
445484.050061 4636016.357374 1303403067.0
445507.073218 4636021.066675 1303403071.0
445527.737211 4636021.130675 1303403073.0
445551.637464 4636021.169995 1303403075.0
445575.457281 4636021.543110 1303403077.0
445600.600550 4636021.351029 1303403079.0
445626.074049 4636020.934448 1303403081.0
445652.297768 4636020.956368 1303403083.0
445679.021911 4636021.307669 1303403085.0
445705.667301 4636022.214839 1303403087.0
445732.229702 4636023.122741 1303403089.0
445758.704040 4636023.365211 1303403091.0
445784.019175 4636023.949703 1303403093.0
445808.257240 4636024.764548 1303403095.0
445831.575753 4636024.698199 1303403097.0
445852.732537 4636024.093192 1303403099.0
445878.841189 4636019.897543 1303403102.0
445900.014856 4636021.513222 1303403123.0
