446270.400380 4636013.157847 1302540607.0
446291.118770 4636020.440830 1302540618.0
446302.231757 4635997.484136 1302540626.0
446302.113009 4635970.725957 1302540629.0
446302.439306 4635947.961629 1302540631.0
446302.656678 4635921.756085 1302540633.0
446301.942831 4635893.114826 1302540635.0
446300.730247 4635864.366295 1302540637.0
446300.691139 4635837.163387 1302540639.0
446304.908463 4635813.148363 1302540641.0
446312.682401 4635787.552067 1302540644.0
446317.648328 4635763.753478 1302540648.0
446320.223643 4635742.082545 1302540652.0
446318.076388 4635721.446505 1302540672.0
446320.326477 4635700.666292 1302540675.0
446324.020114 4635673.213197 1302540678.0
446325.209160 4635643.780376 1302540681.0
446324.802923 4635622.909150 1302540683.0
446325.228217 4635602.253727 1302540685.0
446325.675431 4635573.492700 1302540688.0
446325.090675 4635550.957321 1302540692.0
446320.189769 4635528.343432 1302540700.0
446318.379433 4635508.371059 1302540709.0
446328.452154 4635490.418782 1302540727.0
446355.064074 4635497.657568 1302540731.0
446379.899783 4635500.468487 1302540735.0
446402.651606 4635502.073803 1302540739.0
446427.468073 4635502.331263 1302540742.0
446457.511886 4635502.438486 1302540745.0
446479.588107 4635502.494658 1302540747.0
446503.577196 4635503.091700 1302540749.0
446528.068370 4635504.240221 1302540751.0
446552.059113 4635505.059480 1302540753.0
446575.382623 4635505.439691 1302540755.0
446598.124387 4635505.713305 1302540757.0
446620.452046 4635506.101129 1302540759.0
446641.447752 4635505.943832 1302540761.0
446665.679949 4635505.762366 1302540764.0
446687.170252 4635505.157368 1302540785.0
446707.546085 4635510.889671 1302540794.0
446710.780221 4635532.739040 1302540798.0
446709.437627 4635552.957148 1302540800.0
446708.290087 4635577.059964 1302540802.0
446707.419755 4635604.935841 1302540804.0
446706.813341 4635634.808344 1302540806.0
446706.205273 4635664.458795 1302540808.0
446705.663585 4635691.888084 1302540810.0
446704.925199 4635715.210612 1302540812.0
446703.685591 4635738.092758 1302540815.0
446703.836783 4635758.299698 1302540835.0
446728.299686 4635766.888338 1302540839.0
446755.117603 4635768.575390 1302540842.0
446776.690930 4635768.081061 1302540845.0
446797.339826 4635766.039236 1302540851.0
446813.003973 4635752.154123 1302540865.0
446813.342707 4635730.833195 1302540868.0
446818.563443 4635707.588250 1302540897.0
446826.753437 4635681.878413 1302540901.0
446830.599256 4635652.314845 1302540904.0
446831.962172 4635623.658079 1302540907.0
446834.841222 4635597.987899 1302540910.0
446837.598237 4635578.203396 1302540913.0
446839.400163 4635552.763325 1302540917.0
446828.944104 4635530.634706 1302540921.0
446802.444824 4635527.279483 1302540924.0
446778.855031 4635524.568820 1302540926.0
446753.443659 4635522.427018 1302540928.0
446727.620658 4635520.732517 1302540930.0
446702.715481 4635519.697443 1302540932.0
446678.556346 4635518.545838 1302540934.0
446655.891797 4635517.494155 1302540936.0
446634.138432 4635516.213652 1302540938.0
446607.492160 4635515.414021 1302540941.0
446586.649136 4635513.793739 1302540946.0
446565.480815 4635513.064225 1302540949.0
446534.522534 4635512.741345 1302540952.0
446509.623960 4635512.595162 1302540954.0
446482.399247 4635512.133442 1302540956.0
446455.423489 4635511.669953 1302540958.0
446430.269265 4635510.637702 1302540960.0
446405.691764 4635509.046033 1302540962.0
446381.526678 4635507.118245 1302540964.0
446359.105978 4635505.399470 1302540966.0
446331.791539 4635504.050732 1302540969.0
446312.330735 4635498.645702 1302540978.0
446304.597307 4635474.609738 1302540985.0
446305.688973 4635454.282396 1302541009.0
446305.941563 4635432.740011 1302541017.0
446305.180725 4635408.873563 1302541019.0
446306.089837 4635375.334625 1302541021.0
446306.366012 4635345.908694 1302541023.0
446307.416710 4635320.141029 1302541025.0
446309.163130 4635298.587390 1302541027.0
446312.078111 4635277.913213 1302541030.0
446313.295662 4635252.255329 1302541036.0
446315.848597 4635227.586682 1302541039.0
446317.182629 4635206.369257 1302541041.0
446317.914821 4635182.380534 1302541043.0
446317.807907 4635157.176768 1302541045.0
446317.869486 4635132.304833 1302541047.0
446317.791855 4635110.987015 1302541049.0
446318.939026 4635086.995169 1302541052.0
446322.501345 4635064.095462 1302541057.0
