443272.817765 4635466.795557 1302746941.0
443247.338737 4635466.776426 1302746945.0
443221.632867 4635469.535051 1302746948.0
443198.586165 4635472.716703 1302746951.0
443175.159706 4635469.905609 1302746956.0
443146.954492 4635471.463064 1302746960.0
443117.173406 4635473.144249 1302746963.0
443094.271446 4635473.660261 1302746966.0
443078.290701 4635488.666531 1302746970.0
443076.258528 4635514.775828 1302746974.0
443074.167341 4635543.883525 1302746977.0
443071.203718 4635567.668550 1302746979.0
443069.513307 4635594.996499 1302746981.0
443068.403813 4635622.319807 1302746983.0
443068.524919 4635647.856733 1302746985.0
443068.777391 4635669.062271 1302746987.0
443059.711553 4635687.344363 1302747007.0
443057.469176 4635707.903640 1302747011.0
443054.950793 4635735.460288 1302747014.0
443053.730891 4635759.342424 1302747016.0
443052.550056 4635788.109761 1302747018.0
443051.633275 4635818.762572 1302747020.0
443051.718519 4635850.184614 1302747022.0
443051.716345 4635881.052184 1302747024.0
443052.185440 4635908.584957 1302747026.0
443052.131784 4635933.012949 1302747028.0
443051.554495 4635954.225131 1302747030.0
443049.999182 4635977.665821 1302747033.0
443047.834601 4635997.558284 1302747060.0
443066.025777 4636010.070769 1302747073.0
443091.847219 4636011.640962 1302747076.0
443116.164341 4636011.890849 1302747078.0
443142.474789 4636012.346976 1302747080.0
443169.610616 4636012.241442 1302747082.0
443197.492390 4636012.019029 1302747084.0
443227.043527 4636013.004795 1302747086.0
443259.241216 4636012.859257 1302747088.0
443293.348361 4636012.809696 1302747090.0
443326.881701 4636013.653139 1302747092.0
443359.504000 4636014.726052 1302747094.0
443389.533566 4636013.265933 1302747096.0
443413.844480 4636012.739646 1302747098.0
443437.917913 4636013.658773 1302747101.0
443461.733581 4636013.469685 1302747107.0
443485.142271 4636014.283214 1302747110.0
443506.893087 4636015.332038 1302747112.0
443531.142140 4636017.471464 1302747114.0
443559.286900 4636019.024929 1302747116.0
443592.082118 4636020.985811 1302747118.0
443626.522001 4636021.046243 1302747120.0
443661.291172 4636020.771135 1302747122.0
443695.234040 4636020.946865 1302747124.0
443727.518155 4636021.246897 1302747126.0
443757.891941 4636021.340090 1302747128.0
443785.608570 4636021.232316 1302747130.0
443808.672114 4636020.384119 1302747132.0
443832.795157 4636017.084889 1302747135.0
443852.501829 4636011.488838 1302747150.0
443859.739277 4635992.667014 1302747153.0
443861.486686 4635961.674710 1302747156.0
443863.193134 4635936.012371 1302747158.0
443864.457558 4635906.911459 1302747160.0
443864.962024 4635876.151025 1302747162.0
443866.620389 4635844.382192 1302747164.0
443868.857909 4635812.386730 1302747166.0
443871.444011 4635782.498171 1302747168.0
443872.660522 4635757.839011 1302747170.0
443873.564351 4635735.625066 1302747173.0
443892.917160 4635727.145044 1302747178.0
443920.407825 4635729.815447 1302747182.0
443947.463450 4635729.935595 1302747185.0
443972.034772 4635730.741591 1302747188.0
443993.292812 4635732.350960 1302747212.0
444020.153565 4635739.357028 1302747216.0
444040.259377 4635742.196967 1302747218.0
444061.336572 4635741.920380 1302747220.0
444084.228968 4635740.297197 1302747223.0
444106.897685 4635741.895831 1302747226.0
444135.221526 4635745.004659 1302747229.0
444159.880970 4635746.476814 1302747231.0
444188.429361 4635746.475140 1302747233.0
444215.891997 4635745.593811 1302747235.0
444239.037707 4635744.524312 1302747237.0
444260.343863 4635741.692739 1302747240.0
444280.415690 4635740.203294 1302747254.0
444304.313493 4635739.794328 1302747257.0
444325.395030 4635740.073659 1302747259.0
444347.716995 4635739.788190 1302747261.0
444368.868507 4635738.401593 1302747263.0
444394.253104 4635737.093046 1302747266.0
444415.405496 4635735.817614 1302747278.0
444434.556899 4635743.995741 1302747285.0
444449.199118 4635727.337476 1302747291.0
444454.775280 4635708.085119 1302747294.0
444459.131680 4635681.403002 1302747296.0
444463.786299 4635650.388242 1302747298.0
444467.510806 4635617.160059 1302747300.0
444469.910167 4635584.275312 1302747302.0
444471.586907 4635554.505151 1302747304.0
444472.476201 4635530.181791 1302747306.0
444474.871388 4635507.401170 1302747309.0
444478.699013 4635487.385233 1302747320.0
444481.324165 4635462.160078 1302747323.0
444483.884520 4635439.267141 1302747325.0
444485.999670 4635412.491490 1302747327.0
444487.175143 4635382.281113 1302747329.0
444488.097337 4635351.517542 1302747331.0
444487.364945 4635321.433069 1302747333.0
444486.817563 4635293.789901 1302747335.0
444485.973692 4635270.701432 1302747337.0
444485.879324 4635247.940226 1302747340.0
