444724.981589 4635482.361040 1302368696.0
444700.240982 4635481.220647 1302368704.0
444676.580065 4635480.182989 1302368707.0
444649.016139 4635478.842633 1302368710.0
444619.877163 4635477.736695 1302368713.0
444590.085503 4635478.079394 1302368716.0
444569.833090 4635477.792815 1302368718.0
444540.868711 4635477.796181 1302368721.0
444515.392401 4635478.105597 1302368724.0
444492.736803 4635478.282092 1302368730.0
444471.487666 4635477.892525 1302368734.0
444440.351749 4635476.136684 1302368738.0
444414.694728 4635474.560294 1302368741.0
444387.224102 4635474.552628 1302368744.0
444357.939020 4635476.002682 1302368747.0
444331.297404 4635475.877723 1302368750.0
444307.559483 4635475.619129 1302368753.0
444284.145693 4635474.358772 1302368760.0
444263.737691 4635475.406688 1302368764.0
444242.824816 4635475.570342 1302368767.0
444215.530590 4635476.894366 1302368770.0
444187.063238 4635476.784244 1302368773.0
444159.921074 4635476.330745 1302368776.0
444135.848575 4635475.742243 1302368779.0
444112.019807 4635474.485707 1302368783.0
444089.777381 4635474.438173 1302368789.0
444062.555694 4635474.429805 1302368793.0
444037.736286 4635473.847500 1302368796.0
444010.842182 4635473.281586 1302368799.0
443984.528985 4635472.711206 1302368802.0
443959.463217 4635472.464212 1302368805.0
443936.968316 4635471.975005 1302368808.0
443916.047555 4635471.140374 1302368836.0
443889.320272 4635470.684640 1302368841.0
443864.830153 4635469.767240 1302368844.0
443836.438727 4635468.769647 1302368847.0
443815.602679 4635468.156711 1302368849.0
443794.106227 4635467.993182 1302368851.0
443772.360811 4635467.831683 1302368853.0
443750.531527 4635467.559879 1302368855.0
443728.869094 4635467.397858 1302368857.0
443707.370879 4635467.012537 1302368859.0
443685.955648 4635466.626624 1302368861.0
443664.871487 4635466.127124 1302368863.0
443644.784932 4635465.841862 1302368865.0
443616.070281 4635465.958045 1302368868.0
443589.343819 4635465.614462 1302368871.0
443564.443964 4635465.367544 1302368874.0
443543.282956 4635465.646251 1302368877.0
443522.696701 4635465.143225 1302368896.0
443499.212033 4635465.440485 1302368900.0
443474.977833 4635465.410668 1302368903.0
443447.831125 4635464.404746 1302368906.0
443419.023769 4635463.301082 1302368909.0
443389.473923 4635462.758607 1302368912.0
443360.256022 4635462.213614 1302368915.0
443331.120219 4635461.557054 1302368918.0
443303.643282 4635460.776376 1302368921.0
443280.155944 4635460.741277 1302368925.0
443259.823028 4635460.792164 1302368931.0
443239.404470 4635460.510689 1302368934.0
443215.501303 4635460.368082 1302368937.0
443193.175788 4635460.324009 1302368940.0
443173.085632 4635459.595968 1302368946.0
443148.773719 4635460.234085 1302368951.0
443128.688873 4635460.172332 1302368954.0
443104.461725 4635461.031993 1302368958.0
443083.796851 4635461.086033 1302368963.0
443065.382834 4635472.780745 1302368976.0
443067.309255 4635495.749447 1302368999.0
443067.245746 4635518.956123 1302369003.0
443067.434751 4635542.604918 1302369006.0
443067.312218 4635568.809993 1302369009.0
443067.779467 4635596.120699 1302369012.0
443067.409756 4635622.549821 1302369015.0
443066.878516 4635649.535406 1302369018.0
443067.692796 4635678.730926 1302369021.0
443067.442923 4635699.385308 1302369023.0
443067.855158 4635719.812330 1302369025.0
443067.931904 4635739.797897 1302369027.0
443068.077867 4635768.443590 1302369030.0
443067.880361 4635795.648583 1302369033.0
443066.520199 4635822.751836 1302369036.0
443067.887853 4635848.500875 1302369039.0
443070.181624 4635875.908028 1302369042.0
443070.564115 4635902.997356 1302369045.0
443070.680797 4635927.979156 1302369048.0
443070.187322 4635949.301700 1302369051.0
443069.534986 4635971.513789 1302369055.0
443072.780133 4635993.361624 1302369070.0
443093.674183 4636001.411202 1302369074.0
443114.111600 4636004.245872 1302369077.0
443138.946135 4636006.934462 1302369080.0
443166.680572 4636009.044825 1302369083.0
443194.747803 4636011.263677 1302369086.0
443220.903785 4636013.164772 1302369089.0
443245.054042 4636013.305395 1302369093.0
443269.598864 4636010.889168 1302369117.0
443290.926871 4636010.941392 1302369120.0
443317.567457 4636011.173468 1302369123.0
443346.621568 4636012.274720 1302369126.0
443376.832994 4636012.811719 1302369129.0
443396.998366 4636012.762469 1302369131.0
443425.543980 4636012.535672 1302369134.0
443447.531416 4636012.027956 1302369137.0
443470.854488 4636012.509015 1302369144.0
443491.934414 4636012.674844 1302369147.0
443518.329552 4636013.353755 1302369150.0
443548.707790 4636014.001194 1302369153.0
443570.370335 4636014.384706 1302369155.0
443592.694090 4636014.429944 1302369157.0
443615.431871 4636014.360941 1302369159.0
443638.419475 4636014.401067 1302369161.0
443661.407954 4636014.552295 1302369163.0
443683.982403 4636014.817905 1302369165.0
443705.148798 4636015.427818 1302369167.0
443725.482742 4636015.711268 1302369169.0
443755.522873 4636015.585020 1302369172.0
443784.154073 4636015.692087 1302369175.0
443810.045132 4636015.598817 1302369178.0
443830.604370 4636012.882867 1302369181.0
443851.086769 4636010.944822 1302369186.0
443864.194908 4635989.411905 1302369191.0
443865.978214 4635962.971721 1302369195.0
443867.364998 4635938.866380 1302369199.0
