443867.829957 4635892.561477 1303650847.0
443867.836679 4635872.353210 1303650874.0
443868.167461 4635851.143083 1303650877.0
443868.538358 4635824.491968 1303650880.0
443870.795143 4635794.939106 1303650883.0
443872.144372 4635766.059602 1303650886.0
443872.788746 4635742.515292 1303650889.0
443886.018059 4635725.755946 1303650893.0
443913.313040 4635724.652704 1303650897.0
443937.137524 4635725.464460 1303650900.0
443958.627946 4635724.962250 1303650903.0
443979.562800 4635727.684462 1303650917.0
444005.552718 4635729.478723 1303650922.0
444027.305171 4635730.640171 1303650925.0
444049.798372 4635731.018628 1303650928.0
444072.875077 4635731.725677 1303650932.0
444096.949334 4635732.647039 1303650938.0
444117.125920 4635733.932163 1303650941.0
444141.617697 4635735.183502 1303650944.0
444168.181467 4635736.085584 1303650947.0
444195.326990 4635737.094240 1303650950.0
444222.137957 4635737.772517 1303650953.0
444248.943704 4635737.784732 1303650956.0
444277.651144 4635736.893899 1303650959.0
444305.698186 4635736.452482 1303650962.0
444332.755489 4635736.796147 1303650965.0
444360.644367 4635737.355488 1303650968.0
444388.859109 4635737.135156 1303650971.0
444416.490360 4635736.586387 1303650974.0
444441.222350 4635736.726541 1303650977.0
444463.155371 4635739.775487 1303650981.0
444478.554911 4635724.443787 1303650988.0
444479.447654 4635700.564531 1303650992.0
444480.520222 4635678.460417 1303650995.0
444480.749097 4635654.586337 1303650998.0
444481.385983 4635629.820806 1303651001.0
444482.028066 4635605.721440 1303651004.0
444482.337346 4635581.513634 1303651007.0
444482.057935 4635556.311113 1303651010.0
444481.866704 4635531.774108 1303651013.0
444481.691914 4635509.346621 1303651016.0
444482.104959 4635487.802824 1303651021.0
444498.175054 4635473.243194 1303651027.0
444524.492498 4635474.370607 1303651031.0
444549.649834 4635475.729214 1303651034.0
444576.050245 4635476.856171 1303651037.0
444602.447191 4635477.539117 1303651040.0
444629.412099 4635476.552238 1303651043.0
444654.470025 4635475.802344 1303651046.0
444675.950866 4635473.969980 1303651051.0
444702.012410 4635474.211764 1303651064.0
444724.012729 4635475.151358 1303651067.0
444749.419836 4635476.619766 1303651070.0
444776.317263 4635477.632575 1303651073.0
444803.456761 4635477.755340 1303651076.0
444829.600406 4635477.885921 1303651079.0
444853.586374 4635478.033300 1303651082.0
444876.660335 4635478.298851 1303651086.0
444897.171988 4635479.916702 1303651092.0
444924.489459 4635481.593024 1303651096.0
444949.141880 4635482.068673 1303651099.0
444975.870698 4635482.750437 1303651102.0
445003.430240 4635483.536921 1303651105.0
445030.987203 4635483.990431 1303651108.0
445057.962394 4635484.337500 1303651111.0
445086.099403 4635484.675715 1303651114.0
445115.073125 4635485.895864 1303651117.0
445135.162057 4635486.518352 1303651119.0
445156.080003 4635487.023480 1303651121.0
445177.412027 4635487.414449 1303651123.0
445199.407093 4635487.689348 1303651125.0
445221.483435 4635487.741622 1303651127.0
445243.975567 4635487.901802 1303651129.0
445266.883485 4635488.169892 1303651131.0
445290.199516 4635487.546652 1303651133.0
445312.524815 4635487.597296 1303651135.0
445334.181955 4635487.097969 1303651137.0
445355.922935 4635486.709098 1303651139.0
445377.083856 4635486.435776 1303651141.0
445406.380941 4635486.544293 1303651144.0
445434.352777 4635486.996182 1303651147.0
445459.504739 4635487.691837 1303651150.0
445482.828425 4635488.068472 1303651154.0
445501.897923 4635496.472149 1303651180.0
445502.718956 4635517.007090 1303651184.0
445501.976829 4635539.330528 1303651187.0
445500.675038 4635564.434090 1303651190.0
445500.139672 4635592.085564 1303651193.0
445499.607710 4635620.181147 1303651196.0
445498.998716 4635649.054557 1303651199.0
445498.224609 4635678.040266 1303651202.0
445498.272713 4635706.020381 1303651205.0
445499.380079 4635731.438619 1303651208.0
445500.637268 4635754.746072 1303651211.0
445500.990971 4635779.281809 1303651215.0
445500.896626 4635799.490661 1303651221.0
445501.169046 4635824.249088 1303651225.0
445502.169625 4635846.559205 1303651228.0
445503.342112 4635869.645242 1303651231.0
445504.937151 4635893.727351 1303651234.0
445506.038535 4635918.368406 1303651237.0
445506.070491 4635944.239015 1303651240.0
445505.845859 4635969.112285 1303651243.0
445505.928522 4635990.763227 1303651246.0
445506.437985 4636013.965377 1303651250.0
445530.892190 4636021.328614 1303651255.0
445557.947422 4636021.565895 1303651259.0
445581.515748 4636021.607853 1303651262.0
445606.582820 4636022.304644 1303651265.0
445631.398399 4636022.670342 1303651268.0
445656.875281 4636022.697980 1303651271.0
445682.849201 4636022.610885 1303651274.0
445709.157584 4636022.854436 1303651277.0
445734.887633 4636023.435591 1303651280.0
445760.450869 4636023.907076 1303651283.0
445785.101309 4636024.385601 1303651286.0
445809.338528 4636025.089422 1303651289.0
445833.741703 4636025.792063 1303651292.0
445857.974690 4636025.940914 1303651295.0
445881.047627 4636026.320728 1303651298.0
445904.622663 4636027.251972 1303651301.0
445929.276445 4636028.175104 1303651304.0
445955.752429 4636028.640360 1303651307.0
445982.972711 4636028.766969 1303651310.0
446009.116763 4636029.234941 1303651313.0
446035.430978 4636030.256887 1303651316.0
446061.657158 4636030.613395 1303651319.0
446088.218618 4636031.411597 1303651322.0
446114.789311 4636033.431197 1303651325.0
