443872.991513 4635894.630451 1302056005.0
443874.878863 4635870.854273 1302056029.0
443877.625804 4635850.846484 1302056031.0
443879.845994 4635827.178722 1302056033.0
443881.390084 4635801.961810 1302056035.0
443883.107153 4635777.631809 1302056037.0
443883.686945 4635756.419725 1302056039.0
443884.589934 4635734.094755 1302056042.0
443897.496096 4635718.448318 1302056047.0
443926.149454 4635721.220621 1302056051.0
443947.404913 4635722.496772 1302056053.0
443971.235511 4635724.085832 1302056055.0
443995.975437 4635725.223687 1302056057.0
444020.467272 4635726.474610 1302056059.0
444042.046784 4635726.749190 1302056061.0
444067.844562 4635725.214166 1302056064.0
444088.017690 4635726.055098 1302056091.0
444109.362181 4635728.108271 1302056095.0
444129.784248 4635728.947368 1302056110.0
444154.624516 4635732.305666 1302056114.0
444174.889295 4635734.256466 1302056116.0
444197.136124 4635734.970420 1302056118.0
444220.207577 4635735.011783 1302056120.0
444243.363751 4635735.274625 1302056122.0
444266.436937 4635735.538192 1302056124.0
444289.180787 4635736.137511 1302056126.0
444311.592694 4635736.739498 1302056128.0
444333.675260 4635737.677231 1302056130.0
444355.422412 4635738.173517 1302056132.0
444377.167826 4635738.447814 1302056134.0
444398.908904 4635738.167042 1302056136.0
444421.145291 4635737.549370 1302056138.0
444442.714340 4635736.492836 1302056140.0
444468.756770 4635734.402187 1302056143.0
444486.079693 4635720.943087 1302056151.0
444485.395747 4635697.076120 1302056154.0
444485.638481 4635674.978474 1302056156.0
444486.513953 4635648.878677 1302056158.0
444487.618491 4635620.223316 1302056160.0
444488.059152 4635591.573130 1302056162.0
444488.427214 4635564.255918 1302056164.0
444488.563626 4635539.161190 1302056166.0
444488.891105 4635517.284958 1302056168.0
444489.703534 4635493.739440 1302056171.0
444489.182978 4635469.538106 1302056181.0
444488.936474 4635448.554620 1302056184.0
444490.336755 4635425.892795 1302056186.0
444490.546661 4635399.576128 1302056188.0
444490.569829 4635370.596104 1302056190.0
444490.506552 4635341.172619 1302056192.0
444490.696571 4635312.302332 1302056194.0
444491.823704 4635286.533692 1302056196.0
444492.578286 4635266.208616 1302056198.0
444492.327475 4635244.670001 1302056202.0
444488.585006 4635222.381356 1302056220.0
444497.808107 4635202.434437 1302056225.0
444524.114446 4635202.007478 1302056229.0
444546.441552 4635202.166757 1302056231.0
444574.074016 4635201.507593 1302056233.0
444601.460965 4635201.294580 1302056235.0
444625.279311 4635201.109409 1302056237.0
444651.670370 4635200.904330 1302056240.0
444673.748497 4635201.065942 1302056245.0
444697.238326 4635201.327698 1302056248.0
444718.904079 4635201.825753 1302056250.0
444743.474503 4635202.301344 1302056252.0
444769.620885 4635202.653768 1302056254.0
444797.593059 4635202.992141 1302056256.0
444827.149790 4635204.317656 1302056258.0
444857.620264 4635205.747255 1302056260.0
444888.504818 4635207.062747 1302056262.0
444919.554482 4635208.266062 1302056264.0
444950.018909 4635208.918866 1302056266.0
444979.567858 4635209.245770 1302056268.0
445008.618860 4635209.576639 1302056270.0
445037.753703 4635210.018013 1302056272.0
445066.560003 4635210.906175 1302056274.0
445094.119724 4635211.581992 1302056276.0
445119.855356 4635212.494035 1302056278.0
445145.752687 4635212.849757 1302056280.0
445172.727181 4635212.975216 1302056282.0
445199.787225 4635213.433220 1302056284.0
445227.511189 4635213.886223 1302056286.0
445255.566256 4635214.225755 1302056288.0
445283.788152 4635214.675150 1302056290.0
445312.093885 4635215.235047 1302056292.0
445340.314918 4635215.573639 1302056294.0
445368.203985 4635215.914888 1302056296.0
445395.844075 4635216.258155 1302056298.0
445423.152199 4635216.604072 1302056300.0
445449.881085 4635217.176596 1302056302.0
445476.276304 4635217.529706 1302056304.0
445502.834952 4635217.548564 1302056306.0
445530.308190 4635217.782594 1302056308.0
445559.195657 4635218.450058 1302056310.0
445589.327124 4635218.997105 1302056312.0
445619.705861 4635219.320324 1302056314.0
445648.756747 4635219.653802 1302056316.0
445673.160164 4635220.022838 1302056318.0
445693.661335 4635220.199634 1302056320.0
445722.715592 4635220.977523 1302056323.0
445751.772376 4635222.088611 1302056326.0
445772.526733 4635222.818874 1302056328.0
445794.442104 4635223.429329 1302056330.0
445817.767462 4635223.918096 1302056332.0
445841.090284 4635224.073857 1302056334.0
445863.581512 4635224.013947 1302056336.0
445884.165648 4635224.190661 1302056338.0
445906.741551 4635224.352311 1302056341.0
445927.517787 4635227.969729 1302056345.0
445948.690420 4635229.141463 1302056349.0
445969.664596 4635236.976773 1302056371.0
445973.996813 4635261.038180 1302056375.0
445973.722840 4635290.575160 1302056378.0
445972.829216 4635315.009300 1302056380.0
445971.703474 4635341.665872 1302056382.0
445970.916434 4635369.208144 1302056384.0
445970.375841 4635396.415448 1302056386.0
445969.577870 4635422.514370 1302056388.0
445968.848579 4635446.725204 1302056390.0
445966.932207 4635467.614037 1302056392.0
445966.431684 4635489.158333 1302056395.0
445987.753024 4635499.100690 1302056399.0
446015.126998 4635497.338721 1302056402.0
446038.779175 4635497.270551 1302056404.0
446065.420571 4635497.401894 1302056406.0
446093.968147 4635497.185812 1302056408.0
446122.016960 4635496.862583 1302056410.0
446147.493173 4635496.558912 1302056412.0
446167.652336 4635495.518276 1302056414.0
446188.974163 4635494.579948 1302056418.0
