446306.476111 4635261.411459 1301841020.0
446307.052317 4635238.756309 1301841040.0
446287.294089 4635227.024676 1301841049.0
446262.479162 4635227.100776 1301841053.0
446241.899252 4635227.478105 1301841056.0
446217.739864 4635226.439080 1301841060.0
446196.487645 4635225.711281 1301841063.0
446172.415427 4635225.226918 1301841067.0
446152.326739 4635224.712527 1301841071.0
446131.240485 4635223.983668 1301841076.0
446107.928604 4635225.270309 1301841092.0
446081.204045 4635225.250453 1301841096.0
446057.795734 4635224.761453 1301841099.0
446035.554328 4635224.929891 1301841102.0
446013.888807 4635224.427834 1301841105.0
445988.250689 4635225.399394 1301841109.0
445975.784341 4635245.035806 1301841114.0
445976.352524 4635265.239587 1301841117.0
445975.375054 4635289.563329 1301841120.0
445974.167148 4635316.331555 1301841123.0
445971.061455 4635344.557611 1301841126.0
445968.444458 4635371.558595 1301841129.0
445965.924788 4635400.446413 1301841132.0
445964.964227 4635426.990704 1301841135.0
445963.146006 4635449.877396 1301841138.0
445961.727577 4635470.762454 1301841143.0
445947.989981 4635486.855502 1301841151.0
445927.745299 4635487.564308 1301841154.0
445900.003099 4635484.554967 1301841157.0
445878.833743 4635483.716465 1301841159.0
445857.500939 4635483.212369 1301841161.0
445836.257027 4635483.484895 1301841163.0
445815.178245 4635483.645196 1301841165.0
445794.347581 4635483.692637 1301841167.0
445765.211420 4635482.915098 1301841170.0
445738.979809 4635482.115553 1301841173.0
445717.738430 4635482.721515 1301841177.0
445693.932064 4635484.346395 1301841183.0
445672.876989 4635487.615876 1301841186.0
445650.088518 4635492.120014 1301841189.0
445625.703827 4635494.082636 1301841192.0
445599.311344 4635493.951035 1301841195.0
445570.087962 4635492.619793 1301841198.0
445540.449630 4635491.291842 1301841201.0
445520.105861 4635489.892926 1301841203.0
445499.020295 4635489.165945 1301841205.0
445476.777149 4635489.003054 1301841207.0
445453.615190 4635488.070033 1301841209.0
445430.206813 4635487.472075 1301841211.0
445406.467332 4635486.987765 1301841213.0
445382.480587 4635486.727498 1301841215.0
445357.818869 4635485.029050 1301841217.0
445333.652506 4635482.993786 1301841219.0
445310.155142 4635481.619669 1301841221.0
445288.483490 4635480.231608 1301841223.0
445266.569691 4635479.733742 1301841225.0
445245.235093 4635479.009425 1301841227.0
445225.137618 4635477.276355 1301841229.0
445204.956291 4635475.432953 1301841231.0
445184.614958 4635474.368076 1301841233.0
445164.277891 4635473.858392 1301841235.0
445143.028812 4635473.466823 1301841237.0
445121.109842 4635472.303242 1301841239.0
445099.367107 4635472.470774 1301841241.0
445077.542241 4635472.750040 1301841243.0
445055.964624 4635472.805398 1301841245.0
445035.629251 4635472.518136 1301841247.0
445007.150809 4635470.961384 1301841250.0
444979.088149 4635469.512568 1301841253.0
444951.291597 4635470.282481 1301841256.0
444927.555432 4635470.243875 1301841259.0
444905.404617 4635471.303424 1301841264.0
444882.923574 4635472.587665 1301841269.0
444855.037175 4635472.470379 1301841272.0
444832.211295 4635472.091943 1301841274.0
444809.221157 4635471.936920 1301841276.0
444785.154760 4635472.123414 1301841278.0
444760.583549 4635471.425634 1301841280.0
444736.099626 4635471.282430 1301841282.0
444712.525980 4635470.799144 1301841284.0
444689.370715 4635470.756824 1301841286.0
444666.214586 4635470.603551 1301841288.0
444643.305692 4635470.226364 1301841290.0
444620.898172 4635470.289489 1301841292.0
444598.246007 4635470.909756 1301841294.0
444576.179940 4635472.191739 1301841296.0
444555.848841 4635472.460981 1301841298.0
444527.395334 4635474.125934 1301841301.0
444507.146364 4635474.283642 1301841304.0
444487.053851 4635473.218816 1301841311.0
444459.757856 4635474.319849 1301841315.0
444431.542076 4635474.539890 1301841318.0
444404.007526 4635476.975405 1301841321.0
444377.946830 4635476.845738 1301841324.0
444355.462402 4635477.687536 1301841327.0
444332.802459 4635477.309403 1301841330.0
444309.811431 4635477.044965 1301841333.0
444289.318710 4635477.871402 1301841337.0
444271.698026 4635463.907913 1301841345.0
444251.069705 4635468.621709 1301841348.0
444221.207181 4635470.520979 1301841351.0
444199.550880 4635471.134717 1301841353.0
444178.059687 4635471.636193 1301841355.0
444157.724231 4635471.351436 1301841357.0
444133.650844 4635470.651915 1301841360.0
444111.082554 4635471.384108 1301841367.0
444083.022266 4635470.271901 1301841371.0
444051.885318 4635468.406729 1301841374.0
444028.634803 4635466.812827 1301841376.0
444005.554616 4635465.772832 1301841378.0
443984.137668 4635465.163969 1301841380.0
443963.804795 4635465.212847 1301841382.0
443937.152620 4635463.757035 1301841385.0
443915.569681 4635463.149685 1301841390.0
443894.068850 4635462.430718 1301841419.0
443870.672416 4635463.392263 1301841422.0
443839.470760 4635463.860244 1301841425.0
443814.736898 4635463.611142 1301841427.0
443788.590489 4635463.151203 1301841429.0
443762.028259 4635462.583609 1301841431.0
443735.297416 4635461.684343 1301841433.0
443708.654817 4635461.450685 1301841435.0
443682.656806 4635458.769280 1301841437.0
443657.397763 4635455.082818 1301841439.0
443632.967692 4635451.278851 1301841441.0
443609.804386 4635450.240794 1301841443.0
443587.465676 4635448.530077 1301841445.0
443566.962366 4635448.026265 1301841447.0
443543.890823 4635448.098037 1301841450.0
443522.748248 4635450.708375 1301841461.0
443499.858537 4635452.777462 1301841477.0
443476.133674 4635454.187045 1301841480.0
443455.721286 4635454.682140 1301841482.0
443431.728075 4635453.651248 1301841484.0
443407.161878 4635453.624297 1301841486.0
443383.177478 4635453.703841 1301841488.0
443360.271037 4635453.663861 1301841490.0
443338.689753 4635453.280311 1301841492.0
443318.431856 4635452.331126 1301841494.0
443292.776198 4635450.980827 1301841497.0
443271.932950 4635449.481262 1301841502.0
443251.778360 4635451.085231 1301841506.0
443228.462272 4635451.715143 1301841509.0
443201.554687 4635449.486876 1301841512.0
443180.047505 4635447.992873 1301841516.0
443154.004321 4635450.088226 1301841522.0
443126.439002 4635448.642730 1301841526.0
443105.184309 4635447.591074 1301841529.0
443082.403400 4635452.880630 1301841535.0
443069.932964 4635470.967832 1301841541.0
443070.352286 4635492.283065 1301841567.0
443070.602084 4635513.155516 1301841570.0
443070.497282 4635541.581134 1301841573.0
443068.749189 4635561.692313 1301841575.0
443068.178889 4635583.792698 1301841577.0
443069.434292 4635605.878493 1301841579.0
443067.754549 4635634.538772 1301841582.0
443065.547625 4635659.539133 1301841585.0
443063.238210 4635682.097560 1301841589.0
443063.813764 4635702.190173 1301841592.0
443062.620448 4635729.403124 1301841595.0
443060.971396 4635751.512139 1301841597.0
443059.758578 4635776.282492 1301841599.0
443060.218763 4635802.704989 1301841601.0
443060.181932 4635829.242493 1301841603.0
443059.891717 4635855.226853 1301841605.0
443059.177716 4635880.104258 1301841607.0
443058.785002 4635903.646683 1301841609.0
443058.297771 4635925.746418 1301841611.0
443057.546509 4635945.960680 1301841613.0
443057.822103 4635970.052937 1301841616.0
443065.218149 4635992.089655 1301841640.0
443090.993933 4635998.323654 1301841645.0
443116.327275 4636001.119214 1301841648.0
443137.005650 4636002.952716 1301841650.0
443159.424853 4636004.550317 1301841652.0
443183.000473 4636005.472556 1301841654.0
443208.235716 4636006.381641 1301841656.0
443235.704374 4636006.384740 1301841658.0
443263.346952 4636007.385868 1301841660.0
443290.991289 4636008.609158 1301841662.0
443317.966460 4636009.171675 1301841664.0
443343.607740 4636008.967664 1301841666.0
443368.669032 4636008.879391 1301841668.0
443391.910025 4636009.471879 1301841670.0
443412.488550 4636009.197321 1301841672.0
443433.561436 4636008.474759 1301841675.0
443454.141725 4636008.422376 1301841681.0
443474.817331 4636009.923776 1301841684.0
443505.445416 4636010.680082 1301841687.0
443528.522182 4636011.496387 1301841689.0
443553.093486 4636012.411956 1301841691.0
443577.912847 4636013.214610 1301841693.0
443603.887787 4636013.230961 1301841695.0
443629.774472 4636012.581900 1301841697.0
443655.158879 4636011.381735 1301841699.0
443679.227882 4636011.746541 1301841701.0
443703.214777 4636012.223112 1301841703.0
443726.372730 4636012.817347 1301841705.0
443748.292095 4636014.198678 1301841707.0
443769.621816 4636014.474390 1301841709.0
443798.337752 4636014.802914 1301841712.0
443823.302008 4636012.940459 1301841715.0
443843.962623 4636012.555466 1301841720.0
443858.261361 4635994.677278 1301841733.0
443863.048617 4635970.323064 1301841736.0
443865.033765 4635948.433690 1301841738.0
443865.984638 4635921.666965 1301841740.0
443866.416625 4635892.239512 1301841742.0
443867.176176 4635862.254308 1301841744.0
443867.861502 4635833.380032 1301841746.0
443869.220332 4635805.721826 1301841748.0
443870.504940 4635779.174547 1301841750.0
443871.801808 4635754.181651 1301841752.0
443873.880543 4635733.623960 1301841754.0
443886.676585 4635714.536314 1301841758.0
443907.109220 4635716.707100 1301841761.0
443933.427645 4635718.054376 1301841764.0
443956.086865 4635718.431231 1301841767.0
443978.121498 4635723.809604 1301841786.0
444000.550944 4635726.631157 1301841790.0
444021.339001 4635731.797395 1301841793.0
444043.680185 4635733.953573 1301841796.0
444064.012286 4635733.904915 1301841800.0
444085.189921 4635735.848292 1301841805.0
444112.835983 4635737.185807 1301841808.0
444136.410566 4635737.889155 1301841810.0
444161.977642 4635738.687995 1301841812.0
444187.957893 4635739.261622 1301841814.0
444213.682229 4635738.949076 1301841816.0
444238.415096 4635739.199553 1301841818.0
444262.063949 4635738.792395 1301841820.0
444283.901039 4635740.176031 1301841822.0
444305.653398 4635741.338328 1301841824.0
444328.565796 4635742.269557 1301841826.0
444351.720202 4635742.310696 1301841828.0
444374.543534 4635742.465531 1301841830.0
444396.782507 4635742.180864 1301841832.0
444418.027399 4635742.126091 1301841834.0
444445.081203 4635742.026074 1301841837.0
444466.240512 4635741.639011 1301841842.0
444476.948778 4635720.681152 1301841849.0
444477.245044 4635694.807934 1301841853.0
444476.275765 4635666.279767 1301841856.0
444477.191013 4635645.287219 1301841858.0
444477.776921 4635624.630341 1301841860.0
444477.609901 4635603.202095 1301841862.0
444477.524138 4635581.551148 1301841864.0
444477.949276 4635561.561729 1301841866.0
444478.311247 4635533.467327 1301841869.0
444477.470818 4635510.822960 1301841872.0
444478.225318 4635490.497874 1301841876.0
444483.703198 4635469.247707 1301841888.0
444507.467935 4635472.948730 1301841892.0
444530.663837 4635478.208736 1301841895.0
444550.756327 4635479.273685 1301841897.0
444571.006146 4635479.227128 1301841899.0
444599.384424 4635478.562240 1301841902.0
444625.523767 4635478.136936 1301841905.0
444645.596396 4635476.648528 1301841908.0
