444588.346219 4635478.537058 1302358147.0
444567.588971 4635477.366142 1302358151.0
444541.771202 4635476.456748 1302358155.0
444516.539526 4635476.209087 1302358159.0
444495.542808 4635476.261618 1302358164.0
444473.297814 4635475.879806 1302358170.0
444453.041056 4635475.038423 1302358173.0
444429.467386 4635474.556074 1302358176.0
444402.403900 4635473.545869 1302358179.0
444372.771256 4635472.999963 1302358182.0
444344.227854 4635473.778078 1302358185.0
444317.498033 4635472.987656 1302358188.0
444297.332909 4635473.256339 1302358191.0
444272.848956 4635473.114728 1302358198.0
444251.754459 4635471.281165 1302358202.0
444227.583323 4635468.694513 1302358205.0
444201.436116 4635468.122033 1302358208.0
444174.212673 4635467.891184 1302358211.0
444148.985283 4635468.199960 1302358214.0
444126.828439 4635468.484741 1302358217.0
444105.442006 4635471.761465 1302358221.0
444080.958032 4635471.620512 1302358228.0
444058.792479 4635470.795234 1302358231.0
444033.225296 4635470.107782 1302358234.0
444006.828231 4635469.426944 1302358237.0
443979.603027 4635468.974785 1302358240.0
443951.881639 4635468.748701 1302358243.0
443924.240613 4635468.188991 1302358246.0
443895.768829 4635467.524896 1302358249.0
443866.547523 4635466.533719 1302358252.0
443846.374499 4635465.804434 1302358254.0
443825.956009 4635465.521278 1302358256.0
443805.121701 4635465.130427 1302358258.0
443783.953686 4635464.520202 1302358260.0
443762.458974 4635464.578823 1302358262.0
443740.465458 4635464.530414 1302358264.0
443718.637917 4635464.480761 1302358266.0
443697.139692 4635464.095471 1302358268.0
443676.055525 4635463.595937 1302358270.0
443654.806256 4635463.208806 1302358272.0
443633.889814 4635462.930139 1302358274.0
443604.177539 4635462.832195 1302358277.0
443576.292751 4635462.941968 1302358280.0
443551.150960 4635463.585285 1302358283.0
443529.003774 4635465.093225 1302358287.0
443503.025070 4635464.855073 1302358292.0
443480.610433 4635464.033567 1302358295.0
443455.124359 4635463.125476 1302358298.0
443426.149261 4635461.801047 1302358301.0
443405.644205 4635461.075645 1302358303.0
443384.887532 4635460.019200 1302358305.0
443364.551089 4635459.625679 1302358307.0
443344.380617 4635459.230897 1302358309.0
443316.167384 4635459.788437 1302358312.0
443293.036742 4635462.859415 1302358316.0
443269.867215 4635461.045273 1302358333.0
443247.444566 4635459.225255 1302358337.0
443223.205019 4635458.530131 1302358340.0
443198.387205 4635458.172802 1302358343.0
443174.469856 4635456.253898 1302358347.0
443148.825695 4635456.347471 1302358354.0
443127.408599 4635455.741182 1302358357.0
443104.427142 4635456.701932 1302358360.0
443083.590070 4635455.980108 1302358363.0
443065.232407 4635464.343341 1302358367.0
443064.979855 4635484.664635 1302358372.0
443064.325681 4635506.654654 1302358376.0
443063.774022 4635531.086609 1302358379.0
443063.335528 4635559.292827 1302358382.0
443062.992451 4635589.052764 1302358385.0
443062.806477 4635617.701103 1302358388.0
443062.437675 4635644.241254 1302358391.0
443062.658651 4635671.887034 1302358394.0
443062.891166 4635700.976170 1302358397.0
443062.628435 4635730.402369 1302358400.0
443062.375033 4635750.612644 1302358402.0
443062.041312 4635771.156665 1302358404.0
443061.462192 4635792.146786 1302358406.0
443060.966949 4635813.247271 1302358408.0
443060.637677 4635834.346431 1302358410.0
443060.225425 4635855.446254 1302358412.0
443060.139785 4635875.877261 1302358414.0
443059.872653 4635904.748332 1302358417.0
443059.584224 4635930.954749 1302358420.0
443059.356593 4635954.384823 1302358423.0
443058.940811 4635975.040541 1302358441.0
443065.431150 4635997.972775 1302358447.0
443089.270835 4636000.780178 1302358451.0
443112.014892 4636001.486759 1302358454.0
443137.989906 4636001.501412 1302358457.0
443165.460359 4636001.726294 1302358460.0
443192.848712 4636002.062972 1302358463.0
443219.995197 4636003.289958 1302358466.0
443248.546164 4636003.728616 1302358469.0
443269.039072 4636003.121223 1302358471.0
443289.536402 4636003.069026 1302358473.0
443310.534273 4636003.346006 1302358475.0
443331.037784 4636004.071119 1302358477.0
443351.541290 4636004.796291 1302358479.0
443371.792316 4636005.079392 1302358481.0
443400.673418 4636005.293966 1302358484.0
443426.899989 4636005.640776 1302358487.0
443450.220439 4636005.788686 1302358491.0
443471.791227 4636005.062284 1302358497.0
443493.858145 4636004.109944 1302358500.0
443520.586120 4636004.897257 1302358503.0
443549.806173 4636005.998022 1302358506.0
443570.223140 4636006.280372 1302358508.0
443591.055891 4636006.670521 1302358510.0
443611.804779 4636006.950361 1302358512.0
443632.968571 4636007.226978 1302358514.0
443654.463408 4636007.390005 1302358516.0
443676.373150 4636007.549815 1302358518.0
443698.204297 4636008.265485 1302358520.0
443720.115788 4636008.647485 1302358522.0
443742.028152 4636009.140579 1302358524.0
443763.360518 4636009.749354 1302358526.0
443783.449035 4636010.479045 1302358528.0
443811.416401 4636010.591461 1302358531.0
443834.132296 4636007.747474 1302358534.0
443857.847486 4636005.339820 1302358542.0
443866.553251 4635983.286440 1302358546.0
443867.196693 4635959.631093 1302358549.0
443867.972857 4635931.755404 1302358552.0
443868.395365 4635911.654894 1302358554.0
443868.561053 4635890.557100 1302358556.0
443868.636761 4635868.571744 1302358558.0
443868.874063 4635846.029944 1302358560.0
443869.445053 4635823.707584 1302358562.0
443870.936745 4635802.377277 1302358564.0
443872.518430 4635781.934534 1302358566.0
443873.541856 4635753.834838 1302358569.0
443880.002162 4635731.132978 1302358573.0
443905.112415 4635726.604859 1302358577.0
443928.599711 4635726.753037 1302358580.0
443951.582981 4635726.128020 1302358583.0
443973.000023 4635726.847805 1302358587.0
443995.776240 4635731.554195 1302358610.0
444017.612545 4635732.825988 1302358613.0
444042.514039 4635733.407563 1302358616.0
444065.004614 4635733.452987 1302358619.0
444089.070152 4635733.264051 1302358626.0
444113.060546 4635734.075092 1302358630.0
444137.717421 4635735.214089 1302358633.0
444166.271951 4635735.989517 1302358636.0
444196.151617 4635736.421575 1302358639.0
444225.368269 4635736.969985 1302358642.0
444254.335961 4635737.520462 1302358645.0
444284.457614 4635737.062725 1302358648.0
444313.421826 4635737.169334 1302358651.0
444342.227005 4635738.165575 1302358654.0
444370.615517 4635738.943119 1302358657.0
444398.909771 4635738.278070 1302358660.0
444425.214997 4635737.961753 1302358663.0
444448.952900 4635738.331758 1302358666.0
444469.787206 4635738.835512 1302358670.0
444481.745450 4635718.534120 1302358677.0
444482.611380 4635691.213021 1302358681.0
444483.742716 4635665.999500 1302358684.0
444485.189564 4635638.673877 1302358687.0
444485.297403 4635609.915249 1302358690.0
444485.390614 4635589.928417 1302358692.0
444485.165647 4635561.061351 1302358695.0
444484.698642 4635533.084445 1302358698.0
444484.337986 4635508.104626 1302358701.0
