446157.397620 4635236.776843 1302751785.0
446135.986157 4635236.938696 1302751787.0
446114.076753 4635237.104380 1302751791.0
446087.816572 4635232.639650 1302751803.0
446057.942614 4635233.198881 1302751806.0
446033.632367 4635234.160225 1302751808.0
446006.425041 4635236.142909 1302751810.0
445976.223347 4635237.260135 1302751812.0
445945.023251 4635238.051964 1302751814.0
445913.737640 4635238.511479 1302751816.0
445883.447070 4635238.852539 1302751818.0
445855.318465 4635239.732464 1302751820.0
445830.340113 4635240.144412 1302751822.0
445809.099698 4635240.972148 1302751824.0
445788.358073 4635241.907185 1302751826.0
445764.702500 4635241.643097 1302751828.0
445737.977980 4635241.624529 1302751830.0
445708.592695 4635240.960135 1302751832.0
445676.137613 4635240.430304 1302751834.0
445641.776291 4635240.248266 1302751836.0
445606.915328 4635239.848141 1302751838.0
445574.791338 4635239.205210 1302751840.0
445545.729492 4635237.428681 1302751842.0
445518.170793 4635236.862145 1302751844.0
445489.710239 4635237.746052 1302751846.0
445459.166434 4635237.535686 1302751848.0
445428.713270 4635238.324059 1302751850.0
445399.499008 4635238.325831 1302751852.0
445372.613578 4635238.976068 1302751854.0
445347.798648 4635239.055354 1302751856.0
445323.978747 4635239.016056 1302751858.0
445286.214780 4635238.861847 1302751861.0
445259.983040 4635238.175085 1302751863.0
445233.257619 4635238.047382 1302751865.0
445206.526218 4635237.142591 1302751867.0
445179.549255 4635236.683923 1302751869.0
445153.320908 4635236.441662 1302751871.0
445129.911663 4635235.844683 1302751873.0
445109.652622 4635234.779374 1302751875.0
445079.764129 4635233.455247 1302751878.0
445056.435285 4635232.524789 1302751880.0
445029.450575 4635231.067445 1302751882.0
444999.146236 4635229.635832 1302751884.0
444967.266781 4635228.438581 1302751886.0
444934.476993 4635227.581610 1302751888.0
444902.351118 4635226.719656 1302751890.0
444871.301530 4635225.516416 1302751892.0
444841.914318 4635224.633542 1302751894.0
444814.356327 4635224.180754 1302751896.0
444789.373616 4635224.041217 1302751898.0
444768.044205 4635224.095510 1302751900.0
444743.474721 4635223.730862 1302751903.0
444721.813345 4635223.787869 1302751929.0
444698.400550 4635222.748199 1302751932.0
444676.902563 4635222.470973 1302751934.0
444652.503357 4635222.660485 1302751936.0
444626.523879 4635222.418228 1302751938.0
444601.293039 4635222.392312 1302751940.0
444579.134573 4635222.564652 1302751942.0
444554.489848 4635223.200545 1302751945.0
444530.736411 4635221.053738 1302751960.0
444508.324643 4635220.673101 1302751963.0
444488.399188 4635230.488275 1302751967.0
444488.034536 4635258.249581 1302751971.0
444487.528135 4635289.120941 1302751974.0
444486.401017 4635314.889582 1302751976.0
444485.881655 4635344.095538 1302751978.0
444484.707042 4635374.416941 1302751980.0
444484.110766 4635404.400736 1302751982.0
444484.068592 4635430.938165 1302751984.0
444483.727272 4635451.037960 1302751986.0
444480.069913 4635471.607734 1302751991.0
444457.817228 4635480.885980 1302751995.0
444428.463899 4635484.223853 1302751998.0
444403.232240 4635483.976593 1302752000.0
444374.675009 4635482.978151 1302752002.0
444344.711318 4635482.545982 1302752004.0
444319.488323 4635483.409290 1302752006.0
444294.251441 4635482.496253 1302752009.0
444270.996302 4635469.687168 1302752020.0
444240.523318 4635467.815979 1302752023.0
444216.952205 4635467.667414 1302752025.0
444195.708225 4635467.944833 1302752027.0
444169.497166 4635469.815717 1302752030.0
444144.663543 4635478.004836 1302752037.0
444119.544433 4635481.532853 1302752040.0
444096.639000 4635481.601533 1302752042.0
444067.920079 4635481.160760 1302752044.0
444036.632898 4635481.295447 1302752046.0
444006.095223 4635481.757483 1302752048.0
443979.124268 4635481.969532 1302752050.0
443956.461678 4635481.259515 1302752052.0
443933.876826 4635479.882753 1302752055.0
443909.284527 4635476.523256 1302752080.0
443884.454609 4635474.609159 1302752083.0
443861.214567 4635474.348129 1302752085.0
443834.161466 4635474.672408 1302752087.0
443803.532890 4635474.136721 1302752089.0
443769.587428 4635473.960449 1302752091.0
443734.404163 4635474.682389 1302752093.0
443699.710930 4635474.401322 1302752095.0
443664.687497 4635474.345104 1302752097.0
443630.576925 4635474.281834 1302752099.0
443599.708144 4635474.859266 1302752101.0
443573.398410 4635474.734513 1302752103.0
443552.645331 4635474.121688 1302752105.0
