445795.825703 4635230.747014 1303953952.0
445772.662119 4635229.701921 1303953963.0
445751.828174 4635229.416398 1303953966.0
445727.174135 4635228.826936 1303953969.0
445700.195516 4635228.144243 1303953972.0
445671.977961 4635228.248335 1303953975.0
445643.416584 4635226.800691 1303953978.0
445614.446175 4635226.133520 1303953981.0
445585.724730 4635225.464565 1303953984.0
445559.167814 4635225.667453 1303953987.0
445535.435117 4635226.181949 1303953990.0
445513.862718 4635227.013103 1303953995.0
445501.480657 4635246.649722 1303954004.0
445501.510024 4635272.187223 1303954008.0
445500.132817 4635298.290653 1303954012.0
445499.724314 4635320.833599 1303954016.0
445498.405484 4635343.716610 1303954020.0
445497.900413 4635364.483759 1303954023.0
445497.735795 4635386.358639 1303954026.0
445497.270656 4635412.344064 1303954030.0
445497.946117 4635435.544922 1303954034.0
445499.862143 4635458.181122 1303954039.0
445499.956683 4635481.386427 1303954049.0
445499.736265 4635506.814815 1303954053.0
445498.508116 4635530.696442 1303954056.0
445497.379104 4635556.686952 1303954059.0
445497.082514 4635583.004195 1303954062.0
445497.375324 4635610.427266 1303954065.0
445497.169372 4635637.743121 1303954068.0
445497.132793 4635665.501816 1303954071.0
445496.927698 4635692.928700 1303954074.0
445495.963852 4635718.806920 1303954077.0
445496.569921 4635743.784859 1303954080.0
445497.158998 4635766.542255 1303954083.0
445497.240825 4635788.082163 1303954090.0
445497.342192 4635812.175697 1303954095.0
445497.915125 4635832.823580 1303954098.0
445499.088476 4635856.020643 1303954101.0
445501.262712 4635879.876252 1303954104.0
445503.430139 4635902.843645 1303954107.0
445504.101326 4635925.489385 1303954110.0
445503.925702 4635945.920931 1303954113.0
445503.959367 4635972.013595 1303954117.0
445503.810081 4635995.886987 1303954121.0
445505.470243 4636017.636894 1303954129.0
445528.330815 4636022.791641 1303954134.0
445554.479191 4636023.813081 1303954138.0
445575.888305 4636023.649457 1303954141.0
445598.290648 4636023.145211 1303954144.0
445620.776822 4636022.751429 1303954147.0
445643.182558 4636022.691432 1303954150.0
445666.000658 4636022.295260 1303954153.0
445689.648569 4636021.892833 1303954156.0
445713.547964 4636021.821669 1303954159.0
445737.200106 4636021.974536 1303954162.0
445759.938609 4636022.023405 1303954165.0
445780.930282 4636021.530476 1303954168.0
445801.266557 4636022.152933 1303954171.0
445827.751870 4636023.839013 1303954175.0
445847.921326 4636024.351838 1303954178.0
445872.893552 4636023.495816 1303954182.0
445897.626960 4636023.974099 1303954186.0
445918.791336 4636024.368534 1303954189.0
445943.192811 4636024.849496 1303954192.0
445968.424934 4636025.435273 1303954195.0
445993.661260 4636026.576276 1303954198.0
446017.977212 4636026.725042 1303954201.0
446040.215273 4636026.445498 1303954204.0
446061.372060 4636025.841111 1303954207.0
446082.786197 4636026.345174 1303954211.0
446102.795534 4636027.637167 1303954229.0
446126.282505 4636027.903609 1303954233.0
446147.440129 4636027.410505 1303954236.0
446170.343712 4636027.348403 1303954239.0
446193.992446 4636027.058677 1303954242.0
446215.714173 4636024.340844 1303954245.0
446240.496994 4636020.378603 1303954249.0
446263.455934 4636016.652276 1303954253.0
446283.715875 4636018.164954 1303954279.0
446294.107125 4635998.544695 1303954284.0
446294.078863 4635972.785134 1303954288.0
446294.581144 4635951.351881 1303954291.0
446295.241859 4635928.918133 1303954294.0
446295.569814 4635906.375860 1303954297.0
446295.904469 4635884.721806 1303954300.0
446296.166191 4635864.400705 1303954303.0
446296.065847 4635840.085129 1303954307.0
446296.330085 4635820.097110 1303954311.0
446296.586793 4635799.109848 1303954320.0
446296.912256 4635776.234499 1303954338.0
446298.650128 4635753.570570 1303954342.0
446299.148270 4635731.582189 1303954345.0
446299.214752 4635707.376393 1303954348.0
446299.436325 4635681.725995 1303954351.0
446299.903510 4635655.629613 1303954354.0
446299.545867 4635630.205650 1303954357.0
446299.854622 4635605.109765 1303954360.0
446300.255574 4635581.234553 1303954363.0
446300.759604 4635560.023368 1303954366.0
446300.981200 4635534.372976 1303954370.0
