444676.039027 4635474.635498 1303057222.0
444698.035902 4635475.130903 1303057244.0
444721.692524 4635475.613497 1303057247.0
444749.592700 4635477.506696 1303057250.0
444769.679983 4635477.906099 1303057252.0
444790.014505 4635478.081575 1303057254.0
444819.396383 4635478.409090 1303057257.0
444846.288631 4635478.756000 1303057260.0
444868.779101 4635478.692942 1303057263.0
444890.284027 4635479.969984 1303057269.0
444915.430949 4635479.997557 1303057273.0
444940.495740 4635480.136887 1303057276.0
444967.637788 4635480.593358 1303057279.0
444995.942512 4635481.151989 1303057282.0
445023.502056 4635481.938551 1303057285.0
445049.477980 4635481.849165 1303057288.0
445069.728627 4635481.915053 1303057291.0
445090.734716 4635483.085512 1303057310.0
445117.545639 4635483.656140 1303057314.0
445143.946749 4635484.896228 1303057317.0
445172.911911 4635485.006341 1303057320.0
445193.162541 4635485.072579 1303057322.0
445214.243897 4635485.243520 1303057324.0
445235.908724 4635485.743138 1303057326.0
445258.152751 4635486.016304 1303057328.0
445280.312935 4635486.179150 1303057330.0
445302.224155 4635486.343976 1303057332.0
445323.802572 4635486.400390 1303057334.0
445345.381838 4635486.567897 1303057336.0
445366.628302 4635486.626988 1303057338.0
445387.460679 4635486.800350 1303057340.0
445407.883222 4635487.643116 1303057342.0
445437.018577 4635488.308167 1303057345.0
445463.914967 4635489.212544 1303057348.0
445485.329939 4635489.603800 1303057351.0
445501.530553 4635502.692843 1303057357.0
445500.127929 4635525.465469 1303057364.0
445498.144410 4635548.242540 1303057368.0
445497.498031 4635572.230752 1303057371.0
445496.972023 4635601.103525 1303057374.0
445496.883621 4635622.089562 1303057376.0
445496.714784 4635643.409316 1303057378.0
445496.217406 4635665.175719 1303057380.0
445495.799620 4635686.497379 1303057382.0
445495.872951 4635706.927012 1303057384.0
445496.336839 4635735.014982 1303057387.0
445497.362075 4635760.544883 1303057390.0
445498.609923 4635782.631037 1303057394.0
445498.942397 4635804.391095 1303057401.0
445499.766823 4635825.370154 1303057404.0
445501.035895 4635850.231991 1303057407.0
445502.150038 4635876.538452 1303057410.0
445504.016963 4635903.616391 1303057413.0
445505.227665 4635931.698655 1303057416.0
445505.263872 4635958.124401 1303057419.0
445505.124774 4635983.330118 1303057422.0
445505.141449 4636007.202239 1303057426.0
445517.881144 4636023.648802 1303057434.0
445537.956620 4636022.718031 1303057437.0
445562.270925 4636022.643186 1303057440.0
445588.665693 4636023.329767 1303057443.0
445615.803892 4636023.566634 1303057446.0
445643.686376 4636023.464823 1303057449.0
445673.152273 4636024.239313 1303057452.0
445693.321746 4636024.751700 1303057454.0
445713.905275 4636025.149955 1303057456.0
445734.156876 4636025.550798 1303057458.0
445763.703193 4636025.991949 1303057461.0
445791.589884 4636026.445853 1303057464.0
445817.567163 4636026.803358 1303057467.0
445842.461463 4636026.614024 1303057470.0
445865.451419 4636026.994419 1303057473.0
445886.864733 4636027.386866 1303057478.0
445910.104468 4636027.876541 1303057483.0
445932.184150 4636028.597165 1303057486.0
445957.168160 4636029.295819 1303057489.0
445983.393510 4636029.541013 1303057492.0
446010.122634 4636030.559719 1303057495.0
446084.235534 4636031.441747 1303057503.0
446113.117093 4636031.778345 1303057506.0
446142.333929 4636032.556658 1303057509.0
446171.382278 4636033.003264 1303057512.0
446198.852307 4636033.239844 1303057515.0
446224.888186 4636030.378418 1303057518.0
446250.752257 4636026.741150 1303057521.0
446274.793284 4636023.450827 1303057524.0
446295.595662 4636008.859587 1303057528.0
446296.341864 4635986.758293 1303057531.0
446296.977465 4635960.993728 1303057534.0
446297.592982 4635932.564511 1303057537.0
446297.857215 4635912.576490 1303057539.0
446298.367887 4635892.253511 1303057541.0
446299.225674 4635862.934203 1303057544.0
446299.755724 4635834.172535 1303057547.0
446300.293315 4635806.410113 1303057550.0
446300.663271 4635778.426889 1303057553.0
446301.185808 4635748.665981 1303057556.0
446301.532218 4635728.566313 1303057558.0
446302.138590 4635698.915809 1303057561.0
446302.667006 4635669.932095 1303057564.0
446303.280089 4635641.169811 1303057567.0
446303.899039 4635613.184718 1303057570.0
446303.948810 4635586.758385 1303057573.0
446304.094960 4635562.107861 1303057576.0
446303.344162 4635539.573735 1303057580.0
446304.762737 4635518.577725 1303057601.0
446305.175433 4635496.256897 1303057605.0
446305.739882 4635472.047358 1303057608.0
446305.873499 4635445.731432 1303057611.0
446306.326518 4635417.747599 1303057614.0
446307.190301 4635389.205505 1303057617.0
446306.817632 4635361.783065 1303057620.0
446304.882397 4635336.259971 1303057623.0
446303.290823 4635312.288756 1303057626.0
446302.054632 4635291.423797 1303057630.0
