445063.458333 4635475.967583 1302978190.0
445088.618095 4635477.661174 1302978209.0
445110.048541 4635480.049790 1302978212.0
445135.437570 4635479.188004 1302978215.0
445164.737270 4635479.628609 1302978218.0
445194.531472 4635479.621395 1302978221.0
445214.616995 4635479.799999 1302978223.0
445235.368122 4635480.195609 1302978225.0
445256.532477 4635480.366037 1302978227.0
445277.609578 4635479.982029 1302978229.0
445299.024598 4635480.372725 1302978231.0
445320.188096 4635480.432315 1302978233.0
445341.770788 4635481.043919 1302978235.0
445363.599884 4635481.320598 1302978237.0
445385.263001 4635481.598617 1302978239.0
445406.346906 4635482.103207 1302978241.0
445426.605186 4635483.169353 1302978243.0
445454.669371 4635484.841985 1302978246.0
445477.584078 4635485.998970 1302978249.0
445493.373177 4635499.535279 1302978253.0
445495.487460 4635526.389242 1302978257.0
445494.946161 4635553.263524 1302978260.0
445495.922406 4635583.235139 1302978263.0
445495.916991 4635604.220540 1302978265.0
445495.663471 4635625.318874 1302978267.0
445495.330366 4635646.861952 1302978269.0
445494.995565 4635668.182977 1302978271.0
445494.660768 4635689.504002 1302978273.0
445494.237044 4635710.048473 1302978275.0
445494.619653 4635738.359132 1302978278.0
445495.479777 4635764.001330 1302978281.0
445496.390597 4635785.423861 1302978285.0
445496.815406 4635808.404583 1302978291.0
445497.725371 4635829.716088 1302978294.0
445497.842881 4635855.919141 1302978297.0
445499.131496 4635883.334604 1302978300.0
445500.835865 4635910.857921 1302978303.0
445501.042299 4635937.837532 1302978306.0
445501.153859 4635963.263398 1302978309.0
445501.313570 4635984.136514 1302978312.0
445538.915888 4636017.936246 1302978341.0
445562.404641 4636018.422883 1302978344.0
445587.801106 4636018.783990 1302978347.0
445614.445675 4636019.579792 1302978350.0
445641.749849 4636019.815491 1302978353.0
445669.389331 4636020.492871 1302978356.0
445697.943290 4636021.385454 1302978359.0
445726.576838 4636021.833410 1302978362.0
445753.800547 4636022.403252 1302978365.0
445780.112304 4636023.091174 1302978368.0
445805.511263 4636023.786138 1302978371.0
445830.988975 4636023.925426 1302978374.0
445855.473443 4636024.405457 1302978377.0
445880.460855 4636025.547951 1302978381.0
445907.356820 4636026.676038 1302978385.0
445931.597383 4636027.824384 1302978388.0
445958.156350 4636028.289019 1302978391.0
445985.790696 4636028.301463 1302978394.0
446013.839103 4636028.199843 1302978397.0
446042.474264 4636028.871123 1302978400.0
446071.858768 4636029.869944 1302978403.0
446092.110318 4636030.271805 1302978405.0
446112.690429 4636030.227103 1302978407.0
446133.105416 4636030.294743 1302978409.0
446163.151225 4636030.955839 1302978412.0
446191.946440 4636030.849275 1302978415.0
446219.971353 4636027.639704 1302978418.0
446246.338346 4636024.664823 1302978421.0
446270.048291 4636021.488017 1302978424.0
446292.610852 4636009.215194 1302978428.0
446295.093794 4635986.323569 1302978431.0
446295.639712 4635959.671412 1302978434.0
446295.834454 4635930.468133 1302978437.0
446296.096170 4635910.147030 1302978439.0
446296.354541 4635889.381820 1302978441.0
446296.779718 4635868.726385 1302978443.0
446297.126101 4635848.626713 1302978445.0
446298.066876 4635819.306782 1302978448.0
446299.515610 4635791.315424 1302978451.0
446300.284581 4635761.219557 1302978454.0
446300.040053 4635739.791942 1302978456.0
446299.955634 4635717.585886 1302978458.0
446299.869543 4635695.157777 1302978460.0
446300.116230 4635672.838193 1302978462.0
446300.369616 4635651.406828 1302978464.0
446300.631376 4635631.085734 1302978466.0
446300.997174 4635602.547383 1302978469.0
446301.130758 4635576.231451 1302978472.0
446300.466286 4635554.140808 1302978475.0
446301.046611 4635532.040781 1302978502.0
446301.719135 4635511.161428 1302978506.0
446302.631420 4635489.058901 1302978509.0
446303.272154 4635463.960519 1302978512.0
446303.482055 4635436.755752 1302978515.0
446303.935066 4635408.771919 1302978518.0
446304.059477 4635381.234698 1302978521.0
446303.778153 4635354.921904 1302978524.0
446302.179047 4635329.951444 1302978527.0
446301.505368 4635306.639511 1302978530.0
446300.933924 4635285.880575 1302978534.0
446300.842006 4635262.675292 1302978562.0
446293.612938 4635239.523810 1302978567.0
446267.350378 4635234.725338 1302978571.0
446242.693079 4635233.689984 1302978574.0
446216.958576 4635232.884915 1302978577.0
446191.224903 4635232.190965 1302978580.0
446167.480473 4635231.148977 1302978583.0
446146.643211 4635230.418192 1302978586.0
446126.558733 4635230.459008 1302978590.0
446103.147084 4635229.525751 1302978600.0
446076.669831 4635229.281974 1302978604.0
446053.926295 4635228.898989 1302978607.0
446031.265746 4635228.515447 1302978610.0
446009.271640 4635228.460027 1302978613.0
445988.771357 4635228.393350 1302978616.0
445972.510680 4635240.175159 1302978620.0
445972.497101 4635260.272319 1302978623.0
445971.690674 4635285.260964 1302978626.0
445971.145854 4635311.913129 1302978629.0
445970.109375 4635350.338573 1302978633.0
445969.681709 4635370.549910 1302978635.0
445969.337877 4635390.871646 1302978637.0
445968.993207 4635411.082355 1302978639.0
445968.383956 4635440.177751 1302978642.0
445965.823052 4635463.625244 1302978645.0
