445969.030716 4635208.112881 1302651861.0
445961.882506 4635228.597254 1302651877.0
445939.828152 4635231.540409 1302651881.0
445917.166757 4635231.046203 1302651884.0
445892.264619 4635230.569087 1302651887.0
445865.869496 4635230.214436 1302651890.0
445838.972206 4635229.308533 1302651893.0
445812.737141 4635228.175628 1302651896.0
445785.843212 4635227.714033 1302651899.0
445759.033960 4635227.473963 1302651902.0
445731.723379 4635226.793678 1302651905.0
445703.420292 4635226.565196 1302651908.0
445673.619988 4635225.904109 1302651911.0
445653.529548 4635225.169069 1302651913.0
445632.940314 4635224.326859 1302651915.0
445612.102951 4635223.597637 1302651917.0
445591.765220 4635223.086726 1302651919.0
445562.630503 4635222.643087 1302651922.0
445536.242103 4635223.177873 1302651925.0
445511.762484 4635223.698159 1302651929.0
445502.867708 4635243.530172 1302651935.0
445501.236423 4635268.969342 1302651939.0
445500.510393 4635293.402286 1302651942.0
445500.207810 4635318.942329 1302651945.0
445499.652867 4635344.040168 1302651948.0
445499.351144 4635369.691239 1302651951.0
445498.645525 4635396.788839 1302651954.0
445498.768945 4635423.769063 1302651957.0
445499.206480 4635448.415180 1302651960.0
445499.374666 4635470.398551 1302651965.0
445499.306632 4635494.049234 1302651970.0
445497.969161 4635514.489655 1302651973.0
445496.081374 4635538.931499 1302651976.0
445495.287717 4635565.363578 1302651979.0
445494.841304 4635593.791607 1302651982.0
445495.399222 4635623.322290 1302651985.0
445495.221045 4635643.420745 1302651987.0
445494.794763 4635663.632133 1302651989.0
445494.700426 4635683.840982 1302651991.0
445493.585909 4635711.718960 1302651994.0
445493.628938 4635739.032915 1302651997.0
445495.450315 4635770.996677 1302652001.0
445496.024953 4635791.866612 1302652012.0
445495.934871 4635812.630601 1302652016.0
445497.015902 4635834.606999 1302652019.0
445498.283283 4635859.246782 1302652022.0
445500.393227 4635885.545624 1302652025.0
445502.419327 4635911.734075 1302652028.0
445502.946639 4635937.267792 1302652031.0
445503.298642 4635961.581482 1302652034.0
445504.218773 4635984.225319 1302652037.0
445504.077983 4636009.208983 1302652041.0
445521.936177 4636022.174347 1302652046.0
445548.490973 4636022.082319 1302652050.0
445571.729919 4636022.459863 1302652053.0
445595.465052 4636022.611625 1302652056.0
445620.443202 4636022.531908 1302652059.0
445646.253705 4636022.779029 1302652062.0
445672.895708 4636023.241967 1302652065.0
445700.035593 4636023.701209 1302652068.0
445726.092488 4636023.613639 1302652071.0
445752.400017 4636023.746323 1302652074.0
445778.212192 4636024.215975 1302652077.0
445802.031129 4636024.478821 1302652080.0
445824.353870 4636024.420026 1302652083.0
445846.923865 4636024.137354 1302652086.0
445867.586985 4636024.091313 1302652089.0
445889.586235 4636025.145517 1302652093.0
445910.007153 4636025.989709 1302652107.0
445931.588112 4636026.603084 1302652111.0
445952.166555 4636026.335864 1302652115.0
445975.427339 4636029.601432 1302652119.0
445997.410557 4636028.546453 1302652122.0
446019.896714 4636028.153930 1302652125.0
446042.137294 4636028.207474 1302652128.0
446063.551426 4636028.711480 1302652131.0
446086.706473 4636028.980304 1302652135.0
446109.452492 4636030.029534 1302652149.0
446133.781019 4636031.844103 1302652153.0
446154.030039 4636031.913058 1302652156.0
446175.276506 4636032.196600 1302652159.0
446195.934556 4636031.485348 1302652162.0
446220.888335 4636028.187948 1302652166.0
446242.194325 4636025.362301 1302652172.0
446266.149859 4636021.739494 1302652184.0
446287.829762 4636013.470522 1302652189.0
446291.877612 4635989.012625 1302652194.0
446292.780559 4635965.688780 1302652198.0
446293.275303 4635943.256282 1302652219.0
446294.331672 4635918.265780 1302652223.0
446294.660462 4635895.834535 1302652226.0
446295.148524 4635872.513823 1302652229.0
446295.885541 4635849.191234 1302652232.0
446296.137221 4635827.537808 1302652235.0
446296.211218 4635804.331253 1302652239.0
446296.554259 4635783.787474 1302652257.0
446297.057411 4635762.465255 1302652261.0
446297.728211 4635741.363839 1302652264.0
446297.717562 4635717.935859 1302652267.0
446297.937455 4635692.063406 1302652270.0
446298.314952 4635665.079431 1302652273.0
446298.862610 4635638.649342 1302652276.0
446298.997020 4635612.444437 1302652279.0
446299.221951 4635587.238151 1302652282.0
446300.759604 4635560.023368 1302652285.0
446302.512622 4635539.357936 1302652287.0
446302.522091 4635518.594614 1302652289.0
446301.375601 4635498.617241 1302652291.0
446301.565404 4635468.747821 1302652294.0
446302.076986 4635448.535884 1302652296.0
446302.587736 4635428.212920 1302652298.0
446302.932513 4635407.891209 1302652300.0
446303.113828 4635387.903830 1302652302.0
446303.389989 4635358.477898 1302652305.0
446303.765882 4635331.271884 1302652308.0
446304.326168 4635306.507216 1302652311.0
446304.660923 4635284.853183 1302652314.0
446304.904324 4635262.089506 1302652319.0
446304.820789 4635239.994494 1302652335.0
446305.041601 4635214.233088 1302652339.0
446306.195398 4635191.129452 1302652342.0
446308.505221 4635167.239872 1302652345.0
446310.312093 4635142.687883 1302652348.0
446311.206910 4635118.253803 1302652351.0
446311.718569 4635098.041878 1302652354.0
446309.486476 4635077.184430 1302652359.0
