445507.176831 4635492.212488 1301767467.0
445486.501957 4635490.927234 1301767482.0
445459.031467 4635490.915437 1301767485.0
445437.447120 4635490.081423 1301767487.0
445415.533369 4635489.583099 1301767489.0
445393.456193 4635489.419197 1301767491.0
445370.550845 4635489.483781 1301767493.0
445347.560804 4635489.327022 1301767495.0
445324.569910 4635489.059309 1301767497.0
445301.741576 4635488.346288 1301767499.0
445278.914943 4635487.855394 1301767501.0
445256.003612 4635487.143156 1301767503.0
445233.924709 4635486.757694 1301767505.0
445212.756956 4635486.143225 1301767507.0
445192.081142 4635484.747798 1301767509.0
445162.698480 4635484.307719 1301767512.0
445138.224894 4635485.495460 1301767515.0
445117.143533 4635485.324744 1301767521.0
445096.569507 4635486.371552 1301767526.0
445073.911384 4635486.213117 1301767529.0
445051.493658 4635484.942562 1301767532.0
445030.160756 4635484.440943 1301767535.0
445007.256232 4635484.617722 1301767538.0
444982.525984 4635484.808676 1301767541.0
444959.119246 4635484.434320 1301767544.0
444935.797208 4635484.281453 1301767548.0
444914.813410 4635485.998156 1301767556.0
444892.328978 4635486.838260 1301767570.0
444865.938986 4635487.042458 1301767574.0
444842.782064 4635486.777584 1301767577.0
444819.951929 4635485.844052 1301767580.0
444797.203053 4635484.687895 1301767583.0
444775.034220 4635483.416281 1301767586.0
444754.447306 4635482.798669 1301767589.0
444734.366925 4635483.287526 1301767593.0
444712.203243 4635482.682270 1301767617.0
444687.389991 4635482.874892 1301767621.0
444657.832654 4635481.327913 1301767624.0
444635.664640 4635480.167758 1301767626.0
444614.496785 4635479.555066 1301767628.0
444594.162254 4635479.380091 1301767630.0
444573.908981 4635478.982474 1301767632.0
444553.405014 4635478.364798 1301767634.0
444533.322896 4635478.632167 1301767636.0
444509.424217 4635479.040356 1301767639.0
444489.174395 4635479.087088 1301767647.0
444468.591756 4635479.025438 1301767651.0
444441.447040 4635478.237786 1301767654.0
444420.522917 4635476.957566 1301767656.0
444398.605535 4635476.018261 1301767658.0
444376.612093 4635475.967888 1301767660.0
444354.541733 4635476.695422 1301767662.0
444325.917962 4635477.807340 1301767665.0
444304.521059 4635479.751140 1301767668.0
444283.934070 4635479.134888 1301767677.0
444263.921039 4635477.625933 1301767680.0
444238.413437 4635473.939362 1301767683.0
444214.672892 4635473.347995 1301767685.0
444189.946058 4635473.985808 1301767687.0
444167.376035 4635474.495769 1301767689.0
444146.459672 4635474.215597 1301767691.0
444126.205467 4635473.708225 1301767693.0
444105.467269 4635474.981253 1301767699.0
444083.904431 4635476.927017 1301767704.0
444059.754168 4635477.005587 1301767707.0
444029.956384 4635476.573438 1301767710.0
444007.461505 4635476.084008 1301767712.0
443983.968151 4635475.269399 1301767714.0
443959.974244 4635474.125703 1301767716.0
443936.564737 4635473.421624 1301767718.0
443913.813881 4635472.046232 1301767720.0
443892.064113 4635471.329233 1301767722.0
443870.816640 4635471.163512 1301767724.0
443849.317577 4635470.666735 1301767726.0
443827.068118 4635469.731804 1301767728.0
443803.905787 4635468.804143 1301767730.0
443780.251656 4635468.657678 1301767732.0
443756.515411 4635468.622973 1301767734.0
443732.776534 4635468.255266 1301767736.0
443709.037653 4635467.887639 1301767738.0
443684.882951 4635467.412343 1301767740.0
443660.400685 4635467.494890 1301767742.0
443636.164745 4635467.242470 1301767744.0
443612.673934 4635466.762166 1301767746.0
443590.593032 4635466.159741 1301767748.0
443562.877751 4635466.712361 1301767751.0
443538.725667 4635466.570643 1301767755.0
443516.734784 4635466.856006 1301767767.0
443493.577670 4635466.595517 1301767772.0
443472.158010 4635465.655111 1301767775.0
443444.181424 4635464.655788 1301767778.0
443423.430942 4635464.376421 1301767780.0
443401.515100 4635463.662236 1301767782.0
443379.355583 4635463.616261 1301767784.0
443357.443263 4635463.346321 1301767786.0
443336.612431 4635463.400948 1301767788.0
443309.470988 4635463.061716 1301767791.0
443288.478597 4635463.672940 1301767794.0
443266.831148 4635465.399786 1301767812.0
443244.814605 4635462.466200 1301767816.0
443218.411189 4635461.011093 1301767819.0
443191.192933 4635461.450163 1301767822.0
443169.868589 4635462.064385 1301767829.0
443147.551052 4635463.019699 1301767834.0
443124.718750 4635461.869542 1301767838.0
443103.148107 4635462.819033 1301767842.0
443080.288695 4635468.664394 1301767847.0
443062.184470 4635477.580782 1301767874.0
443062.349528 4635498.231842 1301767878.0
443063.314716 4635525.538565 1301767881.0
443063.159363 4635547.635633 1301767883.0
443062.924575 4635570.177473 1301767885.0
443062.276633 4635592.944686 1301767887.0
443062.209601 4635615.707257 1301767889.0
443062.553950 4635638.022402 1301767891.0
443062.478046 4635659.674702 1301767893.0
443063.730797 4635681.427417 1301767895.0
443063.818201 4635702.745309 1301767897.0
443063.072208 4635723.625727 1301767899.0
443062.064394 4635753.279951 1301767902.0
443061.791912 4635781.484853 1301767905.0
443061.524760 4635810.355919 1301767908.0
443061.027744 4635831.234351 1301767910.0
443060.381629 4635854.223628 1301767912.0
443059.740846 4635877.879069 1301767914.0
443059.186602 4635901.977957 1301767916.0
443058.372765 4635924.746509 1301767918.0
443057.354370 4635953.068417 1301767921.0
443058.544541 4635977.375431 1301767925.0
443065.004704 4635996.532736 1301767950.0
443083.902760 4636004.043069 1301767972.0
443106.787051 4636001.528516 1301767977.0
443132.851252 4636002.319678 1301767980.0
443161.319253 4636002.758649 1301767983.0
443181.814818 4636002.484087 1301767985.0
443202.057897 4636001.767460 1301767987.0
443231.928614 4636001.196218 1301767990.0
443260.554610 4636000.635018 1301767993.0
443290.843776 4636000.504827 1301767996.0
443312.917763 4636000.440144 1301767998.0
443335.741234 4636000.702670 1301768000.0
443358.644151 4636000.520499 1301768002.0
443393.492887 4635999.799316 1301768005.0
443414.736174 4635999.630516 1301768007.0
443439.139814 4636000.324956 1301768010.0
443459.725415 4636000.938753 1301768018.0
443487.853524 4636000.382418 1301768022.0
443518.563748 4636001.027095 1301768025.0
443541.140013 4636001.514307 1301768027.0
443564.544330 4636001.772962 1301768029.0
443587.949523 4636002.142720 1301768031.0
443611.021028 4636002.293128 1301768033.0
443634.010427 4636002.555295 1301768035.0
443656.750001 4636002.708479 1301768037.0
443679.326243 4636003.196129 1301768039.0
443702.068444 4636003.682539 1301768041.0
443724.813273 4636004.502103 1301768043.0
443746.723895 4636004.773157 1301768045.0
443767.881545 4636004.272984 1301768047.0
443788.799015 4636004.885111 1301768049.0
443816.352371 4636005.111849 1301768052.0
443838.089141 4636004.385248 1301768055.0
443859.041450 4635998.890427 1301768059.0
443866.740070 4635975.401542 1301768063.0
443867.464747 4635951.523487 1301768066.0
443868.219179 4635931.420360 1301768069.0
443869.052226 4635910.761444 1301768076.0
