446015.404929 4634865.889451 1302659396.0
446013.589409 4634845.362031 1302659405.0
446000.182350 4634828.586554 1302659412.0
445979.212409 4634832.409612 1302659421.0
445976.465008 4634853.193687 1302659426.0
445975.640808 4634875.850748 1302659430.0
445975.138489 4634897.172969 1302659433.0
445974.599483 4634924.602306 1302659437.0
445974.339420 4634945.034425 1302659441.0
445972.006209 4634965.704331 1302659448.0
445971.514017 4634988.358880 1302659452.0
445971.135133 4635015.009774 1302659456.0
445970.878457 4635035.886004 1302659459.0
445970.467588 4635058.317871 1302659462.0
445970.393742 4635081.413385 1302659465.0
445970.159809 4635105.287348 1302659468.0
445970.088495 4635128.715944 1302659471.0
445969.831834 4635149.592178 1302659474.0
445970.331358 4635171.684045 1302659478.0
445968.420781 4635193.350058 1302659503.0
445966.753295 4635214.236994 1302659522.0
445951.933779 4635230.005124 1302659530.0
445925.883262 4635231.313139 1302659534.0
445902.644304 4635231.267497 1302659537.0
445878.819352 4635230.560182 1302659540.0
445855.162062 4635230.073739 1302659543.0
445833.248408 4635229.685150 1302659546.0
445808.098974 4635229.432276 1302659550.0
445786.763710 4635228.706330 1302659579.0
445763.939686 4635228.657983 1302659583.0
445742.526497 4635228.598964 1302659586.0
445718.123116 4635228.229692 1302659589.0
445691.729657 4635228.097740 1302659592.0
445664.834019 4635227.414548 1302659595.0
445636.940796 4635226.517003 1302659598.0
445609.218631 4635226.284462 1302659601.0
445582.823459 4635225.930859 1302659604.0
445558.089788 4635225.786724 1302659607.0
445537.093226 4635225.947206 1302659610.0
445515.591081 4635225.112314 1302659620.0
445502.519611 4635241.423196 1302659629.0
445501.708882 4635265.634720 1302659633.0
445500.794788 4635287.182230 1302659636.0
445500.056022 4635309.949768 1302659639.0
445499.572176 4635333.492593 1302659642.0
445498.848712 4635358.258622 1302659645.0
445497.965224 4635383.803111 1302659648.0
445497.497535 4635409.455454 1302659651.0
445497.356707 4635434.439095 1302659654.0
445497.619777 4635457.976211 1302659657.0
445497.383224 4635481.295082 1302659660.0
445496.647054 4635504.395710 1302659663.0
445495.587437 4635528.609150 1302659666.0
445494.704847 4635554.264673 1302659669.0
445494.162705 4635581.027930 1302659672.0
445493.214986 4635609.015662 1302659675.0
445492.848175 4635636.998949 1302659678.0
445492.477123 4635664.427103 1302659681.0
445492.184813 4635691.299487 1302659684.0
445492.548738 4635717.167547 1302659687.0
445493.896581 4635741.473608 1302659690.0
445495.148690 4635764.114897 1302659693.0
445496.646345 4635786.310173 1302659697.0
445497.328600 4635810.399262 1302659704.0
445498.019347 4635835.598624 1302659708.0
445498.599923 4635857.245752 1302659711.0
445500.091609 4635878.663842 1302659714.0
445503.599502 4635903.286484 1302659718.0
445503.690663 4635926.047695 1302659722.0
445503.149400 4635952.921994 1302659726.0
445502.520065 4635979.130766 1302659730.0
445502.281008 4636002.116574 1302659734.0
445510.915830 4636024.368288 1302659739.0
445534.408810 4636025.409969 1302659743.0
445554.656186 4636025.255166 1302659746.0
445576.150822 4636025.423991 1302659749.0
445598.638685 4636025.252193 1302659752.0
445621.958053 4636025.296185 1302659755.0
445645.527210 4636025.449381 1302659758.0
445670.422368 4636025.370473 1302659761.0
445695.401352 4636025.402046 1302659764.0
445719.625043 4636024.329127 1302659767.0
445743.771680 4636024.034112 1302659770.0
445767.341677 4636024.298739 1302659773.0
445790.083551 4636024.791813 1302659776.0
445810.170872 4636025.416190 1302659779.0
445830.340326 4636025.928965 1302659782.0
445851.587684 4636026.322569 1302659785.0
445871.672462 4636026.614037 1302659788.0
445897.736085 4636027.415313 1302659792.0
445918.816627 4636027.699350 1302659795.0
445941.559314 4636028.303935 1302659798.0
445964.962474 4636028.459448 1302659801.0
445988.534962 4636029.057887 1302659804.0
446011.523211 4636029.216699 1302659807.0
446033.190493 4636030.273863 1302659810.0
446056.097435 4636030.655501 1302659813.0
446080.249088 4636031.027791 1302659816.0
446104.731821 4636031.286623 1302659819.0
446130.373764 4636031.203671 1302659822.0
446155.693854 4636032.455647 1302659825.0
446180.424678 4636032.601831 1302659828.0
446204.241871 4636032.643967 1302659831.0
446226.711251 4636030.031553 1302659834.0
446248.266180 4636027.204045 1302659837.0
446272.064961 4636024.803810 1302659841.0
446294.143860 4636014.422210 1302659849.0
446296.264742 4635987.536109 1302659853.0
446296.322820 4635962.220032 1302659856.0
446296.450487 4635935.126895 1302659859.0
446296.744961 4635908.143536 1302659862.0
446297.046135 4635882.048395 1302659865.0
446297.604634 4635857.061650 1302659868.0
446298.176533 4635833.851341 1302659871.0
446298.271462 4635813.420465 1302659874.0
446297.934734 4635790.772175 1302659878.0
