446306.319392 4635075.431764 1302626384.0
446311.388088 4635054.186198 1302626395.0
446313.019821 4635028.414168 1302626399.0
446313.029357 4635007.650864 1302626403.0
446316.116332 4634987.752638 1302626416.0
446316.703488 4634966.540849 1302626437.0
446318.870035 4634945.650261 1302626440.0
446319.269469 4634921.553022 1302626443.0
446318.564889 4634894.133103 1302626446.0
446318.071467 4634872.707393 1302626448.0
446318.140603 4634848.834712 1302626450.0
446318.784014 4634824.069439 1302626452.0
446319.761085 4634799.523720 1302626454.0
446320.330716 4634775.980372 1302626456.0
446320.990875 4634753.435642 1302626458.0
446319.716203 4634727.463457 1302626461.0
446319.972261 4634706.365205 1302626471.0
446297.500494 4634698.207038 1302626477.0
446272.272929 4634698.841349 1302626480.0
446251.182626 4634697.779040 1302626482.0
446227.023122 4634696.962022 1302626484.0
446202.854391 4634694.923789 1302626486.0
446176.106882 4634692.127884 1302626489.0
446149.283906 4634690.331948 1302626493.0
446122.296601 4634688.759423 1302626496.0
446099.381993 4634687.933424 1302626498.0
446073.064519 4634687.133251 1302626500.0
446046.167743 4634686.559629 1302626502.0
446021.348398 4634686.303470 1302626504.0
445997.441172 4634685.929451 1302626507.0
445981.480396 4634704.593004 1302626512.0
445981.825672 4634728.240493 1302626515.0
445981.378025 4634756.779463 1302626518.0
445981.044187 4634778.433502 1302626520.0
445979.015434 4634806.429294 1302626523.0
445977.622879 4634830.756163 1302626528.0
445977.731815 4634856.070950 1302626532.0
445977.956577 4634885.715162 1302626535.0
445977.553241 4634909.146267 1302626537.0
445977.382054 4634930.354945 1302626539.0
445975.897285 4634953.461151 1302626543.0
445975.558438 4634974.449035 1302626547.0
445975.664866 4634999.430746 1302626550.0
445975.419961 4635021.861354 1302626552.0
445975.042751 4635048.734303 1302626554.0
445974.431725 4635077.607627 1302626556.0
445973.981638 4635105.813532 1302626558.0
445973.604446 4635132.686485 1302626560.0
445972.626114 4635156.899194 1302626562.0
445971.288884 4635177.561556 1302626564.0
445969.285212 4635197.895874 1302626568.0
445969.025193 4635218.328001 1302626587.0
445950.798870 4635233.566805 1302626595.0
445927.801307 4635232.519949 1302626598.0
445900.385862 4635228.952944 1302626601.0
445879.955913 4635227.220543 1302626603.0
445859.860446 4635225.818760 1302626605.0
445831.807183 4635225.698903 1302626608.0
445807.485104 4635225.106639 1302626611.0
445787.021129 4635229.814706 1302626635.0
445764.504559 4635226.544046 1302626640.0
445740.769325 4635226.724777 1302626643.0
445720.471377 4635231.431772 1302626645.0
445694.193080 4635235.518208 1302626647.0
445663.243651 4635236.531428 1302626649.0
445630.943507 4635234.557184 1302626651.0
445600.716405 4635232.345190 1302626653.0
445574.554110 4635229.880202 1302626655.0
445554.533930 4635227.479402 1302626657.0
445532.771133 4635235.973270 1302626661.0
445515.789772 4635251.092652 1302626665.0
445509.849768 4635277.453043 1302626669.0
445509.729264 4635305.101329 1302626672.0
445508.515467 4635330.870408 1302626674.0
445507.154388 4635359.083354 1302626676.0
445505.709485 4635387.185909 1302626678.0
445504.653208 4635411.843451 1302626680.0
445504.200787 4635439.494282 1302626683.0
445503.997335 4635467.143211 1302626686.0
445502.398394 4635496.801421 1302626689.0
445501.069410 4635518.352113 1302626691.0
445500.090220 4635542.231836 1302626693.0
445499.459123 4635568.218537 1302626695.0
445498.499488 4635594.651887 1302626697.0
445497.464521 4635622.085117 1302626699.0
445496.677672 4635649.405417 1302626701.0
445496.466630 4635676.055111 1302626703.0
445496.166661 4635701.928250 1302626705.0
445496.105455 4635726.467160 1302626707.0
445496.201725 4635749.894528 1302626709.0
445496.444424 4635770.767003 1302626711.0
445496.609237 4635792.306276 1302626714.0
445498.177974 4635812.946538 1302626719.0
445499.281086 4635837.809644 1302626722.0
445500.113156 4635859.787949 1302626724.0
445501.464357 4635884.538125 1302626726.0
445502.908726 4635910.619993 1302626728.0
445503.524965 4635936.930266 1302626730.0
445502.803570 4635972.799675 1302626733.0
445502.191230 4636001.228992 1302626736.0
445505.170599 4636021.858468 1302626739.0
445530.097192 4636025.887076 1302626743.0
445550.229332 4636021.513861 1302626747.0
445576.041542 4636021.982781 1302626758.0
445604.667471 4636021.431002 1302626761.0
445627.905566 4636021.697702 1302626763.0
445653.970944 4636022.720140 1302626765.0
445683.097298 4636022.497959 1302626767.0
445714.388775 4636023.258698 1302626769.0
445745.679398 4636023.908547 1302626771.0
445776.881960 4636023.893001 1302626773.0
445807.500274 4636023.437904 1302626775.0
445834.458135 4636021.789404 1302626777.0
445856.273713 4636020.513196 1302626779.0
445884.730315 4636019.519696 1302626782.0
445914.936270 4636019.401294 1302626785.0
445937.936354 4636021.114249 1302626787.0
445963.092249 4636022.588856 1302626789.0
445989.326884 4636024.055370 1302626791.0
446015.395545 4636025.523239 1302626793.0
446040.134816 4636026.779208 1302626795.0
446063.952037 4636026.820875 1302626797.0
446086.607524 4636026.871416 1302626799.0
446109.180028 4636026.922656 1302626801.0
446132.830443 4636026.854782 1302626803.0
446158.220100 4636026.329705 1302626805.0
446184.850279 4636025.240177 1302626807.0
446211.130095 4636021.710657 1302626809.0
446235.414199 4636017.641131 1302626811.0
446255.873659 4636012.601246 1302626813.0
446281.565985 4636008.188152 1302626816.0
446293.458444 4635989.555872 1302626820.0
446290.712716 4635966.592640 1302626823.0
446288.843771 4635938.848358 1302626826.0
446287.770216 4635917.538022 1302626828.0
446287.097335 4635894.337096 1302626830.0
446286.918999 4635870.688307 1302626832.0
446287.660176 4635847.920853 1302626834.0
446288.246276 4635826.598005 1302626836.0
446290.071273 4635804.488582 1302626839.0
446294.149403 4635784.027673 1302626843.0
446296.192414 4635757.808371 1302626846.0
446297.680499 4635735.035292 1302626848.0
446298.157714 4635710.271232 1302626850.0
446298.696994 4635682.730870 1302626852.0
446299.226236 4635653.858183 1302626854.0
446300.093287 4635625.760185 1302626856.0
446301.060073 4635599.882106 1302626858.0
446303.292584 4635576.770322 1302626860.0
446304.331499 4635549.448267 1302626863.0
