444375.803024 4635478.639020 1303246847.0
444353.181842 4635472.597789 1303246855.0
444327.549080 4635474.130473 1303246859.0
444307.383091 4635474.288100 1303246863.0
444287.143667 4635475.667733 1303246875.0
444276.176184 4635495.295492 1303246889.0
444272.680211 4635515.197919 1303246893.0
444271.251511 4635544.744132 1303246896.0
444272.157341 4635565.056262 1303246898.0
444272.490949 4635586.483210 1303246901.0
444273.600094 4635611.568212 1303246914.0
444274.700548 4635635.542944 1303246917.0
444275.610706 4635656.410214 1303246919.0
444276.691173 4635677.831322 1303246921.0
444275.970286 4635702.375474 1303246924.0
444277.062909 4635725.350965 1303246946.0
444275.425726 4635749.458151 1303246949.0
444275.098062 4635771.223380 1303246951.0
444274.550983 4635796.765483 1303246953.0
444274.026494 4635825.194295 1303246955.0
444273.190058 4635856.179331 1303246957.0
444272.437484 4635887.274747 1303246959.0
444272.743713 4635915.808098 1303246961.0
444274.839935 4635939.775050 1303246963.0
444278.685714 4635964.616588 1303246966.0
444278.365016 4635987.270042 1303246970.0
444279.194769 4636008.471054 1303246974.0
444298.362975 4636018.869358 1303246979.0
444320.531992 4636020.361529 1303246982.0
444347.997048 4636019.924808 1303246985.0
444375.712784 4636019.708303 1303246988.0
444404.829668 4636018.259595 1303246991.0
444428.260521 4636011.303667 1303246994.0
444448.847686 4636012.142376 1303246997.0
444474.797582 4636019.601376 1303247000.0
444494.822881 4636022.887346 1303247002.0
444517.240777 4636024.378189 1303247004.0
444539.485783 4636024.982177 1303247006.0
444560.581147 4636027.149658 1303247008.0
444584.640494 4636026.296224 1303247011.0
444607.516522 4636022.676224 1303247015.0
444622.926963 4636008.788180 1303247040.0
444647.673523 4636010.927533 1303247046.0
444673.325099 4636012.060636 1303247049.0
444694.907134 4636012.781294 1303247051.0
444719.815308 4636014.364472 1303247053.0
444747.545693 4636016.036877 1303247055.0
444776.678997 4636016.699208 1303247057.0
444808.790153 4636016.117209 1303247059.0
444841.803788 4636014.195958 1303247061.0
444874.489810 4636012.832567 1303247063.0
444906.346029 4636011.475743 1303247065.0
444937.292896 4636010.570228 1303247067.0
444967.158439 4636009.340101 1303247069.0
444996.032501 4636008.672926 1303247071.0
445025.158938 4636008.448055 1303247073.0
445054.951795 4636008.551263 1303247075.0
445086.406843 4636008.974882 1303247077.0
445119.275988 4636009.831879 1303247079.0
445153.471113 4636010.456750 1303247081.0
445188.744132 4636010.962455 1303247083.0
445223.767344 4636011.359222 1303247085.0
445258.376497 4636011.870378 1303247087.0
445294.066103 4636012.595471 1303247089.0
445330.671902 4636013.757844 1303247091.0
445367.519815 4636014.030279 1303247093.0
445403.039172 4636014.202054 1303247095.0
445433.660083 4636014.078431 1303247097.0
445459.634046 4636013.990522 1303247099.0
445485.111820 4636014.128573 1303247101.0
445511.836009 4636014.479247 1303247103.0
445555.657709 4636015.143443 1303247106.0
445587.196489 4636015.679666 1303247108.0
445620.479561 4636016.424778 1303247110.0
445655.505227 4636017.156749 1303247112.0
445691.693466 4636017.991062 1303247114.0
445728.711504 4636018.819235 1303247116.0
445764.485659 4636019.768106 1303247118.0
445798.185274 4636020.732943 1303247120.0
445829.475894 4636021.383160 1303247122.0
445858.940079 4636021.936364 1303247124.0
445886.989362 4636021.945272 1303247126.0
445913.629651 4636022.187056 1303247128.0
445938.694139 4636022.551934 1303247130.0
445962.596889 4636022.925715 1303247132.0
445986.500478 4636023.410602 1303247134.0
446011.399833 4636023.888022 1303247136.0
446036.380483 4636024.142846 1303247138.0
446060.119778 4636024.851292 1303247140.0
446082.279906 4636025.238671 1303247142.0
446110.407941 4636024.692694 1303247145.0
446132.731507 4636024.745893 1303247148.0
446155.555476 4636025.128479 1303247151.0
446184.354071 4636025.465993 1303247154.0
446206.588780 4636024.742860 1303247156.0
446228.648310 4636022.799750 1303247158.0
446256.751223 4636018.923535 1303247161.0
446276.891330 4636015.551622 1303247165.0
446297.539494 4636002.516021 1303247173.0
446299.436561 4635978.962614 1303247176.0
446298.112421 4635957.432098 1303247178.0
446296.846144 4635932.570142 1303247180.0
446296.147342 4635905.927372 1303247182.0
446295.612828 4635879.061297 1303247184.0
446295.833531 4635853.299865 1303247186.0
446296.729823 4635829.087808 1303247188.0
446297.311768 4635807.209826 1303247190.0
446298.456189 4635782.884867 1303247193.0
