446192.091652 4635500.774272 1302132480.0
446214.355663 4635503.715074 1302132509.0
446237.357321 4635505.429010 1302132512.0
446258.270052 4635505.271210 1302132517.0
446283.273426 4635508.302594 1302132524.0
446302.544116 4635499.496700 1302132528.0
446303.294615 4635477.950560 1302132531.0
446301.740014 4635447.872224 1302132534.0
446301.053781 4635422.894880 1302132536.0
446301.172321 4635394.580468 1302132538.0
446301.199507 4635365.156413 1302132540.0
446300.405176 4635336.848885 1302132542.0
446299.468295 4635311.651368 1302132544.0
446298.973140 4635290.003591 1302132546.0
446299.372459 4635265.906337 1302132549.0
446294.981792 4635244.954126 1302132563.0
446275.204203 4635241.661210 1302132566.0
446248.721147 4635240.639604 1302132569.0
446221.497876 4635240.511952 1302132572.0
446196.344325 4635239.702572 1302132575.0
446171.604877 4635238.779118 1302132578.0
446147.783350 4635238.515012 1302132581.0
446126.702173 4635238.452330 1302132584.0
446102.046538 4635237.639517 1302132588.0
446076.137641 4635235.725941 1302132592.0
446050.564892 4635234.365081 1302132596.0
446029.396501 4635233.748179 1302132600.0
446009.070630 4635234.790457 1302132615.0
445986.660749 4635234.627225 1302132631.0
445963.826651 4635233.245913 1302132635.0
445936.848086 4635232.562324 1302132638.0
445915.682204 4635232.278841 1302132640.0
445893.519592 4635231.891958 1302132642.0
445871.273986 4635231.505774 1302132644.0
445848.531279 4635231.234471 1302132646.0
445826.037540 4635230.961348 1302132648.0
445803.542954 4635230.577268 1302132650.0
445780.300606 4635230.087917 1302132652.0
445756.562003 4635229.824487 1302132654.0
445732.076484 4635229.566826 1302132656.0
445706.756828 4635228.760438 1302132658.0
445681.603992 4635228.063901 1302132660.0
445656.785651 4635227.698003 1302132662.0
445633.130019 4635227.434351 1302132664.0
445610.881828 4635226.715898 1302132666.0
445589.548222 4635226.212597 1302132668.0
445561.082531 4635226.430057 1302132671.0
445539.585483 4635226.261255 1302132674.0
445518.161235 4635224.759558 1302132694.0
445491.019984 4635224.523034 1302132698.0
445460.638704 4635223.867283 1302132701.0
445438.476017 4635223.481814 1302132703.0
445416.894259 4635223.091964 1302132705.0
445396.141551 4635222.584791 1302132707.0
445375.964665 4635221.407061 1302132709.0
445354.385449 4635221.350482 1302132711.0
445331.231118 4635221.528121 1302132713.0
445307.244324 4635221.379125 1302132715.0
445282.590194 4635220.791201 1302132717.0
445258.268874 4635220.311839 1302132719.0
445234.695316 4635219.937845 1302132721.0
445212.119348 4635219.778324 1302132723.0
445191.038061 4635219.718410 1302132725.0
445165.230587 4635220.250101 1302132728.0
445141.496168 4635220.543856 1302132732.0
445111.271385 4635218.667017 1302132741.0
445089.527875 4635218.834572 1302132744.0
445062.879365 4635217.929679 1302132747.0
445041.543096 4635217.094937 1302132749.0
445018.136342 4635216.831406 1302132751.0
444994.318061 4635217.015264 1302132753.0
444970.665761 4635217.197920 1302132755.0
444947.510546 4635217.265779 1302132757.0
444924.272339 4635217.334355 1302132759.0
444902.445830 4635217.503123 1302132761.0
444881.695620 4635217.330529 1302132763.0
444852.978317 4635217.219662 1302132766.0
444827.082689 4635217.087058 1302132769.0
444800.603544 4635216.625969 1302132773.0
444780.339219 4635214.895433 1302132781.0
444755.701350 4635216.418846 1302132789.0
444726.984032 4635216.308487 1302132793.0
444705.738447 4635216.473350 1302132795.0
444682.499365 4635216.431688 1302132797.0
444658.430375 4635216.396548 1302132799.0
444633.449350 4635216.479611 1302132801.0
444607.725725 4635217.123704 1302132803.0
444581.920840 4635217.990590 1302132805.0
444557.442945 4635218.736209 1302132807.0
444534.129514 4635219.805948 1302132809.0
444508.406769 4635220.561427 1302132812.0
444488.975795 4635229.928613 1302132838.0
444485.698701 4635256.713308 1302132842.0
444483.369130 4635287.931978 1302132845.0
444482.744290 4635314.251874 1302132847.0
444482.558630 4635343.677298 1302132849.0
444482.389414 4635375.212239 1302132851.0
444482.466572 4635406.412160 1302132853.0
444483.670956 4635433.161942 1302132855.0
444485.082765 4635454.580481 1302132857.0
444487.336557 4635477.546935 1302132861.0
444470.102074 4635491.782564 1302132867.0
444447.735176 4635486.405257 1302132870.0
444420.746064 4635484.284063 1302132873.0
444398.740517 4635482.679243 1302132875.0
444376.982188 4635480.850491 1302132877.0
444348.741277 4635477.851073 1302132880.0
444324.755268 4635477.705393 1302132883.0
444302.412516 4635475.437301 1302132890.0
444280.051024 4635481.385938 1302132901.0
444256.815385 4635481.678754 1302132903.0
444233.915173 4635482.413156 1302132905.0
444212.684280 4635484.355932 1302132907.0
444190.617433 4635485.528083 1302132910.0
444167.168521 4635490.375256 1302132917.0
444138.289764 4635490.712690 1302132920.0
444112.063122 4635490.585297 1302132922.0
444081.687976 4635490.601599 1302132924.0
444051.726893 4635490.503743 1302132926.0
444025.340375 4635491.155164 1302132928.0
444002.690912 4635492.110408 1302132930.0
443975.156548 4635494.547582 1302132933.0
443953.004151 4635495.388041 1302132938.0
443931.498179 4635494.002800 1302132951.0
