446298.173295 4635514.186060 1303704461.0
446314.326158 4635532.162756 1303704466.0
446313.202541 4635559.263380 1303704470.0
446312.219803 4635583.031940 1303704473.0
446311.151578 4635606.468046 1303704476.0
446310.500799 4635630.234106 1303704479.0
446309.767879 4635654.111820 1303704482.0
446309.436500 4635676.209974 1303704485.0
446310.923259 4635697.295123 1303704488.0
446310.834142 4635718.503185 1303704491.0
446309.683805 4635742.050948 1303704495.0
446306.035588 4635764.507207 1303704522.0
446305.799773 4635788.270147 1303704526.0
446306.874957 4635809.802535 1303704529.0
446307.387667 4635833.781901 1303704532.0
446307.399967 4635857.431939 1303704535.0
446306.751756 4635881.531091 1303704538.0
446305.856278 4635905.854175 1303704541.0
446305.538334 4635929.728773 1303704544.0
446303.050312 4635951.954229 1303704547.0
446300.715715 4635972.513027 1303704550.0
446299.422949 4635999.170815 1303704554.0
446301.655686 4636020.139315 1303704559.0
446285.678778 4636036.359647 1303704570.0
446259.960583 4636037.330884 1303704574.0
446236.822341 4636039.282040 1303704577.0
446215.433414 4636042.108330 1303704580.0
446194.777910 4636043.152607 1303704583.0
446174.611905 4636043.082910 1303704586.0
446149.622102 4636041.606303 1303704590.0
446122.805868 4636040.032565 1303704594.0
446102.051423 4636038.968222 1303704597.0
446081.720280 4636039.011071 1303704600.0
446055.744758 4636038.874657 1303704604.0
446029.594858 4636037.629324 1303704608.0
446009.097746 4636037.673638 1303704611.0
445987.107820 4636037.840364 1303704614.0
445964.863055 4636037.231857 1303704617.0
445943.039931 4636037.508487 1303704620.0
445922.464892 4636038.219843 1303704623.0
445901.881424 4636037.820986 1303704626.0
445879.303036 4636036.993212 1303704629.0
445855.900741 4636036.949009 1303704632.0
445834.246110 4636037.557793 1303704635.0
445812.511878 4636038.611383 1303704638.0
445791.022370 4636039.108008 1303704641.0
445764.621775 4636037.643488 1303704645.0
445739.390512 4636037.169460 1303704649.0
445715.087266 4636038.687054 1303704653.0
445690.967770 4636042.535037 1303704657.0
445664.816103 4636041.068988 1303704661.0
445641.485773 4636039.581503 1303704665.0
445620.977631 4636038.183579 1303704669.0
445598.730272 4636037.243133 1303704674.0
445578.321211 4636037.954215 1303704679.0
445555.814717 4636035.683479 1303704684.0
445536.516447 4636029.724167 1303704688.0
445514.760138 4636027.891958 1303704694.0
445494.611609 4636019.274454 1303704703.0
445489.955587 4635996.437139 1303704708.0
445490.540127 4635975.225225 1303704712.0
445491.430260 4635950.568928 1303704716.0
445490.001147 4635926.485549 1303704720.0
445489.242684 4635903.285309 1303704724.0
445490.047296 4635878.296568 1303704728.0
445491.050168 4635857.525592 1303704731.0
445491.638982 4635836.868818 1303704734.0
445490.815381 4635816.000787 1303704739.0
445492.619220 4635791.448538 1303704746.0
445492.943803 4635768.795183 1303704750.0
445493.609672 4635747.360588 1303704753.0
445492.439692 4635724.607637 1303704756.0
445491.926789 4635700.961390 1303704759.0
445492.733149 4635676.194712 1303704762.0
445493.211824 4635651.985711 1303704765.0
445494.273103 4635627.994320 1303704768.0
445495.668883 4635604.333472 1303704771.0
445496.402484 4635580.899759 1303704774.0
445496.298581 4635556.473152 1303704777.0
445496.870466 4635533.595847 1303704780.0
445498.003729 4635508.160473 1303704784.0
445513.627758 4635489.276270 1303704791.0
445536.126652 4635490.325589 1303704796.0
445558.874501 4635491.373077 1303704800.0
445584.196643 4635492.623040 1303704804.0
445604.531910 4635492.911867 1303704807.0
445629.197764 4635495.166303 1303704811.0
445649.377211 4635496.788851 1303704814.0
445673.271596 4635495.829352 1303704818.0
445694.024321 4635496.448351 1303704824.0
445718.526693 4635499.037443 1303704829.0
445745.598264 4635501.162917 1303704833.0
445770.486797 4635499.974105 1303704836.0
445794.630142 4635499.013117 1303704839.0
445815.626736 4635498.964414 1303704842.0
445835.790925 4635498.589001 1303704845.0
445864.783815 4635502.365821 1303704849.0
445888.605331 4635502.740000 1303704852.0
445910.927174 4635502.348410 1303704855.0
445931.234575 4635498.974275 1303704858.0
445951.717235 4635496.820237 1303704864.0
445958.341936 4635473.008807 1303704869.0
445954.991311 4635447.052387 1303704873.0
445954.985455 4635424.401597 1303704876.0
445953.981214 4635401.425282 1303704879.0
445954.303101 4635378.216841 1303704882.0
445955.703846 4635355.000215 1303704885.0
445957.925228 4635330.555998 1303704888.0
445960.404018 4635307.220164 1303704891.0
445962.647332 4635285.662654 1303704894.0
445963.478990 4635264.004819 1303704898.0
