445966.527375 4635468.949510 1303050679.0
445958.704605 4635487.995579 1303050691.0
445935.362866 4635496.167105 1303050695.0
445910.372769 4635494.913374 1303050698.0
445882.390061 4635493.016264 1303050701.0
445854.326881 4635491.452975 1303050704.0
445827.014794 4635490.439253 1303050707.0
445798.452819 4635488.768943 1303050710.0
445770.061030 4635487.652621 1303050713.0
445743.245143 4635486.413375 1303050716.0
445722.634684 4635482.684207 1303050719.0
445697.834161 4635484.538716 1303050726.0
445670.969128 4635487.741459 1303050730.0
445645.734213 4635487.045691 1303050733.0
445618.762490 4635487.140505 1303050736.0
445592.371677 4635487.230984 1303050739.0
445565.537930 4635483.660837 1303050742.0
445541.706979 4635482.066440 1303050745.0
445519.954097 4635480.900363 1303050750.0
445493.763211 4635485.431024 1303050776.0
445470.514857 4635484.054474 1303050779.0
445443.858908 4635482.037893 1303050782.0
445416.721181 4635482.134743 1303050785.0
445388.169263 4635481.798404 1303050788.0
445358.212515 4635482.250189 1303050791.0
445337.469074 4635482.853465 1303050793.0
445316.221745 4635482.683434 1303050795.0
445295.308922 4635482.843999 1303050797.0
445274.561220 4635482.892323 1303050799.0
445254.308882 4635482.603799 1303050801.0
445224.842378 4635482.053074 1303050804.0
445196.294708 4635482.272639 1303050807.0
445169.739590 4635482.588015 1303050810.0
445146.753786 4635482.987039 1303050813.0
445125.754550 4635482.704632 1303050817.0
445104.666335 4635481.645736 1303050821.0
445083.671371 4635481.918589 1303050824.0
445060.019953 4635482.100956 1303050827.0
445034.541955 4635482.186462 1303050830.0
445007.987691 4635482.613468 1303050833.0
444981.510413 4635482.262742 1303050836.0
444956.792167 4635484.008165 1303050839.0
444936.896641 4635486.937766 1303050842.0
444914.148653 4635485.892263 1303050847.0
444893.537716 4635482.165490 1303050853.0
444873.269017 4635479.768533 1303050856.0
444848.778256 4635478.736726 1303050859.0
444822.385653 4635478.608003 1303050862.0
444795.915222 4635479.146184 1303050865.0
444768.856995 4635478.800750 1303050868.0
444741.807375 4635479.565691 1303050871.0
444712.350261 4635480.238385 1303050874.0
444691.433103 4635479.845586 1303050876.0
444669.847730 4635478.902870 1303050878.0
444648.261487 4635477.849192 1303050880.0
444627.091037 4635476.903381 1303050882.0
444606.336382 4635476.065433 1303050884.0
444585.916262 4635475.558045 1303050886.0
444565.826361 4635474.826078 1303050888.0
444537.690981 4635474.711972 1303050891.0
444512.356420 4635471.911346 1303050894.0
444490.100168 4635470.086128 1303050900.0
444469.770794 4635470.577671 1303050904.0
444445.767454 4635468.211040 1303050907.0
444418.284677 4635466.648875 1303050910.0
444388.655474 4635466.547011 1303050913.0
444359.441206 4635466.442031 1303050916.0
444332.478015 4635467.651986 1303050919.0
444308.915589 4635468.613388 1303050922.0
444288.137412 4635464.778634 1303050929.0
444262.483321 4635474.195129 1303050937.0
444234.181068 4635473.972493 1303050940.0
444213.111777 4635475.358832 1303050942.0
444192.957096 4635476.960137 1303050944.0
444165.867146 4635483.168246 1303050947.0
444142.705793 4635482.350512 1303050950.0
444119.653549 4635484.863017 1303050964.0
444099.782072 4635480.244461 1303050967.0
444074.593259 4635474.890463 1303050970.0
444048.114974 4635474.432179 1303050973.0
444019.558503 4635473.546187 1303050976.0
443990.664834 4635471.996757 1303050979.0
443962.936472 4635470.882413 1303050982.0
443937.454883 4635470.527734 1303050985.0
443913.877637 4635469.602981 1303050989.0
443892.050122 4635469.552798 1303051016.0
443870.961621 4635468.497552 1303051019.0
443845.475637 4635467.588065 1303051022.0
443817.502640 4635467.031385 1303051025.0
443787.535302 4635466.157450 1303051028.0
443766.950832 4635465.875773 1303051030.0
443746.032654 4635465.374722 1303051032.0
443724.607775 4635463.767394 1303051034.0
443703.354125 4635462.824982 1303051036.0
443682.352943 4635462.324774 1303051038.0
443661.343854 4635460.825383 1303051040.0
443640.510393 4635460.546040 1303051042.0
443620.173978 4635460.151790 1303051044.0
443590.711532 4635460.162959 1303051047.0
443563.661011 4635460.821346 1303051050.0
443540.263717 4635461.672949 1303051053.0
443519.934336 4635462.167203 1303051059.0
443479.453889 4635464.708948 1303051077.0
443453.384259 4635463.472390 1303051080.0
443424.405634 4635461.703860 1303051083.0
443394.853136 4635460.828280 1303051086.0
443374.764776 4635460.321725 1303051088.0
443346.123363 4635459.217037 1303051091.0
443320.223190 4635458.423755 1303051094.0
443299.728712 4635459.030985 1303051097.0
443277.719238 4635456.985515 1303051114.0
443252.150112 4635456.078810 1303051119.0
443231.391625 4635454.800758 1303051122.0
443209.894203 4635454.527964 1303051125.0
443185.074604 4635453.948628 1303051129.0
443159.926591 4635453.816135 1303051136.0
443138.760225 4635453.429880 1303051139.0
443114.607175 4635453.178571 1303051142.0
443092.779560 4635453.130836 1303051145.0
443070.876054 4635453.972049 1303051152.0
443064.151328 4635474.456102 1303051157.0
443064.766813 4635499.544933 1303051160.0
443064.903896 4635527.080343 1303051163.0
443064.735226 4635547.512003 1303051165.0
443063.991865 4635568.725497 1303051167.0
443063.833851 4635590.489485 1303051169.0
443063.593742 4635612.365164 1303051171.0
443063.189438 4635634.464225 1303051173.0
443062.616506 4635656.231531 1303051175.0
443062.125677 4635677.887148 1303051177.0
443062.387930 4635700.313986 1303051179.0
443062.399455 4635722.520761 1303051181.0
443061.915736 4635745.064598 1303051183.0
443061.845168 4635767.383065 1303051185.0
443061.531863 4635790.480714 1303051187.0
443061.133804 4635813.356972 1303051189.0
443060.650990 4635836.011840 1303051191.0
443060.086085 4635858.778399 1303051193.0
443060.010209 4635880.430706 1303051195.0
443060.178845 4635901.525888 1303051197.0
443060.506346 4635921.731525 1303051199.0
443060.563160 4635949.600699 1303051202.0
443060.347953 4635974.585154 1303051205.0
443064.837853 4635996.423036 1303051209.0
443087.939581 4636000.346678 1303051213.0
443111.010244 4636000.384440 1303051216.0
443138.160301 4636002.055223 1303051219.0
443167.050298 4636003.379123 1303051222.0
443195.524489 4636004.595422 1303051225.0
443224.657210 4636005.140379 1303051228.0
443245.242826 4636005.753556 1303051230.0
443266.402234 4636005.473947 1303051232.0
443287.647275 4636005.526823 1303051234.0
443309.139493 4636005.355726 1303051236.0
443330.468397 4636005.519096 1303051238.0
443351.633986 4636006.016931 1303051240.0
443372.299915 4636006.296734 1303051242.0
443401.760118 4636006.284639 1303051245.0
443428.565792 4636006.404785 1303051248.0
443450.058002 4636006.234113 1303051252.0
443474.127926 4636006.709254 1303051258.0
443496.702417 4636006.974270 1303051261.0
443523.178796 4636007.430487 1303051264.0
443552.057232 4636007.312592 1303051267.0
443572.140511 4636007.375524 1303051269.0
443592.557472 4636007.657937 1303051271.0
443612.974430 4636007.940409 1303051273.0
443633.888396 4636008.107973 1303051275.0
443655.218146 4636008.383342 1303051277.0
443676.463155 4636008.437377 1303051279.0
443698.040967 4636008.599879 1303051281.0
443719.621408 4636009.095528 1303051283.0
443740.787815 4636009.705547 1303051285.0
443761.539310 4636010.318905 1303051287.0
443791.086830 4636010.862902 1303051290.0
443818.301231 4636010.204048 1303051293.0
443838.945220 4636007.709523 1303051296.0
443860.725584 4636001.986110 1303051303.0
443865.335504 4635976.189851 1303051307.0
443866.396480 4635952.864316 1303051310.0
443867.054802 4635931.096434 1303051313.0
443867.552414 4635909.996024 1303051317.0
443868.126890 4635888.117771 1303051322.0
443869.015804 4635864.016357 1303051325.0
443869.445188 4635834.255825 1303051328.0
443870.195272 4635813.597566 1303051330.0
443872.111512 4635793.485290 1303051332.0
443874.216354 4635765.710174 1303051335.0
443874.623154 4635743.611179 1303051338.0
443885.769105 4635725.757908 1303051342.0
443906.001640 4635723.599936 1303051345.0
443930.155445 4635724.075973 1303051348.0
443953.969445 4635723.555459 1303051351.0
443974.395917 4635724.949247 1303051363.0
443994.659030 4635726.677480 1303051368.0
444016.747795 4635728.391421 1303051371.0
444040.251648 4635730.649485 1303051374.0
444060.231767 4635728.049798 1303051377.0
444084.126996 4635727.307013 1303051383.0
444109.957883 4635729.991176 1303051387.0
444136.769762 4635730.780159 1303051390.0
444156.859878 4635731.621937 1303051392.0
444186.992866 4635732.607142 1303051395.0
444207.994930 4635733.330884 1303051397.0
444229.412780 4635734.162467 1303051399.0
444251.077840 4635734.770111 1303051401.0
444272.735078 4635734.378576 1303051403.0
444293.565944 4635734.437706 1303051405.0
444313.651684 4635734.724789 1303051407.0
444342.290036 4635735.611301 1303051410.0
444368.674790 4635734.850019 1303051413.0
444393.226953 4635733.214868 1303051417.0
444418.298693 4635734.351597 1303051431.0
444442.550969 4635736.827212 1303051436.0
444464.939480 4635734.431947 1303051442.0
444472.509910 4635715.497158 1303051446.0
444474.161616 4635693.166460 1303051449.0
444476.605110 4635665.944098 1303051452.0
444477.858359 4635645.726153 1303051454.0
444479.929361 4635623.947361 1303051456.0
444481.416012 4635601.728989 1303051458.0
444482.004535 4635581.405194 1303051460.0
444482.107175 4635551.980406 1303051463.0
444483.222104 4635524.657375 1303051466.0
444484.127018 4635502.332507 1303051469.0
444486.290597 4635481.774374 1303051475.0
444508.116268 4635470.945070 1303051480.0
444531.692534 4635471.760761 1303051483.0
444558.673012 4635472.772103 1303051486.0
444583.026453 4635466.808849 1303051489.0
444610.426194 4635468.372295 1303051492.0
444636.821441 4635468.833314 1303051495.0
444659.479652 4635468.990360 1303051498.0
