446305.811245 4635085.095494 1303415951.0
446307.969349 4635063.094628 1303415974.0
446309.209532 4635040.434481 1303415979.0
446311.113665 4635017.769332 1303415993.0
446315.421262 4634994.641941 1303415997.0
446316.912975 4634972.313003 1303416000.0
446318.140660 4634947.987456 1303416003.0
446319.105991 4634921.887354 1303416006.0
446320.383232 4634893.120104 1303416009.0
446321.061774 4634873.017964 1303416011.0
446321.482137 4634851.696403 1303416013.0
446321.730659 4634829.598904 1303416015.0
446322.057161 4634806.834620 1303416017.0
446322.713975 4634783.845781 1303416019.0
446323.376650 4634761.634131 1303416021.0
446323.306587 4634741.315569 1303416023.0
446321.715828 4634717.455398 1303416026.0
446314.586046 4634696.523824 1303416032.0
446290.932060 4634696.702080 1303416036.0
446267.195914 4634696.992067 1303416039.0
446238.882400 4634695.651169 1303416042.0
446218.791390 4634695.025549 1303416044.0
446198.036404 4634694.405000 1303416046.0
446171.554656 4634693.827771 1303416049.0
446150.467674 4634693.209868 1303416053.0
446129.712673 4634692.589518 1303416056.0
446103.064075 4634691.902772 1303416059.0
446082.891720 4634691.500217 1303416061.0
446061.391417 4634691.107772 1303416063.0
446039.809796 4634690.938074 1303416065.0
446019.639114 4634690.757752 1303416067.0
445997.808499 4634690.590068 1303416070.0
445978.214076 4634700.731599 1303416079.0
445977.253310 4634727.275858 1303416084.0
445977.190356 4634751.814710 1303416087.0
445976.915456 4634781.240638 1303416090.0
445976.528103 4634806.781253 1303416093.0
445976.602527 4634827.543931 1303416098.0
445976.309121 4634854.527269 1303416102.0
445976.270595 4634882.285910 1303416105.0
445975.929212 4634902.940710 1303416107.0
445975.889850 4634930.588326 1303416110.0
445975.976070 4634952.905387 1303416129.0
445975.809943 4634974.780228 1303416133.0
445975.321950 4634997.989912 1303416136.0
445974.949788 4635025.529022 1303416139.0
445974.439915 4635045.852005 1303416141.0
445973.692857 4635067.731255 1303416143.0
445973.283667 4635090.385178 1303416145.0
445972.879532 4635113.705264 1303416147.0
445972.311946 4635137.359691 1303416149.0
445971.748575 4635161.569254 1303416151.0
445971.007440 4635184.225698 1303416153.0
445970.199319 4635208.992286 1303416156.0
445961.713156 4635228.154405 1303416164.0
445934.332259 4635229.139379 1303416168.0
445905.945368 4635228.799695 1303416171.0
445884.529657 4635228.407168 1303416173.0
445861.703108 4635228.025426 1303416175.0
445838.047495 4635227.761094 1303416177.0
445814.640851 4635227.494947 1303416179.0
445791.400184 4635227.227614 1303416181.0
445768.655766 4635226.734512 1303416183.0
445746.908073 4635226.344926 1303416185.0
445724.827569 4635225.846907 1303416187.0
445701.918004 4635225.466310 1303416189.0
445678.346205 4635225.312903 1303416191.0
445655.346020 4635223.933844 1303416193.0
445631.277118 4635223.895418 1303416195.0
445609.032306 4635223.621079 1303416197.0
445585.377504 4635223.468613 1303416200.0
445558.404780 4635223.563646 1303416204.0
445535.494341 4635223.072556 1303416207.0
445514.746742 4635223.231200 1303416210.0
445502.005532 4635239.317491 1303416216.0
445501.162531 4635259.309985 1303416220.0
445499.849626 4635282.970184 1303416223.0
445498.488567 4635311.183129 1303416226.0
445498.298712 4635340.608486 1303416229.0
445498.705668 4635361.257623 1303416231.0
445498.534252 4635382.244287 1303416233.0
445498.114722 4635403.343883 1303416235.0
445496.699340 4635424.451099 1303416237.0
445496.112997 4635445.440939 1303416239.0
445496.331311 4635473.974911 1303416242.0
445496.449649 4635500.288976 1303416245.0
445496.158151 4635527.272379 1303416248.0
445494.974195 4635556.927420 1303416251.0
445494.805357 4635578.247172 1303416253.0
445494.728003 4635600.676561 1303416255.0
445494.488928 4635623.662356 1303416257.0
445494.333691 4635646.758545 1303416259.0
445494.263141 4635670.076153 1303416261.0
445493.945338 4635693.617722 1303416263.0
445493.377735 4635717.050170 1303416265.0
445492.475652 4635740.152077 1303416267.0
445492.630280 4635760.359023 1303416269.0
445494.791815 4635782.549219 1303416272.0
445499.464085 4635807.496047 1303416281.0
445500.634035 4635830.249001 1303416284.0
445502.016668 4635859.107182 1303416287.0
445503.422812 4635880.192826 1303416289.0
445504.503815 4635902.169228 1303416291.0
445505.415450 4635923.702791 1303416293.0
445505.572599 4635944.242825 1303416295.0
445505.621549 4635972.333979 1303416298.0
445505.698266 4635993.207731 1303416301.0
445513.250936 4636015.023592 1303416310.0
445540.489983 4636017.591109 1303416314.0
445572.523247 4636017.679351 1303416318.0
445596.850288 4636019.270033 1303416331.0
445617.770006 4636020.220611 1303416334.0
445643.415402 4636020.580015 1303416337.0
445673.131948 4636021.574660 1303416340.0
445694.880609 4636022.408108 1303416342.0
445717.786768 4636022.677632 1303416344.0
445741.521888 4636022.829880 1303416346.0
445765.341678 4636023.203631 1303416348.0
445788.996347 4636023.689752 1303416350.0
445812.152280 4636024.068711 1303416352.0
445834.474178 4636023.898921 1303416354.0
445861.116153 4636024.362563 1303416357.0
445883.612446 4636025.301937 1303416380.0
445905.775122 4636026.021849 1303416385.0
445928.763387 4636026.180394 1303416389.0
445951.171626 4636026.454448 1303416392.0
445973.926103 4636028.613517 1303416395.0
446001.068453 4636029.406988 1303416398.0
446027.700289 4636028.538927 1303416401.0
446051.766449 4636028.578667 1303416405.0
446074.675076 4636029.182420 1303416409.0
446095.840259 4636029.688407 1303416412.0
446120.489796 4636030.057065 1303416416.0
446146.956515 4636029.301732 1303416420.0
446175.014978 4636030.533073 1303416423.0
446195.263999 4636030.602145 1303416425.0
446223.456553 4636027.613389 1303416428.0
446248.396112 4636022.428623 1303416431.0
446268.117951 4636018.615708 1303416437.0
446287.980653 4636011.470780 1303416456.0
446292.274937 4635986.677925 1303416460.0
446291.903022 4635959.366487 1303416463.0
446291.744791 4635938.382349 1303416465.0
446291.988077 4635915.618647 1303416467.0
446292.393983 4635892.409586 1303416469.0
446292.722770 4635869.978343 1303416471.0
446292.397743 4635848.884431 1303416473.0
446291.373688 4635823.132385 1303416476.0
446291.280028 4635799.705028 1303416480.0
