446319.732284 4634718.580674 1302566503.0
446313.768629 4634698.195481 1302566508.0
446292.011850 4634696.804974 1302566512.0
446265.450477 4634696.672130 1302566516.0
446241.876136 4634696.405815 1302566519.0
446217.719140 4634695.921909 1302566522.0
446194.310785 4634695.654498 1302566525.0
446173.476155 4634695.478755 1302566528.0
446149.477589 4634693.994584 1302566535.0
446124.572766 4634693.405612 1302566539.0
446100.831568 4634693.029992 1302566542.0
446075.512591 4634692.555358 1302566545.0
446051.107413 4634692.184928 1302566548.0
446028.195327 4634691.692238 1302566551.0
446007.776498 4634691.624863 1302566554.0
445987.192516 4634691.669832 1302566559.0
445977.116100 4634709.178459 1302566567.0
445977.950950 4634731.711903 1302566571.0
445977.450286 4634753.256173 1302566574.0
445976.875892 4634776.022370 1302566577.0
445976.614122 4634796.232429 1302566580.0
445976.113472 4634817.776702 1302566586.0
445975.384889 4634842.098537 1302566591.0
445975.206967 4634862.418997 1302566594.0
445974.880738 4634885.072283 1302566597.0
445975.049951 4634907.388713 1302566600.0
445974.209770 4634927.936263 1302566603.0
445973.711672 4634949.813621 1302566608.0
445973.034122 4634969.915806 1302566614.0
445972.813638 4634995.566197 1302566618.0
445972.077521 4635018.888797 1302566621.0
445971.763109 4635043.096468 1302566624.0
445971.447017 4635067.082085 1302566627.0
445970.959052 4635090.291773 1302566630.0
445970.640443 4635113.944311 1302566633.0
445970.150803 4635136.931946 1302566636.0
445969.323309 4635159.144911 1302566639.0
445968.490771 4635180.691714 1302566642.0
445967.730283 4635200.794536 1302566645.0
445964.587501 4635224.135398 1302566650.0
445945.219992 4635231.166396 1302566654.0
445924.884008 4635230.876589 1302566657.0
445900.894764 4635230.392514 1302566660.0
445876.075612 4635229.914825 1302566663.0
445851.756086 4635229.655491 1302566666.0
445829.011683 4635229.162197 1302566669.0
445803.775877 4635228.465860 1302566673.0
445780.445462 4635227.310977 1302566701.0
445754.797227 4635226.951053 1302566705.0
445731.388880 4635226.463125 1302566708.0
445705.825319 4635226.324799 1302566711.0
445679.431005 4635226.081866 1302566714.0
445652.036569 4635225.291492 1302566717.0
445624.314400 4635225.058892 1302566720.0
445597.089322 4635224.711571 1302566723.0
445571.191237 4635224.243182 1302566726.0
445547.038492 4635224.094647 1302566729.0
445522.147320 4635225.062177 1302566733.0
445502.369525 4635232.652691 1302566743.0
445501.289441 4635254.201469 1302566747.0
445500.289807 4635275.416532 1302566750.0
445499.811901 4635299.736545 1302566753.0
445499.426332 4635325.277222 1302566756.0
445498.796898 4635351.485968 1302566759.0
445498.583264 4635377.802567 1302566762.0
445498.033433 4635403.566572 1302566765.0
445498.387982 4635428.213323 1302566768.0
445498.741681 4635452.749047 1302566771.0
445498.760882 4635476.954230 1302566774.0
445497.699553 4635500.945614 1302566777.0
445496.562892 4635525.936879 1302566780.0
445495.272160 4635552.483794 1302566783.0
445494.567442 4635579.692429 1302566786.0
445494.114238 4635607.232242 1302566789.0
445493.911696 4635634.992206 1302566792.0
445493.544887 4635662.975495 1302566795.0
445493.174685 4635690.514676 1302566798.0
445493.458171 4635716.716453 1302566801.0
445494.984723 4635742.686652 1302566804.0
445496.320662 4635765.438333 1302566807.0
445497.388103 4635785.638295 1302566811.0
445498.300615 4635807.282882 1302566818.0
445499.565446 4635831.589582 1302566822.0
445500.642217 4635853.010845 1302566825.0
445501.564061 4635875.876733 1302566828.0
445503.733187 4635899.066180 1302566831.0
445504.079240 4635922.602678 1302566834.0
445503.934196 4635947.031203 1302566837.0
445503.532565 4635970.462389 1302566840.0
445503.194382 4635991.339315 1302566843.0
445503.366832 4636013.877841 1302566847.0
445523.694065 4636024.159508 1302566852.0
445548.837327 4636023.967244 1302566856.0
445571.411570 4636024.238835 1302566859.0
445595.393944 4636024.166640 1302566862.0
445619.626107 4636024.203652 1302566865.0
445644.528896 4636025.123899 1302566868.0
445669.424901 4636025.156014 1302566871.0
445694.822177 4636025.628530 1302566874.0
445720.219448 4636026.101136 1302566877.0
445745.698850 4636026.462173 1302566880.0
445770.181630 4636026.719855 1302566883.0
445793.671170 4636027.318282 1302566886.0
445816.996431 4636028.140103 1302566889.0
445839.408051 4636028.857915 1302566892.0
445859.488603 4636028.594213 1302566895.0
445881.733409 4636029.202391 1302566915.0
445901.822392 4636030.049081 1302566920.0
445923.736108 4636030.770939 1302566924.0
445949.962298 4636031.127036 1302566928.0
445970.712585 4636031.635801 1302566931.0
445992.291836 4636032.027306 1302566934.0
446014.536613 4636032.635899 1302566937.0
446037.194607 4636033.019364 1302566940.0
446059.520675 4636033.405415 1302566943.0
446082.427604 4636033.787138 1302566946.0
446106.079678 4636033.941230 1302566949.0
446130.394757 4636033.979351 1302566952.0
446155.543000 4636034.455392 1302566955.0
446180.609097 4636035.043175 1302566958.0
446204.745627 4636033.417397 1302566961.0
446227.710375 4636030.468144 1302566964.0
446248.350837 4636027.425474 1302566967.0
446270.737266 4636024.813826 1302566971.0
446290.831315 4636015.335457 1302566982.0
446293.454258 4635989.000736 1302566986.0
446293.856809 4635965.347564 1302566989.0
446293.830224 4635939.810059 1302566992.0
446294.294000 4635913.269557 1302566995.0
446294.919561 4635886.172668 1302566998.0
446295.638995 4635860.518508 1302567001.0
446296.369318 4635836.307702 1302567004.0
446296.706496 4635814.986733 1302567007.0
446296.960694 4635793.666389 1302567011.0
446297.542645 4635771.788408 1302567035.0
446298.019854 4635747.024347 1302567039.0
446298.600978 4635725.035341 1302567042.0
446298.996050 4635700.382935 1302567045.0
446299.464905 4635674.508605 1302567048.0
446299.762772 4635647.969366 1302567051.0
446299.981007 4635621.874861 1302567054.0
446300.040806 4635596.780853 1302567057.0
446300.118185 4635574.018416 1302567060.0
446300.049679 4635553.921881 1302567063.0
446300.628330 4635531.599800 1302567068.0
