444376.076178 4635439.219843 1303334410.0
444355.649854 4635437.935924 1303334418.0
444330.432774 4635439.576382 1303334423.0
444305.726652 4635442.878444 1303334427.0
444283.683112 4635447.048038 1303334433.0
444275.541517 4635467.208865 1303334443.0
444275.371976 4635487.973542 1303334451.0
444275.985800 4635513.395517 1303334456.0
444270.758404 4635534.754932 1303334459.0
444267.021326 4635555.658556 1303334463.0
444267.770750 4635577.193284 1303334466.0
444269.899198 4635605.268229 1303334469.0
444268.479688 4635625.376485 1303334471.0
444267.562444 4635646.035984 1303334473.0
444266.401463 4635667.363594 1303334476.0
444273.282229 4635687.628982 1303334481.0
444294.786164 4635699.452455 1303334485.0
444312.309357 4635711.640213 1303334492.0
444335.860007 4635719.894720 1303334499.0
444362.822243 4635718.684768 1303334502.0
444384.912658 4635720.621905 1303334504.0
444408.165711 4635722.661071 1303334506.0
444429.089983 4635724.052276 1303334508.0
444452.885807 4635721.201859 1303334511.0
444474.641650 4635722.808781 1303334525.0
444494.580470 4635725.540267 1303334528.0
444524.541390 4635725.751002 1303334531.0
444547.615445 4635726.126507 1303334533.0
444570.940178 4635726.722204 1303334535.0
444593.684013 4635727.322495 1303334537.0
444615.009336 4635726.934584 1303334539.0
444637.416048 4635726.871432 1303334542.0
444660.119156 4635732.912913 1303334566.0
444682.565510 4635737.957155 1303334574.0
444692.414352 4635755.868167 1303334578.0
444693.101051 4635780.179259 1303334581.0
444692.850789 4635801.388677 1303334583.0
444692.626392 4635825.928912 1303334585.0
444693.168677 4635853.016975 1303334587.0
444693.632287 4635880.660819 1303334589.0
444688.161891 4635902.910081 1303334591.0
444685.515516 4635925.470519 1303334593.0
444681.523339 4635945.709698 1303334595.0
444679.859852 4635966.596997 1303334597.0
444679.632070 4635990.693131 1303334600.0
444701.043667 4636001.519220 1303334611.0
444730.175315 4636001.959306 1303334614.0
444755.748229 4636003.648486 1303334616.0
444783.310961 4636005.100264 1303334618.0
444812.944772 4636006.091965 1303334620.0
444844.813911 4636006.400275 1303334622.0
444877.754927 4636005.812161 1303334624.0
444911.273381 4636004.775599 1303334626.0
444945.215331 4636004.846259 1303334628.0
444977.998112 4636005.259137 1303334630.0
445009.872377 4636006.234349 1303334632.0
445040.172557 4636007.554951 1303334634.0
445069.126184 4636006.443323 1303334636.0
445096.432174 4636006.898986 1303334638.0
445124.984588 4636007.567219 1303334640.0
445155.447275 4636008.442924 1303334642.0
445187.649996 4636008.972267 1303334644.0
445221.174432 4636008.714353 1303334646.0
445255.787011 4636009.669605 1303334648.0
445289.900838 4636010.517822 1303334650.0
445322.194181 4636012.046381 1303334652.0
445351.577202 4636012.820178 1303334654.0
445378.306519 4636013.836515 1303334656.0
445403.043428 4636014.757190 1303334658.0
445425.616863 4636014.917292 1303334660.0
445446.448541 4636015.201840 1303334662.0
445469.605389 4636015.690713 1303334665.0
445492.011154 4636015.630242 1303334674.0
445512.669218 4636014.917008 1303334677.0
445542.211364 4636014.802104 1303334680.0
445565.789047 4636016.065309 1303334682.0
445591.688497 4636017.088788 1303334684.0
445619.909713 4636017.872567 1303334686.0
445649.958200 4636018.864580 1303334688.0
445680.834794 4636019.628338 1303334690.0
445710.463277 4636019.957608 1303334692.0
445738.516807 4636020.521067 1303334694.0
445765.243479 4636021.205773 1303334696.0
445789.895617 4636021.906369 1303334698.0
445812.801769 4636022.176198 1303334700.0
445834.370088 4636021.123872 1303334702.0
445857.603942 4636020.836185 1303334704.0
445882.510072 4636022.201372 1303334706.0
445908.584671 4636024.446041 1303334708.0
445935.979363 4636025.681482 1303334710.0
445964.455323 4636027.241926 1303334712.0
445993.347015 4636028.910364 1303334714.0
446020.816236 4636029.035230 1303334716.0
446046.457350 4636028.840949 1303334718.0
446069.110309 4636028.558352 1303334720.0
446089.765002 4636027.402684 1303334722.0
446119.049723 4636026.181784 1303334725.0
446139.704429 4636025.026261 1303334727.0
446162.513290 4636023.410380 1303334729.0
446185.007014 4636024.017624 1303334731.0
446212.385710 4636023.144611 1303334734.0
446232.441130 4636019.551144 1303334745.0
