445801.729837 4635232.256564 1302750745.0
445777.822728 4635231.661245 1302750750.0
445757.071779 4635231.375075 1302750753.0
445733.827737 4635230.663822 1302750756.0
445708.516546 4635230.967698 1302750759.0
445681.044223 4635230.844008 1302750762.0
445652.489634 4635230.284545 1302750765.0
445624.184858 4635229.834324 1302750768.0
445597.122388 4635229.041627 1302750771.0
445571.140480 4635228.462845 1302750774.0
445547.487388 4635228.532559 1302750777.0
445526.998115 4635229.910563 1302750781.0
445504.794078 4635234.965850 1302750790.0
445503.547158 4635256.404870 1302750794.0
445502.467926 4635278.064676 1302750797.0
445501.741893 4635302.497620 1302750800.0
445501.186093 4635327.484432 1302750803.0
445500.356700 4635349.253363 1302750806.0
445499.771183 4635370.354228 1302750809.0
445498.608151 4635391.903646 1302750812.0
445498.184375 4635412.448107 1302750815.0
445498.709147 4635437.648723 1302750819.0
445498.633467 4635460.300161 1302750824.0
445498.139455 4635482.510666 1302750830.0
445497.066237 4635504.947671 1302750833.0
445496.097251 4635530.159720 1302750836.0
445495.633839 4635556.367205 1302750839.0
445495.338105 4635582.795475 1302750842.0
445495.055967 4635611.000181 1302750845.0
445494.355509 4635638.763954 1302750848.0
445494.076781 4635667.412771 1302750851.0
445493.129082 4635695.400507 1302750854.0
445491.833312 4635721.281267 1302750857.0
445491.361450 4635746.378489 1302750860.0
445492.443349 4635768.465912 1302750863.0
445492.846931 4635788.670954 1302750869.0
445492.126974 4635813.881110 1302750874.0
445492.696523 4635834.084883 1302750877.0
445493.034114 4635856.511106 1302750880.0
445493.954283 4635879.154939 1302750883.0
445495.203829 4635901.463151 1302750886.0
445495.296715 4635924.446418 1302750889.0
445494.889162 4635947.100413 1302750892.0
445494.807593 4635968.974679 1302750895.0
445494.914079 4635993.734383 1302750899.0
445499.141588 4636014.798441 1302750907.0
445520.322169 4636017.301209 1302750911.0
445540.661888 4636018.367031 1302750914.0
445564.400430 4636018.962798 1302750917.0
445589.714761 4636019.435573 1302750920.0
445615.446535 4636020.238352 1302750923.0
445641.758322 4636020.925763 1302750926.0
445668.403721 4636021.832794 1302750929.0
445695.546151 4636022.625101 1302750932.0
445722.104321 4636022.977829 1302750935.0
445748.495679 4636023.220893 1302750938.0
445774.306167 4636023.468477 1302750941.0
445799.536629 4636023.831602 1302750944.0
445822.442773 4636024.101462 1302750947.0
445843.770586 4636024.161330 1302750950.0
445868.748719 4636024.082484 1302750954.0
445890.823359 4636024.136816 1302750978.0
445916.548319 4636024.052465 1302750983.0
445938.959094 4636024.659562 1302750986.0
445961.873646 4636026.040143 1302750989.0
445985.778066 4636026.636055 1302750992.0
446010.510607 4636027.003703 1302750995.0
446035.242303 4636027.260410 1302750998.0
446059.559091 4636027.520344 1302751001.0
446084.123978 4636027.667450 1302751004.0
446108.854824 4636027.813385 1302751007.0
446134.083554 4636027.955641 1302751010.0
446159.068374 4636028.766030 1302751013.0
446184.134490 4636029.353826 1302751016.0
446208.599609 4636027.281444 1302751019.0
446231.734532 4636024.886088 1302751022.0
446254.370744 4636022.383536 1302751025.0
446274.696903 4636021.675018 1302751028.0
446292.346002 4636007.107555 1302751032.0
446293.933728 4635986.554384 1302751035.0
446294.922177 4635963.562995 1302751038.0
446295.238406 4635939.466341 1302751041.0
446295.380304 4635914.260667 1302751044.0
446295.107292 4635889.058123 1302751047.0
446296.488914 4635863.176904 1302751050.0
446297.789240 4635837.518365 1302751053.0
446298.760992 4635812.306440 1302751056.0
446300.314477 4635787.201163 1302751059.0
446300.785833 4635761.659912 1302751062.0
446301.337669 4635735.784955 1302751065.0
446301.474589 4635709.913127 1302751068.0
446301.355860 4635683.154959 1302751071.0
446301.322630 4635656.729249 1302751074.0
446301.956634 4635630.742643 1302751077.0
446302.427184 4635605.090372 1302751080.0
446302.492015 4635580.662527 1302751083.0
446302.905533 4635558.452724 1302751086.0
446303.488376 4635536.685779 1302751090.0
446303.241355 4635514.925090 1302751102.0
446304.040529 4635488.826212 1302751106.0
446304.274699 4635464.841230 1302751109.0
446304.911259 4635439.187714 1302751112.0
446305.541131 4635412.645983 1302751115.0
446305.673079 4635386.108005 1302751118.0
446305.561922 4635360.349095 1302751121.0
446305.791092 4635335.697955 1302751124.0
446306.783904 4635313.261728 1302751127.0
446306.716270 4635293.276229 1302751130.0
446307.388850 4635272.396885 1302751135.0
446307.533373 4635247.524319 1302751143.0
446308.179187 4635223.092111 1302751147.0
446309.995243 4635199.761417 1302751150.0
446311.804620 4635175.542509 1302751153.0
446313.444682 4635150.880745 1302751156.0
446314.426682 4635127.001174 1302751159.0
446314.849501 4635106.012685 1302751162.0
446312.458965 4635086.155730 1302751166.0
