444481.856726 4635690.219597 1303085766.0
444480.363681 4635669.023752 1303085768.0
444479.501629 4635643.603700 1303085770.0
444479.450395 4635615.734583 1303085772.0
444480.060457 4635587.527212 1303085774.0
444480.843422 4635560.206765 1303085776.0
444481.221846 4635534.221880 1303085778.0
444481.547572 4635512.123593 1303085780.0
444481.623475 4635489.916221 1303085783.0
444489.603972 4635470.312063 1303085790.0
444511.488492 4635467.032616 1303085793.0
444531.989040 4635467.206063 1303085795.0
444556.390869 4635467.460238 1303085797.0
444583.287507 4635468.361292 1303085799.0
444610.599075 4635469.259222 1303085801.0
444637.574369 4635469.604700 1303085803.0
444663.718058 4635469.734672 1303085805.0
444702.809536 4635469.986290 1303085808.0
444729.207349 4635470.780733 1303085810.0
444755.107229 4635471.579135 1303085812.0
444780.007809 4635471.941242 1303085814.0
444803.330760 4635472.204626 1303085816.0
444824.830561 4635472.815308 1303085818.0
444853.458693 4635472.260531 1303085821.0
444876.530096 4635472.193000 1303085825.0
444901.677904 4635472.331552 1303085834.0
444931.144497 4635472.880940 1303085837.0
444955.380294 4635473.137764 1303085839.0
444980.112298 4635473.168772 1303085841.0
445003.519071 4635473.543197 1303085843.0
445025.011986 4635473.266266 1303085845.0
445050.069083 4635472.406737 1303085848.0
445076.709797 4635472.423357 1303085852.0
445099.289254 4635473.137577 1303085855.0
445126.513440 4635473.482987 1303085858.0
445147.676968 4635473.542064 1303085860.0
445168.677938 4635474.046591 1303085862.0
445188.930308 4635474.334871 1303085864.0
445209.516333 4635474.842711 1303085866.0
445231.510581 4635475.006682 1303085868.0
445253.752936 4635475.057780 1303085870.0
445276.328092 4635475.217425 1303085872.0
445298.735566 4635475.156361 1303085874.0
445320.980473 4635475.540751 1303085876.0
445344.716595 4635475.580668 1303085878.0
445368.616988 4635475.397337 1303085880.0
445391.771344 4635475.330838 1303085882.0
445414.267755 4635476.046692 1303085884.0
445435.936837 4635477.102054 1303085886.0
445456.608362 4635477.943053 1303085888.0
445481.353912 4635479.752234 1303085891.0
445502.057699 4635484.812396 1303085896.0
445501.733901 4635507.576767 1303085904.0
445499.498012 4635529.911633 1303085907.0
445499.169980 4635552.120871 1303085909.0
445499.121492 4635578.325182 1303085911.0
445498.758052 4635606.752576 1303085913.0
445498.730807 4635635.732568 1303085915.0
445498.618882 4635664.491142 1303085917.0
445498.252059 4635692.474432 1303085919.0
445496.632826 4635719.468003 1303085921.0
445495.740078 4635743.791208 1303085923.0
445496.946576 4635771.318329 1303085926.0
445497.019059 4635791.636938 1303085930.0
445498.974099 4635819.380400 1303085935.0
445500.456444 4635839.577190 1303085937.0
445501.956621 4635862.105551 1303085939.0
445503.536376 4635884.189170 1303085941.0
445505.699547 4635906.601427 1303085943.0
445506.960946 4635930.464023 1303085945.0
445507.224857 4635954.112184 1303085947.0
445506.936777 4635981.539715 1303085950.0
445506.840733 4636001.526519 1303085953.0
445514.049576 4636021.790539 1303085958.0
445540.671226 4636019.588330 1303085962.0
445561.158226 4636018.210342 1303085964.0
445585.304038 4636017.803764 1303085966.0
445611.772476 4636017.268497 1303085968.0
445639.074963 4636017.282131 1303085970.0
445667.379151 4636018.065464 1303085972.0
445696.259967 4636018.289345 1303085974.0
445724.890989 4636018.404213 1303085976.0
445753.271373 4636018.299037 1303085978.0
445780.740655 4636018.422977 1303085980.0
445807.384347 4636019.108474 1303085982.0
445832.945900 4636019.358164 1303085984.0
445855.764010 4636018.962600 1303085986.0
445882.326394 4636019.871061 1303085989.0
445906.143649 4636019.912201 1303085992.0
445935.852558 4636019.908697 1303085995.0
445959.006803 4636020.066080 1303085997.0
445982.083116 4636020.890330 1303085999.0
446005.653943 4636021.266772 1303086001.0
446028.642216 4636021.425640 1303086003.0
446050.471276 4636021.926462 1303086005.0
446071.138596 4636022.436148 1303086007.0
446101.347049 4636022.651618 1303086010.0
446122.259945 4636022.715459 1303086012.0
446143.506443 4636022.998907 1303086014.0
446165.333805 4636023.278027 1303086016.0
446186.912221 4636023.559095 1303086018.0
446215.778709 4636021.897619 1303086021.0
446236.501334 4636018.743260 1303086024.0
446257.307795 4636015.699363 1303086038.0
446279.690914 4636012.643635 1303086044.0
446295.362727 4635999.978663 1303086053.0
446296.435833 4635977.208703 1303086056.0
446296.117511 4635957.003005 1303086058.0
446295.523454 4635933.246316 1303086060.0
446294.658682 4635906.604797 1303086062.0
446294.446048 4635878.403894 1303086064.0
446294.484875 4635850.534196 1303086066.0
446295.024117 4635822.993827 1303086068.0
446294.988339 4635796.235030 1303086070.0
446294.210731 4635770.148027 1303086072.0
446294.084437 4635742.390612 1303086074.0
446294.363860 4635713.408772 1303086076.0
446294.638265 4635683.760771 1303086078.0
446294.166644 4635654.229428 1303086080.0
446294.201308 4635625.804605 1303086082.0
446294.079210 4635598.602332 1303086084.0
446294.224489 4635573.840781 1303086086.0
446295.145945 4635552.959548 1303086088.0
446295.707840 4635528.416925 1303086091.0
446296.156621 4635499.877952 1303086094.0
446296.564271 4635476.890961 1303086096.0
446296.693668 4635450.019899 1303086098.0
446297.305930 4635421.146597 1303086100.0
446297.921549 4635392.717405 1303086102.0
446298.464229 4635365.621165 1303086104.0
446298.190418 4635340.307615 1303086106.0
446297.030508 4635318.553814 1303086108.0
446295.669461 4635292.138129 1303086111.0
