446302.947618 4635993.370499 1301685128.0
446297.894752 4636016.614598 1301685155.0
446278.421761 4636031.417872 1301685161.0
446255.872740 4636034.474857 1301685164.0
446226.265337 4636036.918999 1301685167.0
446204.364266 4636037.861619 1301685169.0
446182.875587 4636038.468089 1301685171.0
446162.127863 4636038.291789 1301685173.0
446132.667989 4636038.292467 1301685176.0
446112.170884 4636038.336484 1301685178.0
446090.843129 4636038.275813 1301685180.0
446069.102150 4636038.440402 1301685182.0
446048.436557 4636038.152777 1301685184.0
446022.128264 4636037.907974 1301685187.0
445997.482952 4636038.094793 1301685191.0
445973.178828 4636039.500478 1301685195.0
445950.277802 4636039.896297 1301685199.0
445926.456403 4636039.299874 1301685224.0
445901.052458 4636037.938316 1301685227.0
445880.874611 4636036.315069 1301685229.0
445851.323288 4636035.207269 1301685232.0
445823.520464 4636034.863528 1301685235.0
445794.722710 4636034.638500 1301685238.0
445773.559196 4636034.355462 1301685240.0
445751.231410 4636033.748253 1301685242.0
445728.988291 4636033.362536 1301685244.0
445707.243901 4636033.084121 1301685246.0
445686.489353 4636032.020988 1301685248.0
445656.693261 4636031.471030 1301685251.0
445627.314609 4636031.251111 1301685254.0
445600.175592 4636030.903173 1301685257.0
445580.089954 4636030.501443 1301685260.0
445559.839199 4636030.212065 1301685266.0
445535.278525 4636030.621903 1301685282.0
445512.622167 4636030.462089 1301685285.0
445488.801524 4636029.978156 1301685288.0
445464.488941 4636030.275306 1301685291.0
445436.194121 4636030.714079 1301685294.0
445414.030537 4636029.884601 1301685296.0
445389.959234 4636029.180852 1301685298.0
445351.200282 4636028.589865 1301685301.0
445324.974867 4636028.346999 1301685303.0
445298.417524 4636028.106779 1301685305.0
445271.859325 4636027.755630 1301685307.0
445245.217287 4636027.294192 1301685309.0
445219.156111 4636026.828385 1301685311.0
445194.671570 4636026.350542 1301685313.0
445172.596895 4636026.298367 1301685315.0
445143.216462 4636025.858390 1301685318.0
445114.168804 4636025.527003 1301685321.0
445093.918850 4636025.349977 1301685323.0
445072.673120 4636025.180687 1301685325.0
445050.595007 4636024.684781 1301685327.0
445027.938593 4636024.526509 1301685329.0
445004.616614 4636024.151379 1301685331.0
444980.550373 4636024.115177 1301685333.0
444955.987960 4636024.304959 1301685335.0
444931.097056 4636024.941500 1301685337.0
444905.376344 4636025.584547 1301685339.0
444879.737756 4636026.116018 1301685341.0
444854.848580 4636026.974881 1301685343.0
444830.787499 4636027.605348 1301685345.0
444807.722195 4636028.228180 1301685347.0
444786.727116 4636028.279869 1301685349.0
444762.826838 4636028.243116 1301685352.0
444738.758873 4636027.985677 1301685357.0
444714.033088 4636028.510662 1301685361.0
444691.050771 4636029.133228 1301685366.0
444665.384597 4636026.112599 1301685369.0
444636.381892 4636020.897317 1301685372.0
444614.372879 4636018.625681 1301685374.0
444589.615969 4636015.154117 1301685376.0
444568.435006 4636012.654114 1301685378.0
444540.711469 4636011.870623 1301685381.0
444513.329364 4636012.305954 1301685384.0
444489.119588 4636015.159414 1301685387.0
444471.017666 4636024.405306 1301685392.0
444481.618286 4636000.339325 1301685408.0
444481.299907 4635970.140561 1301685411.0
444481.308364 4635949.932310 1301685413.0
444482.115490 4635925.720610 1301685416.0
444483.370422 4635905.724713 1301685420.0
444492.659118 4635883.667593 1301685424.0
444516.306583 4635872.490987 1301685427.0
444535.839536 4635855.128598 1301685430.0
444532.757885 4635832.390634 1301685432.0
444530.998767 4635808.976170 1301685435.0
444525.514874 4635786.812087 1301685442.0
444512.912469 4635767.035171 1301685444.0
444506.538150 4635747.764922 1301685446.0
444502.138129 4635726.258617 1301685448.0
444498.547169 4635702.081197 1301685450.0
444488.414987 4635669.183072 1301685452.0
444483.612837 4635638.686165 1301685454.0
444482.387700 4635609.271723 1301685456.0
444481.669129 4635580.963673 1301685458.0
444480.552927 4635554.879401 1301685460.0
444478.551554 4635532.355115 1301685462.0
444476.774902 4635506.720129 1301685465.0
444478.272827 4635485.945114 1301685471.0
444464.545170 4635470.951509 1301685481.0
444444.194152 4635468.667445 1301685485.0
444417.976982 4635469.760225 1301685488.0
444397.326057 4635471.586890 1301685490.0
444374.089521 4635471.768296 1301685492.0
444351.183201 4635471.725130 1301685494.0
444330.686991 4635472.107339 1301685496.0
444307.781537 4635472.175340 1301685499.0
444307.659643 4635499.046509 1301685509.0
444308.658775 4635520.690319 1301685512.0
444283.336809 4635530.104147 1301685515.0
444258.867819 4635531.850047 1301685517.0
444234.964103 4635531.592995 1301685519.0
444213.045985 4635530.543235 1301685521.0
444192.694174 4635528.148864 1301685523.0
444167.519528 4635524.570974 1301685526.0
444144.958656 4635515.643047 1301685529.0
444125.882321 4635506.576824 1301685544.0
444101.119885 4635502.662832 1301685548.0
444081.107744 4635501.265419 1301685550.0
444057.614486 4635500.450567 1301685552.0
444028.108620 4635494.908570 1301685554.0
443994.996713 4635484.620579 1301685556.0
443967.077973 4635480.398764 1301685558.0
443942.993229 4635478.256533 1301685560.0
443916.431952 4635477.799391 1301685563.0
443896.388217 4635472.405517 1301685576.0
443885.349302 4635493.366868 1301685584.0
443885.297123 4635518.349945 1301685587.0
443885.459797 4635539.001001 1301685589.0
443885.561351 4635562.428391 1301685591.0
443885.093371 4635587.303712 1301685593.0
443884.218338 4635613.181548 1301685595.0
443884.164425 4635637.942575 1301685597.0
443885.089722 4635660.586241 1301685599.0
443884.843601 4635682.017761 1301685601.0
443884.953038 4635706.444402 1301685604.0
443890.830299 4635725.607004 1301685609.0
443910.847977 4635727.781069 1301685613.0
443934.066215 4635725.377600 1301685616.0
443956.648542 4635726.532300 1301685619.0
