446317.395621 4634882.150316 1303788060.0
446317.464754 4634858.277635 1303788063.0
446317.528870 4634833.738792 1303788066.0
446318.005455 4634808.863744 1303788069.0
446317.823100 4634784.659860 1303788072.0
446317.563607 4634761.233792 1303788075.0
446316.980494 4634738.920495 1303788078.0
446316.911250 4634718.712960 1303788081.0
446314.668206 4634696.412171 1303788088.0
446291.897890 4634692.697601 1303788093.0
446268.322701 4634692.320172 1303788097.0
446241.422621 4634691.301705 1303788101.0
446220.666790 4634690.570063 1303788104.0
446200.247969 4634690.502136 1303788107.0
446175.178825 4634690.136295 1303788111.0
446154.594845 4634690.180780 1303788117.0
446130.115065 4634690.920976 1303788122.0
446103.967799 4634690.674569 1303788126.0
446082.300663 4634690.172290 1303788129.0
446059.640085 4634690.010696 1303788132.0
446037.476644 4634689.734376 1303788135.0
446016.310000 4634689.561607 1303788138.0
445993.068439 4634689.404626 1303788142.0
445975.714081 4634699.418153 1303788149.0
445976.876711 4634721.393944 1303788153.0
445978.647243 4634746.918196 1303788157.0
445978.888490 4634767.790641 1303788160.0
445978.673012 4634794.107185 1303788164.0
445978.176564 4634816.206592 1303788170.0
445977.004377 4634836.756656 1303788174.0
445976.331008 4634857.413972 1303788177.0
445975.749899 4634879.291956 1303788180.0
445974.917288 4634900.838749 1303788183.0
445974.495442 4634921.827260 1303788186.0
445974.159121 4634943.148224 1303788190.0
445973.433934 4634967.914173 1303788197.0
445973.460744 4634993.340622 1303788201.0
445973.712961 4635015.656426 1303788204.0
445973.393491 4635039.197934 1303788207.0
445973.573662 4635062.957721 1303788210.0
445973.842720 4635087.494069 1303788213.0
445973.617196 4635112.478302 1303788216.0
445972.976718 4635137.465683 1303788219.0
445971.591012 4635162.680783 1303788222.0
445970.446712 4635186.894753 1303788225.0
445969.279688 4635208.110993 1303788228.0
445956.390829 4635226.751342 1303788232.0
445931.425071 4635228.828341 1303788236.0
445910.510677 4635228.876066 1303788239.0
445887.850112 4635228.492980 1303788242.0
445864.691602 4635228.113751 1303788245.0
445842.775411 4635227.392052 1303788248.0
445822.605388 4635227.101275 1303788251.0
445800.110789 4635226.717206 1303788255.0
445775.211157 4635226.573580 1303788274.0
445750.977135 4635226.647040 1303788278.0
445730.144871 4635226.583635 1303788281.0
445706.321569 4635226.098950 1303788284.0
445680.924831 4635226.070476 1303788287.0
445654.183308 4635223.831680 1303788290.0
445626.204536 4635222.601728 1303788293.0
445598.314678 4635222.148442 1303788296.0
445570.585706 4635221.027835 1303788299.0
445544.517380 4635220.005675 1303788302.0
445520.446759 4635219.745569 1303788305.0
445500.837479 4635227.667900 1303788309.0
445499.859075 4635251.658639 1303788313.0
445499.116059 4635273.871041 1303788316.0
445498.725393 4635298.745555 1303788319.0
445498.350021 4635325.618557 1303788322.0
445498.060191 4635352.824007 1303788325.0
445497.263091 4635378.811970 1303788328.0
445496.947789 4635402.686609 1303788331.0
445497.442835 4635424.001276 1303788334.0
445498.344324 4635444.202498 1303788337.0
445499.173015 4635465.736681 1303788341.0
445499.264160 4635488.497877 1303788363.0
445498.207929 4635513.155425 1303788367.0
445497.048332 4635535.148957 1303788370.0
445496.156394 4635559.583182 1303788373.0
445495.691287 4635585.568614 1303788376.0
445495.647062 4635612.328062 1303788379.0
445495.527501 4635640.087390 1303788382.0
445494.915129 4635668.516693 1303788385.0
445495.132613 4635696.939647 1303788388.0
445494.673479 4635723.702275 1303788391.0
445494.119472 4635748.911158 1303788394.0
445495.286046 4635771.220001 1303788397.0
445496.625379 4635794.415792 1303788404.0
445496.066279 4635818.958515 1303788409.0
445496.930643 4635845.155853 1303788413.0
445498.342751 4635867.018685 1303788416.0
445500.580431 4635888.320034 1303788419.0
445501.655495 4635909.519245 1303788422.0
445502.147131 4635930.389820 1303788425.0
445502.217910 4635950.486380 1303788428.0
445501.580932 4635975.695906 1303788432.0
445501.422311 4635998.347998 1303788437.0
445512.201059 4636018.806770 1303788443.0
445533.596605 4636016.866584 1303788447.0
445558.652668 4636016.119853 1303788451.0
445579.811166 4636015.736090 1303788454.0
445601.719887 4636015.790795 1303788457.0
445624.449094 4636014.617933 1303788460.0
445647.351895 4636014.443122 1303788463.0
445670.505333 4636014.488540 1303788466.0
445693.163422 4636014.870911 1303788469.0
445714.732599 4636013.929249 1303788472.0
445735.977468 4636013.989427 1303788475.0
445757.467897 4636013.603663 1303788478.0
445779.460440 4636013.769310 1303788481.0
445800.456362 4636013.831575 1303788484.0
445822.694466 4636013.551352 1303788487.0
445846.019768 4636014.373269 1303788490.0
445868.595702 4636014.867856 1303788493.0
445890.837176 4636015.031955 1303788496.0
445914.244599 4636015.742437 1303788499.0
445939.896720 4636016.991126 1303788502.0
445965.215221 4636018.020372 1303788505.0
445990.117966 4636018.941826 1303788508.0
446015.098635 4636019.196575 1303788511.0
446039.332471 4636019.457070 1303788514.0
446062.568009 4636019.392107 1303788517.0
446085.806067 4636019.660300 1303788520.0
446109.702090 4636019.146357 1303788523.0
446133.936757 4636019.518200 1303788526.0
446159.327280 4636019.104154 1303788529.0
446184.227468 4636019.693206 1303788532.0
446208.851036 4636016.620326 1303788535.0
446231.978450 4636013.225726 1303788538.0
446253.952526 4636010.950239 1303788541.0
446273.588068 4636006.693857 1303788545.0
