446303.167538 4635251.887526 1301961620.0
446288.854042 4635235.784552 1301961635.0
446264.455771 4635236.079571 1301961638.0
446242.628520 4635236.133206 1301961640.0
446218.807828 4635235.979889 1301961642.0
446194.821154 4635235.827906 1301961644.0
446172.243632 4635235.443290 1301961646.0
446151.991511 4635235.263235 1301961648.0
446131.329473 4635235.752538 1301961651.0
446106.574882 4635232.830822 1301961677.0
446079.179707 4635231.927780 1301961680.0
446058.177293 4635231.309536 1301961682.0
446038.089450 4635230.906494 1301961684.0
446012.855366 4635230.431471 1301961687.0
445990.862107 4635230.487135 1301961701.0
445967.377548 4635230.887278 1301961705.0
445935.754047 4635230.572024 1301961708.0
445910.275193 4635230.654389 1301961710.0
445885.131673 4635231.178432 1301961712.0
445861.652178 4635232.245086 1301961714.0
445834.851392 4635233.115001 1301961717.0
445811.687824 4635232.069781 1301961722.0
445789.929169 4635230.236712 1301961726.0
445768.673514 4635229.066081 1301961729.0
445744.183766 4635228.253242 1301961732.0
445715.787544 4635226.693018 1301961735.0
445694.868056 4635226.075213 1301961737.0
445673.535304 4635225.682687 1301961739.0
445652.701339 4635225.397454 1301961741.0
445623.485344 4635225.176254 1301961744.0
445597.425523 4635225.264172 1301961747.0
445574.764913 4635224.882082 1301961750.0
445549.865256 4635224.739243 1301961754.0
445525.709115 4635224.146673 1301961759.0
445504.448289 4635222.310667 1301961781.0
445478.391850 4635222.843128 1301961784.0
445455.399258 4635222.463958 1301961786.0
445428.088609 4635221.784837 1301961788.0
445400.033592 4635221.444625 1301961790.0
445373.143841 4635221.539724 1301961792.0
445346.669042 4635221.631740 1301961794.0
445320.943712 4635222.051204 1301961796.0
445295.293701 4635221.470880 1301961798.0
445268.734201 4635221.341769 1301961800.0
445242.169578 4635220.546595 1301961802.0
445215.439821 4635219.863823 1301961804.0
445188.874329 4635218.957820 1301961806.0
445164.802816 4635218.587889 1301961808.0
445144.631853 4635218.188004 1301961810.0
445122.632530 4635217.469158 1301961813.0
445099.139372 4635216.761892 1301961840.0
445073.586852 4635218.069186 1301961843.0
445050.516348 4635218.358125 1301961845.0
445023.127768 4635218.347358 1301961847.0
444993.493299 4635217.687834 1301961849.0
444963.360879 4635217.032280 1301961851.0
444931.736338 4635216.610454 1301961853.0
444900.360762 4635216.186843 1301961855.0
444869.896358 4635215.534252 1301961857.0
444840.596393 4635215.205876 1301961859.0
444812.708984 4635215.088746 1301961861.0
444787.478990 4635215.173198 1301961863.0
444764.323760 4635215.241652 1301961865.0
444742.744489 4635215.186925 1301961867.0
444720.505599 4635215.692550 1301961869.0
444696.188499 4635215.770241 1301961871.0
444670.459696 4635215.747945 1301961873.0
444644.397204 4635215.506267 1301961875.0
444617.838491 4635215.490610 1301961877.0
444592.110546 4635215.579624 1301961879.0
444569.040026 4635215.870122 1301961881.0
444548.712517 4635216.694514 1301961883.0
444524.238077 4635217.884355 1301961886.0
444503.912307 4635218.930929 1301961893.0
444484.794263 4635225.852943 1301961920.0
444481.891467 4635247.416132 1301961924.0
444481.448180 4635275.733222 1301961927.0
444480.892490 4635300.276038 1301961929.0
444480.701644 4635329.035298 1301961931.0
444479.943724 4635359.575521 1301961933.0
444479.344004 4635389.115209 1301961935.0
444479.391757 4635416.540207 1301961937.0
444480.075726 4635440.407164 1301961939.0
444481.479757 4635460.826458 1301961941.0
444479.905751 4635482.490336 1301961947.0
444458.221027 4635490.098646 1301961952.0
444434.197115 4635495.726658 1301961956.0
444410.961525 4635496.018971 1301961958.0
444384.479028 4635495.004302 1301961960.0
444361.154378 4635494.520236 1301961962.0
444334.930371 4635494.725104 1301961965.0
444313.001744 4635492.342710 1301961970.0
444293.859945 4635485.497231 1301961978.0
444274.064153 4635490.537553 1301961997.0
444243.839352 4635488.553376 1301962000.0
444212.133799 4635488.246432 1301962002.0
444182.338693 4635488.146728 1301962004.0
444158.284514 4635489.889721 1301962006.0
444136.878978 4635490.723753 1301962009.0
444111.747722 4635492.697418 1301962015.0
444082.194616 4635491.707962 1301962018.0
444057.456515 4635490.902882 1301962020.0
444029.564011 4635490.011638 1301962022.0
444002.169423 4635489.116588 1301962024.0
443976.935993 4635488.648784 1301962026.0
443956.276479 4635489.366457 1301962028.0
443933.793865 4635490.431641 1301962032.0
