443937.024238 4635479.080745 1303349829.0
443914.655995 4635473.594079 1303349844.0
443888.731488 4635469.689971 1303349850.0
443860.430054 4635469.579846 1303349853.0
443837.192619 4635469.651976 1303349855.0
443810.142127 4635470.309427 1303349857.0
443781.681724 4635471.089142 1303349859.0
443750.809421 4635471.221810 1303349861.0
443717.856284 4635470.593813 1303349863.0
443684.820151 4635469.966624 1303349865.0
443652.861971 4635469.220028 1303349867.0
443622.314575 4635468.462409 1303349869.0
443593.841863 4635467.688494 1303349871.0
443569.359593 4635467.771354 1303349873.0
443540.889509 4635467.330732 1303349876.0
443520.134643 4635466.495947 1303349880.0
443494.822487 4635466.585643 1303349908.0
443464.858608 4635466.157173 1303349911.0
443439.626791 4635465.913325 1303349913.0
443411.482460 4635464.693394 1303349915.0
443382.428780 4635463.924938 1303349917.0
443354.203206 4635462.927947 1303349919.0
443328.222709 4635462.468378 1303349921.0
443305.977546 4635462.090209 1303349923.0
443281.732714 4635460.728723 1303349926.0
443260.994586 4635462.004209 1303349946.0
443237.604392 4635463.745025 1303349949.0
443209.640141 4635464.301003 1303349952.0
443182.573705 4635462.962348 1303349956.0
443157.911247 4635461.271511 1303349961.0
443135.014566 4635462.453554 1303349964.0
443112.963728 4635465.627534 1303349967.0
443094.010953 4635472.218896 1303349971.0
443082.039336 4635490.413127 1303349976.0
443078.946946 4635518.862615 1303349980.0
443078.037563 4635540.077432 1303349982.0
443075.479986 4635562.748867 1303349984.0
443073.604952 4635587.746570 1303349986.0
443071.576383 4635614.299982 1303349988.0
443070.623098 4635640.400665 1303349990.0
443070.642577 4635663.606682 1303349992.0
443064.627207 4635689.747826 1303349995.0
443059.294401 4635718.215242 1303349998.0
443057.325844 4635741.881293 1303350000.0
443055.630219 4635768.543091 1303350002.0
443054.024695 4635796.092444 1303350004.0
443052.927739 4635824.970146 1303350006.0
443052.010965 4635855.622959 1303350008.0
443051.758066 4635886.270466 1303350010.0
443050.910092 4635915.146182 1303350012.0
443050.461947 4635942.131119 1303350014.0
443049.407189 4635965.900909 1303350016.0
443048.489108 4635986.005474 1303350018.0
443048.583680 4636008.211595 1303350021.0
443066.024446 4636020.285944 1303350025.0
443091.087486 4636020.418748 1303350028.0
443113.905593 4636020.014399 1303350030.0
443140.114416 4636018.139606 1303350032.0
443167.560885 4636015.366759 1303350034.0
443194.847608 4636013.372534 1303350036.0
443220.563008 4636012.057145 1303350038.0
443244.201225 4636010.425298 1303350040.0
443267.022017 4636010.354521 1303350042.0
443291.759338 4636011.267867 1303350044.0
443318.156280 4636012.168091 1303350046.0
443344.961939 4636012.287921 1303350048.0
443371.595453 4636011.631981 1303350050.0
443395.823390 4636011.106292 1303350052.0
443423.284961 4636010.221896 1303350055.0
443445.523993 4636010.045278 1303350060.0
443467.609400 4636011.424429 1303350064.0
443497.075740 4636012.189919 1303350067.0
443522.893530 4636013.317564 1303350069.0
443550.867067 4636014.206149 1303350071.0
443579.585668 4636014.866872 1303350073.0
443608.882494 4636015.190031 1303350075.0
443637.927736 4636015.182198 1303350077.0
443665.477555 4636014.964243 1303350079.0
443692.115456 4636014.864637 1303350081.0
443717.516531 4636015.774213 1303350083.0
443742.000419 4636016.135953 1303350085.0
443765.071866 4636016.286860 1303350087.0
443785.825968 4636017.233370 1303350089.0
443811.396483 4636018.586079 1303350092.0
443832.945360 4636015.085090 1303350096.0
443856.387076 4636009.570630 1303350121.0
443860.792660 4635989.438720 1303350124.0
443862.550576 4635959.778745 1303350127.0
443863.377475 4635938.342636 1303350129.0
443864.179880 4635913.797764 1303350132.0
443868.171513 4635893.780160 1303350151.0
443868.311828 4635869.462578 1303350155.0
443869.470695 4635848.023857 1303350157.0
443871.020866 4635823.584132 1303350159.0
443872.720396 4635797.033584 1303350161.0
443874.516921 4635772.258818 1303350163.0
443875.767563 4635751.929721 1303350165.0
443883.808085 4635729.659550 1303350169.0
443904.786597 4635727.384664 1303350172.0
443933.433798 4635729.379805 1303350175.0
443955.851017 4635730.646836 1303350177.0
443981.084465 4635731.225585 1303350179.0
444007.150373 4635732.130982 1303350181.0
444032.227436 4635733.932516 1303350183.0
444054.735450 4635736.198451 1303350185.0
444080.230893 4635738.441004 1303350188.0
444100.721979 4635737.502930 1303350192.0
444120.191755 4635743.901175 1303350198.0
444140.674723 4635752.512208 1303350220.0
444166.336043 4635754.753766 1303350223.0
444188.582810 4635755.467694 1303350225.0
444211.897063 4635754.729888 1303350227.0
444234.282845 4635752.000815 1303350229.0
444259.634362 4635746.472754 1303350232.0
