443922.966997 4635475.083128 1303441701.0
443901.369226 4635472.588358 1303441719.0
443875.381838 4635471.238577 1303441722.0
443852.470235 4635470.530852 1303441724.0
443826.402465 4635469.514985 1303441726.0
443799.091623 4635468.731088 1303441728.0
443771.206869 4635468.840098 1303441730.0
443742.082560 4635469.625212 1303441732.0
443712.872635 4635470.078018 1303441734.0
443683.653934 4635469.420673 1303441736.0
443654.927005 4635467.982318 1303441738.0
443627.200309 4635467.091335 1303441740.0
443601.136875 4635466.631428 1303441742.0
443578.314357 4635466.701117 1303441744.0
443550.430464 4635466.922019 1303441747.0
443529.185592 4635467.090398 1303441751.0
443505.934926 4635465.498201 1303441778.0
443480.502781 4635460.925464 1303441781.0
443456.094657 4635459.897783 1303441783.0
443428.445588 4635458.340751 1303441785.0
443400.134366 4635457.011155 1303441787.0
443373.150939 4635455.671117 1303441789.0
443347.496190 4635454.431648 1303441791.0
443323.667166 4635453.177746 1303441793.0
443296.283788 4635453.728762 1303441796.0
443275.804327 4635456.223523 1303441800.0
443251.755514 4635458.635741 1303441820.0
443225.596625 4635456.623488 1303441823.0
443197.694088 4635454.514199 1303441826.0
443177.645280 4635448.567205 1303441830.0
443152.336587 4635449.102226 1303441846.0
443126.130096 4635451.532087 1303441849.0
443105.052916 4635451.922460 1303441851.0
443079.912873 4635452.789495 1303441854.0
443062.927382 4635466.693484 1303441861.0
443065.833690 4635487.655736 1303441864.0
443063.486474 4635515.877208 1303441867.0
443061.934539 4635539.761987 1303441869.0
443060.820623 4635566.530158 1303441871.0
443059.885116 4635594.851385 1303441873.0
443059.773267 4635622.388790 1303441875.0
443060.732248 4635648.918327 1303441877.0
443060.954119 4635676.675135 1303441879.0
443061.090343 4635704.099526 1303441881.0
443060.145992 4635731.310487 1303441883.0
443059.117779 4635758.411085 1303441885.0
443058.588369 4635785.618732 1303441887.0
443058.142837 4635812.936744 1303441889.0
443057.698198 4635840.365784 1303441891.0
443057.747915 4635867.346736 1303441893.0
443057.964487 4635894.437390 1303441895.0
443057.757271 4635920.421089 1303441897.0
443057.529644 4635943.851162 1303441899.0
443058.733130 4635969.823585 1303441902.0
443060.720272 4635990.015957 1303441921.0
443075.952501 4636006.105223 1303441934.0
443098.186235 4636005.261357 1303441937.0
443127.397517 4636005.250117 1303441940.0
443149.139571 4636005.187576 1303441942.0
443172.041594 4636004.893779 1303441944.0
443196.771868 4636004.918577 1303441946.0
443222.828961 4636004.821849 1303441948.0
443249.715868 4636004.718605 1303441950.0
443277.760978 4636004.162102 1303441952.0
443307.215894 4636003.483453 1303441954.0
443337.588027 4636003.352801 1303441956.0
443368.290319 4636002.997584 1303441958.0
443397.829988 4636002.540705 1303441960.0
443423.298270 4636001.450082 1303441962.0
443447.685153 4636000.035033 1303441965.0
443471.753336 4636000.288111 1303441970.0
443496.665424 4636002.311125 1303441973.0
443518.332413 4636003.249615 1303441975.0
443544.227932 4636003.710516 1303441977.0
443573.111660 4636004.258871 1303441979.0
443604.068161 4636004.568862 1303441981.0
443636.933231 4636004.863884 1303441983.0
443669.800931 4636005.492140 1303441985.0
443702.500903 4636005.899805 1303441987.0
443734.036498 4636005.983715 1303441989.0
443764.328244 4636006.188619 1303441991.0
443791.789854 4636005.305645 1303441993.0
443813.932771 4636003.465423 1303441995.0
443836.322892 4636001.401253 1303441998.0
443857.348563 4635994.684473 1303442003.0
443862.584854 4635974.657052 1303442006.0
443864.919282 4635944.437362 1303442009.0
443866.858071 4635916.663545 1303442012.0
443868.517443 4635895.553981 1303442026.0
443870.041349 4635867.783436 1303442031.0
443870.710937 4635836.910670 1303442034.0
443871.096719 4635812.147019 1303442036.0
443873.211173 4635785.593202 1303442038.0
443874.675767 4635760.821053 1303442040.0
443876.622535 4635734.046492 1303442043.0
443893.597559 4635718.701093 1303442047.0
443916.085568 4635718.412965 1303442050.0
443945.228962 4635720.182179 1303442053.0
443966.731628 4635721.234374 1303442055.0
443994.694876 4635720.681358 1303442058.0
444024.307352 4635718.783082 1303442061.0
444044.719866 4635718.400636 1303442063.0
444070.598917 4635716.642916 1303442066.0
444093.328041 4635715.354148 1303442071.0
444115.415069 4635716.846342 1303442076.0
444137.585943 4635718.448980 1303442089.0
444160.512372 4635721.156104 1303442093.0
444187.839582 4635724.161921 1303442096.0
444215.892761 4635724.497341 1303442099.0
444244.264839 4635723.164865 1303442102.0
444264.329765 4635720.787157 1303442104.0
444286.229920 4635719.616525 1303442106.0
444309.550371 4635719.656230 1303442108.0
444334.111254 4635719.131148 1303442110.0
444359.000608 4635718.159449 1303442112.0
444383.144839 4635717.415723 1303442114.0
444406.377973 4635716.901257 1303442116.0
444428.195172 4635715.731710 1303442118.0
444455.243015 4635714.854542 1303442121.0
444475.008009 4635705.928765 1303442126.0
444480.066444 4635684.126684 1303442130.0
444484.513729 4635658.443184 1303442133.0
444487.321235 4635635.326246 1303442135.0
444489.534880 4635610.548430 1303442137.0
444491.831461 4635575.110714 1303442140.0
444492.483106 4635552.232650 1303442142.0
444492.070634 4635531.250455 1303442144.0
444491.798182 4635506.936152 1303442147.0
444492.213853 4635485.725438 1303442151.0
444481.857568 4635466.708311 1303442174.0
444485.623807 4635438.809452 1303442178.0
444486.452680 4635417.373451 1303442180.0
444486.835471 4635391.943708 1303442182.0
444486.945940 4635363.518173 1303442184.0
444488.465500 4635334.859592 1303442186.0
444490.058547 4635304.979068 1303442188.0
444490.594370 4635277.882629 1303442190.0
444491.342029 4635256.669336 1303442192.0
444490.837918 4635234.577526 1303442196.0
