445966.468810 4635472.169925 1301857284.0
445953.820991 4635489.698131 1301857299.0
445927.180401 4635489.678232 1301857303.0
445897.454102 4635487.683264 1301857306.0
445875.378644 4635487.739922 1301857308.0
445853.055911 4635488.020596 1301857310.0
445830.483373 4635488.192205 1301857312.0
445808.733106 4635487.358329 1301857314.0
445779.933982 4635487.244368 1301857317.0
445754.940435 4635485.547073 1301857320.0
445731.865733 4635485.167651 1301857324.0
445710.131517 4635486.443591 1301857331.0
445688.483680 4635488.163073 1301857336.0
445664.159935 4635487.238225 1301857340.0
445637.851266 4635487.216876 1301857344.0
445615.118677 4635488.167625 1301857347.0
445591.403813 4635490.902486 1301857351.0
445568.732170 4635488.966043 1301857355.0
445547.644911 4635488.016864 1301857359.0
445525.436359 4635481.524640 1301857373.0
445503.932434 4635480.356709 1301857377.0
445481.259879 4635478.309517 1301857381.0
445451.053305 4635478.651790 1301857384.0
445429.569768 4635480.148734 1301857386.0
445407.914307 4635480.869825 1301857388.0
445386.252892 4635480.813792 1301857390.0
445364.671908 4635480.424107 1301857392.0
445343.081550 4635478.813189 1301857394.0
445321.080505 4635477.760657 1301857396.0
445299.245427 4635476.706918 1301857398.0
445277.495034 4635475.874663 1301857400.0
445255.991039 4635474.707479 1301857402.0
445235.400751 4635473.644370 1301857404.0
445204.931525 4635472.213166 1301857407.0
445183.011710 4635470.938368 1301857409.0
445161.668526 4635469.104029 1301857411.0
445132.532193 4635468.329076 1301857414.0
445103.655080 4635468.884650 1301857417.0
445083.234144 4635468.264809 1301857419.0
445060.991758 4635468.214243 1301857421.0
445038.745087 4635467.608611 1301857423.0
445016.828647 4635466.778431 1301857425.0
444996.412837 4635466.825003 1301857427.0
444968.106341 4635466.044315 1301857430.0
444944.365014 4635465.339490 1301857433.0
444921.148219 4635468.072735 1301857437.0
444898.142617 4635465.918936 1301857444.0
444875.238888 4635466.207167 1301857447.0
444854.581842 4635467.255315 1301857449.0
444832.593560 4635467.869698 1301857451.0
444811.270042 4635468.590032 1301857453.0
444782.061844 4635469.260509 1301857456.0
444755.421959 4635469.356018 1301857459.0
444729.032760 4635469.671749 1301857462.0
444702.070404 4635470.991332 1301857465.0
444680.823854 4635470.934223 1301857468.0
444660.318153 4635470.094185 1301857483.0
444637.155980 4635469.163816 1301857488.0
444611.145344 4635475.472871 1301857492.0
444588.047166 4635472.099419 1301857495.0
444564.202941 4635468.842882 1301857498.0
444540.294721 4635468.029668 1301857501.0
444519.944588 4635465.856415 1301857504.0
444498.940919 4635465.020719 1301857510.0
444475.034406 4635464.429778 1301857514.0
444447.804050 4635463.309666 1301857517.0
444418.328683 4635461.652005 1301857520.0
444397.660402 4635461.258126 1301857522.0
444369.198205 4635461.813438 1301857525.0
444341.739671 4635463.360328 1301857528.0
444318.428797 4635464.652835 1301857531.0
444296.603028 4635464.823466 1301857537.0
444268.431502 4635470.706539 1301857549.0
444244.778283 4635470.669558 1301857551.0
444221.871951 4635470.626808 1301857553.0
444201.622093 4635470.674358 1301857555.0
444176.561559 4635471.092763 1301857558.0
444156.227842 4635471.030065 1301857562.0
444127.660929 4635468.811314 1301857566.0
444101.084829 4635466.466021 1301857569.0
444073.109251 4635465.575257 1301857572.0
444050.197660 4635464.866895 1301857574.0
444026.698170 4635463.274955 1301857576.0
444002.044694 4635462.691469 1301857578.0
443980.131555 4635462.308586 1301857580.0
443958.640339 4635462.810724 1301857583.0
443938.230588 4635463.637518 1301857590.0
443914.319620 4635462.493322 1301857604.0
443891.732949 4635460.894639 1301857607.0
443862.833068 4635458.568536 1301857610.0
443841.900876 4635456.290769 1301857612.0
443819.149066 4635454.804652 1301857614.0
443794.828358 4635454.330292 1301857616.0
443768.930876 4635453.868461 1301857618.0
443742.870920 4635453.852143 1301857620.0
443717.392754 4635453.942359 1301857622.0
443692.744467 4635454.026106 1301857624.0
443669.638710 4635449.767410 1301857626.0
443645.964304 4635447.067764 1301857628.0
443621.644426 4635446.705023 1301857630.0
443598.573760 4635446.887644 1301857632.0
443577.659903 4635446.942223 1301857634.0
443552.433308 4635447.364137 1301857637.0
443531.783375 4635449.304340 1301857641.0
443507.318648 4635451.607957 1301857646.0
443467.999094 4635454.029525 1301857652.0
