445082.181839 4635471.714967 1301837504.0
445107.291134 4635477.628295 1301837526.0
445129.461618 4635479.122998 1301837529.0
445156.109994 4635480.139158 1301837532.0
445185.748472 4635481.465511 1301837535.0
445206.333623 4635481.862314 1301837537.0
445227.916327 4635482.473574 1301837539.0
445251.156214 4635482.739061 1301837541.0
445275.138720 4635482.443751 1301837543.0
445299.204214 4635482.147885 1301837545.0
445323.355253 4635482.184544 1301837547.0
445358.784059 4635481.024435 1301837550.0
445382.023088 4635481.179322 1301837552.0
445403.687055 4635481.568424 1301837554.0
445432.987560 4635482.121159 1301837557.0
445457.897377 4635483.706933 1301837560.0
445482.739490 4635487.291917 1301837564.0
445497.482022 4635505.055523 1301837569.0
445495.896448 4635525.608877 1301837573.0
445495.635273 4635545.707964 1301837576.0
445495.577453 4635570.690976 1301837579.0
445495.136986 4635599.896196 1301837582.0
445493.373853 4635629.777739 1301837585.0
445493.217771 4635652.762901 1301837587.0
445493.058293 4635675.303955 1301837589.0
445489.904566 4635696.979653 1301837591.0
445489.234451 4635717.859111 1301837593.0
445490.945679 4635746.270637 1301837596.0
445495.262258 4635768.111240 1301837600.0
445496.346693 4635790.531746 1301837607.0
445497.847739 4635813.171132 1301837610.0
445499.388706 4635841.028798 1301837613.0
445501.607117 4635870.657820 1301837616.0
445504.318312 4635899.616872 1301837619.0
445504.959181 4635929.146934 1301837622.0
445505.741376 4635955.455938 1301837625.0
445507.570900 4635977.648683 1301837629.0
445507.737389 4635999.410018 1301837637.0
445528.200051 4636005.693449 1301837641.0
445550.964930 4636009.183496 1301837644.0
445578.288661 4636011.972577 1301837647.0
445606.350721 4636013.645788 1301837650.0
445635.075767 4636015.203015 1301837653.0
445665.051445 4636017.528053 1301837656.0
445685.640078 4636018.592389 1301837658.0
445706.560627 4636019.654255 1301837660.0
445727.725883 4636020.159149 1301837662.0
445748.722635 4636020.332289 1301837664.0
445768.973400 4636020.622204 1301837666.0
445798.108208 4636021.510765 1301837669.0
445826.574935 4636021.849359 1301837672.0
445855.042502 4636022.299094 1301837675.0
445880.848764 4636021.991928 1301837678.0
445903.502590 4636021.819832 1301837681.0
445928.490000 4636022.962495 1301837684.0
445956.131951 4636023.974069 1301837687.0
445976.966082 4636024.593249 1301837689.0
445998.218479 4636025.653453 1301837691.0
446019.136422 4636026.383155 1301837693.0
446040.133134 4636026.557153 1301837695.0
446061.460927 4636026.617673 1301837697.0
446082.543978 4636027.235276 1301837699.0
446103.459382 4636027.632144 1301837701.0
446124.535705 4636027.361654 1301837703.0
446145.362247 4636026.982082 1301837705.0
446166.104131 4636026.381144 1301837707.0
446186.597074 4636025.782147 1301837709.0
446214.960636 4636023.458266 1301837712.0
446241.329319 4636020.705422 1301837715.0
446263.465986 4636017.984603 1301837718.0
446285.741837 4636011.709731 1301837722.0
446295.540616 4635979.547156 1301837727.0
446295.255882 4635952.790229 1301837730.0
446294.615779 4635922.927044 1301837733.0
446294.047668 4635902.612199 1301837735.0
446293.501427 4635874.191744 1301837738.0
446291.624943 4635845.448220 1301837741.0
446292.544663 4635824.344924 1301837743.0
446297.105621 4635801.881773 1301837745.0
446300.754625 4635779.536535 1301837747.0
446301.416226 4635757.213821 1301837749.0
446302.910187 4635735.217933 1301837751.0
446303.903741 4635712.892718 1301837753.0
446303.896462 4635689.908848 1301837755.0
446304.221963 4635667.033504 1301837757.0
446303.314404 4635645.721923 1301837759.0
446301.186454 4635616.647202 1301837762.0
446299.982218 4635589.008954 1301837765.0
446298.876027 4635563.368570 1301837768.0
446297.231611 4635543.394950 1301837771.0
446299.400395 4635522.837417 1301837795.0
446301.394850 4635501.170865 1301837799.0
446302.366690 4635475.958953 1301837802.0
446303.468529 4635445.971627 1301837805.0
446303.639799 4635424.651921 1301837807.0
446303.896570 4635403.664673 1301837809.0
446304.482788 4635382.341841 1301837811.0
446304.991880 4635361.796826 1301837813.0
446304.777650 4635333.373893 1301837816.0
446304.261589 4635308.950437 1301837819.0
446303.113411 4635288.751016 1301837823.0
