445507.593775 4636013.179298 1303658833.0
445531.859944 4636017.657101 1303658838.0
445553.433343 4636017.270086 1303658841.0
445578.827269 4636017.298080 1303658844.0
445605.635263 4636017.759499 1303658847.0
445633.440721 4636018.435472 1303658850.0
445661.828734 4636019.329177 1303658853.0
445690.374234 4636019.111458 1303658856.0
445718.925657 4636019.671043 1303658859.0
445747.319568 4636021.342279 1303658862.0
445775.536513 4636021.571538 1303658865.0
445803.346998 4636022.914337 1303658868.0
445830.820479 4636023.593607 1303658871.0
445857.299026 4636024.391579 1303658874.0
445879.131471 4636025.335985 1303658877.0
445900.468554 4636026.617322 1303658881.0
445920.805642 4636027.351147 1303658884.0
445945.124968 4636027.943772 1303658887.0
445971.186889 4636028.523262 1303658890.0
445998.578183 4636029.314835 1303658893.0
446026.633316 4636030.101482 1303658896.0
446055.685894 4636031.102753 1303658899.0
446075.773162 4636031.727878 1303658901.0
446096.190668 4636032.128494 1303658903.0
446116.854594 4636032.194203 1303658905.0
446137.519358 4636032.370999 1303658907.0
446158.180763 4636032.103747 1303658909.0
446187.899669 4636033.433619 1303658912.0
446215.441776 4636032.226282 1303658915.0
446242.132294 4636028.138607 1303658918.0
446267.077727 4636023.731098 1303658921.0
446286.865806 4636017.697065 1303658924.0
446297.319118 4635995.300505 1303658928.0
446297.310122 4635972.094570 1303658931.0
446298.195512 4635946.439155 1303658934.0
446298.894019 4635918.009314 1303658937.0
446299.490187 4635898.018791 1303658939.0
446300.167668 4635877.805588 1303658941.0
446301.190595 4635848.374003 1303658944.0
446301.795269 4635818.501439 1303658947.0
446303.980826 4635789.172126 1303658950.0
446305.653308 4635768.840394 1303658952.0
446306.575596 4635748.070184 1303658954.0
446307.332759 4635727.412253 1303658956.0
446307.671656 4635706.313342 1303658958.0
446307.925898 4635684.993003 1303658960.0
446307.846529 4635663.453112 1303658962.0
446308.099940 4635642.021747 1303658964.0
446308.356701 4635621.034491 1303658966.0
446308.552375 4635591.942256 1303658969.0
446308.843593 4635564.514804 1303658972.0
446308.500212 4635540.978305 1303658975.0
446307.764490 4635520.442668 1303658981.0
446308.576232 4635496.009197 1303659006.0
446308.824642 4635473.911675 1303659009.0
446308.969148 4635449.039102 1303659012.0
446309.016444 4635422.279695 1303659015.0
446309.387327 4635394.407516 1303659018.0
446309.174786 4635366.206635 1303659021.0
446307.559801 4635339.126660 1303659024.0
446305.965727 4635314.822362 1303659027.0
446305.198191 4635290.067703 1303659031.0
446305.521236 4635266.859292 1303659041.0
446304.534016 4635245.992458 1303659046.0
446281.290216 4635234.287114 1303659051.0
446257.713467 4635233.465627 1303659054.0
446230.809560 4635231.670029 1303659057.0
446203.593799 4635232.541688 1303659060.0
446179.200548 4635233.503162 1303659063.0
446157.705247 4635233.554549 1303659066.0
446134.052199 4635233.622316 1303659070.0
446112.644085 4635234.228347 1303659092.0
446085.256478 4635234.324525 1303659096.0
446059.027371 4635233.967902 1303659099.0
446030.892008 4635233.958917 1303659102.0
446004.667100 4635234.157630 1303659105.0
445980.294075 4635237.784435 1303659109.0
445974.732776 4635259.589164 1303659113.0
445975.468625 4635280.013741 1303659116.0
445975.152551 4635303.999367 1303659119.0
445974.436691 4635329.986629 1303659122.0
445973.898604 4635357.527012 1303659125.0
445973.614541 4635385.731671 1303659128.0
445973.161981 4635413.604508 1303659131.0
445972.447833 4635439.813829 1303659134.0
445969.969903 4635463.260690 1303659137.0
445963.271431 4635488.294037 1303659141.0
445940.179492 4635496.574685 1303659145.0
445917.260706 4635494.861077 1303659148.0
445892.273973 4635494.051519 1303659151.0
445865.047421 4635493.370102 1303659154.0
445836.242418 4635492.478723 1303659157.0
445807.110524 4635492.256149 1303659160.0
445778.724666 4635491.916982 1303659163.0
445752.083227 4635491.786710 1303659166.0
445730.835110 4635491.504416 1303659169.0
445709.097528 4635492.336251 1303659175.0
445682.872714 4635492.425130 1303659179.0
445658.056141 4635492.170263 1303659182.0
445631.409608 4635491.374280 1303659185.0
445603.770612 4635491.030109 1303659188.0
445575.966485 4635490.798341 1303659191.0
445549.658671 4635490.888345 1303659194.0
445523.106989 4635491.646513 1303659197.0
445495.711846 4635490.634695 1303659200.0
445467.984744 4635489.625523 1303659203.0
445440.172095 4635488.284014 1303659206.0
445411.371242 4635487.949488 1303659209.0
445381.583049 4635488.732985 1303659212.0
445351.540788 4635488.852354 1303659215.0
445331.454449 4635488.562338 1303659217.0
445301.905846 4635488.122959 1303659220.0
445272.688334 4635487.570126 1303659223.0
445243.223560 4635487.241380 1303659226.0
445214.254144 4635486.575845 1303659229.0
445186.281423 4635486.013793 1303659232.0
445159.227540 4635486.222012 1303659235.0
445132.672436 4635486.537527 1303659238.0
445111.010166 4635486.371304 1303659242.0
