446310.955232 4635073.842361 1302528003.0
446312.121632 4635052.404137 1302528031.0
446312.952724 4635030.524307 1302528034.0
446314.664116 4635004.307546 1302528037.0
446316.274962 4634975.759843 1302528040.0
446316.121872 4634955.441899 1302528042.0
446316.046756 4634934.457168 1302528044.0
446316.299435 4634912.914801 1302528046.0
446316.302298 4634891.263285 1302528048.0
446316.721807 4634869.830696 1302528050.0
446317.307310 4634848.396857 1302528052.0
446317.974976 4634826.851367 1302528054.0
446318.220981 4634804.420788 1302528056.0
446318.717648 4634782.210388 1302528058.0
446319.219338 4634760.666151 1302528060.0
446319.978385 4634740.230309 1302528062.0
446320.452484 4634715.022183 1302528065.0
446320.291890 4634693.705004 1302528072.0
446301.318491 4634687.185969 1302528077.0
446280.086440 4634689.344608 1302528080.0
446250.709856 4634690.121310 1302528083.0
446230.458704 4634690.274098 1302528085.0
446201.579266 4634690.936218 1302528088.0
446180.006041 4634691.876365 1302528091.0
446146.979303 4634692.903132 1302528099.0
446123.898720 4634692.078309 1302528102.0
446099.243716 4634691.598570 1302528105.0
446072.606033 4634692.355288 1302528108.0
446044.134024 4634692.015662 1302528111.0
446018.151064 4634691.546259 1302528114.0
445997.743173 4634692.922264 1302528125.0
445986.420106 4634710.218259 1302528130.0
445983.582899 4634730.114739 1302528134.0
445980.687965 4634753.342660 1302528138.0
445980.114402 4634776.219883 1302528142.0
445980.438641 4634797.091700 1302528147.0
445981.351421 4634818.958356 1302528151.0
445981.258158 4634839.500239 1302528154.0
445981.123991 4634865.594103 1302528157.0
445981.181909 4634895.128547 1302528160.0
445983.109969 4634919.541277 1302528163.0
445982.859981 4634941.305719 1302528168.0
445982.326846 4634969.512246 1302528172.0
445981.399454 4634989.505292 1302528174.0
445980.421064 4635013.717994 1302528176.0
445979.544195 4635040.372664 1302528178.0
445978.506402 4635067.694755 1302528180.0
445977.797220 4635094.570223 1302528182.0
445977.825708 4635120.218730 1302528184.0
445978.078758 4635142.645566 1302528186.0
445977.689770 4635167.964141 1302528189.0
445976.605709 4635189.179750 1302528217.0
445972.036056 4635210.421792 1302528225.0
445953.544732 4635223.552962 1302528229.0
445929.638458 4635223.068161 1302528232.0
445907.808623 4635222.789740 1302528234.0
445882.745535 4635222.980080 1302528236.0
445858.431892 4635223.497913 1302528238.0
445838.023017 4635224.541309 1302528240.0
445815.296329 4635226.379627 1302528244.0
445792.520453 4635232.659732 1302528272.0
445767.708057 4635233.070636 1302528275.0
445745.708030 4635232.238841 1302528277.0
445719.809146 4635231.658885 1302528279.0
445691.575525 4635229.653384 1302528281.0
445660.931780 4635227.222243 1302528283.0
445628.631594 4635225.248010 1302528285.0
445597.168921 4635224.266829 1302528287.0
445568.610901 4635223.263594 1302528289.0
445544.709669 4635223.446246 1302528291.0
445521.401256 4635225.178915 1302528294.0
445504.813611 4635237.519473 1302528311.0
445503.894406 4635258.400818 1302528319.0
445503.082827 4635282.501316 1302528323.0
445502.999475 4635304.153504 1302528326.0
445504.073728 4635325.241670 1302528329.0
445504.241043 4635347.114010 1302528332.0
445503.791161 4635375.097920 1302528335.0
445504.283638 4635396.079505 1302528337.0
445505.027626 4635417.392267 1302528339.0
445504.608082 4635438.491864 1302528341.0
445503.496013 4635466.702911 1302528344.0
445501.994247 4635487.366655 1302528346.0
445502.184510 4635512.236732 1302528348.0
445502.155543 4635540.994666 1302528350.0
445502.055484 4635571.307615 1302528352.0
445501.626883 4635602.067214 1302528354.0
445500.936591 4635631.163312 1302528356.0
445500.482521 4635658.592099 1302528358.0
445500.359548 4635685.907321 1302528360.0
445500.229783 4635712.334327 1302528362.0
445500.496254 4635736.315561 1302528364.0
445501.076824 4635757.962685 1302528366.0
445499.926622 4635781.177525 1302528369.0
445501.757044 4635803.481290 1302528375.0
445501.926090 4635825.575700 1302528378.0
445504.671012 4635848.094538 1302528381.0
445505.722544 4635877.066288 1302528384.0
445504.110988 4635905.059109 1302528387.0
445502.036965 4635926.837584 1302528390.0
445503.610763 4635948.144015 1302528395.0
445506.666332 4635967.884637 1302528412.0
445506.739649 4635988.314280 1302528440.0
445513.615730 4636008.469812 1302528447.0
445533.412813 4636014.536282 1302528451.0
445557.168343 4636017.352570 1302528454.0
445587.139802 4636019.122143 1302528457.0
445608.724218 4636020.178650 1302528459.0
445629.639693 4636020.574127 1302528461.0
445650.644076 4636021.746222 1302528463.0
445671.225077 4636021.811272 1302528465.0
445691.309037 4636021.991205 1302528467.0
445719.027253 4636022.113009 1302528470.0
445746.659948 4636021.902472 1302528473.0
445775.862520 4636020.791820 1302528476.0
445804.401251 4636019.686340 1302528479.0
445831.025514 4636017.818298 1302528482.0
445856.075679 4636016.295424 1302528486.0
445877.409419 4636017.132583 1302528499.0
445903.327352 4636020.599793 1302528504.0
445925.444147 4636026.205593 1302528507.0
445956.342563 4636029.857252 1302528510.0
445981.334986 4636031.666263 1302528512.0
446008.143716 4636032.240224 1302528514.0
446036.037922 4636033.694329 1302528516.0
446063.600191 4636035.151058 1302528518.0
446091.320005 4636035.496364 1302528520.0
446119.458079 4636036.282749 1302528522.0
446145.777282 4636037.971266 1302528524.0
446168.598689 4636038.020812 1302528526.0
446188.997713 4636035.979095 1302528528.0
446210.055564 4636033.266260 1302528531.0
446230.755523 4636027.114149 1302528549.0
