443061.749150 4635454.267060 1303870306.0
443055.031551 4635475.639340 1303870328.0
443055.219706 4635499.177106 1303870332.0
443055.162450 4635523.160973 1303870335.0
443055.398534 4635552.694211 1303870338.0
443054.916586 4635575.460097 1303870340.0
443054.522068 4635598.780457 1303870342.0
443054.376513 4635622.098827 1303870344.0
443054.632575 4635643.748473 1303870346.0
443055.042183 4635663.842412 1303870348.0
443056.375279 4635685.261380 1303870351.0
443057.656448 4635710.566967 1303870374.0
443056.598949 4635734.003666 1303870377.0
443054.933941 4635754.114192 1303870379.0
443053.864035 4635775.996512 1303870381.0
443053.549869 4635798.983134 1303870383.0
443052.811025 4635820.751774 1303870385.0
443052.485329 4635842.295043 1303870387.0
443052.493345 4635864.057714 1303870389.0
443052.091774 4635886.489867 1303870391.0
443051.931166 4635907.920784 1303870393.0
443051.268227 4635928.800547 1303870395.0
443049.997364 4635956.680337 1303870398.0
443051.156490 4635977.101395 1303870401.0
443062.427834 4635995.998163 1303870409.0
443084.608783 4635998.929846 1303870413.0
443110.124051 4636003.722549 1303870417.0
443129.587838 4636009.340899 1303870421.0
443153.999466 4636011.033608 1303870429.0
443175.832454 4636011.969732 1303870432.0
443204.125595 4636011.299925 1303870435.0
443231.920850 4636010.634199 1303870438.0
443256.575195 4636011.548084 1303870441.0
443278.154798 4636011.931369 1303870444.0
443296.652487 4636000.458581 1303870459.0
443326.031505 4636000.668889 1303870463.0
443346.778667 4636000.725903 1303870465.0
443367.945151 4636001.334814 1303870467.0
443392.501520 4636000.362366 1303870470.0
443415.483008 4635999.624582 1303870475.0
443441.311441 4636002.084260 1303870478.0
443464.723697 4636003.341831 1303870480.0
443493.610962 4636004.333973 1303870482.0
443525.732735 4636005.078517 1303870484.0
443558.434489 4636005.707574 1303870486.0
443590.885532 4636006.116699 1303870488.0
443622.416741 4636005.644979 1303870490.0
443667.390955 4636005.067064 1303870493.0
443696.270271 4636005.060782 1303870495.0
443725.075375 4636006.165545 1303870497.0
443752.386803 4636007.282221 1303870499.0
443778.535603 4636008.297143 1303870501.0
443799.367450 4636008.576875 1303870503.0
443822.607508 4636009.059740 1303870507.0
443843.932860 4636008.780539 1303870534.0
443860.847792 4635996.433438 1303870539.0
443864.478560 4635972.754546 1303870542.0
443866.629676 4635950.863864 1303870544.0
443868.919647 4635925.530030 1303870546.0
443871.607053 4635897.972384 1303870548.0
443874.457824 4635870.080351 1303870550.0
443876.048122 4635840.199639 1303870552.0
443877.548454 4635809.431363 1303870554.0
443878.979816 4635780.440180 1303870556.0
443879.957022 4635757.004282 1303870558.0
443882.283858 4635736.333605 1303870561.0
443902.905054 4635730.841539 1303870565.0
443925.643726 4635730.773534 1303870568.0
443952.613741 4635730.561274 1303870571.0
443978.591433 4635730.801055 1303870574.0
444001.017365 4635733.178501 1303870577.0
444025.171126 4635733.654860 1303870580.0
444052.878396 4635732.215810 1303870583.0
444076.019776 4635730.590646 1303870587.0
444095.804105 4635734.765674 1303870593.0
444121.392974 4635738.340049 1303870598.0
444147.216840 4635740.136129 1303870601.0
444168.549955 4635740.746125 1303870603.0
444192.607637 4635739.558293 1303870605.0
444217.820152 4635737.473227 1303870607.0
444243.037027 4635735.943387 1303870609.0
444268.921262 4635734.852550 1303870611.0
444293.983472 4635734.767543 1303870613.0
444316.805965 4635734.811165 1303870615.0
444338.630907 4635734.640588 1303870617.0
444359.201541 4635733.258501 1303870619.0
444383.337051 4635731.404503 1303870621.0
444404.076269 4635730.354331 1303870623.0
444424.317585 4635729.308105 1303870625.0
444448.294945 4635728.454867 1303870628.0
444466.970703 4635718.205155 1303870632.0
444470.834425 4635692.193090 1303870636.0
444475.261766 4635663.955958 1303870639.0
444478.816975 4635640.944222 1303870641.0
444481.254452 4635612.944674 1303870643.0
444483.691086 4635584.834102 1303870645.0
444485.474231 4635558.061031 1303870647.0
444485.621016 4635534.298630 1303870649.0
444484.106330 4635510.327109 1303870652.0
444487.341819 4635488.872352 1303870681.0
444493.135241 4635465.510089 1303870686.0
444497.568889 4635438.050173 1303870689.0
444499.703121 4635413.717123 1303870691.0
444499.959722 4635382.736671 1303870693.0
444500.294992 4635351.200438 1303870695.0
444499.812485 4635321.225051 1303870697.0
444497.690078 4635293.816221 1303870699.0
444496.369926 4635273.507309 1303870701.0
444493.053680 4635252.658781 1303870707.0
