445515.142173 4636034.440025 1303494047.0
445494.320753 4636035.487604 1303494070.0
445474.149586 4636034.753726 1303494073.0
445450.160439 4636033.938112 1303494077.0
445424.595498 4636033.245686 1303494081.0
445398.951825 4636033.109124 1303494084.0
445378.619784 4636033.042952 1303494086.0
445357.785596 4636032.425522 1303494088.0
445336.201167 4636031.369775 1303494090.0
445314.701415 4636030.535511 1303494092.0
445292.951009 4636029.481170 1303494094.0
445271.530813 4636028.202290 1303494096.0
445250.195297 4636027.144891 1303494098.0
445229.194258 4636026.418085 1303494100.0
445209.024734 4636025.907011 1303494102.0
445180.724768 4636025.680635 1303494105.0
445155.412972 4636025.542396 1303494108.0
445132.422934 4636025.164292 1303494112.0
445111.844478 4636025.433881 1303494127.0
445086.612233 4636024.851137 1303494132.0
445063.789860 4636024.694030 1303494135.0
445035.501870 4636026.022612 1303494138.0
445012.353573 4636026.645422 1303494140.0
444988.203502 4636026.498808 1303494142.0
444964.636013 4636026.569841 1303494144.0
444941.239635 4636027.305833 1303494146.0
444917.595175 4636028.154854 1303494148.0
444894.196227 4636028.557919 1303494150.0
444870.716018 4636029.183757 1303494152.0
444847.815820 4636029.694148 1303494154.0
444825.582052 4636030.532552 1303494156.0
444804.589563 4636030.917270 1303494158.0
444775.291220 4636030.367140 1303494161.0
444747.571235 4636030.026954 1303494164.0
444720.931722 4636029.900558 1303494167.0
444698.183697 4636028.633706 1303494171.0
444675.776212 4636028.474621 1303494178.0
444652.088634 4636023.773161 1303494181.0
444622.114304 4636021.674438 1303494184.0
444599.038624 4636020.965619 1303494186.0
444574.469275 4636020.268498 1303494188.0
444550.309640 4636018.902068 1303494190.0
444526.322875 4636018.422645 1303494192.0
444502.166682 4636017.500488 1303494194.0
444480.271747 4636019.225601 1303494197.0
444471.951754 4635995.196082 1303494212.0
444477.398897 4635970.059936 1303494215.0
444475.722602 4635946.644832 1303494217.0
444473.936484 4635919.788531 1303494220.0
444475.993524 4635896.233292 1303494225.0
444477.876825 4635871.680103 1303494229.0
444480.476701 4635843.235141 1303494232.0
444474.088405 4635811.529224 1303494234.0
444470.720372 4635784.019057 1303494236.0
444473.767205 4635759.678869 1303494239.0
444474.257984 4635737.468253 1303494245.0
444473.989788 4635713.709079 1303494250.0
444474.287775 4635688.057915 1303494253.0
444474.813087 4635659.629132 1303494256.0
444475.150029 4635638.974194 1303494258.0
444475.719489 4635616.207799 1303494260.0
444476.368479 4635592.996650 1303494262.0
444476.525615 4635570.566573 1303494264.0
444476.358594 4635549.138329 1303494266.0
444476.283215 4635528.819710 1303494268.0
444475.504997 4635503.510044 1303494271.0
444475.095938 4635482.971960 1303494277.0
444453.009024 4635470.930418 1303494284.0
444427.352854 4635469.465009 1303494287.0
444400.719018 4635470.339035 1303494290.0
444375.425993 4635472.868200 1303494293.0
444350.120841 4635473.843074 1303494296.0
444327.051154 4635474.134364 1303494299.0
444303.314962 4635474.097838 1303494303.0
444282.887853 4635472.703101 1303494311.0
444262.595844 4635477.969403 1303494319.0
444241.430538 4635477.690901 1303494321.0
444216.619862 4635478.218244 1303494323.0
444193.306442 4635479.178080 1303494325.0
444164.584043 4635478.292807 1303494328.0
444142.773981 4635480.462399 1303494331.0
444119.860707 4635479.531760 1303494336.0
444094.937426 4635476.285254 1303494354.0
444070.854458 4635474.364646 1303494357.0
444040.554378 4635473.381226 1303494360.0
444018.142478 4635472.891111 1303494362.0
443995.398623 4635472.403676 1303494364.0
443973.737096 4635472.351937 1303494366.0
443952.908938 4635472.737844 1303494368.0
443926.526726 4635473.944766 1303494371.0
443904.782212 4635473.893891 1303494376.0
443886.193948 4635484.699557 1303494398.0
443886.948898 4635506.789390 1303494401.0
443887.671583 4635535.319454 1303494404.0
443885.954419 4635559.649443 1303494407.0
443883.715735 4635580.985622 1303494413.0
443883.419860 4635606.636827 1303494418.0
443885.707919 4635633.711120 1303494421.0
443886.854282 4635663.348193 1303494424.0
443886.145230 4635689.224724 1303494427.0
443887.909988 4635713.083154 1303494431.0
443910.530831 4635719.122906 1303494435.0
443935.940783 4635721.032516 1303494438.0
443960.013355 4635721.731362 1303494441.0
443981.513394 4635722.450519 1303494447.0
