444344.239416 4635485.880687 1301666059.0
444322.697935 4635479.942152 1301666085.0
444302.531963 4635480.099793 1301666102.0
444281.191139 4635478.601172 1301666120.0
444268.178666 4635459.605121 1301666127.0
444267.621744 4635430.851684 1301666130.0
444267.534486 4635409.089712 1301666132.0
444266.768553 4635385.445474 1301666134.0
444266.328492 4635361.021450 1301666136.0
444266.630990 4635336.036447 1301666138.0
444267.344966 4635310.604091 1301666140.0
444268.315736 4635286.169032 1301666142.0
444270.208091 4635262.837105 1301666144.0
444272.123041 4635242.391884 1301666146.0
444276.173179 4635219.043082 1301666149.0
444295.882921 4635202.900063 1301666153.0
444323.183413 4635202.242521 1301666156.0
444346.591148 4635202.614797 1301666158.0
444372.408212 4635203.301438 1301666160.0
444399.717369 4635203.754460 1301666162.0
444426.363462 4635204.323793 1301666164.0
444451.760359 4635204.347796 1301666166.0
444476.242626 4635204.156950 1301666168.0
444499.893255 4635203.750599 1301666170.0
444522.630123 4635203.240409 1301666172.0
444544.119539 4635202.406899 1301666174.0
444564.534399 4635202.136985 1301666176.0
444585.282950 4635202.086601 1301666178.0
444606.779279 4635202.141497 1301666180.0
444629.355350 4635202.299100 1301666182.0
444652.595344 4635202.451617 1301666184.0
444676.581391 4635202.487382 1301666186.0
444699.817934 4635202.195945 1301666188.0
444723.885246 4635202.009171 1301666190.0
444747.956002 4635202.266586 1301666192.0
444772.608551 4635202.630607 1301666194.0
444797.344947 4635203.105097 1301666196.0
444822.493712 4635203.243378 1301666198.0
444848.147294 4635204.266110 1301666200.0
444874.793320 4635204.837120 1301666202.0
444901.936424 4635205.293351 1301666204.0
444928.994817 4635205.528273 1301666206.0
444955.393569 4635206.323562 1301666208.0
444982.037856 4635206.672919 1301666210.0
445009.426484 4635206.683528 1301666212.0
445037.063225 4635206.581295 1301666214.0
445063.704078 4635206.486849 1301666216.0
445089.519301 4635206.954034 1301666218.0
445116.992622 4635207.186471 1301666220.0
445144.714911 4635207.417098 1301666222.0
445171.771562 4635207.430887 1301666224.0
445198.418383 4635208.114134 1301666226.0
445224.319135 4635208.914250 1301666228.0
445249.716816 4635209.052124 1301666230.0
445274.536120 4635209.527633 1301666232.0
445300.102334 4635209.997493 1301666234.0
445326.000505 4635210.464898 1301666236.0
445352.975845 4635210.702066 1301666238.0
445379.950330 4635210.828310 1301666240.0
445403.355369 4635210.870976 1301666242.0
445428.589599 4635211.343841 1301666245.0
445450.251831 4635211.400010 1301666249.0
445470.669204 4635211.465774 1301666276.0
445491.923276 4635212.413462 1301666279.0
445522.387590 4635213.068713 1301666282.0
445544.715432 4635213.342147 1301666284.0
445567.790187 4635213.609944 1301666286.0
445590.864090 4635213.766789 1301666288.0
445613.523038 4635213.926877 1301666290.0
445635.931318 4635213.866882 1301666292.0
445657.676521 4635213.923048 1301666294.0
445677.927893 4635213.990672 1301666296.0
445700.918796 4635214.148506 1301666299.0
445722.822362 4635213.204363 1301666325.0
445750.295595 4635213.439242 1301666329.0
445779.764822 4635214.214203 1301666332.0
445802.924231 4635214.704184 1301666334.0
445827.575775 4635214.960828 1301666336.0
445852.392453 4635215.105267 1301666338.0
445877.624925 4635215.357668 1301666340.0
445902.192626 4635215.504173 1301666342.0
445926.845844 4635215.983214 1301666344.0
445951.996157 4635216.347535 1301666346.0
445977.397962 4635217.043139 1301666348.0
446002.134156 4635217.521810 1301666350.0
446022.968113 4635217.808065 1301666352.0
446047.449440 4635217.511591 1301666355.0
446070.516570 4635216.781773 1301666359.0
446091.932296 4635217.174859 1301666382.0
446119.325007 4635217.744870 1301666386.0
446149.790034 4635218.513830 1301666389.0
446172.949383 4635219.005014 1301666391.0
446197.851525 4635219.483111 1301666393.0
446223.915528 4635219.952525 1301666395.0
446249.906587 4635221.754985 1301666397.0
446273.656893 4635223.574437 1301666399.0
446299.061969 4635224.715295 1301666402.0
446319.975523 4635224.557685 1301666407.0
446328.614512 4635247.587537 1301666423.0
446326.167952 4635275.364311 1301666426.0
446324.926939 4635297.913437 1301666428.0
446324.440366 4635321.456179 1301666430.0
446324.124796 4635345.663834 1301666432.0
446323.817595 4635370.981761 1301666434.0
446323.590877 4635395.965983 1301666436.0
446323.341576 4635417.952474 1301666438.0
446323.109846 4635442.270535 1301666441.0
446322.863898 4635464.701136 1301666446.0
446321.793100 4635487.804154 1301666457.0
446321.241985 4635513.790126 1301666460.0
446320.747927 4635536.333632 1301666462.0
446320.517893 4635560.873752 1301666464.0
446320.216590 4635586.968878 1301666466.0
446319.834816 4635613.397712 1301666468.0
446319.291259 4635640.382933 1301666470.0
446318.748546 4635667.479183 1301666472.0
446318.698728 4635693.905519 1301666474.0
446318.642219 4635719.443638 1301666476.0
446318.247918 4635744.207070 1301666478.0
446317.934097 4635768.636797 1301666480.0
446318.049422 4635794.950859 1301666482.0
446317.762384 4635822.933456 1301666484.0
446316.981636 4635851.474944 1301666486.0
446316.449009 4635879.903529 1301666488.0
446315.567724 4635906.114073 1301666490.0
446314.911961 4635929.213982 1301666492.0
446314.375172 4635957.087435 1301666495.0
446314.721895 4635981.068057 1301666499.0
