446239.618563 4636024.937608 1303255581.0
446265.317536 4636021.412673 1303255586.0
446284.777045 4636015.825247 1303255589.0
446298.320754 4635996.070187 1303255593.0
446300.377929 4635971.738339 1303255596.0
446300.386524 4635950.863976 1303255598.0
446299.788296 4635926.552151 1303255600.0
446298.919354 4635899.355496 1303255602.0
446298.213864 4635871.824510 1303255604.0
446297.442128 4635846.514694 1303255606.0
446297.525336 4635824.529438 1303255608.0
446297.494590 4635798.436803 1303255611.0
446302.401746 4635777.858616 1303255631.0
446303.411192 4635757.642916 1303255635.0
446303.292467 4635730.884746 1303255638.0
446304.286860 4635708.670559 1303255640.0
446305.101900 4635684.681189 1303255642.0
446306.330200 4635660.466638 1303255644.0
446307.641495 4635636.251464 1303255646.0
446308.630901 4635613.371117 1303255648.0
446310.040266 4635591.153808 1303255650.0
446311.203193 4635569.271457 1303255652.0
446311.734179 4635540.620831 1303255655.0
446311.482163 4635518.193979 1303255659.0
446318.228676 4635499.378488 1303255673.0
446340.270625 4635494.882118 1303255677.0
446368.267383 4635498.668486 1303255680.0
446391.597618 4635499.936312 1303255682.0
446416.678087 4635502.190350 1303255684.0
446442.666388 4635503.771450 1303255686.0
446468.402378 4635504.910407 1303255688.0
446494.222179 4635506.159860 1303255690.0
446520.205442 4635507.075080 1303255692.0
446545.606955 4635507.883727 1303255694.0
446571.005963 4635508.359383 1303255696.0
446596.487121 4635508.723480 1303255698.0
446621.223887 4635509.426345 1303255700.0
446642.723326 4635510.042511 1303255702.0
446666.132290 4635510.755479 1303255705.0
446687.551224 4635511.705482 1303255722.0
446701.784434 4635528.365008 1303255736.0
446701.952235 4635550.792483 1303255739.0
446701.771479 4635571.001901 1303255741.0
446701.623122 4635595.541376 1303255743.0
446701.171072 4635623.858259 1303255745.0
446701.150568 4635654.392580 1303255747.0
446701.133391 4635685.371012 1303255749.0
446699.775173 4635714.582946 1303255751.0
446699.040964 4635738.460611 1303255753.0
446700.900866 4635765.205734 1303255756.0
446699.826420 4635787.975613 1303255771.0
446698.450789 4635814.855982 1303255775.0
446698.056844 4635839.841439 1303255777.0
446696.960926 4635870.827952 1303255779.0
446696.284917 4635902.477526 1303255781.0
446698.563866 4635929.774685 1303255783.0
446701.745628 4635955.732689 1303255785.0
446701.183236 4635980.386312 1303255787.0
446702.272996 4636004.028272 1303255789.0
446702.559527 4636031.229312 1303255791.0
446701.442868 4636059.440154 1303255793.0
446700.342006 4636089.760515 1303255795.0
446699.222877 4636117.638279 1303255797.0
446699.943435 4636147.389845 1303255799.0
446700.585164 4636177.697169 1303255801.0
446699.555683 4636206.462534 1303255803.0
446697.771928 4636234.234244 1303255805.0
446695.896901 4636260.896305 1303255807.0
446694.229274 4636282.005143 1303255809.0
446697.376857 4636303.411041 1303255814.0
446702.929106 4636324.576879 1303255834.0
446709.550889 4636344.513349 1303255838.0
446712.087755 4636373.029967 1303255841.0
446714.608821 4636399.437069 1303255843.0
446710.207947 4636421.232559 1303255848.0
446705.050347 4636441.701315 1303255860.0
446695.890824 4636459.646258 1303255884.0
446691.262731 4636484.330335 1303255893.0
446693.958937 4636511.957492 1303255897.0
446697.888114 4636538.020954 1303255901.0
446699.803436 4636561.101586 1303255904.0
446700.452525 4636581.304826 1303255906.0
446698.585922 4636609.077174 1303255908.0
446700.248983 4636631.715563 1303255911.0
446700.841688 4636655.472299 1303255915.0
446701.991936 4636676.115925 1303255919.0
446695.281344 4636699.705262 1303255922.0
446691.086580 4636726.828845 1303255925.0
446687.334822 4636746.620902 1303255928.0
446685.466667 4636774.171207 1303255931.0
446687.797675 4636797.359766 1303255934.0
446692.753156 4636827.523792 1303255938.0
446701.590793 4636855.327058 1303255940.0
446703.667830 4636877.851323 1303255943.0
446698.722263 4636904.425362 1303255948.0
446694.340074 4636928.663485 1303255975.0
446694.576813 4636949.202923 1303255978.0
446699.721245 4636971.371127 1303255981.0
446710.412978 4636991.943345 1303255985.0
446726.279390 4637005.481745 1303255990.0
446746.923848 4637003.328708 1303255995.0
446767.760818 4637004.727367 1303256009.0
446782.750071 4636989.736824 1303256020.0
446783.649439 4636965.746854 1303256024.0
446779.105974 4636946.238908 1303256027.0
446771.895814 4636925.196429 1303256032.0
446760.469050 4636906.184087 1303256056.0
446753.519332 4636886.694149 1303256062.0
