444297.696981 4635477.361749 1302480501.0
444278.754871 4635496.052559 1302480511.0
444256.300919 4635500.780622 1302480513.0
444229.075868 4635500.327510 1302480515.0
444206.335605 4635500.283512 1302480517.0
444186.144460 4635497.221695 1302480519.0
444159.249595 4635496.544195 1302480523.0
444132.047154 4635498.978161 1302480526.0
444107.738833 4635500.057115 1302480528.0
444075.497039 4635494.869490 1302480530.0
444045.693228 4635493.660086 1302480532.0
444011.777644 4635486.709352 1302480534.0
443983.772444 4635482.044014 1302480536.0
443961.765895 4635480.329515 1302480538.0
443940.915918 4635477.939778 1302480541.0
443918.723264 4635473.673093 1302480569.0
443896.454591 4635470.295347 1302480572.0
443869.888904 4635469.283242 1302480575.0
443842.997383 4635469.051044 1302480578.0
443813.942924 4635468.169801 1302480581.0
443793.606549 4635467.775056 1302480583.0
443773.021207 4635467.382335 1302480585.0
443751.772837 4635467.105941 1302480587.0
443729.779328 4635467.057566 1302480589.0
443708.285499 4635467.227377 1302480591.0
443686.458841 4635467.288851 1302480593.0
443664.219000 4635467.575727 1302480595.0
443642.395854 4635468.081445 1302480597.0
443621.743326 4635469.688306 1302480599.0
443601.498713 4635470.403724 1302480601.0
443574.857012 4635470.281594 1302480604.0
443551.436874 4635468.246454 1302480608.0
443528.162454 4635463.656450 1302480614.0
443503.585732 4635462.296840 1302480618.0
443482.833487 4635461.795246 1302480621.0
443458.009546 4635460.659823 1302480624.0
443437.503610 4635459.823303 1302480626.0
443415.919708 4635459.106438 1302480628.0
443394.332270 4635457.945530 1302480630.0
443373.242753 4635456.780729 1302480632.0
443352.901001 4635455.721078 1302480634.0
443323.509140 4635454.178311 1302480637.0
443297.771385 4635452.939682 1302480640.0
443277.680340 4635452.100319 1302480644.0
443256.022245 4635452.494871 1302480663.0
443229.662150 4635456.480054 1302480667.0
443201.866502 4635457.367821 1302480670.0
443177.788489 4635456.116392 1302480673.0
443155.144296 4635457.740493 1302480679.0
443133.507490 4635460.800071 1302480682.0
443105.550322 4635462.244675 1302480685.0
443081.954262 4635458.991104 1302480688.0
443061.753128 4635465.148389 1302480708.0
443061.961671 4635491.239781 1302480712.0
443062.028200 4635520.330235 1302480715.0
443061.964711 4635543.536912 1302480717.0
443061.267505 4635570.523821 1302480719.0
443061.085973 4635599.727296 1302480721.0
443060.994532 4635629.818327 1302480723.0
443060.151787 4635659.360193 1302480725.0
443059.801638 4635688.231918 1302480727.0
443059.447946 4635716.659534 1302480729.0
443058.680224 4635745.201496 1302480731.0
443057.996383 4635773.853824 1302480733.0
443058.049642 4635801.278882 1302480735.0
443058.685564 4635828.921352 1302480737.0
443058.899468 4635855.678923 1302480739.0
443058.607485 4635881.441229 1302480741.0
443058.897725 4635917.747147 1302480744.0
443058.313312 4635938.071110 1302480746.0
443056.980289 4635958.178989 1302480749.0
443055.077055 4635979.623840 1302480762.0
443054.916447 4636001.054761 1302480767.0
443075.642758 4636008.883558 1302480772.0
443100.041986 4636009.021701 1302480775.0
443120.458985 4636009.302761 1302480777.0
443142.952292 4636009.789374 1302480779.0
443167.517475 4636009.926422 1302480781.0
443193.326491 4636009.942601 1302480783.0
443219.056950 4636010.514670 1302480785.0
443244.210072 4636011.535571 1302480787.0
443270.846239 4636011.212336 1302480789.0
443299.225018 4636010.875327 1302480791.0
443328.685207 4636010.862931 1302480793.0
443358.728030 4636011.068091 1302480795.0
443387.773306 4636011.059238 1302480797.0
443414.492454 4636010.735881 1302480799.0
443435.157482 4636010.904838 1302480801.0
443457.481257 4636010.949653 1302480806.0
443484.044131 4636011.849174 1302480810.0
443504.622647 4636011.574882 1302480812.0
443529.351996 4636011.489807 1302480814.0
443556.985694 4636011.381802 1302480816.0
443586.203953 4636012.260661 1302480818.0
443615.919213 4636013.024672 1302480820.0
443645.628314 4636013.011615 1302480822.0
443674.840403 4636013.113647 1302480824.0
443703.885648 4636013.106083 1302480826.0
443732.433881 4636013.213598 1302480828.0
443759.740896 4636013.775165 1302480830.0
443785.800555 4636014.013579 1302480832.0
443808.619559 4636013.722483 1302480834.0
443834.499242 4636012.185948 1302480837.0
443856.375699 4636008.127276 1302480842.0
443863.991318 4635984.639041 1302480846.0
443865.755373 4635955.756257 1302480849.0
443866.508925 4635935.542102 1302480851.0
443870.317963 4635913.416289 1302480854.0
443872.784427 4635889.413478 1302480862.0
443872.764042 4635865.763367 1302480865.0
443872.838891 4635843.666984 1302480867.0
443873.384522 4635818.124835 1302480869.0
443875.991637 4635790.900931 1302480871.0
443878.199598 4635765.678789 1302480873.0
443878.951470 4635745.242588 1302480875.0
443886.667068 4635723.863254 1302480879.0
443907.989777 4635723.140143 1302480882.0
443936.381049 4635724.249039 1302480885.0
443965.596916 4635724.685357 1302480888.0
443985.535951 4635727.415420 1302480892.0
444009.398813 4635733.112615 1302480908.0
444030.114328 4635739.611857 1302480911.0
444054.114303 4635741.643999 1302480915.0
444081.352401 4635743.872868 1302480920.0
444111.902018 4635745.076552 1302480923.0
444135.408393 4635747.668010 1302480925.0
444160.480139 4635748.803832 1302480927.0
444185.708274 4635748.717141 1302480929.0
444208.772726 4635747.870249 1302480931.0
444234.567846 4635746.002747 1302480934.0
444255.874865 4635743.282188 1302480946.0
444277.843170 4635740.223417 1302480956.0
444303.153446 4635740.025467 1302480959.0
444324.400084 4635740.192469 1302480961.0
444344.483202 4635740.146558 1302480963.0
444372.854365 4635738.703567 1302480966.0
444396.075297 4635736.634686 1302480970.0
