443971.897643 4635723.858556 1304003669.0
443994.681727 4635729.564187 1304003694.0
444026.225498 4635730.537621 1304003699.0
444057.182261 4635730.738565 1304003703.0
444077.924936 4635730.131553 1304003707.0
444101.151926 4635728.838900 1304003713.0
444127.210852 4635728.856519 1304003716.0
444147.629432 4635729.251558 1304003718.0
444169.457877 4635729.524571 1304003720.0
444201.573806 4635729.383956 1304003723.0
444233.025856 4635729.248682 1304003726.0
444267.288958 4635727.759145 1304003730.0
444298.996043 4635728.399406 1304003734.0
444340.331940 4635729.297664 1304003739.0
444365.146080 4635729.325880 1304003742.0
444387.632314 4635728.817186 1304003745.0
444409.380353 4635729.424663 1304003748.0
444434.864426 4635730.225131 1304003752.0
444457.764716 4635729.602395 1304003757.0
444478.277493 4635731.441088 1304003764.0
444486.896806 4635751.248986 1304003769.0
444485.086032 4635774.469194 1304003772.0
444484.487234 4635804.119927 1304003775.0
444484.728574 4635824.437261 1304003777.0
444486.594188 4635850.848804 1304003780.0
444482.465119 4635874.753290 1304003787.0
444479.145135 4635895.986657 1304003790.0
444478.621578 4635924.637505 1304003793.0
444477.007145 4635951.742381 1304003796.0
444474.596557 4635972.524529 1304003799.0
444471.109821 4635993.648170 1304003804.0
444485.103602 4636010.971423 1304003818.0
444506.495485 4636008.584040 1304003821.0
444538.442444 4636008.224170 1304003824.0
444564.581572 4636008.020678 1304003826.0
444590.800227 4636007.372527 1304003828.0
444615.947033 4636007.621079 1304003830.0
444639.102284 4636007.885199 1304003832.0
444661.597131 4636008.598661 1304003834.0
444684.760135 4636009.862175 1304003836.0
444709.084868 4636011.116745 1304003838.0
444734.901530 4636012.137754 1304003840.0
444761.463293 4636012.931010 1304003842.0
444788.437373 4636013.388067 1304003844.0
444816.154838 4636013.395331 1304003846.0
444844.035684 4636013.068335 1304003848.0
444872.162897 4636012.406441 1304003850.0
444900.540775 4636011.964786 1304003852.0
444928.915220 4636011.079135 1304003854.0
444956.296469 4636010.534375 1304003856.0
444982.270469 4636010.444725 1304003858.0
445004.928646 4636010.824907 1304003860.0
445033.564898 4636011.603160 1304003863.0
445059.792972 4636012.178035 1304003866.0
445087.600253 4636013.073933 1304003869.0
445107.768117 4636013.362608 1304003871.0
445130.011365 4636013.746386 1304003873.0
445153.749126 4636014.229758 1304003875.0
445178.729891 4636014.481575 1304003877.0
445204.871536 4636014.613514 1304003879.0
445232.007246 4636014.515837 1304003881.0
445259.727236 4636014.857909 1304003883.0
445288.276181 4636015.082687 1304003885.0
445317.737062 4636015.189544 1304003887.0
445347.866050 4636015.846565 1304003889.0
445377.409904 4636015.953032 1304003891.0
445405.623504 4636015.736717 1304003893.0
445431.675340 4636014.981907 1304003895.0
445455.490088 4636014.688458 1304003897.0
445477.314989 4636014.632389 1304003899.0
445499.235613 4636016.241159 1304003901.0
445522.570303 4636018.283317 1304003903.0
445547.390998 4636019.314885 1304003905.0
445573.700255 4636019.668964 1304003907.0
445601.917224 4636019.897535 1304003909.0
445631.545716 4636020.226476 1304003911.0
445661.591649 4636020.885458 1304003913.0
445691.885672 4636021.431640 1304003915.0
445722.181379 4636022.200006 1304003917.0
445751.892829 4636022.528816 1304003919.0
445780.031859 4636023.424887 1304003921.0
445805.673001 4636023.229740 1304003923.0
445829.646078 4636021.937034 1304003925.0
445851.716507 4636021.436110 1304003927.0
445872.298341 4636021.612768 1304003930.0
445892.462737 4636021.459555 1304003957.0
445914.623737 4636021.957440 1304003985.0
445937.778820 4636022.225781 1304003988.0
445966.994042 4636022.781322 1304003991.0
445987.242255 4636022.738776 1304003993.0
446013.799550 4636022.981564 1304003996.0
446037.455030 4636023.579537 1304004000.0
446061.196849 4636024.621068 1304004005.0
446081.945461 4636024.908102 1304004008.0
446102.856671 4636024.749832 1304004011.0
446126.700769 4636028.344580 1304004021.0
446151.351147 4636028.824372 1304004024.0
446181.887293 4636028.482538 1304004027.0
446203.611528 4636026.097749 1304004029.0
446225.745651 4636023.043731 1304004031.0
446253.848562 4636019.167505 1304004034.0
446274.572047 4636016.124284 1304004037.0
446293.989719 4636004.985524 1304004041.0
446297.519615 4635977.866732 1304004045.0
446297.783843 4635957.878710 1304004047.0
446297.945001 4635935.226661 1304004049.0
446298.003089 4635909.910586 1304004051.0
446298.384740 4635883.481738 1304004053.0
446298.772255 4635857.830081 1304004055.0
446298.583915 4635832.848968 1304004057.0
446297.509544 4635811.427607 1304004059.0
446295.937266 4635790.010001 1304004062.0
