446306.876539 4635281.505483 1302456560.0
446306.058651 4635261.081506 1302456575.0
446303.086365 4635241.117901 1302456581.0
446282.706072 4635234.942638 1302456585.0
446260.626498 4635234.553987 1302456588.0
446235.643940 4635234.409379 1302456591.0
446209.829801 4635234.049070 1302456594.0
446185.095369 4635233.791731 1302456597.0
446162.682142 4635233.183837 1302456600.0
446142.596833 4635233.113582 1302456603.0
446121.184519 4635233.164452 1302456606.0
446096.617736 4635233.128220 1302456609.0
446071.050026 4635232.433449 1302456612.0
446043.990166 4635231.972137 1302456615.0
446016.846470 4635231.400529 1302456618.0
445992.862290 4635231.582307 1302456621.0
445974.172167 4635240.384626 1302456625.0
445973.276005 4635264.485684 1302456629.0
445973.612907 4635287.022922 1302456632.0
445973.131703 4635311.120835 1302456635.0
445972.829955 4635336.993923 1302456638.0
445973.286056 4635364.304699 1302456641.0
445972.014557 4635393.627182 1302456644.0
445971.314724 4635421.723963 1302456647.0
445970.512544 4635447.267751 1302456650.0
445967.036248 4635470.389085 1302456653.0
445959.916119 4635494.537366 1302456657.0
445937.973385 4635501.143801 1302456662.0
445918.036249 4635498.630329 1302456678.0
445892.201105 4635495.384474 1302456682.0
445866.798590 4635494.467130 1302456685.0
445837.748006 4635494.021745 1302456688.0
445808.026762 4635492.693313 1302456691.0
445779.552003 4635491.577584 1302456694.0
445752.990168 4635491.002569 1302456697.0
445731.994394 4635491.162484 1302456700.0
445708.093219 4635491.233569 1302456707.0
445684.435080 4635490.525647 1302456711.0
445661.690642 4635489.921867 1302456714.0
445637.464289 4635490.883938 1302456717.0
445613.481817 4635491.178028 1302456720.0
445590.070929 4635490.246464 1302456723.0
445567.489906 4635489.308636 1302456726.0
445542.607299 4635491.275347 1302456730.0
445522.367745 4635492.651469 1302456741.0
445502.033319 4635492.473903 1302456745.0
445479.207574 4635492.093394 1302456748.0
445452.391634 4635490.855243 1302456751.0
445424.332575 4635489.848783 1302456754.0
445395.943259 4635489.067032 1302456757.0
445366.643629 4635488.625476 1302456760.0
445336.431133 4635488.191046 1302456763.0
445315.928149 4635487.682204 1302456765.0
445295.176199 4635487.175332 1302456767.0
445274.425098 4635486.779547 1302456769.0
445253.260763 4635486.609067 1302456771.0
445232.511363 4635486.435459 1302456773.0
445212.091349 4635485.926277 1302456775.0
445182.875523 4635485.595866 1302456778.0
445155.819074 4635485.471017 1302456781.0
445131.925549 4635486.543280 1302456784.0
445108.530811 4635487.722813 1302456788.0
445084.056387 4635488.799712 1302456803.0
445049.351402 4635486.957694 1302456808.0
445025.358625 4635485.921439 1302456811.0
445000.955189 4635485.443604 1302456814.0
444976.543173 4635483.855580 1302456817.0
444952.880605 4635482.594951 1302456820.0
444930.725534 4635483.099286 1302456823.0
444906.405064 4635482.621133 1302456827.0
444884.498097 4635483.012660 1302456834.0
444859.770418 4635483.537121 1302456838.0
444837.692321 4635483.263913 1302456841.0
444813.367539 4635482.230942 1302456844.0
444787.632822 4635481.320015 1302456847.0
444762.149643 4635480.740332 1302456850.0
444737.753907 4635481.262642 1302456853.0
444710.784701 4635481.693975 1302456856.0
444681.817761 4635481.363686 1302456859.0
444661.729616 4635480.853504 1302456861.0
444641.220489 4635479.569412 1302456863.0
444620.381993 4635478.621041 1302456865.0
444599.214131 4635478.008395 1302456867.0
444578.130116 4635477.506192 1302456869.0
444557.793848 4635477.109267 1302456871.0
444529.246997 4635477.442532 1302456874.0
444506.423693 4635477.398221 1302456877.0
444482.933025 4635476.915048 1302456884.0
444460.438203 4635476.424189 1302456888.0
444437.525842 4635475.603555 1302456891.0
444411.714106 4635475.471823 1302456894.0
444383.079057 4635475.140158 1302456897.0
444354.118123 4635475.588392 1302456900.0
444326.554096 4635474.249283 1302456903.0
444303.973655 4635473.426484 1302456906.0
444280.484686 4635473.166033 1302456913.0
444257.337220 4635474.124361 1302456917.0
444234.022046 4635474.862009 1302456920.0
444207.877471 4635474.622587 1302456923.0
444181.151110 4635474.276785 1302456926.0
444154.427355 4635474.264165 1302456929.0
444129.779159 4635474.346400 1302456932.0
444104.966730 4635474.652078 1302456936.0
444080.054755 4635472.848977 1302456958.0
444054.139937 4635470.165567 1302456962.0
444030.231633 4635469.354063 1302456965.0
444004.750920 4635469.110170 1302456968.0
443978.689289 4635468.870936 1302456971.0
443953.291556 4635468.626574 1302456974.0
443930.136237 4635468.586721 1302456977.0
443906.062805 4635467.887968 1302456981.0
