446302.170539 4636000.371469 1301938634.0
446294.961013 4636023.742863 1301938653.0
446271.374248 4636032.248266 1301938657.0
446242.349373 4636034.910014 1301938660.0
446220.788601 4636036.960350 1301938662.0
446197.481050 4636038.468779 1301938664.0
446173.419129 4636038.983683 1301938666.0
446150.354658 4636039.713194 1301938668.0
446126.125941 4636040.118485 1301938670.0
446101.145356 4636039.863347 1301938672.0
446075.754066 4636040.166574 1301938674.0
446050.774317 4636040.022640 1301938676.0
446027.371202 4636039.866846 1301938678.0
446006.125586 4636039.694773 1301938680.0
445980.732610 4636039.776284 1301938683.0
445957.662254 4636039.729229 1301938688.0
445935.337038 4636039.454525 1301938709.0
445913.591000 4636038.953426 1301938713.0
445890.007569 4636036.911880 1301938716.0
445867.255620 4636035.086161 1301938719.0
445843.107334 4636035.158703 1301938723.0
445822.277439 4636035.095050 1301938726.0
445796.798077 4636034.733739 1301938729.0
445767.417763 4636034.291188 1301938732.0
445746.006994 4636034.232182 1301938734.0
445723.184702 4636034.072962 1301938736.0
445700.113466 4636033.915714 1301938738.0
445679.116750 4636033.742718 1301938740.0
445658.454497 4636033.900333 1301938742.0
445636.545835 4636033.845454 1301938744.0
445614.886115 4636033.788742 1301938746.0
445594.469411 4636033.500533 1301938748.0
445566.913797 4636032.933837 1301938751.0
445544.842560 4636033.324617 1301938754.0
445524.272624 4636034.703287 1301938776.0
445498.458755 4636034.012500 1301938782.0
445476.135179 4636033.961289 1301938786.0
445453.417104 4636036.577980 1301938791.0
445432.496553 4636035.516857 1301938809.0
445408.170372 4636034.037764 1301938813.0
445378.941490 4636031.708080 1301938816.0
445355.616165 4636030.887693 1301938818.0
445330.052050 4636030.306634 1301938820.0
445302.910438 4636029.626747 1301938822.0
445274.360700 4636029.290883 1301938824.0
445244.898166 4636028.962152 1301938826.0
445215.272227 4636028.967900 1301938828.0
445185.646286 4636028.973772 1301938830.0
445156.596080 4636028.309131 1301938832.0
445115.177411 4636027.184738 1301938835.0
445089.117074 4636026.830434 1301938837.0
445062.228634 4636026.704681 1301938839.0
445034.259724 4636026.365300 1301938841.0
445005.543979 4636026.031794 1301938843.0
444977.243994 4636025.806227 1301938845.0
444948.700209 4636026.248860 1301938847.0
444920.324106 4636026.912378 1301938849.0
444892.035283 4636028.130503 1301938851.0
444865.568613 4636028.890500 1301938853.0
444841.008792 4636029.413759 1301938855.0
444817.610708 4636029.928103 1301938857.0
444797.031401 4636030.087574 1301938859.0
444771.551045 4636029.618903 1301938862.0
444749.228272 4636029.680998 1301938866.0
444729.158050 4636031.280157 1301938889.0
444708.828550 4636031.548979 1301938892.0
444688.662426 4636031.483488 1301938895.0
444665.326630 4636029.333034 1301938898.0
444637.010226 4636026.999300 1301938901.0
444616.004776 4636025.719165 1301938903.0
444594.924110 4636025.438983 1301938905.0
444567.682097 4636022.541997 1301938908.0
444545.606507 4636022.380738 1301938911.0
444527.165691 4636030.740854 1301938919.0
444505.875816 4636024.910865 1301938928.0
444485.066581 4636027.515777 1301938933.0
444471.572799 4636042.388487 1301938939.0
444466.324839 4636018.557093 1301938946.0
444467.261507 4635989.680950 1301938949.0
444469.232920 4635965.793271 1301938951.0
444471.441178 4635940.349271 1301938953.0
444473.099735 4635918.906782 1301938956.0
444474.345988 4635897.800611 1301938961.0
444484.358149 4635872.739924 1301938965.0
444493.115252 4635846.356626 1301938968.0
444504.340363 4635827.837523 1301938970.0
444505.755293 4635807.063149 1301938972.0
444503.662416 4635783.429223 1301938975.0
444496.211887 4635764.500470 1301938981.0
444487.770697 4635746.245648 1301938987.0
444486.511922 4635723.160397 1301938990.0
444485.785579 4635693.853097 1301938993.0
444486.274674 4635671.420430 1301938995.0
444486.672137 4635647.878139 1301938997.0
444486.898441 4635623.670979 1301938999.0
444487.204274 4635599.019064 1301939001.0
444487.262882 4635574.591145 1301939003.0
444487.334471 4635551.828635 1301939005.0
444486.679945 4635531.736597 1301939007.0
444486.339196 4635509.310403 1301939010.0
444487.995336 4635487.534852 1301939017.0
444466.698623 4635481.038807 1301939021.0
444442.199123 4635478.898124 1301939024.0
444415.707906 4635476.773066 1301939027.0
444390.884223 4635475.634395 1301939030.0
444368.044430 4635473.481011 1301939033.0
444344.547660 4635472.221105 1301939036.0
444324.296076 4635472.046251 1301939039.0
444304.484601 4635475.087999 1301939045.0
444282.747061 4635475.924187 1301939063.0
444258.673710 4635475.224243 1301939068.0
444236.107166 4635476.178094 1301939072.0
444200.587606 4635476.345194 1301939076.0
444177.515315 4635476.303886 1301939078.0
444154.282269 4635476.930118 1301939080.0
444124.909886 4635477.826645 1301939083.0
444103.912284 4635477.769304 1301939087.0
444083.306088 4635474.711034 1301939104.0
444061.140545 4635473.885748 1301939107.0
444035.660723 4635473.752771 1301939110.0
444008.679267 4635472.632382 1301939113.0
443980.373490 4635471.966645 1301939116.0
443953.481117 4635471.623002 1301939119.0
443930.490908 4635471.470815 1301939122.0
443910.510109 4635474.070857 1301939126.0
443890.081154 4635472.455192 1301939147.0
443880.699382 4635493.070396 1301939153.0
443883.294061 4635516.922281 1301939156.0
443884.516431 4635545.670477 1301939159.0
443884.936815 4635567.429845 1301939161.0
443885.192100 4635589.301548 1301939163.0
443884.957341 4635612.176419 1301939165.0
443884.725209 4635635.384373 1301939167.0
443884.821523 4635658.145604 1301939169.0
443884.656639 4635679.354415 1301939171.0
443884.685715 4635704.114791 1301939174.0
443891.232979 4635724.049355 1301939179.0
443911.760809 4635727.773881 1301939183.0
443934.805213 4635724.372476 1301939186.0
443954.884024 4635723.770331 1301939189.0
