445792.227553 4635226.888218 1303874939.0
445766.996805 4635226.858174 1303874945.0
445744.750324 4635226.361358 1303874948.0
445720.429927 4635225.991445 1303874951.0
445694.118604 4635225.747825 1303874954.0
445667.387245 4635224.841304 1303874957.0
445639.242499 4635223.612567 1303874960.0
445610.189934 4635223.057073 1303874963.0
445582.299227 4635222.492823 1303874966.0
445556.479032 4635221.357691 1303874969.0
445532.235645 4635220.210597 1303874972.0
445508.508026 4635221.391345 1303874976.0
445500.638015 4635244.990665 1303874982.0
445499.754497 4635270.535149 1303874986.0
445499.103817 4635293.968215 1303874989.0
445498.544627 4635318.510918 1303874992.0
445498.159065 4635344.051596 1303874995.0
445496.923492 4635377.815266 1303874999.0
445496.950338 4635403.019690 1303875002.0
445497.712186 4635426.664022 1303875005.0
445499.303908 4635450.302006 1303875008.0
445500.471341 4635472.721867 1303875011.0
445500.249221 4635497.928200 1303875015.0
445498.254649 4635519.261917 1303875030.0
445497.255081 4635540.476990 1303875034.0
445496.663657 4635560.800671 1303875037.0
445496.344133 4635584.120181 1303875040.0
445495.703713 4635608.885585 1303875043.0
445495.728034 4635633.756938 1303875046.0
445495.671071 4635658.850980 1303875049.0
445495.612412 4635683.722970 1303875052.0
445495.958484 4635707.259459 1303875055.0
445495.882837 4635729.910907 1303875058.0
445496.038305 4635750.228880 1303875061.0
445497.295503 4635773.536333 1303875065.0
445497.061536 4635797.188297 1303875073.0
445497.474450 4635818.614639 1303875077.0
445498.712097 4635839.368469 1303875080.0
445499.134351 4635862.016112 1303875083.0
445500.805592 4635885.209367 1303875086.0
445502.310010 4635908.292866 1303875089.0
445503.068430 4635931.493108 1303875092.0
445502.990232 4635953.811482 1303875095.0
445499.682550 4635977.042837 1303875099.0
445499.103080 4635998.920913 1303875103.0
445506.555794 4636018.516858 1303875111.0
445527.887888 4636019.130916 1303875115.0
445554.691639 4636019.037007 1303875119.0
445576.685878 4636019.424082 1303875122.0
445599.088234 4636018.919838 1303875125.0
445621.245040 4636018.861675 1303875128.0
445643.984407 4636019.021201 1303875131.0
445667.554430 4636019.285498 1303875134.0
445691.703625 4636019.323388 1303875137.0
445715.596258 4636018.364013 1303875140.0
445739.330547 4636018.405228 1303875143.0
445762.646547 4636018.005572 1303875146.0
445785.883793 4636018.161760 1303875149.0
445808.126953 4636018.547655 1303875152.0
445830.034807 4636018.492035 1303875155.0
445850.445624 4636018.003729 1303875158.0
445875.675253 4636018.256097 1303875162.0
445896.017428 4636019.656014 1303875182.0
445921.179240 4636021.907663 1303875188.0
445948.155663 4636022.702193 1303875192.0
445970.232829 4636023.089853 1303875195.0
445992.898435 4636024.472422 1303875198.0
446016.137325 4636024.851416 1303875201.0
446039.708976 4636025.338997 1303875204.0
446062.785259 4636026.163509 1303875207.0
446086.277281 4636027.095983 1303875210.0
446109.843035 4636026.806606 1303875213.0
446134.657703 4636027.063030 1303875216.0
446159.229300 4636028.098613 1303875219.0
446184.303807 4636029.796681 1303875222.0
446209.188861 4636028.387330 1303875225.0
446231.903008 4636025.217917 1303875228.0
446253.116813 4636021.171630 1303875231.0
446278.227402 4636016.651880 1303875235.0
446294.268902 4635997.988308 1303875240.0
446294.353760 4635976.225100 1303875243.0
446294.502348 4635951.907643 1303875246.0
446294.810206 4635926.700717 1303875249.0
446295.028389 4635900.606201 1303875252.0
446295.575995 4635874.176102 1303875255.0
446295.883030 4635848.858152 1303875258.0
446296.703036 4635825.534939 1303875261.0
446297.711618 4635805.208209 1303875264.0
446298.281851 4635781.775847 1303875268.0
446298.998806 4635755.788610 1303875272.0
446299.080352 4635733.581303 1303875275.0
446298.906250 4635710.487656 1303875278.0
446299.064925 4635687.502535 1303875281.0
446299.304078 4635664.183707 1303875284.0
446299.707530 4635640.641575 1303875287.0
446300.028839 4635617.211096 1303875290.0
446300.195060 4635595.225222 1303875293.0
446299.860856 4635572.910021 1303875296.0
446299.850228 4635549.482048 1303875299.0
446300.175733 4635526.606708 1303875302.0
446300.663032 4635503.174983 1303875305.0
446301.226627 4635478.854416 1303875308.0
446301.544614 4635454.979835 1303875311.0
446301.860930 4635430.883201 1303875314.0
446301.841114 4635406.233934 1303875317.0
446302.484370 4635381.468637 1303875320.0
446302.799862 4635357.260979 1303875323.0
446303.045760 4635334.830380 1303875326.0
446303.634496 4635313.840633 1303875329.0
446304.110122 4635288.854536 1303875333.0
446304.525358 4635266.866798 1303875337.0
446305.681651 4635244.096241 1303875345.0
446307.164894 4635220.657021 1303875349.0
446309.914918 4635189.102820 1303875353.0
446310.639558 4635164.114853 1303875356.0
446310.471382 4635141.798416 1303875359.0
446310.112960 4635116.263446 1303875363.0
446306.719818 4635095.525781 1303875367.0
