443978.774775 4635500.848068 1302305818.0
443957.368409 4635501.571612 1302305823.0
443936.010083 4635497.853481 1302305836.0
443910.417626 4635493.946682 1302305844.0
443880.516789 4635490.962187 1302305847.0
443854.104024 4635488.283427 1302305849.0
443825.621803 4635486.287287 1302305851.0
443797.890831 4635484.840504 1302305853.0
443771.404660 4635483.384004 1302305855.0
443677.764843 4635480.348575 1302305862.0
443648.380203 4635479.692687 1302305864.0
443564.036635 4635476.807288 1302305871.0
443544.172667 4635473.189522 1302305882.0
443520.355195 4635473.378317 1302305886.0
443499.603865 4635472.987701 1302305889.0
443474.864716 4635472.073616 1302305892.0
443453.528938 4635471.243635 1302305894.0
443430.453056 4635470.760638 1302305896.0
443408.372141 4635470.158778 1302305898.0
443388.115187 4635469.320422 1302305900.0
443359.148041 4635468.995510 1302305903.0
443333.006008 4635469.092380 1302305906.0
443310.185253 4635469.384982 1302305909.0
443288.277363 4635469.670391 1302305913.0
443268.019503 4635468.721349 1302305931.0
443246.175139 4635466.563628 1302305934.0
443216.287134 4635465.247325 1302305937.0
443189.550883 4635463.683943 1302305940.0
443167.467255 4635462.749747 1302305946.0
443144.541336 4635460.267863 1302305950.0
443118.062875 4635459.813034 1302305953.0
443092.328640 4635459.019255 1302305956.0
443068.948227 4635461.981924 1302305960.0
443066.289911 4635482.433479 1302305966.0
443065.045946 4635503.317868 1302305970.0
443062.796813 4635533.426139 1302305973.0
443061.679343 4635559.750202 1302305975.0
443059.913966 4635588.078062 1302305977.0
443059.554933 4635615.839510 1302305979.0
443059.927690 4635641.707527 1302305981.0
443061.676589 4635663.234207 1302305983.0
443064.573962 4635683.086192 1302305988.0
443064.577491 4635704.293721 1302305996.0
443063.059333 4635732.397543 1302305999.0
443062.499729 4635755.830261 1302306001.0
443061.854484 4635778.930563 1302306003.0
443060.660308 4635806.032490 1302306006.0
443059.283313 4635831.026227 1302306010.0
443057.796720 4635852.689811 1302306013.0
443056.429512 4635878.904850 1302306016.0
443056.177919 4635899.337185 1302306018.0
443055.686258 4635920.881784 1302306020.0
443056.261832 4635940.974404 1302306022.0
443057.173770 4635961.619508 1302306025.0
443056.757995 4635982.275227 1302306040.0
443062.571170 4636003.547356 1302306046.0
443084.751207 4636006.368012 1302306049.0
443115.796947 4636007.452409 1302306052.0
443139.054821 4636010.153591 1302306054.0
443161.063524 4636012.309645 1302306056.0
443189.957016 4636014.077746 1302306059.0
443218.334900 4636013.629388 1302306062.0
443239.074954 4636012.797870 1302306064.0
443260.898192 4636012.512954 1302306066.0
443284.139188 4636013.105091 1302306068.0
443310.032051 4636013.232058 1302306070.0
443337.998563 4636013.231588 1302306072.0
443367.124165 4636012.888909 1302306074.0
443395.334325 4636012.220522 1302306076.0
443420.061914 4636011.913013 1302306078.0
443443.957925 4636011.390124 1302306081.0
443467.783294 4636012.422357 1302306088.0
443494.925269 4636013.095253 1302306091.0
443518.495515 4636013.352439 1302306093.0
443545.380614 4636013.028257 1302306095.0
443574.674813 4636013.018193 1302306097.0
443604.715843 4636013.002336 1302306099.0
443634.012674 4636013.325598 1302306101.0
443662.729509 4636013.764602 1302306103.0
443692.026330 4636014.088103 1302306105.0
443720.907362 4636014.303975 1302306107.0
443748.458935 4636014.308395 1302306109.0
443774.929995 4636014.099383 1302306111.0
443799.741427 4636013.903565 1302306113.0
443820.235200 4636013.408785 1302306115.0
443843.383504 4636012.782100 1302306119.0
443861.475043 4636002.313305 1302306134.0
443862.349909 4635976.435450 1302306137.0
443863.804784 4635950.441990 1302306140.0
443865.217815 4635929.667468 1302306155.0
443865.058562 4635909.460508 1302306159.0
443865.496672 4635880.810246 1302306162.0
443866.396078 4635858.041159 1302306164.0
443867.200259 4635833.718346 1302306166.0
443868.417617 4635809.170210 1302306168.0
443871.223056 4635786.053004 1302306170.0
443873.459872 4635764.494759 1302306172.0
443875.163804 4635738.499350 1302306175.0
443890.654709 4635724.387012 1302306179.0
443912.255153 4635716.777613 1302306182.0
443938.655660 4635707.464989 1302306185.0
443959.808956 4635706.299232 1302306188.0
