446304.747003 4635241.216417 1303516811.0
446291.519060 4635225.993523 1303516831.0
446271.107638 4635226.702597 1303516834.0
446244.146691 4635228.349413 1303516837.0
446223.899583 4635228.835316 1303516839.0
446203.819295 4635229.431051 1303516841.0
446174.772709 4635229.650445 1303516844.0
446151.029945 4635228.830565 1303516847.0
446128.863989 4635227.998841 1303516852.0
446104.493407 4635231.958301 1303516868.0
446077.374090 4635234.606248 1303516872.0
446055.649993 4635237.324478 1303516875.0
446030.262570 4635238.516057 1303516879.0
446009.418577 4635236.897456 1303516885.0
445985.101612 4635236.970749 1303516896.0
445961.044565 4635238.485588 1303516899.0
445930.184020 4635240.274208 1303516902.0
445906.946777 4635240.450606 1303516904.0
445882.783992 4635238.968609 1303516906.0
445859.110700 4635236.372639 1303516908.0
445837.842417 4635233.536395 1303516910.0
445812.661751 4635229.175503 1303516913.0
445790.571126 4635227.344956 1303516916.0
445764.764518 4635227.985503 1303516919.0
445743.518998 4635228.147271 1303516921.0
445720.116576 4635228.436570 1303516923.0
445696.292432 4635227.840892 1303516925.0
445672.217619 4635227.025138 1303516927.0
445647.473793 4635225.548368 1303516929.0
445622.980622 4635224.291838 1303516931.0
445600.319164 4635223.798639 1303516933.0
445579.231975 4635222.960387 1303516935.0
445553.493923 4635221.713604 1303516938.0
445531.754680 4635222.434945 1303516942.0
445509.193179 4635224.161944 1303516967.0
445488.281301 4635224.543989 1303516970.0
445459.319357 4635224.987719 1303516973.0
445436.908553 4635224.715189 1303516975.0
445412.839639 4635224.677500 1303516977.0
445387.690146 4635224.426109 1303516979.0
445361.543063 4635223.960391 1303516981.0
445334.641393 4635222.501255 1303516983.0
445307.077491 4635221.269372 1303516985.0
445279.598274 4635220.259013 1303516987.0
445252.206304 4635219.803257 1303516989.0
445225.310565 4635219.121724 1303516991.0
445199.738396 4635217.874942 1303516993.0
445177.645837 4635215.824240 1303516995.0
445150.494261 4635214.256688 1303516998.0
445125.257439 4635213.451727 1303517002.0
445104.945286 4635216.273018 1303517031.0
445084.369627 4635217.208826 1303517035.0
445058.895820 4635217.960398 1303517038.0
445038.230327 4635218.008763 1303517040.0
445015.655195 4635217.960892 1303517042.0
444991.091718 4635218.372580 1303517044.0
444965.032697 4635218.573837 1303517046.0
444938.141197 4635218.448523 1303517048.0
444910.831308 4635217.882411 1303517050.0
444883.437563 4635217.206019 1303517052.0
444855.797417 4635216.864740 1303517054.0
444827.904856 4635216.081388 1303517056.0
444799.765035 4635215.522128 1303517058.0
444771.793772 4635215.294774 1303517060.0
444744.074060 4635215.398680 1303517062.0
444716.358655 4635216.057830 1303517064.0
444688.727967 4635216.938497 1303517066.0
444660.930441 4635217.709534 1303517068.0
444632.379964 4635217.709294 1303517070.0
444604.076730 4635217.485178 1303517072.0
444576.605990 4635217.587800 1303517074.0
444550.880642 4635218.010045 1303517076.0
444527.728003 4635218.412349 1303517078.0
444507.303677 4635217.461072 1303517080.0
444486.882804 4635216.953961 1303517083.0
444478.478409 4635235.451074 1303517088.0
444482.386018 4635257.627394 1303517091.0
444485.027195 4635287.696989 1303517094.0
444486.781358 4635310.445263 1303517096.0
444487.457517 4635333.312972 1303517098.0
444487.377256 4635354.965204 1303517100.0
444486.795604 4635376.177207 1303517102.0
444486.951336 4635396.162093 1303517104.0
444487.166767 4635423.807852 1303517107.0
444487.160851 4635444.349169 1303517110.0
444487.081466 4635466.112431 1303517116.0
444466.504951 4635477.487231 1303517122.0
444444.959358 4635481.652445 1303517126.0
444424.455547 4635491.694395 1303517130.0
444400.014995 4635497.103706 1303517133.0
444374.646881 4635500.632766 1303517136.0
444349.340961 4635501.496618 1303517139.0
444328.233557 4635497.997422 1303517142.0
444306.086357 4635499.502945 1303517147.0
444290.703179 4635516.944528 1303517155.0
444288.324213 4635541.723706 1303517158.0
444280.092786 4635560.996964 1303517161.0
444267.440541 4635577.417935 1303517164.0
444241.902453 4635580.393635 1303517168.0
444221.357872 4635574.558639 1303517172.0
444199.531930 4635564.070312 1303517187.0
444179.161939 4635559.344409 1303517190.0
444155.788732 4635552.643495 1303517192.0
444130.099686 4635546.960125 1303517194.0
444103.682012 4635543.614279 1303517196.0
444076.768133 4635540.494494 1303517198.0
444050.425544 4635536.148949 1303517200.0
444024.471685 4635528.469425 1303517202.0
444002.575407 4635519.647757 1303517204.0
443980.916687 4635509.380845 1303517207.0
443962.809765 4635496.976411 1303517211.0
443942.688376 4635492.249222 1303517216.0
443922.055924 4635485.860603 1303517233.0
443895.521780 4635488.845382 1303517238.0
443870.228093 4635491.265316 1303517241.0
443849.909293 4635493.090954 1303517243.0
443824.443531 4635494.735169 1303517245.0
443794.568058 4635494.970822 1303517247.0
443762.691245 4635494.001025 1303517249.0
443729.976654 4635492.038681 1303517251.0
443697.756457 4635489.628443 1303517253.0
443652.331558 4635486.101411 1303517256.0
443625.833930 4635483.202098 1303517258.0
443604.312898 4635479.930381 1303517260.0
443582.626750 4635476.771071 1303517263.0
443563.004719 4635472.263063 1303517273.0
443542.927851 4635473.199388 1303517277.0
443517.863803 4635473.176002 1303517280.0
443490.155596 4635474.617123 1303517283.0
443462.030697 4635475.839590 1303517286.0
443432.058036 4635474.300987 1303517289.0
443403.741586 4635472.305215 1303517292.0
443377.513050 4635471.958471 1303517295.0
443351.444305 4635470.833314 1303517298.0
443327.031772 4635469.250940 1303517301.0
443302.375565 4635468.336793 1303517305.0
443281.018530 4635464.842676 1303517324.0
443259.621818 4635466.789616 1303517331.0
443238.627671 4635467.178933 1303517334.0
443214.394344 4635467.261029 1303517337.0
443190.997093 4635468.113780 1303517342.0
443166.516576 4635468.420079 1303517348.0
443145.300053 4635472.142474 1303517352.0
443122.648825 4635472.878462 1303517356.0
443100.557232 4635470.945229 1303517361.0
443078.863708 4635466.899232 1303517370.0
443066.879698 4635483.539108 1303517377.0
443068.325047 4635508.621307 1303517380.0
443068.404440 4635528.939949 1303517382.0
443068.079548 4635550.594235 1303517384.0
443067.257627 4635572.363528 1303517386.0
443066.610559 4635595.241767 1303517388.0
443066.305203 4635619.338654 1303517390.0
443066.416555 4635643.654280 1303517392.0
443066.200404 4635668.527696 1303517394.0
443066.234099 4635693.510150 1303517396.0
443066.356993 4635719.269133 1303517398.0
443065.818674 4635745.366505 1303517400.0
443065.365120 4635771.685269 1303517402.0
443065.156975 4635797.557935 1303517404.0
443064.861413 4635822.876130 1303517406.0
443064.317792 4635848.307342 1303517408.0
443064.023127 4635873.736566 1303517410.0
443063.965877 4635897.720446 1303517412.0
443063.478630 4635919.820181 1303517414.0
443063.391210 4635940.029135 1303517416.0
443063.756867 4635965.008947 1303517419.0
443063.014472 4635986.333483 1303517424.0
443079.986655 4636002.075745 1303517435.0
443106.862937 4636000.639635 1303517439.0
443134.079133 4636000.200222 1303517442.0
443163.040603 4636000.080088 1303517445.0
443189.426984 4635999.647508 1303517448.0
443210.089406 4635999.482731 1303517451.0
443231.255027 4635999.980209 1303517463.0
443254.086468 4636001.241719 1303517468.0
443280.498485 4636004.029267 1303517472.0
443301.839769 4636005.746934 1303517475.0
443330.058790 4636006.188561 1303517478.0
443350.805053 4636006.134559 1303517480.0
443371.215859 4636005.639147 1303517482.0
443397.186429 4636005.099608 1303517485.0
443417.931811 4636004.934774 1303517489.0
443438.671902 4636004.103837 1303517493.0
443465.808626 4636004.110460 1303517497.0
443490.551216 4636005.690660 1303517500.0
443519.857776 4636007.234752 1303517503.0
443540.363004 4636008.182522 1303517505.0
443563.767299 4636008.441173 1303517507.0
443587.086850 4636008.478504 1303517509.0
443610.319902 4636008.072459 1303517511.0
443633.801900 4636007.664520 1303517513.0
443656.872506 4636007.704050 1303517515.0
443679.943987 4636007.854681 1303517517.0
443702.597926 4636007.675585 1303517519.0
443724.173106 4636007.505084 1303517521.0
443744.670404 4636007.454197 1303517523.0
443771.057631 4636007.134799 1303517526.0
443795.294351 4636007.720741 1303517530.0
443816.458124 4636007.997903 1303517536.0
443837.941563 4636006.718129 1303517565.0
443855.019827 4635994.036624 1303517569.0
443860.673646 4635974.339013 1303517572.0
443862.897231 4635951.115348 1303517575.0
443863.954704 4635927.345705 1303517578.0
443864.954579 4635906.796508 1303517581.0
443867.615868 4635886.456286 1303517588.0
