443528.533132 4635468.539015 1302053887.0
443504.369604 4635466.954059 1302053894.0
443481.047394 4635466.805954 1302053897.0
443451.654734 4635465.151632 1302053900.0
443428.988482 4635463.999183 1302053902.0
443405.908163 4635462.961130 1302053904.0
443383.744232 4635462.360004 1302053906.0
443361.665050 4635461.980343 1302053908.0
443339.749191 4635461.266348 1302053910.0
443310.939147 4635459.830040 1302053913.0
443289.019738 4635458.672092 1302053917.0
443268.105017 4635458.616553 1302053937.0
443244.039408 4635458.919281 1302053941.0
443214.734941 4635457.931437 1302053944.0
443189.577204 4635456.577541 1302053947.0
443166.332609 4635455.763641 1302053962.0
443144.849362 4635457.267479 1302053965.0
443114.231246 4635458.067081 1302053968.0
443093.485149 4635458.343811 1302053970.0
443073.332390 4635460.170340 1302053973.0
443064.373208 4635481.449489 1302053979.0
443065.333953 4635508.201075 1302053983.0
443064.665583 4635528.414660 1302053985.0
443063.777542 4635552.294132 1302053987.0
443063.485501 4635578.056426 1302053989.0
443063.611946 4635604.259513 1302053991.0
443063.393137 4635628.799846 1302053993.0
443064.056114 4635649.446931 1302053995.0
443065.234750 4635672.310581 1302053998.0
443064.488747 4635693.190997 1302054004.0
443063.466721 4635721.068784 1302054008.0
443062.112767 4635748.949225 1302054011.0
443061.458647 4635770.939254 1302054013.0
443060.326154 4635795.375863 1302054015.0
443059.447947 4635820.476647 1302054017.0
443058.076286 4635846.136548 1302054019.0
443057.363177 4635871.124981 1302054021.0
443057.390707 4635895.330252 1302054023.0
443057.324606 4635918.203861 1302054025.0
443056.824955 4635938.749215 1302054027.0
443056.295585 4635965.956869 1302054030.0
443065.024672 4635988.649136 1302054034.0
443089.993718 4635997.776474 1302054038.0
443120.973358 4636000.971076 1302054041.0
443146.783296 4636001.098113 1302054043.0
443173.911194 4635999.993350 1302054045.0
443198.388113 4635999.465004 1302054047.0
443225.931814 4635998.468158 1302054050.0
443247.409900 4635996.520438 1302054060.0
443272.250593 4635999.986683 1302054064.0
443293.590124 4636001.482270 1302054066.0
443318.245372 4636002.507396 1302054068.0
443344.890404 4636003.294711 1302054070.0
443370.702080 4636003.644614 1302054072.0
443395.267265 4636003.782448 1302054074.0
443418.087190 4636003.601129 1302054076.0
443443.643741 4636003.176082 1302054079.0
443469.051955 4636004.972991 1302054085.0
443495.365024 4636005.763503 1302054088.0
443518.435644 4636005.802584 1302054090.0
443543.413957 4636005.715584 1302054092.0
443568.974019 4636005.735097 1302054094.0
443594.704439 4636006.308524 1302054096.0
443619.936964 4636006.885984 1302054098.0
443644.999128 4636006.909711 1302054100.0
443670.399363 4636007.708092 1302054102.0
443696.547301 4636008.611686 1302054104.0
443723.605395 4636009.175083 1302054106.0
443751.325580 4636009.511285 1302054108.0
443779.043132 4636009.514513 1302054110.0
443804.273867 4636009.870572 1302054112.0
443825.181683 4636009.261506 1302054114.0
443846.071995 4636006.431956 1302054117.0
443864.412500 4635995.961206 1302054125.0
443865.560824 4635973.190153 1302054128.0
443867.404372 4635943.862607 1302054131.0
443867.543805 4635919.433995 1302054135.0
443872.850919 4635897.851549 1302054143.0
443872.858399 4635867.206067 1302054146.0
443873.825942 4635842.548865 1302054148.0
443876.275828 4635816.436541 1302054150.0
443879.726790 4635790.982536 1302054152.0
443881.786290 4635767.982247 1302054154.0
443881.496873 4635741.780476 1302054157.0
443897.220997 4635725.667702 1302054162.0
443921.709358 4635726.474177 1302054165.0
443943.286257 4635726.415376 1302054167.0
443967.833137 4635724.112595 1302054170.0
443987.932904 4635726.175196 1302054184.0
444011.122291 4635730.656318 1302054187.0
444031.466616 4635732.161949 1302054189.0
444052.214519 4635732.221025 1302054191.0
444075.344567 4635729.152505 1302054194.0
444096.958048 4635733.757311 1302054202.0
444117.921559 4635740.143827 1302054206.0
444138.188674 4635752.975840 1302054210.0
444167.194606 4635758.411160 1302054213.0
444194.313079 4635755.977968 1302054215.0
444215.630489 4635754.589615 1302054217.0
444237.421476 4635750.088665 1302054220.0
444263.073212 4635751.109273 1302054229.0
444285.604534 4635756.373671 1302054232.0
444315.580101 4635758.470989 1302054235.0
444338.629780 4635755.737054 1302054237.0
444358.608188 4635752.916151 1302054239.0
444379.739722 4635748.975959 1302054242.0
444399.680897 4635741.381002 1302054253.0
444412.427104 4635758.269718 1302054261.0
444434.597605 4635749.214020 1302054270.0
444438.716206 4635723.977184 1302054273.0
444442.441562 4635701.519268 1302054275.0
444445.967203 4635674.732589 1302054277.0
444449.717586 4635644.835210 1302054279.0
444453.290777 4635613.495776 1302054281.0
444457.367981 4635582.929653 1302054283.0
444460.965481 4635554.698987 1302054285.0
444463.843828 4635530.027017 1302054287.0
444466.753357 4635509.352027 1302054289.0
444472.238975 4635489.101094 1302054292.0
444478.616722 4635466.178399 1302054299.0
444481.566048 4635439.951413 1302054302.0
444483.130555 4635417.066239 1302054304.0
444483.755377 4635390.746338 1302054306.0
444483.948823 4635362.320156 1302054308.0
444484.469039 4635333.225226 1302054310.0
444485.572785 4635304.458852 1302054312.0
444486.283223 4635278.471391 1302054314.0
444485.867277 4635257.045096 1302054316.0
444485.287945 4635235.953177 1302054319.0
