446310.421979 4635080.175280 1302610842.0
446313.159371 4635057.947984 1302610846.0
446315.178464 4635028.508936 1302610849.0
446315.847767 4635007.185493 1302610851.0
446316.189286 4634986.419688 1302610853.0
446316.884707 4634957.545784 1302610856.0
446316.825664 4634927.678267 1302610859.0
446316.820162 4634904.916480 1302610861.0
446317.393948 4634881.928262 1302610863.0
446317.952683 4634856.941559 1302610865.0
446318.091431 4634831.291821 1302610867.0
446318.399518 4634806.084942 1302610869.0
446318.544965 4634781.323423 1302610871.0
446318.381853 4634759.673161 1302610873.0
446316.955399 4634735.589686 1302610876.0
446315.637866 4634714.947423 1302610881.0
446305.045638 4634697.150877 1302610895.0
446278.936081 4634701.900042 1302610900.0
446255.535288 4634702.631673 1302610903.0
446229.799708 4634701.937567 1302610906.0
446202.737855 4634701.475634 1302610909.0
446178.665545 4634701.213288 1302610912.0
446154.418011 4634699.730981 1302610921.0
446134.429302 4634701.658593 1302610924.0
446112.182907 4634701.382669 1302610928.0
446088.520530 4634700.451327 1302610945.0
446061.544172 4634700.322383 1302610949.0
446036.915254 4634703.284696 1302610952.0
446012.764986 4634703.689701 1302610955.0
445991.000575 4634701.300869 1302610963.0
445986.674469 4634721.874834 1302610968.0
445984.352076 4634743.988079 1302610971.0
445983.345846 4634764.536881 1302610973.0
445982.840963 4634785.526016 1302610975.0
445982.105616 4634808.959634 1302610978.0
445979.964414 4634833.070111 1302610986.0
445979.150299 4634857.059496 1302610989.0
445978.205560 4634885.713274 1302610992.0
445977.955584 4634907.477715 1302610994.0
445977.777661 4634927.798177 1302610996.0
445976.696914 4634949.457885 1302611000.0
445975.613649 4634970.784514 1302611007.0
445975.244008 4634998.656704 1302611010.0
445974.660399 4635020.201612 1302611012.0
445974.166522 4635042.634109 1302611014.0
445973.514244 4635066.067108 1302611016.0
445972.871233 4635090.721406 1302611018.0
445972.316272 4635116.041237 1302611020.0
445971.922248 4635140.693649 1302611022.0
445971.438502 4635164.458475 1302611024.0
445970.567593 4635191.890342 1302611027.0
445968.595084 4635216.332661 1302611031.0
445952.867729 4635232.773876 1302611036.0
445926.060198 4635232.755231 1302611040.0
445896.423408 4635231.758871 1302611043.0
445875.172841 4635231.254085 1302611045.0
445853.343027 4635230.975832 1302611047.0
445824.956978 4635230.747498 1302611050.0
445801.301372 4635230.483288 1302611054.0
445779.551158 4635229.760521 1302611073.0
445752.824058 4635229.408815 1302611076.0
445729.748526 4635229.029392 1302611078.0
445705.841396 4635228.434314 1302611080.0
445681.435471 4635227.732086 1302611082.0
445656.369853 4635227.590141 1302611084.0
445631.054413 4635227.339157 1302611086.0
445605.406161 4635226.979771 1302611088.0
445580.089866 4635226.617941 1302611090.0
445556.933862 4635226.572793 1302611092.0
445528.805226 4635227.454007 1302611095.0
445507.260007 4635231.838048 1302611100.0
445503.874872 4635255.847195 1302611109.0
445502.139364 4635278.511324 1302611112.0
445501.185598 4635305.721850 1302611115.0
445500.904248 4635334.037570 1302611118.0
445500.544162 4635362.909062 1302611121.0
445499.930020 4635391.116298 1302611124.0
445499.777289 4635414.545559 1302611127.0
445500.794037 4635438.965176 1302611131.0
445500.551526 4635461.506857 1302611147.0
445500.326007 4635486.269081 1302611151.0
445499.277416 4635511.925872 1302611154.0
445498.352336 4635532.030038 1302611156.0
445496.941236 4635553.692394 1302611158.0
445496.194036 4635575.349672 1302611160.0
445495.613664 4635597.116707 1302611162.0
445495.121381 4635619.549272 1302611164.0
445495.044030 4635641.978662 1302611166.0
445494.717725 4635664.409958 1302611168.0
445494.388875 4635686.508173 1302611170.0
445494.472405 4635708.270133 1302611172.0
445494.712559 4635728.809525 1302611174.0
445497.059602 4635753.552075 1302611177.0
445498.486162 4635777.302367 1302611182.0
445498.740749 4635799.729223 1302611193.0
445499.644762 4635820.263538 1302611196.0
445500.576805 4635844.461751 1302611199.0
445501.751846 4635867.880870 1302611202.0
445503.249467 4635890.076151 1302611205.0
445505.013017 4635914.490073 1302611208.0
445504.635163 4635941.030020 1302611211.0
445503.906698 4635965.129908 1302611214.0
445503.505070 4635988.561095 1302611218.0
445503.492018 4636008.547264 1302611226.0
445522.678760 4636021.613498 1302611241.0
445547.081992 4636022.315158 1302611244.0
445575.302347 4636022.987733 1302611247.0
445596.718248 4636023.712390 1302611249.0
445619.127373 4636024.096427 1302611251.0
445641.700762 4636024.257213 1302611253.0
445664.529020 4636025.193362 1302611255.0
445687.606215 4636026.127686 1302611257.0
445711.595346 4636026.944100 1302611259.0
445735.498953 4636027.428145 1302611261.0
445758.736170 4636027.584245 1302611263.0
445780.648224 4636028.083609 1302611265.0
445801.561968 4636028.257535 1302611267.0
445830.695893 4636029.035203 1302611270.0
445854.085555 4636027.413915 1302611273.0
445874.577641 4636026.702993 1302611277.0
445896.900372 4636026.644425 1302611294.0
445920.140951 4636027.245160 1302611298.0
445941.552572 4636027.415718 1302611301.0
445963.218189 4636028.250614 1302611304.0
445983.474807 4636029.318329 1302611307.0
446008.961743 4636030.679552 1302611311.0
446033.533353 4636031.714701 1302611315.0
446055.440315 4636031.548747 1302611319.0
446080.838360 4636032.133665 1302611323.0
446104.828244 4636033.062430 1302611326.0
446129.554871 4636032.653301 1302611329.0
446156.860622 4636033.113028 1302611332.0
446183.503360 4636033.688903 1302611335.0
446206.236767 4636033.073034 1302611338.0
446228.953412 4636030.236693 1302611341.0
446251.501599 4636027.068595 1302611344.0
446271.309757 4636023.699172 1302611349.0
446290.770102 4636018.222789 1302611371.0
446298.918365 4635998.286351 1302611375.0
446298.776166 4635968.419411 1302611378.0
446297.931498 4635944.442543 1302611380.0
446297.667702 4635920.461297 1302611382.0
446297.821330 4635896.810004 1302611384.0
446298.566721 4635874.597687 1302611386.0
446298.906412 4635853.609797 1302611388.0
446300.281362 4635826.840363 1302611391.0
446302.416570 4635801.841734 1302611395.0
