446300.182970 4635274.338764 1303227745.0
446299.939298 4635253.022193 1303227774.0
446284.302977 4635237.595399 1303227782.0
446260.971859 4635236.327916 1303227786.0
446239.555371 4635235.823295 1303227789.0
446218.305697 4635235.428513 1303227792.0
446195.725661 4635234.710741 1303227795.0
446174.723272 4635234.092154 1303227798.0
446149.320719 4635233.284821 1303227802.0
446128.317479 4635232.555344 1303227808.0
446106.066022 4635231.391237 1303227820.0
446085.477722 4635230.658747 1303227824.0
446064.064557 4635230.598762 1303227827.0
446039.498602 4635230.673754 1303227830.0
446015.778534 4635232.852056 1303227833.0
445995.445087 4635232.895129 1303227848.0
445974.284262 4635233.277635 1303227855.0
445954.426856 4635230.430345 1303227859.0
445927.860703 4635229.410561 1303227862.0
445907.772840 4635229.007886 1303227864.0
445887.189563 4635228.942131 1303227866.0
445866.523294 4635228.877067 1303227868.0
445845.856180 4635228.701035 1303227870.0
445825.187375 4635228.303009 1303227872.0
445795.555613 4635227.973231 1303227875.0
445767.995224 4635227.183674 1303227878.0
445741.266421 4635226.609958 1303227881.0
445713.793238 4635226.375114 1303227884.0
445689.887789 4635226.002143 1303227887.0
445669.801585 4635225.822194 1303227890.0
445645.976579 4635225.115657 1303227894.0
445625.376327 4635222.830116 1303227899.0
445600.977153 4635223.016380 1303227910.0
445578.479973 4635222.299930 1303227913.0
445551.254030 4635221.841756 1303227916.0
445521.536672 4635221.180671 1303227919.0
445501.286161 4635221.224520 1303227921.0
445480.454715 4635221.272871 1303227923.0
445458.459703 4635221.108124 1303227925.0
445436.131027 4635220.723934 1303227927.0
445414.055572 4635220.893041 1303227929.0
445392.143544 4635220.727863 1303227931.0
445370.315356 4635220.673143 1303227933.0
445347.820687 4635220.290502 1303227935.0
445325.825662 4635220.126165 1303227937.0
445304.828225 4635220.176304 1303227939.0
445275.107408 4635219.072138 1303227942.0
445247.215784 4635218.398172 1303227945.0
445221.984970 4635218.370057 1303227948.0
445198.491830 4635217.662464 1303227952.0
445177.575662 4635217.490285 1303227978.0
445153.338162 4635217.121669 1303227984.0
445129.766293 4635216.970076 1303227987.0
445101.962760 4635216.962202 1303227990.0
445081.794354 4635216.895576 1303227992.0
445052.577410 4635216.565689 1303227995.0
445024.440195 4635216.338624 1303227998.0
444996.632366 4635215.776025 1303228001.0
444970.490346 4635215.977904 1303228004.0
444945.590610 4635215.837177 1303228007.0
444919.856674 4635215.147818 1303228010.0
444893.047289 4635214.911005 1303228013.0
444866.905262 4635215.113264 1303228016.0
444842.008952 4635215.417007 1303228019.0
444819.764902 4635215.256160 1303228022.0
444796.111730 4635215.328368 1303228027.0
444774.300702 4635217.496016 1303228038.0
444749.565215 4635217.132633 1303228043.0
444722.509433 4635217.231475 1303228047.0
444700.518660 4635217.624203 1303228050.0
444675.784888 4635217.483131 1303228053.0
444647.150558 4635217.372449 1303228056.0
444618.268980 4635217.485872 1303228059.0
444589.390854 4635218.043521 1303228062.0
444569.227604 4635218.644509 1303228064.0
444540.599319 4635219.311445 1303228067.0
444514.041478 4635219.407202 1303228070.0
444492.502862 4635224.571507 1303228074.0
444487.557296 4635250.258862 1303228079.0
444487.923987 4635276.015861 1303228082.0
444487.907740 4635305.884098 1303228085.0
444487.887171 4635335.197200 1303228088.0
444487.852762 4635362.733870 1303228091.0
444488.279085 4635385.492494 1303228094.0
444487.027472 4635405.932482 1303228101.0
444484.290734 4635427.494383 1303228109.0
444486.190087 4635447.576717 1303228113.0
444479.052428 4635468.839817 1303228123.0
444459.166555 4635472.992052 1303228127.0
444437.913935 4635472.158477 1303228130.0
444412.580186 4635469.469233 1303228133.0
444384.858843 4635469.241465 1303228136.0
444359.135271 4635469.775438 1303228139.0
444334.166399 4635471.302912 1303228142.0
444312.192033 4635473.695336 1303228145.0
444292.294107 4635476.293658 1303228169.0
444269.474258 4635476.694215 1303228180.0
444246.064808 4635475.989119 1303228183.0
444218.844877 4635476.202209 1303228186.0
444197.098648 4635475.928387 1303228188.0
444175.265949 4635475.211173 1303228190.0
444154.264861 4635474.709575 1303228192.0
444126.865884 4635473.258909 1303228195.0
444104.694246 4635471.656298 1303228199.0
444091.079499 4635492.304429 1303228206.0
444090.257058 4635514.406652 1303228209.0
444089.885285 4635541.057734 1303228212.0
444090.013180 4635567.926964 1303228215.0
444090.051120 4635593.908629 1303228218.0
444090.084704 4635619.335158 1303228221.0
444089.699005 4635644.209810 1303228224.0
444089.208539 4635666.309433 1303228227.0
444088.561694 4635689.631660 1303228231.0
444086.149513 4635710.080859 1303228238.0
444101.109233 4635723.398567 1303228248.0
