445528.633485 4636040.665755 1301674251.0
445506.973779 4636040.609371 1301674279.0
445482.396143 4636038.798847 1301674286.0
445462.043719 4636036.067784 1301674290.0
445436.724328 4636034.929300 1301674295.0
445410.834273 4636035.127684 1301674298.0
445388.760489 4636035.185866 1301674300.0
445363.705352 4636036.044223 1301674302.0
445336.238660 4636036.254973 1301674304.0
445306.528924 4636036.149952 1301674306.0
445275.156154 4636035.613697 1301674308.0
445243.702957 4636035.411300 1301674310.0
445212.745933 4636034.983158 1301674312.0
445183.283415 4636034.654681 1301674314.0
445156.890334 4636034.191657 1301674316.0
445135.064624 4636034.137682 1301674318.0
445110.994147 4636033.545903 1301674321.0
445087.336858 4636032.728953 1301674327.0
445065.185209 4636033.454941 1301674330.0
445034.143458 4636032.806160 1301674333.0
445009.824876 4636032.327672 1301674335.0
444982.767916 4636031.870418 1301674337.0
444953.638999 4636031.762382 1301674339.0
444922.854750 4636032.222434 1301674341.0
444892.820769 4636033.120950 1301674343.0
444863.453220 4636034.347536 1301674345.0
444833.505671 4636035.689769 1301674347.0
444803.553830 4636036.476992 1301674349.0
444775.420688 4636036.361968 1301674351.0
444750.522941 4636036.110923 1301674353.0
444730.024047 4636035.936862 1301674355.0
444707.537915 4636036.333458 1301674359.0
444687.459959 4636036.933489 1301674370.0
444665.375797 4636035.661587 1301674375.0
444638.235824 4636035.206287 1301674379.0
444615.404815 4636033.940344 1301674382.0
444591.820922 4636031.903093 1301674385.0
444563.489808 4636027.682189 1301674388.0
444535.249421 4636024.459996 1301674391.0
444515.071158 4636022.840614 1301674393.0
444493.827972 4636023.006133 1301674396.0
444475.549497 4636009.602455 1301674402.0
444474.183489 4635983.409081 1301674406.0
444473.228922 4635956.768364 1301674409.0
444473.170710 4635928.011016 1301674412.0
444473.240491 4635905.026437 1301674415.0
444475.234458 4635884.025472 1301674421.0
444478.458472 4635861.127342 1301674425.0
444478.632895 4635840.917800 1301674427.0
444477.126879 4635818.056542 1301674429.0
444477.323705 4635790.074450 1301674432.0
444478.160274 4635769.637681 1301674436.0
444478.487693 4635747.761440 1301674447.0
444479.847185 4635719.881323 1301674452.0
444481.120245 4635691.557745 1301674455.0
444481.789142 4635670.900219 1301674457.0
444482.447661 4635648.910368 1301674459.0
444482.927235 4635625.256403 1301674461.0
444483.071408 4635601.160918 1301674463.0
444483.219910 4635577.620569 1301674465.0
444483.216287 4635555.857949 1301674467.0
444483.667323 4635528.540092 1301674470.0
444483.895362 4635504.554990 1301674474.0
444480.743414 4635483.483113 1301674484.0
444460.133953 4635479.979646 1301674489.0
444437.002950 4635483.046906 1301674492.0
444411.893261 4635487.795190 1301674495.0
444384.235041 4635485.013153 1301674498.0
444358.994708 4635483.655778 1301674501.0
444334.841878 4635483.400334 1301674504.0
444314.516016 4635484.336428 1301674507.0
444293.688761 4635484.832366 1301674513.0
444269.568537 4635478.136919 1301674531.0
444243.059005 4635473.680932 1301674535.0
444220.133557 4635471.195590 1301674537.0
444194.315700 4635470.287455 1301674539.0
444170.911437 4635470.248769 1301674541.0
444150.081532 4635470.412045 1301674543.0
444129.932073 4635472.679691 1301674545.0
444107.216107 4635475.744769 1301674549.0
444086.971487 4635476.458807 1301674553.0
444059.251883 4635476.454361 1301674556.0
444036.592776 4635476.188197 1301674558.0
444011.943709 4635476.159813 1301674560.0
443988.124516 4635476.124990 1301674562.0
443966.212291 4635475.853177 1301674564.0
443940.487000 4635476.166608 1301674567.0
443917.012865 4635477.794818 1301674571.0
443895.857145 4635478.738641 1301674575.0
443886.637842 4635498.908421 1301674579.0
443887.424275 4635524.995233 1301674582.0
443887.682174 4635547.200017 1301674584.0
443887.546131 4635572.072722 1301674586.0
443887.253739 4635598.168035 1301674588.0
443886.635529 4635625.043154 1301674590.0
443886.271532 4635652.582476 1301674592.0
443885.815809 4635679.012182 1301674594.0
443885.416837 4635702.110418 1301674596.0
443885.509655 4635724.427542 1301674599.0
443904.580486 4635732.826958 1301674603.0
443929.048719 4635731.079833 1301674606.0
443954.267319 4635729.771024 1301674609.0
443974.161809 4635726.838667 1301674631.0
443994.351534 4635729.788852 1301674635.0
444021.161689 4635730.355346 1301674638.0
444041.320855 4635729.419710 1301674640.0
444067.779014 4635727.435362 1301674643.0
444088.763681 4635725.938209 1301674647.0
444112.655435 4635724.751410 1301674651.0
444133.475889 4635723.477745 1301674664.0
444156.137682 4635724.188318 1301674667.0
444184.106140 4635724.302209 1301674670.0
444211.077909 4635724.312982 1301674673.0
444235.229935 4635724.567998 1301674676.0
444256.393640 4635724.735448 1301674681.0
444280.467018 4635725.546404 1301674696.0
444305.205134 4635726.463277 1301674699.0
444331.853625 4635727.587374 1301674702.0
444356.921061 4635728.168752 1301674705.0
444377.324880 4635726.676987 1301674708.0
444403.484112 4635728.915512 1301674712.0
444428.956062 4635728.161577 1301674715.0
444453.510856 4635726.859716 1301674718.0
444477.176193 4635728.562790 1301674723.0
444485.480881 4635750.593817 1301674727.0
444485.375654 4635779.685533 1301674730.0
444484.556373 4635802.342845 1301674732.0
444484.903194 4635825.546240 1301674734.0
444486.563037 4635846.851824 1301674736.0
444487.224479 4635867.832089 1301674739.0
444484.748150 4635890.835422 1301674743.0
444483.971296 4635918.933073 1301674746.0
444482.577229 4635942.372109 1301674748.0
444481.104519 4635966.366929 1301674750.0
444477.835653 4635994.150907 1301674753.0
444476.176239 4636015.482371 1301674758.0
444500.717142 4636023.174516 1301674763.0
444527.345456 4636021.856735 1301674766.0
444549.911157 4636021.014816 1301674768.0
444573.142440 4636020.389857 1301674770.0
444595.541322 4636019.438348 1301674772.0
444615.944342 4636017.947258 1301674774.0
444639.653676 4636014.765018 1301674777.0
444660.638449 4636013.380569 1301674782.0
444685.440369 4636011.966537 1301674807.0
444708.178106 4636011.901022 1301674811.0
444732.492488 4636011.823345 1301674814.0
444753.903385 4636011.879306 1301674816.0
444778.137366 4636012.135510 1301674818.0
444805.023303 4636011.927110 1301674820.0
444833.814369 4636011.259919 1301674822.0
444863.514795 4636010.141670 1301674824.0
444892.383698 4636008.807911 1301674826.0
444920.504060 4636007.257989 1301674828.0
444947.469559 4636006.605376 1301674830.0
444972.942254 4636006.075432 1301674832.0
444995.930656 4636006.230967 1301674834.0
445016.598151 4636006.737594 1301674836.0
445041.745775 4636007.098677 1301674839.0
445063.741818 4636007.706223 1301674846.0
445090.715022 4636008.053397 1301674851.0
445120.177661 4636008.381492 1301674854.0
445143.416699 4636008.757639 1301674856.0
445169.394114 4636009.112781 1301674858.0
445197.112424 4636009.232555 1301674860.0
445224.659645 4636008.687549 1301674862.0
445252.538794 4636008.140099 1301674864.0
445280.423063 4636008.258921 1301674866.0
445307.980520 4636009.046564 1301674868.0
445335.037524 4636009.505054 1301674870.0
445361.592378 4636009.412329 1301674872.0
445387.655302 4636010.100712 1301674874.0
445413.382040 4636010.236598 1301674876.0
445436.288264 4636010.505217 1301674878.0
445460.852409 4636010.539147 1301674881.0
445483.764576 4636011.585109 1301674895.0
445508.251679 4636012.397028 1301674898.0
445529.252716 4636013.124657 1301674900.0
445553.239373 4636013.607457 1301674902.0
445579.964403 4636014.069414 1301674904.0
445608.929073 4636014.403334 1301674906.0
445639.304417 4636014.726605 1301674908.0
445670.842339 4636015.152171 1301674910.0
445702.711333 4636015.464319 1301674912.0
445734.250936 4636016.112220 1301674914.0
445764.874356 4636016.323103 1301674916.0
445793.673877 4636016.770065 1301674918.0
445820.397176 4636017.010870 1301674920.0
445844.631882 4636017.381729 1301674922.0
445870.441537 4636017.518635 1301674925.0
445890.696518 4636018.364032 1301674949.0
