446108.413265 4635234.482417 1301772690.0
446083.099573 4635234.451882 1301772695.0
446055.209821 4635233.996808 1301772698.0
446034.959369 4635234.039140 1301772700.0
446013.798548 4635234.421528 1301772702.0
445988.240930 4635235.059379 1301772705.0
445968.076368 4635246.426663 1301772710.0
445971.059697 4635267.722462 1301772715.0
445971.052389 4635299.589123 1301772720.0
445970.451530 4635329.794784 1301772723.0
445969.875565 4635352.338949 1301772725.0
445969.313080 4635376.659548 1301772727.0
445968.426226 4635401.981909 1301772729.0
445967.458919 4635427.637983 1301772731.0
445966.812624 4635451.848187 1301772733.0
445966.771669 4635479.273772 1301772736.0
445957.043575 4635498.778431 1301772741.0
445930.570678 4635498.979314 1301772745.0
445901.002805 4635495.983828 1301772748.0
445879.251730 4635495.038709 1301772750.0
445857.095839 4635495.429136 1301772752.0
445834.854428 4635495.487182 1301772754.0
445813.607175 4635495.315668 1301772756.0
445793.350696 4635494.470477 1301772758.0
445764.379708 4635493.580652 1301772761.0
445737.822953 4635493.671856 1301772764.0
445717.740891 4635493.935887 1301772770.0
445695.572301 4635492.661409 1301772775.0
445670.421241 4635492.075948 1301772778.0
445646.354092 4635492.148506 1301772781.0
445624.438679 4635491.427486 1301772784.0
445599.868515 4635490.837840 1301772787.0
445574.303347 4635490.366913 1301772790.0
445551.397161 4635490.319889 1301772793.0
445530.817164 4635490.588252 1301772799.0
445506.574687 4635489.441253 1301772813.0
445481.174626 4635488.858364 1301772816.0
445451.457520 4635488.086554 1301772819.0
445422.242581 4635487.866189 1301772822.0
445393.611104 4635487.974572 1301772825.0
445364.973664 4635487.305880 1301772828.0
445336.586884 4635486.857447 1301772831.0
445307.623448 4635486.968723 1301772834.0
445278.327209 4635486.971639 1301772837.0
445257.909761 4635486.795407 1301772839.0
445237.074814 4635486.289342 1301772841.0
445216.404984 4635485.671034 1301772843.0
445195.984966 4635485.161899 1301772845.0
445175.481102 4635484.542433 1301772847.0
445155.307473 4635483.698416 1301772849.0
445129.489839 4635482.786894 1301772852.0
445101.778032 4635483.777635 1301772855.0
445080.866061 4635484.049856 1301772857.0
445058.121518 4635483.448003 1301772859.0
445035.126294 4635482.626088 1301772861.0
445012.715404 4635482.243872 1301772863.0
444991.214799 4635481.521596 1301772865.0
444962.661971 4635481.075935 1301772868.0
444932.700926 4635480.974374 1301772872.0
444911.124186 4635481.141198 1301772876.0
444888.295764 4635480.429501 1301772885.0
444866.212504 4635479.490042 1301772888.0
444829.194067 4635478.999406 1301772892.0
444809.029827 4635479.377668 1301772894.0
444780.396561 4635479.266461 1301772897.0
444759.561533 4635478.761792 1301772900.0
444738.403165 4635479.370030 1301772906.0
444718.158524 4635480.082275 1301772917.0
444697.410788 4635480.132279 1301772920.0
444675.904093 4635478.633764 1301772923.0
444651.332025 4635477.825334 1301772926.0
444620.533295 4635476.732289 1301772929.0
444598.702391 4635476.235833 1301772931.0
444576.791086 4635476.073170 1301772933.0
444555.626667 4635475.904761 1301772935.0
444531.230918 4635476.427779 1301772938.0
444509.604030 4635480.815497 1301772947.0
444487.523296 4635480.210293 1301772974.0
444460.521191 4635476.423542 1301772978.0
444430.368990 4635473.105600 1301772981.0
444408.290821 4635472.833723 1301772983.0
444386.051008 4635473.118345 1301772985.0
444364.973021 4635473.393964 1301772987.0
444336.829811 4635472.281406 1301772990.0
444309.946160 4635473.046689 1301772993.0
444289.841448 4635470.428039 1301773011.0
444267.242348 4635456.614529 1301773019.0
444242.924310 4635456.471722 1301773021.0
444218.444641 4635456.885432 1301773023.0
444195.546961 4635457.953038 1301773025.0
444172.006266 4635461.690572 1301773027.0
444146.738522 4635467.440337 1301773030.0
444125.728699 4635465.828551 1301773038.0
444103.154295 4635465.783579 1301773041.0
444073.435972 4635464.906488 1301773044.0
444051.273013 4635464.414314 1301773046.0
444029.022700 4635463.367725 1301773048.0
444007.026578 4635462.985411 1301773050.0
443979.800477 4635462.422224 1301773053.0
443958.876201 4635461.143358 1301773059.0
443932.561204 4635460.351115 1301773068.0
443905.914248 4635459.561583 1301773071.0
443884.160943 4635458.400499 1301773073.0
443858.011898 4635457.607224 1301773075.0
443828.633323 4635457.727782 1301773077.0
443799.253870 4635457.737433 1301773079.0
443769.795810 4635458.302997 1301773081.0
443740.005801 4635458.871305 1301773083.0
443710.791445 4635458.768983 1301773085.0
443682.235723 4635457.995370 1301773087.0
443654.261786 4635457.328304 1301773089.0
443628.117968 4635457.202036 1301773091.0
443603.965857 4635457.060095 1301773093.0
443583.467849 4635457.222400 1301773095.0
443560.234758 4635457.850569 1301773099.0
443521.903158 4635459.264705 1301773124.0
443493.266178 4635458.714562 1301773127.0
443470.686426 4635458.005430 1301773129.0
443446.366566 4635457.643287 1301773131.0
443420.886635 4635457.512509 1301773133.0
443396.653285 4635457.593985 1301773135.0
443373.746858 4635457.553961 1301773137.0
443352.001377 4635457.393745 1301773139.0
443331.587234 4635457.667142 1301773141.0
443306.882460 4635461.083700 1301773144.0
443284.394513 4635461.484770 1301773162.0
443260.720862 4635458.897431 1301773172.0
443234.238872 4635457.998062 1301773175.0
443205.354650 4635457.673114 1301773178.0
443183.360193 4635457.515397 1301773181.0
443156.969145 4635457.614898 1301773190.0
443132.158412 4635458.146018 1301773193.0
443108.009811 4635458.449867 1301773196.0
443085.441529 4635459.185310 1301773200.0
443069.875708 4635474.188284 1301773206.0
443068.154214 4635497.630277 1301773232.0
443066.931544 4635521.179320 1301773235.0
443065.681802 4635551.723741 1301773238.0
443065.531768 4635574.486973 1301773240.0
443065.880543 4635597.357254 1301773242.0
443065.813499 4635620.119824 1301773244.0
443065.814357 4635640.994269 1301773246.0
443067.038245 4635669.520308 1301773249.0
443066.759519 4635696.948015 1301773252.0
443066.258922 4635717.382333 1301773254.0
443065.529786 4635740.372268 1301773256.0
443065.063808 4635765.136651 1301773258.0
443064.436306 4635790.457497 1301773260.0
443063.807035 4635815.556290 1301773262.0
443063.679222 4635841.095213 1301773264.0
443063.798586 4635866.410093 1301773266.0
443063.253202 4635891.619253 1301773268.0
443062.284923 4635915.832485 1301773270.0
443061.472854 4635938.823092 1301773272.0
443061.582471 4635962.916676 1301773275.0
443063.244779 4635983.999919 1301773298.0
443080.345665 4635995.077710 1301773305.0
443106.331347 4635996.424575 1301773309.0
443137.211161 4635997.510392 1301773312.0
443159.873125 4635998.328815 1301773314.0
443181.616970 4635998.488429 1301773316.0
443202.615749 4635998.876118 1301773318.0
443223.700161 4635999.596291 1301773320.0
443244.291102 4636000.875629 1301773322.0
443264.716955 4636002.267376 1301773324.0
443285.295502 4636001.992451 1301773326.0
443314.342588 4636002.205353 1301773329.0
443338.332211 4636003.013778 1301773332.0
443363.156940 4636004.481848 1301773335.0
443384.155682 4636004.870073 1301773337.0
443405.902136 4636005.363452 1301773339.0
443432.046606 4636005.821967 1301773342.0
443455.787252 4636006.632764 1301773352.0
443484.918164 4636006.956731 1301773356.0
443506.081968 4636007.232971 1301773358.0
443529.487149 4636007.602537 1301773360.0
443553.474957 4636008.189631 1301773362.0
443577.876787 4636008.662491 1301773364.0
443602.442817 4636008.912067 1301773366.0
443626.841123 4636008.940986 1301773368.0
443650.576455 4636009.086268 1301773370.0
443675.066519 4636010.224969 1301773372.0
443700.468492 4636011.245512 1301773374.0
443726.363958 4636011.707074 1301773376.0
443752.343277 4636012.279103 1301773378.0
443777.739968 4636012.633757 1301773380.0
443800.897034 4636013.117207 1301773382.0
443826.945309 4636011.912417 1301773385.0
443847.089656 4636009.199787 1301773390.0
443865.039601 4635991.292829 1301773403.0
443866.753051 4635966.518707 1301773406.0
443867.133551 4635941.088887 1301773409.0
443866.968178 4635920.104736 1301773412.0
443866.642965 4635899.899084 1301773418.0
