445505.314207 4636008.089187 1303398507.0
445523.920080 4636021.159869 1303398532.0
445544.819433 4636019.445580 1303398535.0
445568.882259 4636019.039580 1303398538.0
445595.193210 4636019.615792 1303398541.0
445616.025707 4636020.011862 1303398543.0
445638.848900 4636020.281766 1303398545.0
445663.666176 4636020.869631 1303398547.0
445689.891586 4636021.113744 1303398549.0
445716.866360 4636021.685343 1303398551.0
445743.926647 4636022.589494 1303398553.0
445770.651620 4636023.052166 1303398555.0
445797.457878 4636023.292253 1303398557.0
445823.181157 4636022.985509 1303398559.0
445846.086457 4636023.144418 1303398561.0
445870.907070 4636024.177114 1303398564.0
445896.139205 4636024.762636 1303398582.0
445917.466169 4636024.711697 1303398585.0
445945.020921 4636025.168722 1303398588.0
445966.103992 4636025.785981 1303398590.0
445988.348793 4636026.394493 1303398592.0
446010.176159 4636026.673137 1303398594.0
446031.506477 4636027.066649 1303398596.0
446051.591236 4636027.358624 1303398598.0
446081.139185 4636028.023146 1303398601.0
446102.387351 4636028.528525 1303398603.0
446124.379822 4636028.695236 1303398605.0
446147.619523 4636029.185686 1303398607.0
446171.355427 4636029.450394 1303398609.0
446194.508784 4636029.497515 1303398611.0
446217.896830 4636027.655369 1303398613.0
446240.777782 4636024.595758 1303398615.0
446268.136378 4636021.058307 1303398618.0
446288.609245 4636017.794950 1303398622.0
446296.418043 4635996.861768 1303398628.0
446295.491224 4635972.996552 1303398631.0
446296.594580 4635943.231254 1303398634.0
446297.842038 4635921.570317 1303398636.0
446298.834698 4635899.134067 1303398638.0
446300.084685 4635877.806214 1303398640.0
446301.931583 4635847.591182 1303398643.0
446301.531134 4635827.497142 1303398645.0
446300.768617 4635803.408626 1303398648.0
446300.698426 4635783.090030 1303398653.0
446302.567959 4635755.872737 1303398657.0
446304.434999 4635728.322364 1303398660.0
446305.519076 4635706.995768 1303398662.0
446306.255320 4635683.562160 1303398664.0
446306.563254 4635658.355246 1303398666.0
446306.955016 4635633.258735 1303398668.0
446307.356824 4635609.494550 1303398670.0
446308.601888 4635587.500546 1303398672.0
446310.681008 4635566.055423 1303398674.0
446312.467670 4635538.838768 1303398677.0
446311.973390 4635517.302010 1303398682.0
446320.352038 4635494.810118 1303398691.0
446346.065509 4635492.950901 1303398695.0
446368.908711 4635495.665756 1303398698.0
446390.014179 4635499.059961 1303398703.0
446412.438231 4635501.222942 1303398724.0
446436.019078 4635502.711095 1303398727.0
446462.330141 4635503.068473 1303398730.0
446492.213812 4635503.954278 1303398733.0
446514.295027 4635504.676721 1303398735.0
446536.789505 4635505.174063 1303398737.0
446559.034185 4635505.562317 1303398739.0
446581.444836 4635505.949396 1303398741.0
446604.603198 4635506.441974 1303398743.0
446628.261140 4635507.152951 1303398745.0
446650.174688 4635507.655003 1303398747.0
446672.171219 4635508.156502 1303398750.0
446692.505514 4635508.337407 1303398779.0
446703.134649 4635531.352805 1303398795.0
446702.738156 4635556.005169 1303398798.0
446701.803962 4635586.435290 1303398801.0
446700.899597 4635609.759056 1303398803.0
446700.259150 4635635.079449 1303398805.0
446699.710834 4635661.620520 1303398807.0
446698.824769 4635687.386887 1303398809.0
446698.003420 4635710.710036 1303398811.0
446697.323121 4635730.701131 1303398813.0
446701.470861 4635752.654699 1303398820.0
446720.478435 4635764.171002 1303398825.0
446742.952976 4635762.115364 1303398828.0
446770.240601 4635760.023827 1303398831.0
446792.129303 4635757.306522 1303398834.0
446813.510168 4635753.260677 1303398853.0
446816.679489 4635733.139980 1303398857.0
446816.265572 4635711.047439 1303398860.0
446817.708082 4635681.945940 1303398863.0
446818.623590 4635660.065542 1303398865.0
446819.448659 4635637.186520 1303398867.0
446819.609021 4635614.201429 1303398869.0
446819.685571 4635591.105930 1303398871.0
446819.607756 4635569.566052 1303398873.0
446820.361463 4635548.242032 1303398876.0
446818.785747 4635526.158171 1303398881.0
446805.722089 4635510.488983 1303398898.0
446780.899050 4635509.341988 1303398902.0
446754.091784 4635509.209210 1303398905.0
446733.508536 4635509.029991 1303398907.0
446711.347703 4635508.751599 1303398909.0
446688.356166 4635508.368459 1303398911.0
446664.616913 4635507.879958 1303398913.0
446641.544045 4635507.719644 1303398915.0
446620.463694 4635507.655508 1303398917.0
446599.052225 4635507.704950 1303398919.0
446578.552781 4635507.636583 1303398921.0
446553.820999 4635507.600028 1303398924.0
446532.071747 4635506.874972 1303398927.0
446506.090986 4635506.292790 1303398930.0
446477.622278 4635505.951462 1303398933.0
446456.707051 4635505.775536 1303398935.0
446433.963604 4635505.280319 1303398937.0
446410.801041 4635504.233160 1303398939.0
446388.213530 4635502.404515 1303398941.0
446360.892400 4635500.167448 1303398944.0
446338.974612 4635499.111150 1303398948.0
446318.056845 4635498.602549 1303398955.0
446304.643335 4635480.716229 1303398969.0
446305.471811 4635458.503302 1303398972.0
446306.665860 4635429.736649 1303398975.0
446307.327538 4635407.413948 1303398977.0
446307.730216 4635383.760799 1303398979.0
446308.220071 4635360.662161 1303398981.0
446309.378864 4635338.224683 1303398983.0
446311.448874 4635315.558272 1303398985.0
446313.024308 4635293.339723 1303398987.0
446313.918266 4635268.794609 1303398990.0
