443912.432811 4635475.832264 1301747961.0
443887.527776 4635474.918053 1301747971.0
443858.800925 4635473.478877 1301747974.0
443836.386376 4635472.656253 1301747976.0
443814.225163 4635472.386870 1301747978.0
443790.819132 4635472.127379 1301747980.0
443766.997282 4635471.760213 1301747982.0
443744.007059 4635471.608627 1301747984.0
443721.761969 4635471.229161 1301747986.0
443699.269668 4635471.073786 1301747988.0
443675.695890 4635470.593930 1301747990.0
443651.625938 4635470.340146 1301747992.0
443627.971799 4635470.194186 1301747994.0
443604.812069 4635469.600254 1301747996.0
443582.983655 4635469.439990 1301747998.0
443555.590661 4635468.768711 1301748001.0
443531.850002 4635468.179619 1301748005.0
443510.184912 4635467.685181 1301748027.0
443487.854155 4635466.974022 1301748030.0
443463.286245 4635466.724823 1301748033.0
443437.054169 4635465.933752 1301748036.0
443408.496662 4635464.939181 1301748039.0
443378.447129 4635464.178653 1301748042.0
443357.863499 4635464.009184 1301748044.0
443336.697185 4635463.622342 1301748046.0
443308.976595 4635463.509787 1301748049.0
443284.163229 4635463.707296 1301748053.0
443260.758003 4635463.560573 1301748063.0
443236.024969 4635463.424507 1301748066.0
443207.638696 4635463.095582 1301748069.0
443182.820897 4635462.738308 1301748072.0
443161.241393 4635462.577351 1301748081.0
443139.990294 4635461.969701 1301748084.0
443114.598661 4635462.505519 1301748087.0
443093.939113 4635463.225693 1301748090.0
443073.449093 4635464.388710 1301748098.0
443062.009162 4635486.798030 1301748104.0
443064.209400 4635512.873504 1301748107.0
443064.299454 4635534.524472 1301748109.0
443063.994098 4635558.621357 1301748111.0
443064.124089 4635585.268552 1301748113.0
443064.014884 4635613.139038 1301748115.0
443064.155529 4635641.118562 1301748117.0
443064.709327 4635668.872716 1301748119.0
443064.342301 4635695.634923 1301748121.0
443063.553255 4635721.512230 1301748123.0
443062.681234 4635747.390201 1301748125.0
443062.148258 4635774.153737 1301748127.0
443062.700293 4635801.685843 1301748129.0
443062.172651 4635829.115546 1301748131.0
443061.482600 4635856.990686 1301748133.0
443061.200372 4635883.974292 1301748135.0
443059.977825 4635907.523351 1301748137.0
443059.064140 4635928.183048 1301748139.0
443058.043080 4635956.171873 1301748142.0
443057.735137 4635979.935693 1301748145.0
443059.398342 4636001.129964 1301748150.0
443086.712600 4636002.577170 1301748155.0
443115.260041 4636002.571184 1301748158.0
443137.251935 4636002.617647 1301748160.0
443159.577526 4636002.883583 1301748162.0
443181.571187 4636003.152237 1301748164.0
443203.736121 4636004.085799 1301748166.0
443225.570007 4636005.133103 1301748168.0
443246.824784 4636006.407156 1301748170.0
443268.660422 4636007.676647 1301748172.0
443291.648953 4636007.826682 1301748174.0
443314.721346 4636008.087158 1301748176.0
443338.541453 4636008.452794 1301748178.0
443362.111729 4636008.709463 1301748180.0
443396.390143 4636009.325239 1301748183.0
443417.388867 4636009.713562 1301748185.0
443440.554804 4636011.306113 1301748188.0
443466.283459 4636011.657021 1301748197.0
443490.428416 4636011.132313 1301748200.0
443520.886129 4636011.334865 1301748203.0
443542.711127 4636011.272868 1301748205.0
443565.285597 4636011.538102 1301748207.0
443588.276730 4636012.022176 1301748209.0
443611.015398 4636012.064186 1301748211.0
443634.255468 4636012.546437 1301748213.0
443656.834317 4636013.367097 1301748215.0
443679.328422 4636013.966431 1301748217.0
443702.729174 4636013.781429 1301748219.0
443726.878513 4636013.812659 1301748221.0
443751.028727 4636013.954997 1301748223.0
443774.432983 4636014.214341 1301748225.0
443797.751626 4636014.141334 1301748227.0
443819.078715 4636014.084112 1301748229.0
443844.212442 4636012.664530 1301748232.0
443862.479572 4636003.415729 1301748236.0
443865.873646 4635981.293181 1301748239.0
443866.902247 4635953.859638 1301748242.0
443867.691536 4635927.649358 1301748245.0
443868.279133 4635907.436512 1301748248.0
443868.523430 4635885.782929 1301748273.0
443869.560813 4635859.459663 1301748277.0
443869.987575 4635829.366049 1301748280.0
443870.712290 4635805.488001 1301748282.0
443872.925477 4635780.932020 1301748284.0
443874.418066 4635759.712742 1301748286.0
443875.314027 4635736.499552 1301748290.0
443892.061952 4635723.931791 1301748308.0
443918.189908 4635722.171556 1301748311.0
443939.436629 4635722.337411 1301748313.0
443963.925867 4635723.255059 1301748316.0
443987.279503 4635727.512743 1301748331.0
444012.862350 4635730.309539 1301748334.0
444034.704762 4635732.358575 1301748336.0
444054.962604 4635733.420815 1301748338.0
444077.302027 4635735.355044 1301748342.0
444103.103265 4635734.264256 1301748353.0
444126.180822 4635735.082505 1301748357.0
444148.139246 4635741.350271 1301748375.0
444169.150862 4635743.295198 1301748378.0
444199.786054 4635744.831689 1301748381.0
444222.034585 4635745.767776 1301748383.0
444242.448761 4635745.607951 1301748385.0
444263.443828 4635745.443638 1301748388.0
444285.264396 4635744.717761 1301748405.0
444310.068069 4635743.413458 1301748408.0
444330.727732 4635742.807830 1301748410.0
444351.474718 4635742.756750 1301748412.0
444379.445687 4635743.204489 1301748415.0
444401.269735 4635742.923076 1301748418.0
444422.673663 4635741.978804 1301748421.0
444447.848125 4635735.009355 1301748424.0
444468.681575 4635735.402079 1301748428.0
444484.159795 4635719.514608 1301748440.0
444484.067987 4635697.086468 1301748443.0
444484.005517 4635667.773995 1301748446.0
444484.501533 4635646.229546 1301748448.0
444485.065830 4635622.796989 1301748450.0
444485.447721 4635597.256211 1301748452.0
444485.324776 4635570.831096 1301748454.0
444485.800910 4635546.733026 1301748456.0
444486.054910 4635526.078739 1301748458.0
444485.866290 4635501.874817 1301748461.0
444485.703627 4635481.001711 1301748469.0
444505.953401 4635470.295715 1301748474.0
444532.360757 4635472.310727 1301748477.0
444554.113015 4635473.362763 1301748479.0
444577.852648 4635473.844233 1301748481.0
444603.085190 4635474.203139 1301748483.0
444629.147603 4635474.555684 1301748485.0
444655.040586 4635474.465505 1301748487.0
444680.103693 4635474.381865 1301748489.0
444704.341233 4635474.859890 1301748491.0
444727.835325 4635475.787901 1301748493.0
444752.083186 4635477.598414 1301748495.0
444778.232000 4635478.394969 1301748497.0
444805.042986 4635478.964422 1301748499.0
444831.522016 4635479.536546 1301748501.0
444853.934654 4635480.140246 1301748503.0
444875.201786 4635482.862523 1301748506.0
444899.523118 4635483.451597 1301748525.0
444925.832709 4635483.581247 1301748528.0
444948.078488 4635484.075499 1301748530.0
444972.407524 4635485.664066 1301748532.0
444998.638400 4635486.349761 1301748534.0
445025.289347 4635487.698514 1301748536.0
445052.108826 4635489.379167 1301748538.0
445078.094137 4635490.511184 1301748540.0
445103.247854 4635491.427636 1301748542.0
445128.150891 4635492.124040 1301748544.0
445154.213179 4635492.478505 1301748546.0
445182.262886 4635492.262603 1301748548.0
445210.724114 4635491.599511 1301748550.0
445239.189612 4635491.491669 1301748552.0
445268.075164 4635492.046915 1301748554.0
445296.046997 4635492.498261 1301748556.0
445323.185543 4635492.511978 1301748558.0
445349.412078 4635492.643829 1301748560.0
445374.642764 4635492.783413 1301748562.0
445399.124860 4635492.706756 1301748564.0
445424.445333 4635493.734097 1301748566.0
445449.267024 4635494.654313 1301748568.0
445469.355886 4635495.277743 1301748570.0
445493.761778 4635496.090263 1301748574.0
445501.232835 4635518.017762 1301748586.0
445500.731179 4635539.229024 1301748589.0
445499.903527 4635561.220017 1301748591.0
445499.093720 4635585.542581 1301748593.0
445498.544772 4635611.417621 1301748595.0
445498.081364 4635637.625109 1301748597.0
445497.377501 4635664.944775 1301748599.0
445497.090269 4635692.483321 1301748601.0
445496.706466 4635718.246069 1301748603.0
445496.131212 4635740.679273 1301748605.0
445496.010814 4635768.327580 1301748608.0
445497.409341 4635788.413975 1301748611.0
445498.403138 4635809.835872 1301748621.0
445498.095534 4635834.709772 1301748624.0
445498.175663 4635856.027628 1301748626.0
445499.843510 4635878.776774 1301748628.0
445501.524940 4635903.302357 1301748630.0
445502.956565 4635927.718818 1301748632.0
445502.872421 4635949.260001 1301748634.0
445501.902665 4635974.361040 1301748637.0
445499.925248 4635997.915318 1301748641.0
445506.644721 4636019.293413 1301748647.0
445532.467133 4636021.094502 1301748651.0
445557.952514 4636022.232059 1301748654.0
445581.937440 4636022.492900 1301748657.0
445607.995194 4636022.515925 1301748660.0
445629.735387 4636022.238902 1301748662.0
445653.970944 4636022.720140 1301748664.0
445679.286943 4636023.415288 1301748666.0
445705.432746 4636024.104200 1301748668.0
445731.909621 4636024.679651 1301748670.0
445758.556679 4636025.809073 1301748672.0
445782.130050 4636026.517857 1301748674.0
445803.041263 4636026.358707 1301748676.0
445831.664644 4636025.474758 1301748679.0
445854.983997 4636025.519514 1301748682.0
445878.638647 4636026.005932 1301748686.0
445903.622675 4636026.704399 1301748690.0
445932.259546 4636027.597290 1301748693.0
445955.500117 4636028.198140 1301748695.0
445980.647561 4636028.562536 1301748697.0
446006.547720 4636029.698550 1301748699.0
446044.394601 4636030.411045 1301748702.0
446069.124601 4636030.445815 1301748704.0
446093.442215 4636030.816892 1301748706.0
446118.507493 4636031.293430 1301748708.0
446145.232384 4636031.757507 1301748710.0
446172.621957 4636032.327694 1301748712.0
446199.179198 4636032.571173 1301748714.0
446224.227691 4636030.827539 1301748716.0
446247.113664 4636028.434112 1301748718.0
446271.402789 4636025.030872 1301748721.0
446291.896673 4636013.550887 1301748725.0
446295.139000 4635992.319038 1301748728.0
446294.262509 4635964.123136 1301748731.0
446294.091727 4635941.473590 1301748733.0
446294.071842 4635916.824303 1301748735.0
446293.784594 4635889.734297 1301748737.0
446293.741271 4635861.976252 1301748739.0
446293.632548 4635836.550404 1301748741.0
446292.556488 4635814.906989 1301748743.0
446292.874403 4635791.032395 1301748746.0
446295.515873 4635767.140283 1301748762.0
446296.936036 4635746.366317 1301748765.0
446297.370557 4635715.939873 1301748768.0
446297.682641 4635691.288093 1301748770.0
446298.063485 4635664.748227 1301748772.0
446298.434290 4635636.876036 1301748774.0
446298.881391 4635608.115004 1301748776.0
446299.016641 4635582.021127 1301748778.0
446299.020238 4635560.480614 1301748780.0
446298.604718 4635538.388094 1301748783.0
446297.946096 4635517.074642 1301748804.0
446298.917083 4635491.751702 1301748809.0
446299.629910 4635465.209342 1301748812.0
446300.323496 4635436.113360 1301748815.0
446300.493921 4635414.682628 1301748817.0
446300.979564 4635391.028853 1301748819.0
446301.126561 4635366.489364 1301748821.0
446300.633084 4635345.063638 1301748823.0
446298.289574 4635320.431891 1301748826.0
446298.051752 4635299.892507 1301748832.0
