445497.380086 4635491.732267 1302973357.0
445477.223527 4635493.107882 1302973362.0
445454.367177 4635488.730476 1302973379.0
445432.454274 4635488.343128 1302973382.0
445408.713946 4635487.747784 1302973385.0
445384.558676 4635487.155700 1302973388.0
445357.250732 4635486.698913 1302973391.0
445327.618286 4635486.149037 1302973394.0
445307.031455 4635485.529830 1302973396.0
445286.360780 4635484.800292 1302973398.0
445265.443696 4635484.405809 1302973400.0
445244.362341 4635484.234717 1302973402.0
445223.944883 4635484.058582 1302973404.0
445194.145577 4635483.399510 1302973407.0
445165.502959 4635482.065457 1302973410.0
445138.271969 4635480.831681 1302973413.0
445110.466900 4635480.490702 1302973416.0
445081.418727 4635480.381482 1302973419.0
445052.028324 4635478.942616 1302973422.0
445031.939360 4635478.320362 1302973424.0
445001.889321 4635477.441961 1302973427.0
444972.752135 4635476.556635 1302973430.0
444946.277405 4635476.539121 1302973433.0
444924.032461 4635476.155902 1302973437.0
444903.959786 4635477.643524 1302973447.0
444880.983417 4635479.264704 1302973453.0
444854.582224 4635478.025591 1302973457.0
444832.832620 4635477.305720 1302973460.0
444812.241395 4635476.132806 1302973463.0
444790.904996 4635475.187794 1302973466.0
444770.737301 4635475.122056 1302973469.0
444746.667469 4635474.864572 1302973473.0
444726.504078 4635475.354095 1302973495.0
444705.092430 4635475.409228 1302973500.0
444682.104879 4635475.587697 1302973503.0
444655.788337 4635474.570729 1302973506.0
444627.562209 4635473.457668 1302973509.0
444598.681668 4635473.571181 1302973512.0
444570.462434 4635473.346563 1302973515.0
444544.070652 4635473.329899 1302973518.0
444520.502177 4635473.513411 1302973521.0
444499.507181 4635473.787985 1302973525.0
444474.854674 4635473.313891 1302973532.0
444451.937110 4635471.827048 1302973535.0
444424.461279 4635471.153076 1302973538.0
444396.564436 4635469.705258 1302973541.0
444368.846561 4635469.921661 1302973544.0
444341.215143 4635470.581632 1302973547.0
444315.649741 4635470.115221 1302973550.0
444293.905239 4635470.063158 1302973554.0
444273.744449 4635470.887043 1302973560.0
444253.063569 4635479.487434 1302973566.0
444232.244993 4635481.093823 1302973568.0
444208.852942 4635482.609393 1302973570.0
444187.688514 4635482.442078 1302973572.0
444167.512974 4635481.378803 1302973574.0
444140.949996 4635480.698770 1302973577.0
444119.277181 4635479.203236 1302973581.0
444096.956138 4635479.711466 1302973586.0
444073.296837 4635478.897865 1302973589.0
444045.399056 4635477.340395 1302973592.0
444015.591674 4635475.687008 1302973595.0
443986.199214 4635474.030481 1302973598.0
443958.802809 4635472.913544 1302973601.0
443937.235629 4635474.304617 1302973604.0
443916.974405 4635472.909622 1302973620.0
443895.383621 4635471.303088 1302973631.0
443871.380933 4635469.049418 1302973635.0
443847.131891 4635467.130873 1302973638.0
443820.318094 4635466.231943 1302973641.0
443791.767678 4635466.124054 1302973644.0
443761.798578 4635465.028172 1302973647.0
443741.047250 4635464.636853 1302973649.0
443719.800623 4635464.582610 1302973651.0
443698.637860 4635464.638801 1302973653.0
443676.725572 4635464.367878 1302973655.0
443654.898026 4635464.318422 1302973657.0
443633.156101 4635464.601456 1302973659.0
443612.493897 4635464.987045 1302973661.0
443583.531157 4635465.216357 1302973664.0
443558.636577 4635465.635621 1302973667.0
443536.893776 4635465.807923 1302973672.0
443516.061198 4635465.639971 1302973693.0
443490.329696 4635465.177837 1302973698.0
443465.255043 4635463.822310 1302973701.0
443435.695509 4635462.058343 1302973704.0
443414.609540 4635461.337529 1302973706.0
443393.356707 4635460.507068 1302973708.0
443372.521456 4635460.006454 1302973710.0
443343.302658 4635459.350504 1302973713.0
443316.992846 4635459.226698 1302973716.0
443295.587271 4635460.063257 1302973721.0
443274.656641 4635458.009209 1302973739.0
443249.675510 4635457.986106 1302973744.0
443226.679008 4635457.058998 1302973747.0
443203.686040 4635456.576074 1302973750.0
443181.193651 4635456.422334 1302973754.0
443160.857176 4635456.029395 1302973760.0
443134.377815 4635455.463478 1302973764.0
443111.798883 4635454.866511 1302973767.0
443088.320383 4635455.942316 1302973771.0
443069.388898 4635465.198397 1302973786.0
443062.778235 4635489.567740 1302973791.0
443063.617840 4635511.545820 1302973794.0
443063.326682 4635537.419139 1302973797.0
443062.891740 4635566.069467 1302973800.0
443062.473234 4635586.392090 1302973802.0
443062.060943 4635607.491905 1302973804.0
443061.729868 4635628.369003 1302973806.0
443061.562993 4635649.022721 1302973808.0
443061.310472 4635669.344021 1302973810.0
443060.056359 4635699.333315 1302973813.0
443059.474572 4635719.990352 1302973815.0
443058.726819 4635740.648716 1302973817.0
443058.562627 4635761.635519 1302973819.0
443058.314565 4635782.511959 1302973821.0
443058.236912 4635803.942209 1302973823.0
443057.903209 4635824.486232 1302973825.0
443057.565959 4635844.586147 1302973827.0
443057.049884 4635873.459207 1302973830.0
443056.680254 4635899.888341 1302973833.0
443056.532060 4635922.873641 1302973836.0
443056.449987 4635943.748759 1302973840.0
443056.704282 4635965.176361 1302973844.0
443056.647065 4635989.160245 1302973848.0
443077.398253 4636000.097812 1302973853.0
443097.981244 4636000.377482 1302973856.0
443123.048785 4636001.065536 1302973859.0
443151.106315 4636002.062916 1302973862.0
443179.661725 4636003.056435 1302973865.0
443207.630058 4636003.277508 1302973868.0
443234.937188 4636003.837064 1302973871.0
443263.572902 4636004.497176 1302973874.0
443293.786141 4636005.255877 1302973877.0
443314.784004 4636005.532870 1302973879.0
443335.864847 4636005.809264 1302973881.0
443357.524791 4636005.859047 1302973883.0
443378.605628 4636006.135569 1302973885.0
443417.365052 4636006.715825 1302973889.0
443439.198005 4636007.652756 1302973892.0
443460.783769 4636008.813785 1302973898.0
443487.088897 4636008.605021 1302973902.0
443512.401769 4636008.848360 1302973905.0
443540.625150 4636009.845958 1302973908.0
443570.915140 4636009.827985 1302973911.0
443591.498937 4636010.220108 1302973913.0
443612.081851 4636010.501263 1302973915.0
443633.083184 4636011.223303 1302973917.0
443654.329065 4636011.388300 1302973919.0
443675.243896 4636011.667011 1302973921.0
443695.908902 4636011.836725 1302973923.0
443725.292217 4636012.603816 1302973926.0
443753.842203 4636012.933471 1302973929.0
443780.736062 4636013.720450 1302973932.0
443805.882925 4636013.966142 1302973935.0
443827.778625 4636012.349981 1302973938.0
443848.427862 4636010.521647 1302973944.0
443862.967685 4635991.642261 1302973953.0
443864.196363 4635968.537472 1302973956.0
443865.301817 4635940.326084 1302973959.0
443865.969763 4635919.779502 1302973961.0
443866.628965 4635898.122648 1302973963.0
443867.199939 4635875.800286 1302973965.0
443867.935136 4635853.254562 1302973967.0
443869.167230 4635820.045647 1302973970.0
443870.995232 4635799.267860 1302973972.0
443872.921850 4635769.939670 1302973975.0
443873.402881 4635746.729749 1302973978.0
443884.780286 4635726.653970 1302973983.0
443905.849660 4635725.377678 1302973986.0
443930.006081 4635726.186797 1302973989.0
443952.328096 4635725.900089 1302973992.0
443973.557337 4635723.845502 1302973997.0
443998.527887 4635722.649835 1302974010.0
444021.933949 4635723.021028 1302974013.0
444045.424736 4635723.613700 1302974016.0
444069.658893 4635723.756477 1302974020.0
444091.991370 4635724.802534 1302974028.0
444119.302921 4635725.809598 1302974032.0
444143.864651 4635725.394887 1302974035.0
444168.360801 4635727.201455 1302974038.0
444192.682270 4635727.899136 1302974041.0
444218.995365 4635728.581303 1302974044.0
444247.050261 4635729.138899 1302974047.0
444275.768159 4635729.580386 1302974050.0
444303.322531 4635729.809017 1302974053.0
444329.550012 4635730.159160 1302974056.0
444356.192413 4635730.506157 1302974059.0
444380.589023 4635730.204586 1302974062.0
444401.843484 4635731.371064 1302974077.0
444426.118299 4635736.733332 1302974083.0
444446.219606 4635739.019279 1302974088.0
444465.938757 4635734.868292 1302974094.0
444468.893959 4635709.418479 1302974098.0
444470.525749 4635684.534155 1302974101.0
444473.033178 4635654.868547 1302974104.0
444473.870626 4635634.542809 1302974106.0
444475.119548 4635613.769729 1302974108.0
444476.035669 4635592.888210 1302974110.0
444476.705434 4635572.341714 1302974112.0
444477.473678 4635543.133806 1302974115.0
444478.343957 4635516.367850 1302974118.0
444479.320596 4635492.598982 1302974122.0
444491.034660 4635472.854694 1302974129.0
444517.410017 4635470.761646 1302974133.0
444541.900010 4635471.681288 1302974136.0
444567.359927 4635469.262451 1302974139.0
444592.250173 4635468.291576 1302974142.0
444615.988092 4635468.551119 1302974145.0
444637.568329 4635468.827510 1302974148.0
444660.314703 4635469.650076 1302974152.0
444681.155804 4635470.931645 1302974169.0
444707.972865 4635472.277923 1302974173.0
444733.378263 4635473.524219 1302974176.0
444761.436670 4635474.416932 1302974179.0
444791.319073 4635475.073551 1302974182.0
444819.869367 4635475.185445 1302974185.0
444846.431397 4635475.756982 1302974188.0
444868.260554 4635476.032144 1302974191.0
444890.505504 4635476.415190 1302974198.0
444914.162098 4635476.898422 1302974202.0
444937.238632 4635477.497251 1302974205.0
444963.222297 4635478.406795 1302974208.0
444989.532759 4635478.647707 1302974211.0
445014.594977 4635478.454216 1302974214.0
445037.255698 4635478.945545 1302974217.0
445059.162678 4635478.554488 1302974222.0
445082.161335 4635479.820589 1302974245.0
445102.745646 4635480.106065 1302974248.0
445127.485313 4635481.136828 1302974251.0
445154.462213 4635481.706317 1302974254.0
445184.349646 4635483.030747 1302974257.0
445206.510699 4635483.304390 1302974259.0
445229.167113 4635483.241193 1302974261.0
445252.074195 4635483.398209 1302974263.0
445274.816152 4635483.667600 1302974265.0
445297.558960 4635484.048091 1302974267.0
445319.552320 4635484.101306 1302974269.0
445341.379704 4635484.155863 1302974271.0
445363.041964 4635484.322787 1302974273.0
445383.955632 4635484.273448 1302974275.0
445404.122414 4635484.229895 1302974277.0
445432.676021 4635484.788353 1302974280.0
445458.660415 4635485.810730 1302974283.0
445479.082949 4635486.653700 1302974286.0
445500.779167 4635491.262127 1302974291.0
445502.380213 4635516.121412 1302974298.0
445500.376297 4635536.233831 1302974301.0
445499.163444 4635562.113949 1302974304.0
445498.306332 4635591.100288 1302974307.0
445498.046857 4635611.421431 1302974309.0
445497.630757 4635632.965144 1302974311.0
445497.219759 4635655.175020 1302974313.0
445496.475125 4635677.165382 1302974315.0
445496.058190 4635698.598070 1302974317.0
445495.631913 4635718.809460 1302974319.0
445495.933232 4635747.342808 1302974322.0
445496.862743 4635771.207937 1302974325.0
445496.810036 4635796.857121 1302974332.0
445497.744639 4635821.388414 1302974336.0
445498.336260 4635844.478895 1302974339.0
445499.473350 4635873.783090 1302974342.0
445500.872704 4635893.980516 1302974344.0
445501.920852 4635922.508158 1302974347.0
445501.885982 4635950.488919 1302974350.0
445501.920505 4635976.692611 1302974353.0
445502.175089 4635999.119474 1302974356.0
445516.190947 4636019.664518 1302974361.0
445537.534923 4636021.832985 1302974365.0
445563.284518 4636024.967147 1302974389.0
445586.187287 4636024.792139 1302974392.0
445612.246728 4636025.037234 1302974395.0
445639.887042 4636025.825527 1302974398.0
