444719.327827 4635491.731754 1302618770.0
444692.921470 4635489.827077 1302618783.0
444663.366750 4635488.613156 1302618786.0
444640.540038 4635488.124307 1302618788.0
444617.639829 4635488.857475 1302618790.0
444594.072271 4635489.151772 1302618792.0
444569.668791 4635488.675414 1302618794.0
444544.684395 4635488.203661 1302618796.0
444522.617524 4635489.374783 1302618798.0
444502.210406 4635490.533043 1302618801.0
444477.385060 4635489.172017 1302618807.0
444451.237099 4635488.487593 1302618810.0
444422.912400 4635485.377501 1302618813.0
444399.431281 4635486.115903 1302618816.0
444378.018783 4635486.060992 1302618843.0
444351.725634 4635488.042882 1302618847.0
444327.419858 4635489.454167 1302618850.0
444307.195230 4635492.721205 1302618859.0
444285.933959 4635490.777812 1302618875.0
444273.085759 4635471.558400 1302618882.0
444264.948688 4635449.859403 1302618885.0
444263.070892 4635422.004572 1302618888.0
444264.063339 4635400.345187 1302618890.0
444265.449889 4635376.017905 1302618892.0
444266.583142 4635351.137437 1302618894.0
444267.637758 4635326.812754 1302618896.0
444268.788401 4635304.152831 1302618898.0
444270.980576 4635276.710302 1302618901.0
444273.872299 4635253.814694 1302618905.0
444278.847487 4635232.013132 1302618932.0
444289.837106 4635215.161067 1302618940.0
444310.653868 4635213.221773 1302618943.0
444341.019770 4635211.874134 1302618946.0
444365.746652 4635211.125828 1302618948.0
444394.046469 4635210.904888 1302618950.0
444423.924840 4635210.893815 1302618952.0
444454.545798 4635210.321907 1302618954.0
444485.579115 4635209.413817 1302618956.0
444516.940943 4635208.059168 1302618958.0
444549.218269 4635207.030633 1302618960.0
444582.663518 4635206.770397 1302618962.0
444615.202775 4635207.405631 1302618964.0
444642.436658 4635208.859472 1302618966.0
444663.270764 4635209.141752 1302618968.0
444688.512853 4635210.611240 1302618972.0
444700.923013 4635226.947903 1302618975.0
444703.202014 4635253.245225 1302618978.0
444701.790666 4635274.574670 1302618980.0
444701.160709 4635300.339403 1302618982.0
444701.622546 4635327.761170 1302618984.0
444701.838001 4635355.517952 1302618986.0
444702.135584 4635383.163064 1302618988.0
444701.996679 4635408.035720 1302618990.0
444701.293237 4635435.022402 1302618993.0
444700.793087 4635456.122713 1302619013.0
444700.916948 4635482.769873 1302619017.0
444701.561142 4635512.299876 1302619020.0
444701.579609 4635536.060976 1302619022.0
444700.941080 4635560.715449 1302619024.0
444700.076008 4635588.258562 1302619026.0
444699.215256 4635616.356811 1302619028.0
444699.030465 4635646.004289 1302619030.0
444699.429161 4635675.980340 1302619032.0
444700.311114 4635704.065065 1302619034.0
444700.348563 4635730.268771 1302619036.0
444700.128442 4635755.364139 1302619038.0
444699.648167 4635779.018087 1302619040.0
444700.231171 4635800.665171 1302619042.0
444701.605846 4635828.079873 1302619045.0
444702.029773 4635850.616464 1302619049.0
444703.386335 4635875.699597 1302619072.0
444706.053374 4635898.551878 1302619075.0
444706.214550 4635919.313970 1302619077.0
444705.309888 4635941.749845 1302619079.0
444703.490710 4635963.970753 1302619081.0
444701.242844 4635984.418448 1302619083.0
444702.629565 4636013.387538 1302619086.0
444721.285447 4636022.014403 1302619089.0
444749.577722 4636021.239709 1302619092.0
444773.150405 4636021.834127 1302619094.0
444797.793232 4636021.309991 1302619096.0
444823.260713 4636020.113347 1302619098.0
444848.895022 4636019.026537 1302619100.0
444874.614897 4636018.272259 1302619102.0
444900.250077 4636017.296661 1302619104.0
444925.797989 4636015.766661 1302619106.0
444951.600002 4636014.900992 1302619108.0
444977.990608 4636015.030174 1302619110.0
445004.049286 4636015.162018 1302619112.0
445029.526236 4636015.187412 1302619114.0
445054.419747 4636014.884296 1302619116.0
445078.154945 4636015.034335 1302619118.0
445101.724179 4636015.185732 1302619120.0
445125.461939 4636015.669010 1302619122.0
445149.451203 4636016.483532 1302619124.0
445174.846012 4636016.621112 1302619126.0
445200.161255 4636017.203530 1302619128.0
445225.805001 4636017.339377 1302619130.0
445251.693421 4636016.918266 1302619132.0
445277.415880 4636016.498524 1302619134.0
445303.637081 4636016.186079 1302619136.0
445329.696580 4636016.430141 1302619138.0
445355.756928 4636016.785325 1302619140.0
445381.150868 4636016.812614 1302619142.0
445405.715846 4636016.957380 1302619144.0
445428.449282 4636016.339029 1302619146.0
445453.418109 4636015.037427 1302619149.0
445473.691866 4636018.324238 1302619174.0
445493.859681 4636018.614006 1302619177.0
445524.483964 4636018.934882 1302619180.0
445548.468904 4636019.195611 1302619182.0
445574.860293 4636019.438032 1302619184.0
445602.250844 4636020.117054 1302619186.0
445629.473731 4636020.575394 1302619188.0
445656.861727 4636020.921544 1302619190.0
445684.583337 4636021.487323 1302619192.0
445713.630945 4636021.821036 1302619194.0
445742.431296 4636022.378818 1302619196.0
445770.236714 4636023.055325 1302619198.0
445796.216542 4636023.745834 1302619200.0
445822.109160 4636023.881933 1302619202.0
445848.002619 4636024.129152 1302619204.0
445873.066264 4636024.382772 1302619206.0
445897.381390 4636024.420099 1302619208.0
445921.367120 4636024.793111 1302619210.0
445946.351988 4636025.602755 1302619212.0
445972.086204 4636026.739903 1302619214.0
445997.233651 4636027.104357 1302619216.0
446021.304024 4636027.699130 1302619218.0
446043.880735 4636028.305300 1302619220.0
446065.294866 4636028.809311 1302619222.0
446092.874793 4636032.597724 1302619225.0
446119.196537 4636034.619224 1302619228.0
446146.602053 4636037.298828 1302619231.0
446174.819734 4636037.640695 1302619234.0
446199.706437 4636036.453365 1302619237.0
446222.976271 4636029.948719 1302619241.0
446243.335947 4636022.688880 1302619261.0
446267.708909 4636019.396029 1302619280.0
446288.381325 4636009.580189 1302619284.0
446295.103840 4635987.655896 1302619287.0
446294.875296 4635957.345472 1302619290.0
446295.354978 4635932.914486 1302619292.0
446295.978866 4635905.595542 1302619294.0
446296.506384 4635876.500790 1302619296.0
446297.036421 4635847.739121 1302619298.0
446298.002309 4635821.750005 1302619300.0
446298.750226 4635799.870772 1302619302.0
446300.746255 4635778.426264 1302619305.0
446300.827804 4635756.218956 1302619330.0
446300.543938 4635729.573065 1302619333.0
446300.790623 4635707.253480 1302619335.0
446301.016388 4635682.158217 1302619337.0
446301.481067 4635655.728753 1302619339.0
446301.859420 4635628.855808 1302619341.0
446302.241125 4635602.426972 1302619343.0
446301.801343 4635577.114664 1302619345.0
446302.793254 4635554.567400 1302619347.0
446303.270514 4635529.803349 1302619350.0
446298.889209 4635510.072426 1302619358.0
446277.217051 4635508.570333 1302619362.0
446255.733473 4635510.064785 1302619365.0
446233.907061 4635510.118455 1302619368.0
446212.917225 4635511.054142 1302619371.0
446190.434467 4635512.112202 1302619374.0
446165.962544 4635513.518465 1302619377.0
446137.830810 4635513.842150 1302619380.0
446107.619364 4635513.515477 1302619383.0
446085.702406 4635512.570985 1302619385.0
446063.285839 4635511.408276 1302619387.0
446041.932956 4635508.238977 1302619389.0
446020.745186 4635504.957458 1302619391.0
445996.406411 4635502.032988 1302619394.0
