446819.101811 4636746.523869 1302563980.0
446829.879259 4636723.015319 1302564001.0
446834.306894 4636693.669418 1302564004.0
446835.649547 4636673.451299 1302564006.0
446837.932358 4636645.786919 1302564009.0
446834.782010 4636623.936842 1302564012.0
446826.497192 4636603.457507 1302564017.0
446803.467730 4636597.522663 1302564020.0
446776.248859 4636597.281912 1302564023.0
446756.161620 4636596.432771 1302564025.0
446727.112323 4636595.539692 1302564028.0
446706.998481 4636591.137817 1302564030.0
446686.985044 4636589.066950 1302564032.0
446665.888770 4636586.449081 1302564034.0
446636.836919 4636585.223288 1302564037.0
446616.078336 4636583.380271 1302564039.0
446595.244261 4636582.537182 1302564041.0
446574.498152 4636582.359695 1302564043.0
446553.422643 4636582.517841 1302564045.0
446531.929761 4636582.346083 1302564047.0
446509.602129 4636581.514458 1302564049.0
446486.021529 4636579.581983 1302564051.0
446462.371297 4636579.426647 1302564053.0
446438.312870 4636580.162728 1302564055.0
446416.485568 4636579.660732 1302564057.0
446394.813346 4636577.714200 1302564059.0
446373.226593 4636576.100190 1302564061.0
446351.976747 4636575.149909 1302564063.0
446331.888538 4636574.190937 1302564065.0
446303.340264 4636573.739942 1302564068.0
446276.039954 4636573.723782 1302564071.0
446250.068073 4636573.808733 1302564074.0
446224.024955 4636575.448787 1302564077.0
446196.552825 4636574.656994 1302564080.0
446168.338951 4636574.537115 1302564083.0
446142.948730 4636574.729093 1302564086.0
446119.213799 4636574.353469 1302564090.0
446095.219856 4636572.647481 1302564100.0
446074.711676 4636571.026210 1302564103.0
446053.120609 4636568.858033 1302564106.0
446029.292577 4636567.151010 1302564110.0
446008.460881 4636566.642718 1302564120.0
445982.317959 4636566.063739 1302564124.0
445955.343598 4636565.269099 1302564127.0
445926.959502 4636564.596299 1302564130.0
445897.495884 4636563.820780 1302564133.0
445877.331336 4636563.751938 1302564135.0
445856.670626 4636563.908992 1302564137.0
445835.843967 4636564.067369 1302564139.0
445814.851358 4636564.227070 1302564141.0
445794.016248 4636563.275296 1302564143.0
445772.774711 4636563.437015 1302564145.0
445752.278256 4636563.371055 1302564147.0
445723.812837 4636562.921751 1302564150.0
445700.663724 4636563.209258 1302564154.0
445674.778139 4636563.739783 1302564161.0
445648.800260 4636563.049736 1302564164.0
445628.053176 4636562.763978 1302564166.0
445606.480582 4636563.039754 1302564168.0
445584.575242 4636563.207105 1302564170.0
445563.166901 4636563.259691 1302564172.0
445535.201853 4636563.140417 1302564175.0
445513.875635 4636563.081488 1302564178.0
445493.533215 4636561.460620 1302564182.0
445465.806026 4636559.896358 1302564186.0
445438.662198 4636558.660836 1302564189.0
445408.963161 4636559.665681 1302564192.0
445387.551396 4636559.274685 1302564194.0
445365.475829 4636558.888846 1302564196.0
445343.816836 4636558.721946 1302564198.0
445316.269184 4636558.933429 1302564201.0
445293.612784 4636558.552273 1302564205.0
445270.630453 4636558.950931 1302564212.0
445245.397559 4636558.034560 1302564215.0
445224.398937 4636557.418810 1302564217.0
445202.900753 4636556.584897 1302564219.0
445180.828576 4636556.643740 1302564221.0
445159.664847 4636556.140485 1302564223.0
445139.579788 4636555.628983 1302564225.0
445115.344267 4636554.927457 1302564228.0
445094.429450 4636554.422478 1302564232.0
445070.187923 4636552.943914 1302564256.0
445047.773548 4636551.673401 1302564259.0
445019.067637 4636552.339107 1302564262.0
444991.273596 4636552.886852 1302564265.0
444964.803725 4636552.980335 1302564269.0
444941.561292 4636551.938623 1302564272.0
444917.908270 4636551.455333 1302564275.0
444893.675278 4636551.087643 1302564279.0
444873.585875 4636550.021754 1302564287.0
444845.278498 4636548.575430 1302564291.0
444817.062686 4636548.238849 1302564294.0
444786.690379 4636548.030132 1302564297.0
444766.524861 4636547.853408 1302564299.0
444737.725627 4636547.188564 1302564302.0
444714.816753 4636546.367070 1302564305.0
444688.849006 4636547.012851 1302564309.0
444668.625678 4636539.397572 1302564313.0
444666.879201 4636517.537436 1302564317.0
444667.945261 4636494.545108 1302564320.0
444669.058075 4636466.888989 1302564323.0
444669.399795 4636446.789175 1302564325.0
444669.570390 4636426.024488 1302564327.0
444669.817064 4636404.370938 1302564329.0
444669.975588 4636382.051870 1302564331.0
444670.129802 4636359.177666 1302564333.0
444670.113751 4636335.749616 1302564335.0
444670.188442 4636313.320168 1302564337.0
444670.577797 4636288.667596 1302564340.0
