446319.948664 4635066.779494 1302625161.0
446319.674944 4635041.465956 1302625184.0
446319.101041 4635020.373947 1302625187.0
446320.356327 4634999.712290 1302625191.0
446321.585690 4634975.608797 1302625201.0
446320.812346 4634950.076960 1302625205.0
446318.480520 4634926.999599 1302625208.0
446314.694281 4634898.159466 1302625211.0
446313.460591 4634877.627599 1302625213.0
446315.698445 4634855.182010 1302625215.0
446317.015844 4634831.744058 1302625217.0
446317.754796 4634808.643566 1302625219.0
446318.410760 4634785.543699 1302625221.0
446318.898229 4634762.112003 1302625223.0
446319.225567 4634739.458747 1302625225.0
446318.906504 4634719.142061 1302625227.0
446317.173992 4634698.502924 1302625231.0
446296.466881 4634693.218331 1302625240.0
446276.048072 4634693.150187 1302625243.0
446246.719322 4634689.263146 1302625246.0
446222.392958 4634688.336369 1302625248.0
446196.906311 4634687.640502 1302625250.0
446175.901472 4634686.910870 1302625252.0
446152.322056 4634685.978689 1302625256.0
446129.666506 4634686.483035 1302625259.0
446098.868896 4634685.938705 1302625262.0
446074.214708 4634685.570080 1302625264.0
446047.569437 4634685.327648 1302625266.0
446022.833086 4634685.070856 1302625268.0
445997.598751 4634684.817923 1302625271.0
445981.545717 4634702.260808 1302625277.0
445981.393015 4634725.912072 1302625280.0
445981.304795 4634747.120115 1302625282.0
445980.902271 4634770.662241 1302625284.0
445980.242347 4634793.095986 1302625286.0
445979.238665 4634813.977872 1302625289.0
445978.443910 4634840.520876 1302625293.0
445978.163126 4634869.169620 1302625296.0
445978.087555 4634892.043072 1302625298.0
445978.013669 4634915.138580 1302625300.0
445977.836589 4634935.570068 1302625302.0
445977.493524 4634956.002816 1302625306.0
445977.029094 4634982.321256 1302625310.0
445977.502847 4635011.963586 1302625313.0
445977.108790 4635036.615993 1302625315.0
445976.650267 4635063.711626 1302625317.0
445975.962980 4635093.473797 1302625319.0
445975.203656 4635124.679950 1302625321.0
445974.689105 4635155.329082 1302625323.0
445973.721720 4635180.985144 1302625325.0
445972.346969 4635207.643598 1302625328.0
445962.532111 4635226.704758 1302625336.0
445941.291648 4635227.532099 1302625339.0
445911.166170 4635227.760754 1302625342.0
445886.688248 4635228.501805 1302625344.0
445860.959570 4635228.475211 1302625346.0
445836.467303 4635227.328974 1302625348.0
445815.718881 4635227.375715 1302625350.0
445795.216049 4635226.976513 1302625354.0
445771.492649 4635228.711521 1302625381.0
445743.202257 4635230.148287 1302625384.0
445719.804071 4635230.992722 1302625386.0
445693.494458 4635230.971159 1302625388.0
445665.437814 4635230.407849 1302625390.0
445635.387702 4635229.637793 1302625392.0
445604.013127 4635229.322112 1302625394.0
445573.548896 4635228.666513 1302625396.0
445547.729570 4635227.642439 1302625398.0
445522.331979 4635227.503503 1302625401.0
445504.072644 4635238.302376 1302625430.0
445503.004447 4635261.405533 1302625433.0
445503.901076 4635291.821878 1302625436.0
445503.984550 4635313.583824 1302625438.0
445503.488801 4635335.572269 1302625440.0
445502.666198 4635358.229417 1302625442.0
445502.136733 4635386.658071 1302625445.0
445501.812073 4635409.311412 1302625448.0
445502.662838 4635433.732299 1302625453.0
445503.115649 4635460.376905 1302625457.0
445502.805434 4635484.917709 1302625460.0
445501.703576 4635514.461084 1302625463.0
445500.798026 4635537.118874 1302625465.0
445500.482733 4635560.993519 1302625467.0
445500.172541 4635585.534327 1302625469.0
445499.439778 4635609.079067 1302625471.0
445499.118552 4635632.176525 1302625473.0
445498.710947 4635654.830509 1302625475.0
445498.211866 4635676.374858 1302625477.0
445497.958347 4635697.473194 1302625479.0
445498.119753 4635718.568356 1302625481.0
445497.536850 4635740.002315 1302625483.0
445497.249628 4635767.540865 1302625486.0
445498.652399 4635788.182396 1302625489.0
445500.895194 4635810.149905 1302625494.0
445502.396223 4635832.789293 1302625497.0
445504.946556 4635862.415777 1302625500.0
445507.040336 4635886.605104 1302625502.0
445509.061314 4635912.127393 1302625504.0
445509.662242 4635936.439177 1302625506.0
445509.093778 4635959.760605 1302625508.0
445509.223997 4635987.629071 1302625511.0
445509.385385 4636008.724242 1302625515.0
445526.895512 4636019.582640 1302625519.0
445553.114998 4636019.049059 1302625522.0
445574.695180 4636019.550327 1302625524.0
445599.426095 4636019.694494 1302625526.0
445627.226461 4636019.704280 1302625528.0
445657.274939 4636020.696324 1302625530.0
445688.814525 4636021.344024 1302625532.0
445720.187296 4636021.882101 1302625534.0
445751.637120 4636021.642494 1302625536.0
445782.841382 4636021.849029 1302625538.0
445813.796697 4636022.057595 1302625540.0
445842.426005 4636021.950881 1302625542.0
445865.160282 4636021.444950 1302625544.0
445887.477969 4636020.720190 1302625547.0
