443578.577972 4635562.854608 1302662366.0
443520.960582 4635560.202240 1302662373.0
443495.044074 4635557.298809 1302662375.0
443466.810081 4635555.191104 1302662377.0
443437.574057 4635552.314227 1302662379.0
443410.582180 4635549.863778 1302662381.0
443386.576927 4635547.278661 1302662383.0
443365.725157 4635544.668552 1302662385.0
443340.724907 4635542.202534 1302662388.0
443320.538766 4635539.809331 1302662403.0
443296.519301 4635535.448081 1302662408.0
443271.579874 4635530.205964 1302662411.0
443250.901940 4635528.594114 1302662413.0
443230.638048 4635526.867990 1302662415.0
443209.614868 4635523.593497 1302662419.0
443186.611486 4635521.778303 1302662423.0
443159.293643 4635520.108643 1302662426.0
443136.138440 4635520.071372 1302662429.0
443113.268549 4635524.584303 1302662448.0
443094.986419 4635542.384774 1302662454.0
443080.373541 4635562.376661 1302662457.0
443076.655931 4635585.279434 1302662459.0
443073.957249 4635611.060960 1302662461.0
443073.359855 4635640.156724 1302662463.0
443070.750408 4635666.714781 1302662465.0
443065.962071 4635690.625432 1302662467.0
443061.329975 4635713.313460 1302662469.0
443060.470385 4635740.745813 1302662471.0
443059.210970 4635770.068946 1302662473.0
443058.031891 4635799.058337 1302662475.0
443057.586363 4635826.376349 1302662477.0
443057.117764 4635850.807654 1302662479.0
443055.798037 4635872.580940 1302662481.0
443054.039007 4635901.686007 1302662484.0
443054.007536 4635928.889680 1302662487.0
443053.396080 4635956.209025 1302662490.0
443053.081052 4635979.084627 1302662493.0
443068.322196 4635996.284150 1302662497.0
443089.922269 4635999.220492 1302662500.0
443120.812715 4636001.638565 1302662503.0
443145.472430 4636003.218229 1302662505.0
443170.969035 4636005.679577 1302662507.0
443194.474064 4636008.156898 1302662509.0
443215.301539 4636007.879785 1302662511.0
443236.963254 4636008.151256 1302662515.0
443263.361103 4636009.162305 1302662521.0
443292.327832 4636009.708860 1302662524.0
443316.233569 4636010.406843 1302662526.0
443343.293478 4636011.190850 1302662528.0
443371.337681 4636010.523688 1302662530.0
443396.644381 4636009.989425 1302662532.0
443418.222210 4636010.151079 1302662534.0
443440.629850 4636010.306209 1302662537.0
443468.185864 4636010.864682 1302662541.0
443497.812884 4636010.962695 1302662544.0
443521.798044 4636011.216600 1302662546.0
443548.770532 4636011.446909 1302662548.0
443578.730348 4636011.653654 1302662550.0
443610.018742 4636011.961042 1302662552.0
443639.895568 4636012.168702 1302662554.0
443668.277847 4636012.277273 1302662556.0
443698.242913 4636013.150685 1302662558.0
443728.785331 4636013.575525 1302662560.0
443757.498645 4636013.570802 1302662562.0
443783.721639 4636013.474816 1302662564.0
443807.450812 4636012.843430 1302662566.0
443827.524427 4636011.685781 1302662568.0
443849.890893 4636006.623917 1302662571.0
443858.905805 4635981.681201 1302662575.0
443860.019111 4635954.469057 1302662578.0
443860.271253 4635933.814717 1302662580.0
443860.325054 4635909.053678 1302662583.0
443860.081930 4635888.736345 1302662611.0
443861.499343 4635868.516960 1302662614.0
443863.268679 4635840.300344 1302662617.0
443864.245821 4635816.864441 1302662619.0
443866.122669 4635791.755937 1302662621.0
443867.585487 4635766.761732 1302662623.0
443867.672578 4635746.219733 1302662625.0
443879.063963 4635727.920380 1302662629.0
443900.434667 4635722.755505 1302662632.0
443928.993659 4635724.085118 1302662635.0
443950.431678 4635727.469489 1302662637.0
443974.592451 4635728.833894 1302662639.0
443998.166210 4635729.425757 1302662641.0
444022.818764 4635730.009221 1302662643.0
444045.477065 4635730.275333 1302662645.0
444069.210676 4635730.088938 1302662648.0
444096.413087 4635727.765750 1302662653.0
444124.129969 4635727.548277 1302662656.0
444147.039834 4635728.145841 1302662658.0
444172.857637 4635729.164823 1302662660.0
444198.751458 4635729.295031 1302662662.0
444222.723588 4635727.774870 1302662664.0
444243.773014 4635723.945953 1302662666.0
444266.479092 4635730.319264 1302662690.0
444286.821615 4635731.603569 1302662693.0
444316.041745 4635732.596459 1302662696.0
444338.779525 4635732.418746 1302662698.0
444363.679239 4635732.779390 1302662700.0
444389.992288 4635733.462188 1302662702.0
444417.215562 4635733.804879 1302662704.0
444441.532639 4635733.948272 1302662706.0
444463.284117 4635735.000023 1302662709.0
444476.590011 4635717.241896 1302662714.0
444475.737467 4635693.043142 1302662717.0
444477.399575 4635672.044772 1302662719.0
444478.871494 4635647.938935 1302662721.0
444479.829068 4635621.727464 1302662723.0
444481.179949 4635592.737081 1302662725.0
444482.191975 4635562.861069 1302662727.0
444481.813137 4635535.549679 1302662729.0
444480.295843 4635511.245078 1302662731.0
444477.801728 4635489.390837 1302662734.0
444477.773865 4635464.519460 1302662741.0
444480.122371 4635435.743376 1302662744.0
444482.772644 4635413.738011 1302662746.0
444485.743642 4635390.286708 1302662748.0
444488.195099 4635364.063609 1302662750.0
444489.892753 4635336.958115 1302662752.0
444489.445673 4635311.534841 1302662754.0
444487.947409 4635289.672844 1302662756.0
444483.777884 4635265.833053 1302662759.0
