446113.382599 4635233.112427 1303561883.0
446090.812621 4635233.727312 1303561889.0
446069.400307 4635233.778338 1303561892.0
446043.255027 4635233.532172 1303561895.0
446016.199374 4635233.626101 1303561898.0
445992.213518 4635233.585827 1303561901.0
445972.206505 4635243.841570 1303561905.0
445972.449474 4635264.936085 1303561908.0
445972.712651 4635288.695251 1303561911.0
445971.833345 4635315.016853 1303561914.0
445971.052193 4635343.336313 1303561917.0
445970.284523 4635373.432209 1303561920.0
445970.024520 4635393.864342 1303561922.0
445969.574502 4635422.070262 1303561925.0
445968.609721 4635448.059417 1303561928.0
445966.197109 4635469.174082 1303561931.0
445959.147336 4635491.656326 1303561960.0
445938.696677 4635498.029373 1303561964.0
445916.529836 4635496.976263 1303561967.0
445890.460904 4635495.730793 1303561970.0
445861.572084 4635494.728915 1303561973.0
445831.279225 4635494.626099 1303561976.0
445802.071955 4635495.403421 1303561979.0
445775.178188 4635494.830849 1303561982.0
445750.195658 4635494.576924 1303561985.0
445725.464624 4635494.654271 1303561989.0
445704.635680 4635494.924029 1303561995.0
445676.998400 4635494.801629 1303561999.0
445651.269822 4635494.664773 1303562002.0
445623.714676 4635494.430920 1303562005.0
445595.244970 4635493.982090 1303562008.0
445567.357018 4635493.639962 1303562011.0
445540.543652 4635492.734560 1303562014.0
445513.572794 4635492.940800 1303562017.0
445485.182657 4635492.047667 1303562020.0
445456.037124 4635490.050094 1303562023.0
445435.947395 4635489.315674 1303562025.0
445415.695090 4635489.026692 1303562027.0
445395.196373 4635489.072757 1303562029.0
445374.202286 4635489.455780 1303562031.0
445353.126916 4635490.061557 1303562033.0
445332.211559 4635489.888932 1303562035.0
445311.295348 4635489.605341 1303562037.0
445290.707672 4635488.875153 1303562039.0
445270.535781 4635488.252865 1303562041.0
445250.116630 4635487.854601 1303562043.0
445229.446806 4635487.236256 1303562045.0
445208.945514 4635486.949775 1303562047.0
445188.279099 4635486.775658 1303562049.0
445167.780366 4635486.822377 1303562051.0
445147.612727 4635486.755572 1303562053.0
445127.362955 4635486.800491 1303562055.0
445106.535692 4635487.294052 1303562057.0
445085.290070 4635487.346764 1303562059.0
445064.121442 4635486.621709 1303562061.0
445042.868108 4635485.675303 1303562063.0
445021.534350 4635485.062682 1303562065.0
445000.283575 4635484.449485 1303562067.0
444980.111632 4635483.828018 1303562069.0
444951.806058 4635483.158423 1303562072.0
444926.156933 4635482.579436 1303562075.0
444905.323651 4635482.296395 1303562079.0
444881.424126 4635482.592308 1303562085.0
444859.759246 4635482.093768 1303562088.0
444833.697747 4635481.851407 1303562091.0
444806.222016 4635481.175963 1303562094.0
444777.915542 4635480.396031 1303562097.0
444748.451542 4635480.180358 1303562100.0
444728.368569 4635480.336151 1303562102.0
444707.620835 4635480.386125 1303562104.0
444686.289602 4635480.107590 1303562106.0
444664.625553 4635479.720670 1303562108.0
444642.872474 4635478.557270 1303562110.0
444620.872150 4635477.617926 1303562112.0
444598.874410 4635477.011732 1303562114.0
444577.872515 4635476.397858 1303562116.0
444548.491465 4635476.182366 1303562119.0
444521.936311 4635476.500157 1303562122.0
444498.867501 4635476.901918 1303562126.0
444477.879437 4635478.064773 1303562132.0
444457.461905 4635477.890835 1303562135.0
444431.804029 4635476.203355 1303562138.0
444402.992612 4635474.540579 1303562141.0
444382.906147 4635474.253237 1303562143.0
444362.824882 4635474.632114 1303562145.0
444334.198499 4635475.410917 1303562148.0
444312.219807 4635477.248205 1303562151.0
444291.056239 4635477.191610 1303562164.0
444269.214004 4635475.252809 1303562168.0
444247.959620 4635474.197746 1303562171.0
444220.148336 4635473.083052 1303562174.0
444199.726422 4635472.354716 1303562176.0
444179.641673 4635472.290001 1303562178.0
444152.246175 4635471.283347 1303562181.0
444129.489270 4635469.130076 1303562184.0
444107.170809 4635469.971356 1303562189.0
444082.692929 4635470.607588 1303562195.0
444060.282770 4635470.339395 1303562198.0
444033.387783 4635469.662369 1303562201.0
444004.252121 4635469.003057 1303562204.0
443975.123437 4635469.232081 1303562207.0
443948.908932 4635470.659669 1303562210.0
443925.848842 4635472.173557 1303562214.0
443905.736974 4635468.667772 1303562232.0
443880.339233 4635468.423670 1303562258.0
443860.167967 4635467.916401 1303562261.0
443835.181656 4635467.225081 1303562264.0
443807.043557 4635466.780778 1303562267.0
443786.957892 4635466.606143 1303562269.0
443766.206571 4635466.214750 1303562271.0
443744.874332 4635465.828005 1303562273.0
443723.376114 4635465.442636 1303562275.0
443701.711917 4635465.058643 1303562277.0
443679.966485 4635464.897426 1303562279.0
443658.801086 4635464.620654 1303562281.0
443638.467320 4635464.559433 1303562283.0
443618.049686 4635464.387900 1303562285.0
443597.881013 4635464.214454 1303562287.0
443569.665159 4635464.437909 1303562290.0
443544.688469 4635464.968907 1303562293.0
443523.698716 4635465.912520 1303562297.0
443500.218454 4635466.764913 1303562316.0
443472.831603 4635466.871142 1303562320.0
443446.763742 4635465.856664 1303562323.0
443417.873404 4635464.753664 1303562326.0
443387.824754 4635464.104123 1303562329.0
443358.359660 4635463.783171 1303562332.0
443330.638189 4635463.559505 1303562335.0
443306.490494 4635463.973709 1303562338.0
443285.845084 4635466.469762 1303562342.0
443263.168188 4635463.985514 1303562355.0
443242.737255 4635462.149648 1303562358.0
443218.082777 4635461.457848 1303562361.0
443195.092478 4635461.308033 1303562364.0
443173.098917 4635461.261375 1303562369.0
443152.433160 4635461.204190 1303562374.0
443132.017253 4635461.256104 1303562377.0
443109.695282 4635461.656401 1303562380.0
443085.800979 4635462.624501 1303562384.0
443066.318770 4635475.660156 1303562391.0
443066.979967 4635496.085182 1303562394.0
443067.347368 4635521.287031 1303562397.0
443066.995394 4635549.936694 1303562400.0
443066.397129 4635578.921429 1303562403.0
443065.797097 4635607.684112 1303562406.0
443065.791743 4635627.781366 1303562408.0
443065.542758 4635648.546774 1303562410.0
443065.381198 4635669.866655 1303562412.0
443065.138430 4635691.409255 1303562414.0
443064.644936 4635712.731791 1303562416.0
443063.987252 4635734.277709 1303562418.0
443063.330461 4635755.934655 1303562420.0
443062.838757 4635777.479248 1303562422.0
443062.263186 4635798.913478 1303562424.0
443062.020442 4635820.456083 1303562426.0
443061.771489 4635841.221497 1303562428.0
443061.353023 4635861.544130 1303562430.0
443061.263829 4635881.531028 1303562432.0
443060.752183 4635910.959226 1303562435.0
443060.059491 4635938.501288 1303562438.0
443059.745327 4635961.487915 1303562441.0
443059.250113 4635982.588406 1303562446.0
443065.632613 4636002.412539 1303562461.0
443088.551502 4636004.227992 1303562465.0
443109.710917 4636003.947918 1303562468.0
443135.278992 4636004.965120 1303562471.0
443162.504917 4636005.747115 1303562474.0
443188.404901 4636006.761859 1303562477.0
443211.397867 4636007.466771 1303562480.0
443233.882320 4636006.843398 1303562484.0
443256.938800 4636005.105196 1303562505.0
443281.840336 4636005.795131 1303562509.0
443306.990810 4636006.483171 1303562512.0
443335.208944 4636006.813791 1303562515.0
443365.339179 4636007.573456 1303562518.0
443393.641165 4636008.014675 1303562521.0
443419.784746 4636008.362118 1303562524.0
443440.368563 4636008.753804 1303562527.0
443461.279895 4636008.587778 1303562533.0
443486.600699 4636009.830272 1303562537.0
443511.593088 4636011.519596 1303562540.0
443540.067163 4636012.737271 1303562543.0
443560.981120 4636012.904620 1303562545.0
443582.644547 4636013.399197 1303562547.0
443605.301109 4636013.552873 1303562549.0
443627.874687 4636013.707278 1303562551.0
443650.280543 4636013.641013 1303562553.0
443673.350250 4636013.569568 1303562555.0
443694.349809 4636014.069734 1303562557.0
443715.100420 4636014.571930 1303562559.0
443735.438752 4636015.410545 1303562561.0
443763.331011 4636016.522673 1303562564.0
443788.645581 4636016.989048 1303562567.0
443813.204555 4636016.351132 1303562570.0
443837.323236 4636012.496782 1303562574.0
443858.668549 4636004.223007 1303562596.0
443863.199854 4635978.982537 1303562600.0
443863.695698 4635957.660070 1303562603.0
443864.360136 4635936.669379 1303562606.0
443864.917097 4635912.570579 1303562610.0
