446264.509228 4635496.230436 1302556706.0
446285.341510 4635496.406424 1302556722.0
446300.244170 4635480.638356 1302556726.0
446300.477492 4635456.542347 1302556729.0
446300.157520 4635436.114611 1302556731.0
446300.645669 4635412.793916 1302556733.0
446301.860633 4635386.802942 1302556735.0
446303.072261 4635360.367861 1302556737.0
446302.134554 4635335.059315 1302556739.0
446299.959536 4635310.759398 1302556741.0
446299.131587 4635289.003096 1302556743.0
446298.534191 4635264.802322 1302556746.0
446298.036522 4635242.821465 1302556759.0
446278.139101 4635234.643975 1302556763.0
446252.337532 4635235.948918 1302556766.0
446232.168408 4635235.768009 1302556768.0
446210.753591 4635235.485529 1302556770.0
446188.757001 4635235.096474 1302556772.0
446165.598545 4635234.716267 1302556774.0
446142.857554 4635234.666079 1302556776.0
446120.199552 4635234.615336 1302556778.0
446097.455198 4635234.121184 1302556780.0
446075.211302 4635233.956418 1302556782.0
446054.047118 4635233.894578 1302556784.0
446033.129379 4635233.497835 1302556786.0
446012.045657 4635233.102410 1302556788.0
445990.381841 4635232.822479 1302556790.0
445967.887278 4635232.437881 1302556792.0
445944.145330 4635231.729718 1302556794.0
445920.074787 4635231.468262 1302556796.0
445896.751153 4635231.201215 1302556798.0
445876.082360 4635230.803041 1302556800.0
445849.520411 4635230.338685 1302556803.0
445828.602641 4635229.942541 1302556806.0
445807.110691 4635230.439095 1302556815.0
445785.956619 4635231.710377 1302556819.0
445759.075380 4635232.914290 1302556822.0
445736.082851 4635232.534214 1302556824.0
445710.023062 4635232.621721 1302556826.0
445684.045417 4635232.597662 1302556828.0
445658.398036 4635232.349113 1302556830.0
445632.993693 4635231.321565 1302556832.0
445608.999327 4635230.172311 1302556834.0
445587.247388 4635229.228076 1302556836.0
445561.763421 4635228.645525 1302556839.0
445539.094331 4635227.153278 1302556843.0
445515.592779 4635225.334368 1302556852.0
445486.960251 4635225.442366 1302556856.0
445466.878281 4635225.818123 1302556858.0
445442.891513 4635225.668671 1302556860.0
445416.583564 4635225.870184 1302556862.0
445388.532817 4635226.085154 1302556864.0
445358.569033 4635225.759738 1302556866.0
445327.694906 4635225.774535 1302556868.0
445296.735229 4635225.457022 1302556870.0
445265.692557 4635225.140281 1302556872.0
445234.066386 4635224.495059 1302556874.0
445202.357216 4635223.850617 1302556876.0
445171.311962 4635223.201205 1302556878.0
445140.353110 4635222.995398 1302556880.0
445109.391688 4635222.456645 1302556882.0
445078.430259 4635221.918026 1302556884.0
445047.303698 4635221.491849 1302556886.0
445016.095854 4635221.288502 1302556888.0
444985.218253 4635220.860675 1302556890.0
444954.423637 4635220.432340 1302556892.0
444923.128497 4635219.674906 1302556894.0
444891.335405 4635218.921462 1302556896.0
444858.963948 4635218.505737 1302556898.0
444825.930279 4635218.317355 1302556900.0
444792.644194 4635217.686947 1302556902.0
444760.435255 4635216.826274 1302556904.0
444729.310352 4635216.623540 1302556906.0
444699.017935 4635216.747582 1302556908.0
444670.300613 4635216.637451 1302556910.0
444641.668868 4635216.859873 1302556912.0
444613.119249 4635216.970737 1302556914.0
444585.320863 4635217.631042 1302556916.0
444560.262032 4635218.381170 1302556918.0
444538.355981 4635218.995807 1302556920.0
444515.943344 4635218.504119 1302556923.0
444494.624284 4635219.891556 1302556941.0
444484.284341 4635245.620944 1302556949.0
444485.973692 4635270.701432 1302556952.0
444485.972959 4635291.908907 1302556954.0
444485.331671 4635316.119287 1302556956.0
444485.272180 4635340.436170 1302556958.0
444484.712162 4635364.423851 1302556960.0
444484.880878 4635386.074144 1302556962.0
444483.798713 4635406.956948 1302556964.0
444482.765009 4635434.057273 1302556967.0
444482.200689 4635457.489823 1302556971.0
444468.815620 4635475.803710 1302556979.0
444441.992451 4635473.681142 1302556983.0
444418.506094 4635473.753318 1302556986.0
444395.843546 4635473.041903 1302556989.0
444373.192263 4635473.773913 1302556993.0
444350.132117 4635475.286427 1302556997.0
444329.609327 4635482.886054 1302557002.0
444310.995291 4635490.470818 1302557012.0
444284.210328 4635493.234040 1302557017.0
444259.494855 4635495.314965 1302557020.0
444237.172991 4635495.711730 1302557022.0
444211.599840 4635494.246448 1302557024.0
444186.936059 4635492.329998 1302557026.0
444159.940782 4635489.432602 1302557029.0
444137.183937 4635487.279307 1302557033.0
444117.404176 4635483.770322 1302557037.0
444102.406735 4635497.434136 1302557043.0
444101.181521 4635521.093995 1302557046.0
444100.961743 4635545.967339 1302557049.0
444101.259926 4635573.390402 1302557052.0
444100.350997 4635595.049169 1302557054.0
444099.192247 4635616.598864 1302557056.0
444098.775149 4635637.476535 1302557058.0
444096.651084 4635662.919999 1302557061.0
444097.703998 4635691.336451 1302557065.0
444088.438037 4635716.169768 1302557073.0
444107.449177 4635727.568111 1302557079.0
