445790.444852 4635232.564492 1302920658.0
445769.284872 4635233.058633 1302920676.0
445748.280729 4635232.219249 1302920679.0
445726.193477 4635230.833010 1302920682.0
445702.043304 4635231.017031 1302920687.0
445680.707182 4635230.180376 1302920690.0
445650.405560 4635229.079075 1302920693.0
445629.984859 4635228.568689 1302920695.0
445601.517484 4635228.563932 1302920698.0
445575.375531 4635228.763592 1302920701.0
445552.382969 4635228.384109 1302920704.0
445530.472672 4635228.440560 1302920709.0
445507.066002 4635228.175423 1302920728.0
445497.763938 4635249.009861 1302920733.0
445496.611925 4635272.002627 1302920736.0
445495.936622 4635292.215908 1302920738.0
445495.201271 4635315.427556 1302920740.0
445494.974903 4635340.078747 1302920742.0
445494.837475 4635365.506495 1302920744.0
445494.448535 4635390.603067 1302920746.0
445493.973215 4635415.256166 1302920748.0
445494.241392 4635439.459444 1302920750.0
445494.330003 4635461.887558 1302920752.0
445494.320337 4635482.317819 1302920754.0
445493.324171 4635503.977000 1302920756.0
445492.010507 4635527.526182 1302920758.0
445491.293053 4635553.069409 1302920760.0
445491.410566 4635579.272451 1302920762.0
445491.361259 4635605.365736 1302920764.0
445491.385596 4635630.237088 1302920766.0
445491.154181 4635654.222129 1302920768.0
445491.163229 4635677.094995 1302920770.0
445491.172279 4635699.967861 1302920772.0
445491.182180 4635722.951755 1302920774.0
445492.508787 4635744.482136 1302920776.0
445493.168116 4635765.573490 1302920778.0
445495.421128 4635788.873323 1302920781.0
445497.409035 4635810.065546 1302920786.0
445497.687414 4635835.601164 1302920790.0
445498.456045 4635860.133729 1302920793.0
445500.317890 4635886.545503 1302920796.0
445500.374501 4635915.635900 1302920799.0
445500.931554 4635945.055570 1302920802.0
445502.779784 4635969.690913 1302920805.0
445503.695668 4635991.779614 1302920809.0
445501.692766 4636012.003076 1302920824.0
445520.454406 4636023.740153 1302920835.0
445541.379218 4636025.356670 1302920838.0
445570.584305 4636024.578258 1302920841.0
445592.822379 4636024.297317 1302920843.0
445616.560895 4636024.893258 1302920845.0
445641.125826 4636025.038837 1302920847.0
445667.018451 4636025.174371 1302920849.0
445692.662131 4636025.311898 1302920851.0
445717.556440 4636025.122128 1302920853.0
445742.454133 4636025.376553 1302920855.0
445766.191778 4636025.861966 1302920857.0
445789.181745 4636026.242114 1302920859.0
445810.843168 4636026.521411 1302920861.0
445831.594329 4636027.140798 1302920863.0
445857.740938 4636027.941296 1302920866.0
445879.652136 4636028.329937 1302920871.0
445904.398175 4636030.473652 1302920884.0
445929.545617 4636030.837867 1302920887.0
445958.750696 4636030.061047 1302920890.0
445978.998889 4636030.018477 1302920892.0
446000.826244 4636030.297093 1302920894.0
446022.569774 4636030.465377 1302920896.0
446043.561427 4636029.973222 1302920898.0
446063.641974 4636029.710096 1302920900.0
446091.776714 4636030.052263 1302920903.0
446120.661637 4636030.833000 1302920906.0
446148.980796 4636033.616736 1302920909.0
446175.048540 4636034.974161 1302920912.0
446198.519545 4636033.131324 1302920915.0
446221.905064 4636030.956109 1302920918.0
446245.624197 4636029.000521 1302920921.0
446267.007310 4636025.397132 1302920924.0
446288.173408 4636015.022399 1302920928.0
446294.152433 4635993.547845 1302920931.0
446293.855135 4635965.125510 1302920934.0
446293.261071 4635941.368820 1302920936.0
446293.149829 4635915.609887 1302920938.0
446293.291721 4635890.404214 1302920940.0
446293.111732 4635866.533372 1302920942.0
446292.944301 4635844.327937 1302920944.0
446292.870736 4635823.565231 1302920946.0
446292.679029 4635798.140010 1302920949.0
446292.768086 4635776.931946 1302920953.0
446294.608182 4635756.821014 1302920956.0
446295.543946 4635726.834924 1302920959.0
446295.029524 4635702.633508 1302920961.0
446294.918305 4635676.874585 1302920963.0
446295.811283 4635652.218427 1302920965.0
446296.381534 4635628.786071 1302920967.0
446296.546906 4635606.689169 1302920969.0
446296.971283 4635585.922717 1302920971.0
446296.518091 4635558.833976 1302920974.0
446295.006996 4635534.529047 1302920978.0
446296.911751 4635511.974902 1302921002.0
446297.891105 4635487.762233 1302921006.0
446299.468120 4635465.765729 1302921011.0
446301.921188 4635438.877152 1302921015.0
446302.437095 4635408.228043 1302921018.0
446302.195098 4635387.133521 1302921020.0
446302.290913 4635366.813687 1302921022.0
446302.738910 4635338.163695 1302921025.0
446303.540628 4635312.397906 1302921028.0
446304.120164 4635290.186861 1302921031.0
446303.796024 4635269.203996 1302921035.0
446304.225487 4635249.103718 1302921041.0
446305.441343 4635223.223778 1302921045.0
446305.941256 4635201.457470 1302921048.0
446307.683526 4635179.348700 1302921051.0
446309.413257 4635155.574526 1302921054.0
446310.661788 4635134.024646 1302921057.0
446310.907735 4635111.594056 1302921061.0
446309.755373 4635090.839504 1302921067.0
