446088.144882 4636032.633524 1303405857.0
446114.533649 4636032.544863 1303405861.0
446140.085889 4636031.574356 1303405865.0
446165.891273 4636031.157195 1303405868.0
446186.385041 4636030.669224 1303405870.0
446208.614703 4636029.279934 1303405872.0
446230.172142 4636026.785453 1303405874.0
446256.035391 4636023.037177 1303405877.0
446276.172974 4636019.332180 1303405906.0
446297.168956 4636008.403591 1303405912.0
446299.993883 4635986.841791 1303405915.0
446299.373052 4635959.532230 1303405918.0
446299.212332 4635938.215010 1303405920.0
446298.962771 4635916.121226 1303405922.0
446299.330194 4635887.804916 1303405925.0
446299.602084 4635857.823825 1303405928.0
446298.946819 4635836.954471 1303405930.0
446298.159181 4635809.535140 1303405933.0
446297.924689 4635789.439849 1303405937.0
446298.994503 4635766.225789 1303405959.0
446299.828766 4635744.790040 1303405962.0
446301.872649 4635718.681769 1303405965.0
446302.218227 4635698.471075 1303405967.0
446302.475801 4635677.594844 1303405969.0
446302.896002 4635656.273254 1303405971.0
446303.405050 4635635.728230 1303405973.0
446303.668494 4635615.629191 1303405975.0
446305.361247 4635586.969805 1303405978.0
446307.683458 4635564.745615 1303405981.0
446306.844664 4635541.545951 1303405992.0
446307.357088 4635521.445039 1303405996.0
446312.418743 4635499.311239 1303406016.0
446336.283897 4635494.468016 1303406020.0
446360.611670 4635495.950293 1303406023.0
446383.366855 4635497.999656 1303406026.0
446406.785923 4635500.044097 1303406029.0
446433.936888 4635501.727451 1303406032.0
446462.410625 4635502.734768 1303406035.0
446490.877679 4635502.853981 1303406038.0
446519.258410 4635502.529822 1303406041.0
446541.679073 4635504.249101 1303406044.0
446563.604300 4635506.305267 1303406047.0
446591.247289 4635507.208296 1303406050.0
446612.577436 4635507.381507 1303406052.0
446633.658620 4635507.556647 1303406054.0
446660.884994 4635508.241000 1303406057.0
446681.303938 4635508.643306 1303406060.0
446702.591791 4635514.257736 1303406072.0
446702.845068 4635537.017671 1303406076.0
446701.454401 4635561.899540 1303406079.0
446701.521775 4635581.996068 1303406081.0
446701.444776 4635604.980544 1303406083.0
446701.298086 4635629.742075 1303406085.0
446701.241861 4635655.502231 1303406087.0
446701.183146 4635680.929306 1303406089.0
446701.114465 4635705.024056 1303406091.0
446700.776895 4635726.456019 1303406093.0
446701.097386 4635747.105826 1303406096.0
446715.486939 4635762.542839 1303406101.0
446738.061072 4635762.707107 1303406104.0
446766.187661 4635761.830649 1303406107.0
446786.432435 4635761.235246 1303406109.0
446809.490377 4635759.508559 1303406112.0
446820.814519 4635742.324874 1303406116.0
446816.494542 4635719.484262 1303406119.0
446814.081530 4635696.407348 1303406136.0
446814.301642 4635670.312875 1303406140.0
446815.010552 4635642.993387 1303406143.0
446815.265490 4635621.562055 1303406145.0
446816.002597 4635598.017491 1303406147.0
446816.566278 4635573.474924 1303406149.0
446816.650282 4635551.378671 1303406151.0
446816.984906 4635529.502614 1303406154.0
446805.732867 4635511.932335 1303406161.0
446783.813546 4635510.652615 1303406164.0
446759.168923 4635511.169862 1303406167.0
446739.083602 4635510.986905 1303406172.0
446713.770934 4635510.954138 1303406194.0
446688.122162 4635510.368810 1303406197.0
446660.314061 4635509.577675 1303406200.0
446635.081875 4635509.211485 1303406203.0
446613.998199 4635508.703259 1303406207.0
446593.160151 4635507.749121 1303406231.0
446573.078972 4635508.121768 1303406236.0
446551.172080 4635508.508169 1303406246.0
446528.348167 4635508.346355 1303406249.0
446504.198961 4635508.527666 1303406252.0
446479.630649 4635508.157040 1303406255.0
446452.573558 4635507.916240 1303406258.0
446431.991953 4635507.959946 1303406260.0
446409.577952 4635507.129229 1303406262.0
446385.995442 4635505.419110 1303406264.0
446363.161474 4635503.925499 1303406266.0
446337.427130 4635503.008976 1303406269.0
446317.330878 4635501.383855 1303406273.0
446300.507360 4635482.523940 1303406278.0
446298.851218 4635460.995942 1303406281.0
446299.937850 4635440.002436 1303406298.0
446301.167869 4635416.009949 1303406302.0
446302.043348 4635389.022233 1303406305.0
446302.636258 4635368.587618 1303406307.0
446302.976021 4635347.599746 1303406309.0
446303.486788 4635327.276786 1303406311.0
446306.799113 4635304.267910 1303406314.0
446309.129810 4635283.154001 1303406341.0
446309.308644 4635262.833546 1303406345.0
446309.386918 4635240.182148 1303406348.0
446309.621135 4635216.197175 1303406351.0
446310.428760 4635191.208581 1303406354.0
446311.233046 4635165.775881 1303406357.0
446312.140411 4635143.007205 1303406360.0
446312.607726 4635116.910846 1303406364.0
446309.046935 4635095.952377 1303406368.0
446308.728671 4635075.746707 1303406395.0
446312.445235 4635051.291365 1303406401.0
446313.694637 4635029.852517 1303406405.0
446310.304818 4635009.558961 1303406413.0
446308.454197 4634984.257308 1303406433.0
446312.365247 4634963.575638 1303406439.0
446318.520494 4634943.321195 1303406449.0
446320.429710 4634921.322214 1303406454.0
446318.693891 4634900.238963 1303406459.0
446317.956505 4634879.481291 1303406463.0
446316.607203 4634854.619997 1303406466.0
446316.164145 4634828.863610 1303406469.0
446315.956688 4634801.328916 1303406472.0
446315.625067 4634779.346823 1303406475.0
446314.048509 4634757.374111 1303406494.0
446314.520910 4634731.943930 1303406500.0
446313.268798 4634708.969475 1303406504.0
446295.993169 4634696.441866 1303406508.0
446272.333322 4634695.842995 1303406511.0
446242.775695 4634694.622495 1303406514.0
446220.614798 4634694.678687 1303406516.0
446197.865381 4634693.740092 1303406518.0
446177.278059 4634693.340403 1303406520.0
446151.627946 4634692.979033 1303406524.0
446130.876303 4634692.802788 1303406527.0
446108.632399 4634692.859955 1303406530.0
446083.807202 4634691.826390 1303406546.0
446061.725085 4634691.327313 1303406549.0
446033.166710 4634690.544251 1303406552.0
446012.498047 4634690.367721 1303406554.0
445989.593524 4634690.874399 1303406557.0
445974.420652 4634703.980328 1303406564.0
445975.491872 4634724.846479 1303406567.0
445976.524705 4634751.597690 1303406570.0
445976.184989 4634772.474540 1303406572.0
445975.926589 4634793.128708 1303406574.0
445975.702706 4634818.334983 1303406578.0
445975.742123 4634845.426830 1303406582.0
445975.537609 4634873.186729 1303406585.0
445975.452786 4634894.838885 1303406587.0
445975.207871 4634917.269488 1303406589.0
445975.305036 4634941.029900 1303406592.0
445975.076963 4634965.681046 1303406608.0
445974.088487 4634988.561425 1303406611.0
445973.224265 4635016.881500 1303406614.0
445973.179032 4635043.751931 1303406617.0
445972.718000 4635070.514483 1303406620.0
445971.600616 4635098.281315 1303406623.0
445970.512349 4635118.941787 1303406625.0
445970.269158 4635141.594453 1303406627.0
445970.685689 4635163.686950 1303406629.0
445970.628692 4635189.003009 1303406632.0
