445519.595845 4635227.857527 1301707528.0
445499.342202 4635238.338562 1301707534.0
445497.934415 4635260.445016 1301707538.0
445497.818202 4635288.648438 1301707541.0
445497.663770 4635311.855641 1301707543.0
445496.943706 4635337.065777 1301707545.0
445496.638593 4635362.272740 1301707547.0
445496.407979 4635386.368798 1301707549.0
445496.330603 4635408.798180 1301707551.0
445496.736716 4635429.336292 1301707553.0
445496.573807 4635451.433229 1301707556.0
445499.637219 4635472.173080 1301707581.0
445499.642828 4635494.601830 1301707586.0
445498.991338 4635517.923877 1301707589.0
445498.058026 4635547.799066 1301707592.0
445497.799396 4635568.231235 1301707594.0
445498.193877 4635598.096268 1301707597.0
445497.437337 4635618.532248 1301707599.0
445497.093182 4635638.631973 1301707601.0
445497.084370 4635659.173267 1301707603.0
445497.161943 4635680.158036 1301707605.0
445496.490105 4635700.815439 1301707607.0
445496.396615 4635721.135315 1301707609.0
445496.617496 4635750.002381 1301707612.0
445497.469966 4635774.645334 1301707615.0
445498.551845 4635796.732759 1301707622.0
445500.652457 4635821.810300 1301707627.0
445502.155184 4635844.671742 1301707630.0
445503.439536 4635871.532070 1301707633.0
445505.563050 4635899.607349 1301707636.0
445506.119232 4635928.915991 1301707639.0
445507.240996 4635956.221701 1301707642.0
445507.339793 4635979.982159 1301707645.0
445506.663728 4636000.084435 1301707648.0
445508.232405 4636020.724705 1301707652.0
445532.738152 4636023.979307 1301707657.0
445556.461401 4636022.576558 1301707660.0
445583.516625 4636022.813936 1301707663.0
445609.408416 4636022.838234 1301707666.0
445636.546615 4636023.075180 1301707669.0
445664.849933 4636023.747476 1301707672.0
445694.896693 4636024.517625 1301707675.0
445715.647030 4636025.025646 1301707677.0
445736.235631 4636026.090129 1301707679.0
445756.902978 4636026.598903 1301707681.0
445786.364616 4636026.818725 1301707684.0
445815.325831 4636026.709375 1301707687.0
445843.953432 4636026.380612 1301707690.0
445869.596249 4636026.407749 1301707693.0
445892.252592 4636026.568698 1301707696.0
445914.166320 4636027.290527 1301707699.0
445939.398438 4636027.876202 1301707702.0
445967.121664 4636028.665134 1301707705.0
445995.755988 4636029.225199 1301707708.0
446025.134611 4636029.446638 1301707711.0
446052.765584 4636029.015233 1301707714.0
446080.402442 4636029.361126 1301707717.0
446121.490606 4636030.715695 1301707721.0
446142.904721 4636031.219940 1301707723.0
446164.069889 4636031.726130 1301707725.0
446185.232536 4636031.899301 1301707727.0
446205.641645 4636031.189958 1301707729.0
446225.537783 4636028.485944 1301707731.0
446254.302844 4636024.382652 1301707734.0
446278.252525 4636019.982696 1301707737.0
446296.067597 4636005.413990 1301707741.0
446296.196934 4635978.542906 1301707745.0
446295.091592 4635953.013535 1301707748.0
446294.948544 4635923.035569 1301707751.0
446294.780279 4635900.719105 1301707753.0
446294.773793 4635877.846255 1301707755.0
446294.846944 4635854.528672 1301707757.0
446295.084389 4635830.987783 1301707759.0
446295.491154 4635807.889753 1301707761.0
446295.985929 4635785.457261 1301707763.0
446296.396887 4635762.914369 1301707765.0
446297.061826 4635741.035763 1301707767.0
446297.236396 4635720.160156 1301707769.0
446297.239977 4635698.619638 1301707771.0
446296.744813 4635676.971848 1301707773.0
446296.410595 4635654.656644 1301707775.0
446296.327845 4635632.672646 1301707777.0
446296.327245 4635610.576995 1301707779.0
446296.085222 4635589.482467 1301707781.0
446296.843219 4635568.935567 1301707783.0
446297.811680 4635543.279543 1301707786.0
446298.067584 4635522.181263 1301707790.0
446297.398916 4635499.535486 1301707798.0
446296.534139 4635472.893985 1301707802.0
446297.073453 4635445.353633 1301707805.0
446297.497016 4635424.476159 1301707807.0
446297.745399 4635402.378639 1301707809.0
446297.994624 4635380.392147 1301707811.0
446298.162536 4635358.628335 1301707813.0
446298.170332 4635337.642965 1301707815.0
446297.124509 4635309.004234 1301707818.0
446298.006692 4635282.904739 1301707821.0
446299.231722 4635258.246095 1301707825.0
446299.154865 4635237.039299 1301707845.0
446298.578392 4635215.614204 1301707849.0
446300.712155 4635190.393546 1301707853.0
446300.955554 4635167.629872 1301707857.0
446304.122058 4635147.286901 1301707861.0
446306.674172 4635122.507229 1301707865.0
446306.603202 4635102.077628 1301707869.0
446303.382723 4635082.226930 1301707881.0
