445472.325386 4636024.108453 1302303860.0
445492.991921 4636024.505434 1302303881.0
445516.230016 4636024.771770 1302303884.0
445545.528271 4636025.324947 1302303887.0
445567.193112 4636026.047612 1302303889.0
445590.347366 4636026.203796 1302303891.0
445613.586294 4636026.581477 1302303893.0
445636.905657 4636026.625518 1302303895.0
445660.557789 4636026.778130 1302303897.0
445683.878842 4636027.044380 1302303899.0
445707.031391 4636026.978889 1302303901.0
445730.180555 4636026.469364 1302303903.0
445753.665873 4636026.512523 1302303905.0
445777.731211 4636026.440310 1302303907.0
445802.547602 4636026.917631 1302303909.0
445827.281851 4636027.506698 1302303911.0
445851.683327 4636027.987346 1302303913.0
445876.250760 4636028.466817 1302303915.0
445900.984993 4636029.056139 1302303917.0
445926.300931 4636029.752164 1302303919.0
445952.031766 4636030.445131 1302303921.0
445977.427303 4636030.696599 1302303923.0
446002.076850 4636031.064847 1302303925.0
446026.311489 4636031.436324 1302303927.0
446051.127830 4636031.914511 1302303929.0
446076.195632 4636032.723982 1302303931.0
446101.261746 4636033.311486 1302303933.0
446125.823250 4636033.014627 1302303935.0
446150.222151 4636033.163216 1302303937.0
446173.046930 4636033.656885 1302303939.0
446193.374730 4636033.170189 1302303941.0
446218.346946 4636032.315378 1302303944.0
446242.553064 4636028.912666 1302303948.0
446261.755216 4636022.216784 1302303975.0
446283.042816 4636016.948661 1302303980.0
446294.199315 4635999.765368 1302303984.0
446293.954759 4635978.337745 1302303987.0
446293.923150 4635952.134077 1302303990.0
446294.780069 4635922.703739 1302303993.0
446295.368690 4635901.713970 1302303995.0
446295.709205 4635880.837107 1302303997.0
446296.401018 4635851.519050 1302304000.0
446297.044178 4635826.753735 1302304003.0
446297.533095 4635803.544053 1302304007.0
446298.874456 4635783.325848 1302304016.0
446299.200766 4635760.561527 1302304042.0
446299.629316 4635740.350206 1302304045.0
446301.259951 4635714.467116 1302304048.0
446302.271081 4635694.473472 1302304050.0
446302.850553 4635672.262414 1302304052.0
446303.420824 4635648.830057 1302304054.0
446303.731263 4635623.956226 1302304056.0
446304.698063 4635598.078147 1302304058.0
446306.168647 4635572.973507 1302304060.0
446307.245232 4635550.647673 1302304062.0
446308.129911 4635524.881250 1302304065.0
446311.629874 4635504.757822 1302304092.0
446333.548666 4635494.932755 1302304099.0
446361.025770 4635495.836141 1302304103.0
446388.270614 4635498.962050 1302304106.0
446408.701308 4635500.917954 1302304108.0
446430.785885 4635502.084246 1302304110.0
446453.862960 4635502.799013 1302304112.0
446477.187322 4635503.289929 1302304114.0
446501.260230 4635503.997367 1302304116.0
446526.251823 4635505.475223 1302304118.0
446551.495698 4635507.395408 1302304120.0
446576.071498 4635508.765525 1302304122.0
446599.475483 4635508.812111 1302304124.0
446620.971599 4635508.984103 1302304126.0
446648.941525 4635509.218705 1302304129.0
446669.937221 4635509.061493 1302304132.0
446690.775251 4635510.015855 1302304142.0
446700.450831 4635527.597752 1302304147.0
446700.946429 4635549.467609 1302304150.0
446700.654531 4635577.006057 1302304153.0
446700.399933 4635598.437395 1302304155.0
446700.147830 4635620.201815 1302304157.0
446699.896561 4635642.077263 1302304159.0
446699.636987 4635662.842440 1302304161.0
446699.604864 4635691.822383 1302304164.0
446698.300560 4635717.147747 1302304167.0
446697.788723 4635737.470681 1302304170.0
446697.124216 4635759.571293 1302304173.0
446696.817405 4635785.111262 1302304176.0
446696.210238 4635814.872749 1302304179.0
446695.957341 4635836.526149 1302304181.0
446695.797400 4635859.511255 1302304183.0
446695.893888 4635883.493743 1302304185.0
446696.080838 4635908.474856 1302304187.0
446695.359972 4635934.128964 1302304189.0
446694.889720 4635960.003264 1302304191.0
446694.922347 4635986.540003 1302304193.0
446694.456260 4636012.969441 1302304195.0
446693.980207 4636038.066555 1302304197.0
446693.839405 4636063.605293 1302304199.0
446693.532646 4636089.145276 1302304201.0
446693.215089 4636113.241905 1302304203.0
446692.977192 4636136.893806 1302304205.0
446693.064567 4636159.655005 1302304207.0
446693.152774 4636182.527232 1302304209.0
446691.811230 4636202.856393 1302304211.0
446690.492132 4636226.183290 1302304214.0
446689.648476 4636246.508726 1302304220.0
