444262.132615 4635726.356049 1302712170.0
444283.394061 4635728.410392 1302712174.0
444310.865452 4635728.639702 1302712177.0
444340.668217 4635729.850207 1302712180.0
444367.391000 4635729.863516 1302712183.0
444387.637515 4635729.483349 1302712186.0
444409.728754 4635731.531590 1302712202.0
444432.549519 4635731.353529 1302712208.0
444452.958535 4635730.528144 1302712214.0
444468.008824 4635712.978466 1302712226.0
444470.399593 4635689.642699 1302712229.0
444472.152462 4635669.642926 1302712231.0
444473.722062 4635647.423903 1302712233.0
444475.213880 4635625.871692 1302712235.0
444476.796483 4635605.318080 1302712237.0
444478.312464 4635576.215376 1302712240.0
444480.930651 4635550.101999 1302712243.0
444482.259141 4635528.884168 1302712246.0
444483.846120 4635508.885696 1302712251.0
444483.101674 4635487.906090 1302712275.0
444485.502104 4635465.791637 1302712278.0
444485.757843 4635445.359407 1302712280.0
444485.494025 4635422.155379 1302712282.0
444485.299353 4635397.174271 1302712284.0
444485.265468 4635371.525708 1302712286.0
444484.653257 4635346.214754 1302712288.0
444484.132686 4635322.013426 1302712290.0
444483.971758 4635301.362380 1302712292.0
444484.049418 4635279.377069 1302712295.0
444484.964768 4635258.384536 1302712316.0
444487.033338 4635236.272679 1302712320.0
444498.576692 4635215.863546 1302712324.0
444520.606366 4635209.807165 1302712328.0
444548.971890 4635207.365653 1302712331.0
444570.042886 4635206.091342 1302712333.0
444590.287436 4635205.267658 1302712335.0
444617.670918 4635204.610598 1302712338.0
444640.821876 4635203.986532 1302712341.0
444666.631989 4635203.786023 1302712345.0
444690.203076 4635203.825056 1302712348.0
444720.578539 4635203.700334 1302712351.0
444742.572800 4635203.751777 1302712353.0
444766.228595 4635204.012473 1302712355.0
444790.715154 4635204.377843 1302712357.0
444816.446570 4635204.733655 1302712359.0
444844.168039 4635204.852085 1302712361.0
444872.638139 4635205.186897 1302712363.0
444901.856010 4635205.627074 1302712365.0
444931.320272 4635205.732365 1302712367.0
444960.785388 4635205.948804 1302712369.0
444989.920253 4635206.389983 1302712371.0
445019.055113 4635206.831282 1302712373.0
445047.524328 4635207.055766 1302712375.0
445075.660722 4635207.171896 1302712377.0
445103.468572 4635207.734803 1302712379.0
445131.771794 4635207.960903 1302712381.0
445160.823637 4635208.403419 1302712383.0
445189.626503 4635208.847970 1302712385.0
445218.180392 4635209.294552 1302712387.0
445246.733421 4635209.630221 1302712389.0
445275.206867 4635210.410750 1302712391.0
445304.671077 4635210.517584 1302712393.0
445335.212458 4635210.394208 1302712395.0
445366.919962 4635210.817189 1302712397.0
445399.706337 4635211.232041 1302712399.0
445432.742528 4635211.756165 1302712401.0
445466.775447 4635212.383846 1302712403.0
445501.139471 4635212.898123 1302712405.0
445535.252817 4635213.192415 1302712407.0
445568.703930 4635213.713997 1302712409.0
445601.572407 4635214.018117 1302712411.0
445632.946203 4635214.222762 1302712413.0
445661.333183 4635214.561358 1302712415.0
445684.822029 4635214.715343 1302712417.0
445713.126011 4635215.054778 1302712420.0
445740.434948 4635215.512938 1302712423.0
445770.068459 4635216.064541 1302712426.0
445791.402073 4635216.568383 1302712428.0
445813.397918 4635216.845185 1302712430.0
445836.057684 4635217.117007 1302712432.0
445858.634456 4635217.389532 1302712434.0
445880.880107 4635217.775677 1302712436.0
445901.051837 4635218.288673 1302712438.0
445923.474417 4635220.117042 1302712442.0
445945.078033 4635223.395131 1302712447.0
445966.670680 4635225.229933 1302712466.0
445975.466694 4635246.925784 1302712470.0
445976.003246 4635273.902846 1302712473.0
445975.168183 4635295.116571 1302712475.0
445974.258557 4635317.441197 1302712477.0
445973.598748 4635339.874963 1302712479.0
445973.099028 4635361.530281 1302712481.0
445972.928741 4635382.850001 1302712483.0
445972.505281 4635403.616475 1302712485.0
445971.893489 4635432.378789 1302712488.0
445970.260591 4635457.817844 1302712491.0
445967.590595 4635477.824125 1302712494.0
445984.453386 4635490.798196 1302712499.0
446006.516207 4635489.076469 1302712502.0
446037.549231 4635488.286155 1302712505.0
446061.453762 4635488.660284 1302712507.0
446086.188162 4635489.028212 1302712509.0
446110.174833 4635489.290848 1302712511.0
446133.161456 4635489.005961 1302712513.0
446154.322360 4635488.734947 1302712515.0
446178.971246 4635488.770743 1302712518.0
