444710.541770 4635482.473097 1301844992.0
444688.871697 4635481.308913 1301845005.0
444664.051540 4635480.613399 1301845008.0
444634.909124 4635479.063292 1301845011.0
444613.158626 4635478.233064 1301845013.0
444590.483169 4635475.855623 1301845015.0
444568.972113 4635473.802295 1301845017.0
444548.551118 4635473.183987 1301845019.0
444519.828764 4635472.297283 1301845022.0
444498.737802 4635470.907098 1301845025.0
444473.917579 4635470.212246 1301845032.0
444452.919976 4635470.153875 1301845035.0
444425.279029 4635469.592221 1301845038.0
444404.937524 4635468.529569 1301845040.0
444384.114555 4635469.580378 1301845042.0
444354.571818 4635469.922117 1301845045.0
444328.423766 4635469.238144 1301845048.0
444307.932757 4635470.286581 1301845051.0
444286.362914 4635471.343515 1301845066.0
444267.364423 4635461.610102 1301845076.0
444247.718487 4635453.991452 1301845079.0
444225.627203 4635452.054733 1301845082.0
444197.049804 4635448.503378 1301845085.0
444170.974194 4635446.487005 1301845088.0
444150.729766 4635468.408351 1301845091.0
444126.557446 4635476.259247 1301845095.0
444100.173486 4635477.243471 1301845098.0
444078.686671 4635478.300383 1301845100.0
444053.961602 4635479.160723 1301845102.0
444026.580063 4635479.930987 1301845104.0
443997.862872 4635479.712549 1301845106.0
443968.818965 4635480.163002 1301845108.0
443939.518234 4635479.616288 1301845110.0
443910.626316 4635478.289237 1301845112.0
443882.063710 4635476.626606 1301845114.0
443853.335115 4635474.965398 1301845116.0
443824.776856 4635473.858133 1301845118.0
443796.557546 4635473.636580 1301845120.0
443768.001899 4635472.862624 1301845122.0
443738.871467 4635472.870560 1301845124.0
443709.907887 4635472.988331 1301845126.0
443681.606451 4635472.878917 1301845128.0
443653.962767 4635471.987174 1301845130.0
443627.403186 4635471.753163 1301845132.0
443602.091054 4635471.842478 1301845134.0
443578.102327 4635471.366231 1301845136.0
443558.086452 4635469.526175 1301845138.0
443537.987577 4635467.686834 1301845141.0
443516.308401 4635465.415943 1301845150.0
443488.763497 4635466.522671 1301845154.0
443460.371979 4635465.526576 1301845157.0
443439.615331 4635464.469972 1301845159.0
443417.445237 4635463.091552 1301845161.0
443395.189498 4635461.380778 1301845163.0
443373.435205 4635460.110225 1301845165.0
443352.765043 4635459.497322 1301845167.0
443323.298159 4635458.954461 1301845170.0
443298.897066 4635458.815536 1301845173.0
443276.733991 4635458.325771 1301845177.0
443251.329077 4635457.195693 1301845184.0
443226.091899 4635456.286438 1301845187.0
443199.865053 4635456.162402 1301845190.0
443178.598885 4635453.667174 1301845193.0
443156.195675 4635454.290042 1301845199.0
443128.894405 4635454.730012 1301845203.0
443104.243431 4635454.482714 1301845206.0
443082.346137 4635456.101081 1301845209.0
443067.777057 4635471.207130 1301845213.0
443066.785597 4635492.533638 1301845221.0
443064.238684 4635516.537401 1301845225.0
443062.640143 4635544.974959 1301845228.0
443061.815576 4635566.411171 1301845230.0
443061.408609 4635588.177149 1301845232.0
443060.413644 4635609.059553 1301845234.0
443060.145585 4635637.819584 1301845237.0
443059.938330 4635663.803273 1301845240.0
443059.991572 4635691.228326 1301845243.0
443059.490105 4635711.551618 1301845245.0
443057.994601 4635732.104925 1301845247.0
443057.164759 4635752.874981 1301845249.0
443056.590088 4635774.420237 1301845251.0
443056.847926 4635796.291943 1301845253.0
443057.520682 4635818.160332 1301845255.0
443058.114891 4635840.584522 1301845257.0
443058.461923 4635863.232757 1301845259.0
443058.060333 4635885.664909 1301845261.0
443057.239396 4635907.545242 1301845263.0
443056.244512 4635928.427658 1301845265.0
443055.795461 4635955.301567 1301845268.0
443056.623531 4635975.836307 1301845271.0
443064.836966 4635996.312008 1301845279.0
443090.177423 4635999.995694 1301845283.0
443119.064781 4636000.986317 1301845286.0
443144.046676 4636001.342026 1301845288.0
443171.103107 4636001.681270 1301845290.0
443199.316848 4636001.456216 1301845292.0
443227.860746 4636001.006573 1301845294.0
443256.906958 4636001.108214 1301845296.0
443285.375831 4636001.658708 1301845298.0
443312.516110 4636002.108855 1301845300.0
443338.160948 4636002.348934 1301845302.0
443362.725257 4636002.375629 1301845304.0
443386.541848 4636002.297317 1301845306.0
443409.115479 4636002.451029 1301845308.0
443435.680158 4636003.572425 1301845311.0
443456.188938 4636004.964061 1301845316.0
443480.595197 4636005.991725 1301845320.0
443508.898936 4636006.655457 1301845323.0
443532.471842 4636007.245771 1301845325.0
443556.955780 4636007.606875 1301845327.0
443581.779554 4636008.964679 1301845329.0
443605.852969 4636009.884374 1301845331.0
443629.341990 4636010.364638 1301845333.0
443652.584698 4636011.180031 1301845335.0
443675.659681 4636011.774758 1301845337.0
443698.482203 4636011.927418 1301845339.0
443722.219274 4636012.294993 1301845341.0
443746.119672 4636012.328255 1301845343.0
443770.017440 4636012.028515 1301845345.0
443792.338561 4636011.741297 1301845347.0
443812.832340 4636011.246496 1301845349.0
443836.493422 4636012.503325 1301845352.0
443853.311348 4635998.380425 1301845356.0
443861.071929 4635972.226224 1301845360.0
443864.059856 4635951.217219 1301845363.0
443866.611015 4635927.435805 1301845367.0
443867.268467 4635905.556896 1301845372.0
443869.910515 4635882.774076 1301845399.0
443870.341650 4635853.235598 1301845402.0
443870.978128 4635828.692039 1301845404.0
443872.605170 4635803.474471 1301845406.0
443874.406068 4635779.254842 1301845408.0
443874.733381 4635757.600609 1301845410.0
443876.137749 4635735.715823 1301845413.0
443893.645658 4635724.807590 1301845417.0
443918.298243 4635725.390692 1301845420.0
443944.109114 4635725.520628 1301845423.0
443966.364740 4635727.344135 1301845427.0
443987.397410 4635731.953179 1301845448.0
444010.944976 4635729.214269 1301845456.0
444032.881717 4635732.706000 1301845462.0
444055.488415 4635736.969776 1301845466.0
444077.841774 4635740.680441 1301845471.0
444104.653618 4635741.469303 1301845485.0
444132.144134 4635744.140522 1301845488.0
444153.732286 4635745.525712 1301845490.0
444175.967772 4635744.796246 1301845492.0
444198.442647 4635742.843601 1301845494.0
444219.167033 4635739.905428 1301845496.0
444239.811927 4635737.412075 1301845499.0
444259.354577 4635731.929488 1301845512.0
444286.640883 4635729.717405 1301845516.0
444307.060311 4635730.223928 1301845518.0
444327.480603 4635730.841537 1301845520.0
444347.982141 4635731.236502 1301845522.0
444373.952855 4635730.589508 1301845525.0
444395.763941 4635728.642670 1301845540.0
444416.635349 4635723.261179 1301845558.0
444429.845173 4635703.838204 1301845565.0
444431.248661 4635681.620465 1301845568.0
444432.162907 4635660.516882 1301845570.0
444438.855848 4635635.482037 1301845572.0
444446.460817 4635610.329054 1301845574.0
444452.243607 4635585.634425 1301845576.0
444457.206096 4635562.167572 1301845578.0
444460.273773 4635540.492039 1301845580.0
444464.212780 4635513.480087 1301845583.0
444472.277054 4635493.986289 1301845588.0
444487.520701 4635479.877212 1301845594.0
444512.145509 4635476.798481 1301845598.0
444537.957232 4635476.930577 1301845601.0
444559.282440 4635476.431478 1301845603.0
444582.428194 4635475.252077 1301845605.0
444605.986302 4635473.736444 1301845607.0
444626.976118 4635472.796021 1301845609.0
444648.199373 4635469.855237 1301845612.0
444668.137099 4635472.365159 1301845629.0
