444740.760404 4635483.682064 1303585532.0
444719.512171 4635483.402785 1303585549.0
444698.099684 4635483.346913 1303585552.0
444673.277811 4635482.429312 1303585555.0
444646.460780 4635481.083165 1303585558.0
444619.067140 4635480.296771 1303585561.0
444591.514426 4635480.399991 1303585564.0
444564.208081 4635480.168298 1303585567.0
444539.067188 4635480.919155 1303585570.0
444516.744414 4635481.204016 1303585573.0
444496.243906 4635481.030613 1303585578.0
444472.582947 4635479.993632 1303585583.0
444450.833290 4635479.274927 1303585586.0
444426.337243 4635477.578408 1303585589.0
444400.018923 4635476.340331 1303585592.0
444374.616923 4635475.539332 1303585595.0
444350.221175 4635476.062969 1303585598.0
444327.400458 4635476.352313 1303585601.0
444303.414443 4635476.206705 1303585605.0
444279.113844 4635478.284318 1303585612.0
444258.398229 4635482.443606 1303585616.0
444231.246535 4635480.768537 1303585619.0
444202.040138 4635481.663447 1303585622.0
444173.409439 4635481.887761 1303585625.0
444147.599446 4635481.979040 1303585628.0
444126.185178 4635481.702832 1303585631.0
444105.987845 4635477.864052 1303585643.0
444084.873267 4635473.477358 1303585647.0
444062.037716 4635471.880090 1303585650.0
444035.813615 4635472.086060 1303585653.0
444008.592789 4635472.188925 1303585656.0
443982.866612 4635472.391176 1303585659.0
443961.129958 4635473.339373 1303585662.0
443939.797761 4635472.952045 1303585667.0
443915.146928 4635472.701942 1303585685.0
443893.814725 4635472.314751 1303585688.0
443867.167806 4635471.525365 1303585691.0
443837.527196 4635469.982441 1303585694.0
443816.857127 4635469.368192 1303585696.0
443795.689126 4635468.757932 1303585698.0
443774.191799 4635468.483436 1303585700.0
443752.778333 4635468.319377 1303585702.0
443731.364865 4635468.155383 1303585704.0
443710.032629 4635467.768742 1303585706.0
443688.699511 4635467.271139 1303585708.0
443667.784839 4635467.214426 1303585710.0
443647.451081 4635467.153180 1303585712.0
443618.816787 4635466.935614 1303585715.0
443592.261579 4635467.256870 1303585718.0
443570.678602 4635466.650564 1303585721.0
443550.596439 4635466.920704 1303585735.0
443529.185592 4635467.090398 1303585739.0
443505.781277 4635467.053898 1303585742.0
443479.633959 4635466.484066 1303585745.0
443451.575272 4635465.596399 1303585748.0
443422.936543 4635464.824484 1303585751.0
443394.214817 4635464.053344 1303585754.0
443367.320581 4635463.489859 1303585757.0
443342.085214 4635462.802247 1303585760.0
443319.345659 4635462.872106 1303585763.0
443299.266133 4635463.476036 1303585768.0
443276.935329 4635462.765537 1303585783.0
443255.433514 4635461.937470 1303585788.0
443235.014959 4635461.656007 1303585791.0
443212.270085 4635461.060045 1303585794.0
443187.616485 4635460.479377 1303585798.0
443163.872202 4635459.447402 1303585805.0
443139.392541 4635459.864821 1303585809.0
443115.160958 4635460.169309 1303585813.0
443094.586165 4635461.110873 1303585819.0
443073.855160 4635463.275122 1303585829.0
443069.292550 4635484.297065 1303585850.0
443068.637475 4635506.176056 1303585854.0
443067.835065 4635530.387946 1303585857.0
443066.971860 4635557.376180 1303585860.0
443065.858818 4635584.255378 1303585863.0
443064.983208 4635609.689234 1303585866.0
443063.759690 4635633.127255 1303585869.0
443062.370211 4635656.566603 1303585872.0
443062.501104 4635683.324829 1303585875.0
443063.067334 4635712.633367 1303585878.0
443062.308472 4635742.285601 1303585881.0
443062.056847 4635762.717931 1303585883.0
443061.472400 4635783.041888 1303585885.0
443060.628801 4635812.472734 1303585888.0
443060.442866 4635841.121084 1303585891.0
443060.006211 4635869.549370 1303585894.0
443060.407379 4635898.970270 1303585897.0
443060.379434 4635926.618052 1303585900.0
443059.893977 4635948.939842 1303585903.0
443059.813671 4635970.037016 1303585909.0
443061.831874 4635994.115343 1303585925.0
443080.992194 4636003.289088 1303585929.0
443107.134054 4636003.413329 1303585933.0
443131.127254 4636004.665164 1303585936.0
443157.451903 4636006.897783 1303585939.0
443183.440180 4636008.578011 1303585942.0
443206.856016 4636010.278844 1303585945.0
443231.507712 4636010.859561 1303585949.0
443252.644106 4636007.693202 1303585973.0
443278.109704 4636006.268977 1303585977.0
443303.414651 4636005.512328 1303585980.0
443331.045734 4636005.070365 1303585983.0
443359.764409 4636005.730203 1303585986.0
443388.395682 4636005.835679 1303585989.0
443415.033632 4636005.735038 1303585992.0
443436.125045 4636007.344057 1303585995.0
443457.712573 4636008.727131 1303586001.0
443483.110191 4636009.191762 1303586005.0
443508.004632 4636008.994269 1303586008.0
443535.475899 4636009.331606 1303586011.0
443564.274865 4636009.658528 1303586014.0
443593.735039 4636009.647228 1303586017.0
443623.114867 4636009.969788 1303586020.0
443652.827494 4636010.400871 1303586023.0
443682.123452 4636010.613303 1303586026.0
443710.749413 4636010.053912 1303586029.0
443738.627667 4636009.389507 1303586032.0
443765.763473 4636009.286245 1303586035.0
443791.576833 4636009.859727 1303586038.0
443815.151440 4636010.673031 1303586041.0
443835.800680 4636008.844660 1303586044.0
443856.919812 4636003.459552 1303586048.0
443862.686212 4635976.987970 1303586052.0
443863.759429 4635955.216817 1303586055.0
443864.672815 4635934.224163 1303586058.0
443865.478725 4635910.123401 1303586062.0
443866.202535 4635886.134322 1303586087.0
443867.285408 4635865.584472 1303586090.0
443868.576992 4635839.925408 1303586093.0
443869.681621 4635811.603000 1303586096.0
443871.432768 4635791.603058 1303586098.0
443873.681830 4635771.599194 1303586100.0
443875.053823 4635745.606400 1303586103.0
443884.609068 4635725.989114 1303586107.0
443911.644603 4635723.555500 1303586111.0
443934.638369 4635724.262755 1303586114.0
443956.629324 4635724.089701 1303586117.0
443977.717926 4635725.256221 1303586130.0
443998.397706 4635727.203256 1303586134.0
444020.402611 4635728.806834 1303586137.0
444043.398960 4635729.847521 1303586140.0
444063.493454 4635731.244172 1303586143.0
444085.187306 4635735.515210 1303586149.0
444109.116487 4635739.102569 1303586153.0
444132.035025 4635740.810357 1303586156.0
444157.118111 4635743.389520 1303586159.0
444183.199601 4635746.294050 1303586162.0
444209.011244 4635746.535973 1303586165.0
444234.987114 4635746.554634 1303586168.0
444264.273672 4635745.437145 1303586171.0
444284.686979 4635745.166414 1303586173.0
444305.020774 4635745.340498 1303586175.0
444326.189619 4635746.174318 1303586177.0
444347.852027 4635746.449174 1303586179.0
444368.839284 4635745.285928 1303586181.0
444398.299627 4635745.166938 1303586184.0
444424.304942 4635748.961216 1303586187.0
444447.249332 4635754.000832 1303586190.0
444467.309901 4635751.068560 1303586195.0
444476.252111 4635727.126551 1303586199.0
444476.891564 4635702.694099 1303586202.0
444478.683297 4635677.031293 1303586205.0
444480.616787 4635648.258434 1303586208.0
444481.621960 4635628.153458 1303586210.0
444482.704069 4635607.270646 1303586212.0
444483.290864 4635586.724797 1303586214.0
444484.560513 4635557.957118 1303586217.0
444485.263111 4635530.970401 1303586220.0
444485.902630 4635506.537958 1303586223.0
444485.979412 4635484.441613 1303586228.0
444507.287257 4635471.062562 1303586234.0
444530.536759 4635472.546998 1303586237.0
444557.687530 4635474.112179 1303586240.0
444585.402791 4635473.563430 1303586243.0
444613.611663 4635472.455781 1303586246.0
444643.153521 4635472.004088 1303586249.0
444673.201066 4635472.547896 1303586252.0
444693.370498 4635472.835412 1303586254.0
444713.452630 4635472.568494 1303586256.0
444733.622058 4635472.856125 1303586258.0
444753.875331 4635473.254196 1303586260.0
444774.209007 4635473.318600 1303586262.0
444802.760170 4635473.541453 1303586265.0
444828.991118 4635474.226524 1303586268.0
444851.903417 4635475.048416 1303586271.0
444876.423401 4635479.855158 1303586277.0
444898.941347 4635483.345063 1303586283.0
444920.703799 4635485.730543 1303586286.0
444946.274216 4635486.865287 1303586289.0
444974.747466 4635487.755633 1303586292.0
445002.887043 4635488.426600 1303586295.0
445029.696245 4635488.774844 1303586298.0
445053.955100 4635492.029736 1303586301.0
445075.779052 4635491.639370 1303586317.0
