444121.976965 4635717.572102 1301939379.0
444139.898799 4635727.646667 1301939397.0
444192.601548 4635738.781103 1301939406.0
444230.608466 4635738.483432 1301939412.0
444252.089296 4635736.760807 1301939418.0
444273.624456 4635731.373700 1301939442.0
444299.606454 4635732.169789 1301939447.0
444331.071502 4635733.700356 1301939451.0
444355.893433 4635734.727784 1301939454.0
444378.630337 4635734.439171 1301939457.0
444400.535663 4635733.935054 1301939460.0
444421.787510 4635734.768510 1301939463.0
444445.111366 4635735.252767 1301939467.0
444465.193627 4635735.096170 1301939474.0
444479.524766 4635721.105209 1301939483.0
444480.919750 4635697.777208 1301939488.0
444482.613803 4635670.227588 1301939492.0
444484.498072 4635645.785437 1301939495.0
444485.625100 4635620.016783 1301939498.0
444486.598279 4635595.803803 1301939501.0
444486.517735 4635574.819020 1301939504.0
444486.179579 4635552.725906 1301939508.0
444487.492510 4635529.509587 1301939512.0
444488.320506 4635507.962557 1301939516.0
444487.166327 4635487.652346 1301939525.0
444484.933304 4635467.350544 1301939533.0
444486.294633 4635439.692495 1301939537.0
444486.499260 4635402.050412 1301939541.0
444485.252561 4635380.519553 1301939543.0
444485.253285 4635359.312076 1301939545.0
444485.330944 4635337.326763 1301939547.0
444485.330806 4635316.008260 1301939549.0
444485.590022 4635296.020144 1301939551.0
444485.816363 4635271.812997 1301939554.0
444485.660634 4635251.828115 1301939563.0
444485.393364 4635228.179986 1301939583.0
444487.805156 4635207.508896 1301939587.0
444506.668227 4635199.811639 1301939591.0
444528.833681 4635200.527292 1301939594.0
444555.059629 4635200.434174 1301939597.0
444580.540386 4635200.569018 1301939600.0
444603.032609 4635200.616156 1301939604.0
444625.434937 4635199.775793 1301939612.0
444646.932134 4635199.941838 1301939616.0
444670.753070 4635200.089901 1301939619.0
444698.309449 4635200.320079 1301939622.0
444718.395796 4635200.497291 1301939624.0
444739.726141 4635200.553877 1301939626.0
444762.303068 4635200.822928 1301939628.0
444785.378796 4635201.199219 1301939630.0
444808.872915 4635202.016479 1301939632.0
444833.115662 4635203.050086 1301939634.0
444857.855486 4635203.968894 1301939636.0
444883.089811 4635204.439828 1301939638.0
444908.819499 4635204.573919 1301939640.0
444935.051419 4635205.259390 1301939642.0
444961.862552 4635205.718415 1301939644.0
444988.843090 4635206.620368 1301939646.0
445016.081160 4635208.630773 1301939648.0
445043.556194 4635209.084981 1301939650.0
445071.607877 4635208.979681 1301939652.0
445099.911953 4635209.316681 1301939654.0
445128.550552 4635209.984318 1301939656.0
445157.602388 4635210.426822 1301939658.0
445186.406955 4635211.093414 1301939660.0
445214.716132 4635212.097032 1301939662.0
445242.358815 4635212.772785 1301939664.0
445269.830392 4635212.783757 1301939666.0
445297.054700 4635213.018802 1301939668.0
445324.363700 4635213.475367 1301939670.0
445351.920814 4635213.819100 1301939672.0
445379.311092 4635214.053186 1301939674.0
445406.289816 4635214.734664 1301939676.0
445433.103403 4635215.528544 1301939678.0
445459.662911 4635215.658267 1301939680.0
445486.056435 4635215.789360 1301939682.0
445512.781070 4635215.806984 1301939684.0
445539.926596 4635216.598726 1301939686.0
445567.232157 4635216.612114 1301939688.0
445593.871249 4635216.297596 1301939690.0
445617.443084 4635216.450724 1301939692.0
445645.662383 4635216.568471 1301939695.0
445670.557827 4635216.156509 1301939698.0
445696.787044 4635216.511702 1301939701.0
445725.572889 4635214.737877 1301939704.0
445745.908937 4635215.027116 1301939706.0
445766.908060 4635215.200331 1301939708.0
445788.324668 4635215.703532 1301939710.0
445809.325475 4635216.098926 1301939712.0
445829.826648 4635216.276114 1301939714.0
445856.806979 4635217.181353 1301939717.0
445877.068452 4635218.581867 1301939721.0
445897.912535 4635220.200081 1301939740.0
445920.490135 4635220.583829 1301939744.0
445942.584952 4635222.969914 1301939747.0
445963.677975 4635224.586431 1301939751.0
445976.577197 4635240.144321 1301939780.0
445976.348314 4635264.684452 1301939784.0
445975.697751 4635288.339514 1301939787.0
445974.985253 4635314.770883 1301939790.0
445974.120258 4635342.979945 1301939793.0
445973.516868 4635372.852527 1301939796.0
445973.007049 4635393.175521 1301939798.0
445972.131974 4635420.052262 1301939801.0
445971.802456 4635442.261460 1301939804.0
445968.883486 4635462.269629 1301939812.0
445969.710753 4635483.803854 1301939840.0
445989.437670 4635491.426605 1301939844.0
446013.075565 4635489.470889 1301939847.0
446042.200722 4635488.806089 1301939850.0
446062.447928 4635488.430689 1301939852.0
446091.661118 4635488.431626 1301939855.0
446117.389683 4635488.570072 1301939858.0
446139.299153 4635488.515418 1301939861.0
446164.031866 4635488.661562 1301939865.0
446185.111462 4635488.613321 1301939870.0
