446306.305258 4635249.754243 1303830124.0
446289.422417 4635234.114766 1303830141.0
446267.753605 4635233.167829 1303830144.0
446240.613298 4635233.039478 1303830147.0
446219.861557 4635232.640933 1303830149.0
446198.284103 4635232.803852 1303830151.0
446177.948985 4635232.624350 1303830153.0
446153.295018 4635232.033414 1303830156.0
446133.207186 4635231.630103 1303830160.0
446110.545815 4635231.135283 1303830168.0
446090.376667 4635230.954775 1303830171.0
446064.149228 4635230.820188 1303830174.0
446043.813255 4635230.530042 1303830176.0
446021.321214 4635230.478356 1303830178.0
445997.167683 4635230.217269 1303830180.0
445972.100414 4635229.852159 1303830182.0
445946.534357 4635229.379888 1303830184.0
445920.887834 4635229.241421 1303830186.0
445896.565779 4635228.648853 1303830188.0
445875.398194 4635228.143436 1303830190.0
445853.485380 4635227.865812 1303830193.0
445832.821639 4635228.133926 1303830201.0
445807.844091 4635228.656980 1303830219.0
445784.356991 4635228.724645 1303830222.0
445754.969970 4635227.838006 1303830225.0
445732.807328 4635227.451622 1303830227.0
445710.648065 4635227.509416 1303830229.0
445688.902908 4635227.453087 1303830231.0
445666.823247 4635227.066276 1303830233.0
445645.979120 4635225.448738 1303830235.0
445619.828683 4635224.537963 1303830238.0
445597.916682 4635224.372152 1303830245.0
445576.754137 4635224.533785 1303830259.0
445556.416405 4635224.022975 1303830262.0
445529.440286 4635223.674010 1303830265.0
445499.810169 4635223.567516 1303830268.0
445469.762548 4635223.131240 1303830271.0
445448.928556 4635222.846603 1303830273.0
445427.761750 4635222.453542 1303830275.0
445406.178287 4635221.841670 1303830277.0
445384.595670 4635221.340890 1303830279.0
445362.432115 4635220.844631 1303830281.0
445339.853604 4635220.351624 1303830283.0
445316.695008 4635219.974175 1303830285.0
445293.702389 4635219.595527 1303830287.0
445270.541227 4635218.885147 1303830289.0
445247.462195 4635218.063177 1303830291.0
445224.138454 4635217.798332 1303830293.0
445200.235485 4635217.760085 1303830295.0
445175.998843 4635217.502419 1303830297.0
445151.262545 4635217.026615 1303830299.0
445126.113000 4635216.776147 1303830301.0
445100.463798 4635216.307551 1303830303.0
445074.978860 4635215.615713 1303830305.0
445050.075705 4635215.030513 1303830307.0
445026.084584 4635214.327328 1303830309.0
445003.258753 4635214.059363 1303830311.0
444981.597360 4635214.115580 1303830313.0
444960.350061 4635214.057630 1303830315.0
444938.687807 4635214.002950 1303830317.0
444916.774863 4635213.728206 1303830319.0
444894.698512 4635213.787896 1303830321.0
444872.372329 4635213.738553 1303830323.0
444850.212126 4635213.687995 1303830325.0
444829.546611 4635213.736965 1303830327.0
444803.070035 4635213.608947 1303830330.0
444778.831620 4635213.130578 1303830333.0
444757.502175 4635213.184903 1303830336.0
444733.600022 4635213.259249 1303830339.0
444705.218099 4635213.590510 1303830342.0
444684.384872 4635213.419135 1303830344.0
444662.059538 4635213.481479 1303830346.0
444626.537833 4635213.535414 1303830349.0
444602.389292 4635213.945217 1303830351.0
444579.153650 4635214.348000 1303830353.0
444556.913896 4635214.743108 1303830355.0
444535.920731 4635215.350649 1303830357.0
444509.949863 4635216.219088 1303830360.0
444488.846954 4635224.044823 1303830364.0
444487.045513 4635248.486308 1303830368.0
444486.485474 4635272.473986 1303830371.0
444486.052554 4635302.123402 1303830374.0
444485.807181 4635323.887953 1303830376.0
444485.066472 4635345.989466 1303830378.0
444484.407028 4635367.868280 1303830380.0
444483.993960 4635389.412072 1303830382.0
444483.904197 4635409.843007 1303830384.0
444483.613925 4635436.493403 1303830387.0
444482.949310 4635457.706057 1303830391.0
444473.214827 4635475.880452 1303830403.0
444446.913828 4635476.862745 1303830408.0
444424.923856 4635477.256333 1303830411.0
444399.601386 4635476.010488 1303830414.0
444378.190591 4635476.177631 1303830418.0
444355.308568 4635479.243213 1303830430.0
444330.165078 4635479.661726 1303830435.0
444305.956152 4635482.848870 1303830440.0
444283.731999 4635485.132302 1303830460.0
444257.591811 4635485.447833 1303830465.0
444234.770253 4635485.626447 1303830468.0
444207.957470 4635484.837086 1303830471.0
444178.567717 4635483.512849 1303830474.0
444149.587665 4635481.519316 1303830477.0
444123.611694 4635481.611984 1303830480.0
444103.320045 4635476.330509 1303830495.0
444093.106922 4635496.840912 1303830501.0
444091.037926 4635518.730850 1303830506.0
