445514.344527 4635224.899780 1301952320.0
445502.354480 4635241.535493 1301952339.0
445503.534660 4635265.620754 1301952343.0
445500.977754 4635289.401502 1301952346.0
445500.357651 4635316.831544 1301952349.0
445499.589414 4635346.594426 1301952352.0
445499.246071 4635366.805169 1301952354.0
445499.073804 4635387.680806 1301952356.0
445498.469015 4635417.109341 1301952359.0
445497.918342 4635442.762320 1301952362.0
445498.341440 4635465.520976 1301952366.0
445498.748398 4635486.170117 1301952377.0
445496.749579 4635506.948699 1301952381.0
445494.470646 4635534.502477 1301952385.0
445494.749022 4635560.038085 1301952388.0
445495.461018 4635588.013116 1301952391.0
445495.188226 4635617.439121 1301952394.0
445495.000123 4635647.086546 1301952397.0
445494.563070 4635676.735878 1301952400.0
445494.715990 4635696.720768 1301952402.0
445494.207582 4635717.043820 1301952404.0
445494.181217 4635746.134844 1301952407.0
445495.529051 4635770.440906 1301952410.0
445496.847144 4635790.861018 1301952417.0
445498.993368 4635811.052726 1301952421.0
445500.002450 4635834.473114 1301952424.0
445501.042110 4635861.890481 1301952427.0
445502.594101 4635891.191503 1301952430.0
445504.141835 4635919.937390 1301952433.0
445504.746177 4635944.693283 1301952436.0
445505.081185 4635966.786428 1301952441.0
445504.842118 4635989.772236 1301952449.0
445506.183095 4636013.190091 1301952455.0
445527.486569 4636020.910525 1301952460.0
445549.385092 4636019.632742 1301952463.0
445577.109267 4636020.531184 1301952466.0
445597.359200 4636020.709584 1301952468.0
445617.692959 4636020.998435 1301952470.0
445638.193525 4636021.397105 1301952472.0
445658.612801 4636022.018521 1301952474.0
445678.699301 4636022.531500 1301952476.0
445706.832422 4636022.650092 1301952479.0
445732.971456 4636022.450888 1301952482.0
445758.119790 4636022.925525 1301952485.0
445782.603426 4636023.294278 1301952488.0
445806.677222 4636024.332435 1301952491.0
445830.998263 4636025.146726 1301952494.0
445854.815503 4636025.187694 1301952497.0
445876.226292 4636025.247028 1301952502.0
445896.979979 4636026.199686 1301952530.0
445924.206176 4636027.103261 1301952534.0
445950.184279 4636027.572277 1301952537.0
445978.817769 4636028.021246 1301952540.0
446007.284449 4636028.360562 1301952543.0
446034.591074 4636028.930848 1301952546.0
446060.651297 4636029.288610 1301952549.0
446087.712329 4636030.305094 1301952552.0
446116.266168 4636031.199352 1301952555.0
446145.147724 4636031.536080 1301952558.0
446172.865865 4636031.659650 1301952561.0
446198.085350 4636030.580832 1301952564.0
446219.385456 4636026.977927 1301952567.0
446239.176840 4636021.387870 1301952571.0
446259.938896 4636012.459538 1301952588.0
446280.320430 4636008.086513 1301952593.0
446290.218821 4635989.136167 1301952598.0
446290.761371 4635962.039900 1301952602.0
446291.662647 4635938.494001 1301952605.0
446292.470064 4635913.505376 1301952608.0
446293.111525 4635888.518004 1301952611.0
446293.582003 4635862.865721 1301952614.0
446294.050813 4635836.991384 1301952617.0
446294.286583 4635813.228442 1301952620.0
446294.943973 4635790.350590 1301952624.0
446296.845290 4635767.352327 1301952649.0
446297.936869 4635747.024973 1301952653.0
446298.267366 4635724.815789 1301952656.0
446298.311246 4635697.612261 1301952659.0
446298.741476 4635677.622996 1301952661.0
446299.164176 4635656.634487 1301952663.0
446299.417561 4635635.203122 1301952665.0
446299.670113 4635613.660730 1301952667.0
446300.006490 4635592.228741 1301952669.0
446300.426694 4635570.907154 1301952671.0
446300.602965 4635550.253607 1301952673.0
446301.049251 4635521.381552 1301952676.0
446301.608661 4635496.505849 1301952679.0
446302.032230 4635475.628374 1301952682.0
446301.194251 4635452.539741 1301952687.0
446302.498890 4635427.436356 1301952708.0
446303.241870 4635404.890975 1301952711.0
446303.948872 4635377.571430 1301952714.0
446304.562015 4635348.809159 1301952717.0
446305.022576 4635321.824574 1301952720.0
446305.507411 4635298.059776 1301952723.0
446305.760017 4635276.517396 1301952727.0
446306.098964 4635255.418500 1301952738.0
446306.580466 4635231.209595 1301952742.0
446307.500354 4635210.106323 1301952745.0
446308.403514 4635186.782510 1301952748.0
446309.879252 4635162.344049 1301952751.0
446311.440504 4635138.238045 1301952754.0
446313.175281 4635115.130036 1301952757.0
446313.330716 4635091.700828 1301952761.0
