444268.897808 4635731.854816 1302486215.0
444289.172972 4635735.138266 1302486221.0
444318.798463 4635734.906623 1302486224.0
444341.708277 4635735.504813 1302486226.0
444364.611148 4635735.214858 1302486228.0
444387.010911 4635734.262702 1302486230.0
444409.168658 4635734.200776 1302486232.0
444431.158702 4635733.918160 1302486234.0
444451.734545 4635733.202504 1302486236.0
444475.128406 4635732.020804 1302486239.0
444487.825753 4635710.714356 1302486246.0
444485.967907 4635685.302063 1302486249.0
444486.616919 4635662.090913 1302486251.0
444488.569481 4635635.760655 1302486253.0
444489.930776 4635608.102599 1302486255.0
444490.544341 4635580.339338 1302486257.0
444490.751633 4635553.689583 1302486259.0
444490.970175 4635528.483182 1302486261.0
444491.301989 4635507.162086 1302486263.0
444491.299261 4635485.510497 1302486266.0
444501.272359 4635466.001860 1302486273.0
444524.533119 4635468.929630 1302486276.0
444555.011188 4635471.468196 1302486279.0
444577.095395 4635472.517718 1302486281.0
444599.177003 4635473.234227 1302486283.0
444620.510854 4635473.845583 1302486285.0
444646.390900 4635472.089966 1302486288.0
444670.784078 4635471.234261 1302486301.0
444694.376692 4635474.160007 1302486304.0
444715.307653 4635476.329248 1302486306.0
444739.467361 4635477.474200 1302486308.0
444766.026811 4635477.712355 1302486310.0
444792.415120 4635477.285734 1302486312.0
444817.562917 4635477.423988 1302486314.0
444840.882408 4635477.243386 1302486316.0
444868.261413 4635476.143171 1302486319.0
444890.533849 4635480.079086 1302486327.0
444911.594932 4635488.354754 1302486331.0
444934.239590 4635497.506513 1302486334.0
444957.374390 4635505.655253 1302486337.0
444978.220463 4635507.603852 1302486339.0
444999.371040 4635505.997081 1302486341.0
445024.403173 4635501.917674 1302486344.0
445044.952309 4635497.650870 1302486351.0
445069.602947 4635497.904881 1302486357.0
445092.284138 4635501.061035 1302486360.0
445119.027402 4635503.630797 1302486363.0
445142.177403 4635503.008350 1302486365.0
445167.976160 4635501.477321 1302486367.0
445192.703781 4635500.953929 1302486369.0
445218.264691 4635500.868351 1302486371.0
445245.395530 4635499.882527 1302486373.0
445272.852353 4635498.117066 1302486375.0
445299.148218 4635496.471660 1302486377.0
445324.693800 4635494.387975 1302486379.0
445349.332498 4635493.088574 1302486381.0
445373.312413 4635492.460513 1302486383.0
445396.628434 4635491.837621 1302486385.0
445419.698046 4635491.549795 1302486387.0
445442.271437 4635491.487911 1302486389.0
445462.523733 4635491.776969 1302486391.0
445483.439075 4635491.949976 1302486394.0
445503.476378 4635496.682141 1302486411.0
445501.661360 4635519.791022 1302486435.0
445499.550935 4635547.676611 1302486438.0
445498.902853 4635571.442769 1302486440.0
445499.595296 4635596.864176 1302486442.0
445499.631495 4635623.289908 1302486444.0
445499.422987 4635650.272681 1302486446.0
445499.634506 4635677.918445 1302486448.0
445498.841713 4635704.461556 1302486450.0
445498.210651 4635730.448264 1302486452.0
445498.050316 4635752.878293 1302486454.0
445498.990013 4635778.075748 1302486457.0
445499.495248 4635800.722754 1302486462.0
445500.264724 4635825.366344 1302486465.0
445500.691220 4635848.569123 1302486467.0
445501.704542 4635872.544648 1302486469.0
445502.966806 4635896.518269 1302486471.0
445502.897101 4635919.946913 1302486473.0
445501.991631 4635942.604718 1302486475.0
445501.739828 4635963.925117 1302486477.0
445501.509267 4635988.021197 1302486480.0
445502.838362 4636009.884670 1302486485.0
445527.080155 4636022.023970 1302486490.0
445555.068545 4636024.918913 1302486493.0
445579.056856 4636025.623853 1302486495.0
445604.534579 4636025.762331 1302486497.0
445630.257852 4636025.454891 1302486499.0
445656.733038 4636025.808008 1302486501.0
445683.454623 4636025.826244 1302486503.0
445710.011937 4636026.067900 1302486505.0
445737.067133 4636026.305861 1302486507.0
445764.286597 4636026.320607 1302486509.0
445791.255425 4636026.115298 1302486511.0
445816.977005 4636025.586477 1302486513.0
445841.206617 4636025.291162 1302486515.0
445864.772381 4636025.000974 1302486517.0
445887.928302 4636025.380181 1302486519.0
445910.089290 4636025.878051 1302486521.0
445932.505117 4636027.151291 1302486523.0
445956.247788 4636028.303500 1302486525.0
445980.984537 4636029.226182 1302486527.0
446006.468106 4636030.143288 1302486529.0
446032.201452 4636031.169625 1302486531.0
446057.764622 4636031.642177 1302486533.0
446083.159304 4636031.782995 1302486535.0
446108.636964 4636031.923275 1302486537.0
446133.620095 4636032.511521 1302486539.0
446158.356796 4636033.434819 1302486541.0
446183.510910 4636034.688148 1302486543.0
446207.575362 4636034.506360 1302486545.0
446230.462994 4636032.334934 1302486547.0
446251.768137 4636029.398288 1302486549.0
446275.976792 4636026.328772 1302486552.0
446294.452344 4636011.310946 1302486559.0
446295.440788 4635988.319556 1302486562.0
446295.953954 4635968.329656 1302486564.0
446296.436987 4635944.342778 1302486566.0
446296.981243 4635917.468568 1302486568.0
446296.522181 4635889.602623 1302486570.0
446296.067303 4635862.291814 1302486572.0
446296.373504 4635836.862838 1302486574.0
446296.869115 4635814.541373 1302486576.0
446299.931365 4635791.423323 1302486579.0
