446299.669968 4635272.344030 1302019440.0
446301.744992 4635250.343781 1302019455.0
446284.771618 4635233.705697 1302019461.0
446263.767564 4635232.864794 1302019464.0
446237.379193 4635233.396983 1302019467.0
446208.244604 4635232.950704 1302019470.0
446188.159297 4635232.880321 1302019472.0
446159.937592 4635232.427344 1302019475.0
446134.123437 4635232.067309 1302019478.0
446109.306840 4635231.921889 1302019481.0
446083.409688 4635231.562665 1302019484.0
446057.926641 4635231.089367 1302019487.0
446032.362282 4635230.838843 1302019490.0
446007.549039 4635231.137885 1302019494.0
445981.651030 4635230.668004 1302019498.0
445955.583667 4635229.755369 1302019501.0
445935.162162 4635229.133081 1302019503.0
445912.169640 4635228.752437 1302019505.0
445887.436847 4635228.718186 1302019507.0
445861.377052 4635228.805139 1302019509.0
445836.146315 4635228.774850 1302019511.0
445811.742946 4635228.405257 1302019513.0
445789.580311 4635228.018696 1302019515.0
445768.911498 4635227.620833 1302019517.0
445739.363563 4635227.401685 1302019520.0
445719.111387 4635227.222860 1302019522.0
445698.111449 4635226.938759 1302019524.0
445676.780394 4635226.768278 1302019526.0
445656.363077 4635226.701924 1302019528.0
445628.721363 4635226.135593 1302019531.0
445604.819294 4635226.207017 1302019534.0
445582.993680 4635226.484727 1302019538.0
445562.410377 4635226.419910 1302019552.0
445541.912608 4635226.687600 1302019562.0
445514.771366 4635226.450986 1302019566.0
445486.881509 4635225.998136 1302019569.0
445465.215074 4635225.386720 1302019571.0
445441.640705 4635224.901015 1302019573.0
445415.990722 4635224.320256 1302019575.0
445388.764766 4635223.862704 1302019577.0
445359.795155 4635223.307594 1302019579.0
445330.740843 4635222.531186 1302019581.0
445302.021894 4635222.196455 1302019583.0
445272.970125 4635221.753363 1302019585.0
445244.575448 4635220.417070 1302019587.0
445218.672180 4635219.283799 1302019589.0
445195.926812 4635218.681498 1302019591.0
445169.946518 4635218.326232 1302019594.0
445148.617107 4635218.379387 1302019603.0
445125.379768 4635218.558334 1302019631.0
445097.076588 4635218.332260 1302019635.0
445068.028201 4635218.334112 1302019638.0
445046.116995 4635218.281025 1302019640.0
445022.460417 4635217.908373 1302019642.0
444998.140768 4635217.651953 1302019644.0
444973.489154 4635217.398179 1302019646.0
444937.297562 4635216.678504 1302019649.0
444912.562090 4635216.314556 1302019651.0
444888.239848 4635215.725429 1302019653.0
444864.915207 4635215.350732 1302019655.0
444841.342449 4635215.089066 1302019657.0
444818.018660 4635214.825550 1302019659.0
444796.107428 4635214.773232 1302019661.0
444767.888911 4635214.769877 1302019664.0
444747.391100 4635215.039853 1302019667.0
444725.813550 4635215.207230 1302019695.0
444702.992003 4635215.495363 1302019700.0
444678.590187 4635215.351704 1302019703.0
444650.123555 4635215.461776 1302019706.0
444629.209065 4635215.513261 1302019708.0
444606.472234 4635216.023112 1302019710.0
444583.405171 4635216.757672 1302019712.0
444561.750678 4635217.703382 1302019714.0
444536.033975 4635219.235952 1302019717.0
444513.217626 4635220.190855 1302019721.0
444491.184530 4635225.803151 1302019736.0
444488.944772 4635247.250137 1302019740.0
444488.863633 4635268.791338 1302019743.0
444488.668425 4635296.995461 1302019746.0
444488.593348 4635319.313854 1302019748.0
444488.370463 4635343.965110 1302019750.0
444488.075840 4635370.060368 1302019752.0
444487.535716 4635396.601675 1302019754.0
444487.055228 4635420.144603 1302019756.0
444486.838416 4635445.573054 1302019759.0
444486.994152 4635465.557942 1302019771.0
444466.923351 4635477.928105 1302019777.0
444443.274498 4635478.445602 1302019780.0
444414.804572 4635478.001488 1302019783.0
444387.406546 4635476.660849 1302019786.0
444361.188544 4635477.642810 1302019789.0
444339.863343 4635478.142502 1302019792.0
444318.048897 4635479.756421 1302019797.0
444297.979802 4635481.689862 1302019826.0
444274.559951 4635479.652347 1302019851.0
444250.729491 4635478.173292 1302019855.0
444228.217260 4635475.462622 1302019857.0
444202.980332 4635474.549908 1302019859.0
444178.156595 4635473.411978 1302019861.0
444155.328033 4635472.702628 1302019863.0
444128.602529 4635472.468051 1302019866.0
444106.044698 4635474.532586 1302019870.0
444090.753649 4635493.084224 1302019877.0
444088.834947 4635512.974372 1302019880.0
444087.722398 4635540.408506 1302019883.0
444087.882744 4635560.837508 1302019885.0
444088.547981 4635582.150819 1302019887.0
444089.207986 4635602.797969 1302019889.0
444089.776961 4635632.994760 1302019892.0
444087.748789 4635670.651219 1302019896.0
444090.322484 4635702.497789 1302019900.0
444093.225684 4635723.460437 1302019908.0
444121.298909 4635726.349110 1302019920.0
