444707.085947 4636031.562507 1302280791.0
444685.261926 4636031.731964 1302280798.0
444663.094767 4636030.460713 1302280802.0
444642.256159 4636029.290239 1302280805.0
444613.110797 4636027.074077 1302280808.0
444592.853900 4636026.010257 1302280810.0
444566.628401 4636025.770183 1302280813.0
444544.803494 4636025.829043 1302280816.0
444524.726378 4636026.540561 1302280820.0
444504.335508 4636029.586294 1302280826.0
444483.305902 4636035.857050 1302280833.0
444478.300863 4636011.246516 1302280838.0
444478.945466 4635987.480217 1302280840.0
444479.180358 4635964.383316 1302280842.0
444479.431697 4635943.395933 1302280844.0
444479.223125 4635916.638369 1302280847.0
444480.531609 4635892.866898 1302280851.0
444483.024365 4635871.973082 1302280855.0
444485.400406 4635846.749852 1302280858.0
444485.426968 4635818.213916 1302280861.0
444485.205446 4635789.790949 1302280864.0
444483.442703 4635765.932388 1302280867.0
444478.885307 4635745.537662 1302280874.0
444477.858148 4635720.229928 1302280879.0
444477.634872 4635691.584911 1302280882.0
444478.121347 4635668.819162 1302280884.0
444478.419355 4635643.168000 1302280886.0
444478.533223 4635615.186562 1302280888.0
444478.141388 4635586.209762 1302280890.0
444477.676951 4635558.565936 1302280892.0
444477.152892 4635533.920491 1302280894.0
444477.406003 4635513.155177 1302280896.0
444479.226359 4635491.156276 1302280899.0
444466.704579 4635471.156743 1302280905.0
444443.960774 4635470.667876 1302280908.0
444416.250701 4635471.883339 1302280911.0
444392.439320 4635472.846408 1302280914.0
444372.295005 4635475.779530 1302280922.0
444351.389073 4635476.831083 1302280932.0
444330.313700 4635477.439886 1302280940.0
444309.908306 4635478.820751 1302280944.0
444288.003933 4635479.547193 1302280949.0
444261.691668 4635479.086817 1302280954.0
444240.031916 4635479.256324 1302280957.0
444215.955092 4635478.112415 1302280960.0
444192.373574 4635476.631606 1302280963.0
444169.797468 4635476.364369 1302280966.0
444149.639316 4635477.521688 1302280969.0
444127.469439 4635476.141060 1302280976.0
444106.773293 4635472.195155 1302280993.0
444084.189322 4635470.928944 1302280997.0
444055.968282 4635470.484310 1302281000.0
444033.557247 4635470.105174 1302281002.0
444009.153631 4635469.630735 1302281004.0
443985.166695 4635469.375171 1302281006.0
443963.007232 4635469.327380 1302281008.0
443936.449420 4635469.314272 1302281011.0
443914.308310 4635471.598203 1302281015.0
443891.573183 4635472.221372 1302281033.0
443886.467495 4635498.354593 1302281037.0
443888.033170 4635528.543527 1302281040.0
443887.884880 4635551.861851 1302281042.0
443887.256165 4635577.404642 1302281044.0
443886.971645 4635604.499200 1302281046.0
443886.597148 4635630.706195 1302281048.0
443886.381631 4635656.023666 1302281050.0
443886.318093 4635679.563395 1302281052.0
443885.042146 4635707.220938 1302281055.0
443900.034608 4635724.646235 1302281060.0
443920.446231 4635724.152406 1302281063.0
443947.828574 4635723.603779 1302281066.0
443968.414904 4635724.219053 1302281069.0
443992.257712 4635727.362565 1302281096.0
444015.419168 4635728.290830 1302281099.0
444038.739607 4635728.329648 1302281102.0
444062.718692 4635727.697166 1302281106.0
444084.529718 4635725.749375 1302281113.0
444107.844064 4635725.011229 1302281117.0
444132.245051 4635725.263944 1302281145.0
444153.007766 4635727.210776 1302281148.0
444180.811113 4635727.436982 1302281151.0
444200.975518 4635727.167962 1302281153.0
444221.472733 4635727.007427 1302281155.0
444242.975322 4635728.060455 1302281157.0
444264.895434 4635729.443383 1302281159.0
444286.894179 4635730.270593 1302281161.0
444314.208273 4635731.611486 1302281164.0
444335.785138 4635731.553874 1302281167.0
444357.185626 4635730.165297 1302281170.0
444386.637365 4635728.935988 1302281173.0
444407.636809 4635729.327237 1302281175.0
444436.271701 4635729.770018 1302281178.0
444460.488492 4635727.693579 1302281181.0
444480.626158 4635734.642766 1302281186.0
444484.243124 4635762.150995 1302281190.0
444483.895010 4635792.021842 1302281193.0
444483.155258 4635814.234399 1302281195.0
444483.157171 4635835.774973 1302281197.0
444484.762590 4635860.745103 1302281200.0
444482.843781 4635880.746173 1302281204.0
444479.373412 4635903.979324 1302281207.0
444477.442619 4635933.085277 1302281210.0
444476.353675 4635953.079883 1302281212.0
444473.078761 4635980.086673 1302281215.0
444469.525499 4636003.320480 1302281219.0
444485.480527 4636016.742252 1302281229.0
444510.297980 4636017.326100 1302281232.0
444530.273982 4636014.283616 1302281234.0
444551.422974 4636012.675498 1302281236.0
444575.161675 4636013.267970 1302281238.0
444596.662468 4636014.211030 1302281240.0
444622.467920 4636013.788277 1302281243.0
444648.471262 4636017.472337 1302281246.0
444672.638639 4636019.838345 1302281249.0
444693.378769 4636019.011062 1302281252.0
444714.036782 4636018.295511 1302281255.0
444742.655829 4636016.852050 1302281258.0
444765.224142 4636016.343895 1302281260.0
444789.953412 4636016.263197 1302281262.0
444816.752911 4636015.611375 1302281264.0
444845.537945 4636014.167041 1302281266.0
444875.154519 4636012.938456 1302281268.0
444904.604281 4636011.600250 1302281270.0
444932.894030 4636010.493203 1302281272.0
444959.359055 4636009.511402 1302281274.0
444983.424488 4636009.436506 1302281276.0
445015.293591 4636009.745579 1302281279.0
445041.020361 4636009.880120 1302281282.0
445061.437182 4636010.166744 1302281286.0
445082.352745 4636010.560614 1302281299.0
445105.093036 4636010.829447 1302281302.0
445135.051838 4636010.931712 1302281305.0
445158.374702 4636011.418296 1302281307.0
445183.688256 4636011.778601 1302281309.0
445210.991648 4636011.901622 1302281311.0
445239.041869 4636012.019005 1302281313.0
445267.834652 4636011.575624 1302281315.0
445297.214274 4636011.905088 1302281317.0
445326.594743 4636012.345701 1302281319.0
445354.392601 4636012.021341 1302281321.0
445379.122708 4636012.053715 1302281323.0
445401.701260 4636012.879905 1302281325.0
445430.417012 4636013.215008 1302281328.0
445451.247844 4636013.388542 1302281331.0
445472.495280 4636013.781015 1302281360.0
