443867.937439 4635895.669585 1303579144.0
443868.503168 4635872.681060 1303579157.0
443868.905561 4635850.026925 1303579160.0
443868.938402 4635822.601235 1303579163.0
443870.706035 4635794.162569 1303579166.0
443872.980338 4635766.830254 1303579169.0
443873.455247 4635742.843143 1303579172.0
443882.759788 4635723.005762 1303579176.0
443906.490730 4635711.937504 1303579180.0
443929.145603 4635711.759137 1303579183.0
443950.808152 4635712.032788 1303579186.0
443971.323757 4635714.203105 1303579198.0
443994.232813 4635714.689150 1303579203.0
444015.239322 4635715.967461 1303579206.0
444038.739728 4635717.781411 1303579209.0
444059.666720 4635719.504613 1303579212.0
444080.936971 4635722.668625 1303579218.0
444104.681061 4635723.814674 1303579222.0
444130.089190 4635725.502921 1303579225.0
444157.474141 4635725.288181 1303579228.0
444185.944853 4635725.953312 1303579231.0
444213.176004 4635727.294468 1303579234.0
444238.168296 4635728.875322 1303579237.0
444258.569487 4635727.050135 1303579241.0
444280.959715 4635724.876346 1303579255.0
444301.706756 4635724.825122 1303579258.0
444327.603185 4635725.288880 1303579261.0
444353.995782 4635725.526788 1303579264.0
444377.476110 4635724.788228 1303579267.0
444398.134962 4635724.071770 1303579272.0
444419.895143 4635726.233660 1303579284.0
444442.562944 4635727.722335 1303579288.0
444463.817399 4635728.888998 1303579293.0
444479.042342 4635712.448322 1303579300.0
444479.259093 4635687.019860 1303579304.0
444480.067130 4635662.919197 1303579307.0
444480.613238 4635637.155068 1303579310.0
444480.972612 4635608.727582 1303579313.0
444480.907541 4635579.082032 1303579316.0
444481.097490 4635550.211733 1303579319.0
444481.557172 4635524.004147 1303579322.0
444481.792126 4635500.907263 1303579325.0
444479.788151 4635478.049897 1303579330.0
444498.471539 4635468.688494 1303579336.0
444518.548497 4635467.754864 1303579339.0
444543.870105 4635468.890104 1303579342.0
444570.595581 4635469.126240 1303579345.0
444595.067435 4635467.714495 1303579348.0
444617.485322 4635468.983615 1303579351.0
444640.139220 4635468.585463 1303579355.0
444663.960121 4635468.844521 1303579370.0
444690.932825 4635468.857120 1303579374.0
444714.094128 4635469.676636 1303579377.0
444739.999182 4635471.141146 1303579380.0
444766.398706 4635472.157781 1303579383.0
444792.378121 4635472.511566 1303579386.0
444816.781627 4635472.988688 1303579389.0
444838.863197 4635473.705939 1303579392.0
444860.608514 4635473.870693 1303579396.0
444884.014439 4635474.133698 1303579406.0
444904.849464 4635474.638731 1303579410.0
444930.248800 4635475.108539 1303579414.0
444950.342077 4635476.285642 1303579418.0
444973.913960 4635476.547660 1303579422.0
444995.909078 4635476.821931 1303579425.0
445017.816921 4635476.541774 1303579428.0
445038.397821 4635476.382956 1303579431.0
445061.470058 4635476.427052 1303579435.0
445086.638378 4635479.230907 1303579455.0
445106.650334 4635480.631144 1303579458.0
445131.798949 4635480.881535 1303579461.0
445160.429615 4635480.661072 1303579464.0
445181.422873 4635480.166392 1303579466.0
445202.999607 4635480.000386 1303579468.0
445224.749999 4635480.832414 1303579470.0
445247.072764 4635480.549772 1303579472.0
445269.892600 4635480.152347 1303579474.0
445292.714996 4635480.088077 1303579476.0
445314.958184 4635480.250393 1303579478.0
445336.039545 4635480.421694 1303579480.0
445356.540844 4635480.708541 1303579482.0
445376.628055 4635481.109655 1303579484.0
445405.929417 4635481.773306 1303579487.0
445432.994363 4635483.009376 1303579490.0
445456.241881 4635484.274777 1303579493.0
445477.078506 4635485.003537 1303579497.0
445496.239501 4635494.516835 1303579503.0
445497.815929 4635516.156332 1303579508.0
445497.730915 4635537.586474 1303579511.0
445497.023636 4635564.462027 1303579514.0
445496.748285 4635593.554949 1303579517.0
445496.975102 4635623.199199 1303579520.0
445497.199371 4635652.510368 1303579523.0
445498.416064 4635681.369811 1303579526.0
445499.209331 4635709.122158 1303579529.0
445498.836566 4635736.328259 1303579532.0
445498.777053 4635761.089224 1303579535.0
445498.349928 4635781.189589 1303579539.0
445499.031327 4635805.167651 1303579545.0
445500.016623 4635825.479276 1303579548.0
445501.032497 4635849.787882 1303579551.0
445502.238967 4635877.315008 1303579554.0
445503.524165 4635904.286363 1303579557.0
445504.062517 4635931.263435 1303579560.0
445504.097879 4635957.578153 1303579563.0
445503.696249 4635981.009340 1303579566.0
445503.945731 4636002.770039 1303579570.0
