443932.892363 4635491.882179 1302655149.0
443911.036942 4635488.279069 1302655172.0
443886.946957 4635485.470864 1302655175.0
443866.438540 4635484.300029 1302655177.0
443841.687247 4635481.830291 1302655179.0
443814.116108 4635479.604946 1302655181.0
443785.224156 4635478.278403 1302655183.0
443754.686465 4635478.741517 1302655185.0
443723.489261 4635479.765142 1302655187.0
443692.534882 4635480.009746 1302655189.0
443660.330421 4635479.598165 1302655191.0
443627.376428 4635478.859560 1302655193.0
443595.748471 4635477.888539 1302655195.0
443567.100142 4635475.894746 1302655197.0
443544.681152 4635474.517902 1302655199.0
443522.407881 4635470.586188 1302655203.0
443498.769585 4635472.439147 1302655230.0
443471.305054 4635473.212204 1302655233.0
443448.477263 4635472.616146 1302655235.0
443422.163099 4635471.936815 1302655237.0
443393.610025 4635471.497441 1302655239.0
443363.145578 4635470.740274 1302655241.0
443334.498022 4635468.858443 1302655243.0
443308.747070 4635465.954367 1302655245.0
443287.226708 4635462.794633 1302655247.0
443266.369345 4635459.518650 1302655251.0
443243.351784 4635466.364053 1302655280.0
443221.387639 4635480.418362 1302655284.0
443201.928915 4635486.014161 1302655290.0
443179.034080 4635487.418118 1302655295.0
443153.657599 4635489.841260 1302655298.0
443129.540129 4635494.030990 1302655301.0
443109.759841 4635490.524798 1302655305.0
443087.888876 4635485.036746 1302655313.0
443074.481669 4635500.133500 1302655317.0
443071.132367 4635527.585737 1302655320.0
443070.082767 4635552.021671 1302655322.0
443069.478279 4635580.229216 1302655324.0
443068.809446 4635610.768997 1302655326.0
443068.156595 4635643.307270 1302655328.0
443067.764245 4635677.286908 1302655330.0
443066.446645 4635709.719464 1302655332.0
443065.955358 4635741.701279 1302655334.0
443064.782456 4635771.467857 1302655336.0
443063.918428 4635798.345076 1302655338.0
443064.132309 4635825.102645 1302655340.0
443063.868704 4635854.417822 1302655342.0
443063.368580 4635885.289372 1302655344.0
443062.354592 4635914.166413 1302655346.0
443061.652132 4635940.487175 1302655348.0
443061.916174 4635963.136077 1302655350.0
443062.280062 4635987.893835 1302655353.0
443075.299297 4636007.442856 1302655374.0
443097.113684 4636006.047166 1302655377.0
443127.809765 4636004.913722 1302655380.0
443152.617707 4636004.271540 1302655382.0
443179.584058 4636003.723261 1302655384.0
443206.804668 4636003.839261 1302655386.0
443233.364078 4636004.293739 1302655388.0
443261.579576 4636004.290986 1302655390.0
443291.704531 4636004.384175 1302655392.0
443324.488426 4636004.900471 1302655394.0
443358.844549 4636004.849243 1302655396.0
443391.452762 4636004.145867 1302655398.0
443418.671588 4636004.040623 1302655400.0
443443.732894 4636003.952615 1302655403.0
443467.473544 4636004.763450 1302655408.0
443493.373468 4636005.779303 1302655411.0
443515.453593 4636006.492438 1302655413.0
443540.600507 4636006.737194 1302655415.0
443568.648251 4636006.514918 1302655417.0
443599.104216 4636006.495750 1302655419.0
443631.056482 4636006.797974 1302655421.0
443662.509976 4636006.993251 1302655423.0
443692.799092 4636006.864770 1302655425.0
443721.515945 4636007.304011 1302655427.0
443748.324219 4636007.758441 1302655429.0
443773.968118 4636007.889062 1302655431.0
443797.787298 4636008.145206 1302655433.0
443817.864429 4636007.431640 1302655435.0
443840.243158 4636003.924127 1302655438.0
443861.036508 4635999.318839 1302655459.0
443864.320472 4635973.755099 1302655463.0
443866.741390 4635943.978866 1302655466.0
443867.930718 4635915.877853 1302655469.0
443867.105861 4635895.454071 1302655482.0
443868.489169 4635870.904624 1302655487.0
443869.092391 4635842.142029 1302655490.0
443869.483416 4635818.044541 1302655492.0
443871.120954 4635794.159300 1302655494.0
443873.356018 4635772.379000 1302655496.0
443874.721010 4635745.497988 1302655499.0
443880.937622 4635723.464254 1302655503.0
443907.076070 4635723.036304 1302655507.0
443936.795098 4635724.134746 1302655510.0
443971.247738 4635725.640213 1302655513.0
443992.908495 4635725.691937 1302655515.0
444020.442841 4635723.365848 1302655518.0
444042.542075 4635726.412197 1302655531.0
444068.698819 4635728.316412 1302655535.0
444092.840388 4635727.238619 1302655545.0
444116.745204 4635727.717243 1302655549.0
444141.066679 4635728.414747 1302655573.0
444166.482613 4635731.102368 1302655576.0
444187.492514 4635732.825295 1302655578.0
444211.150084 4635733.528240 1302655580.0
444234.293225 4635732.125645 1302655582.0
444259.927650 4635730.925697 1302655585.0
444282.659358 4635729.970615 1302655608.0
444306.394698 4635730.007064 1302655611.0
444327.312899 4635730.620780 1302655613.0
444349.222573 4635730.671641 1302655615.0
444376.521043 4635730.014283 1302655618.0
444398.355531 4635731.065188 1302655622.0
444421.851436 4635732.325264 1302655638.0
444445.368113 4635736.250071 1302655644.0
444463.179374 4635721.565732 1302655650.0
444464.499110 4635699.237619 1302655653.0
444466.085123 4635679.128110 1302655655.0
444467.394493 4635655.467673 1302655657.0
444469.511227 4635628.914061 1302655659.0
444471.944345 4635600.359374 1302655661.0
444472.882865 4635571.705306 1302655663.0
444473.581954 4635544.274479 1302655665.0
444474.224026 4635520.175115 1302655667.0
444474.935246 4635494.298671 1302655670.0
444476.145265 4635468.529374 1302655680.0
444480.788951 4635446.730537 1302655683.0
444485.699730 4635416.602082 1302655686.0
444489.673519 4635394.031237 1302655688.0
444491.876023 4635367.810079 1302655690.0
444493.311746 4635339.041118 1302655692.0
444493.263189 4635311.505096 1302655694.0
444492.572343 4635286.749927 1302655696.0
444490.621071 4635260.005969 1302655699.0
444488.463206 4635238.704282 1302655708.0
444488.801104 4635218.160386 1302655711.0
444500.785395 4635201.078837 1302655715.0
444524.694517 4635201.891927 1302655719.0
444553.393765 4635199.669902 1302655722.0
444578.947151 4635198.471769 1302655724.0
444604.091633 4635198.054144 1302655726.0
444625.414226 4635197.111143 1302655728.0
444647.149189 4635195.831901 1302655732.0
444669.228194 4635196.104526 1302655738.0
444695.537141 4635196.011282 1302655741.0
444717.614418 4635196.062003 1302655743.0
444739.772962 4635195.890095 1302655745.0
444760.524106 4635196.173303 1302655747.0
444783.353459 4635196.884599 1302655749.0
444808.752939 4635197.242956 1302655751.0
444836.396605 4635198.028162 1302655753.0
444865.697500 4635198.467548 1302655755.0
444894.250614 4635198.801805 1302655757.0
444922.225364 4635199.473748 1302655759.0
444951.278985 4635200.137465 1302655761.0
444980.166618 4635200.802583 1302655763.0
445007.225019 4635201.037802 1302655765.0
445032.541469 4635201.397597 1302655767.0
445057.607230 4635201.537348 1302655769.0
445084.584342 4635201.995555 1302655771.0
445112.974002 4635202.665049 1302655773.0
445142.273131 4635202.883518 1302655775.0
445171.988919 4635203.320969 1302655777.0
445202.535462 4635203.863187 1302655779.0
445234.161729 4635204.508269 1302655781.0
445266.866014 4635205.034176 1302655783.0
445299.069790 4635205.230975 1302655785.0
445330.026147 4635205.104391 1302655787.0
445360.405826 4635205.537532 1302655789.0
445390.537377 4635206.083738 1302655791.0
445420.334408 4635206.299534 1302655793.0
445449.221939 4635206.966552 1302655795.0
445478.111162 4635207.855742 1302655797.0
445509.154734 4635208.284436 1302655799.0
445542.273063 4635208.697406 1302655801.0
445577.051197 4635209.097850 1302655803.0
445611.413524 4635209.390605 1302655805.0
445644.116034 4635209.696189 1302655807.0
445676.155462 4635210.118013 1302655809.0
445708.525999 4635210.426424 1302655811.0
445739.902336 4635210.964621 1302655813.0
445768.784725 4635210.966772 1302655815.0
445796.591614 4635211.421357 1302655817.0
445825.811869 4635212.198403 1302655819.0
445856.358275 4635212.743423 1302655821.0
445886.156917 4635213.183221 1302655823.0
445911.472383 4635213.435111 1302655825.0
445932.237694 4635215.609192 1302655827.0
445954.661957 4635217.659713 1302655830.0
