446300.393581 4635258.237337 1302885624.0
446297.316528 4635235.387656 1302885632.0
446276.120545 4635231.106128 1302885636.0
446252.309053 4635232.173998 1302885640.0
446231.066911 4635232.778421 1302885647.0
446209.986560 4635232.826519 1302885654.0
446185.915207 4635232.453138 1302885658.0
446160.267874 4635232.202781 1302885661.0
446129.973086 4635231.987658 1302885664.0
446108.393948 4635231.928794 1302885666.0
446086.316026 4635231.762738 1302885668.0
446062.745119 4635231.719086 1302885670.0
446038.092814 4635231.350602 1302885672.0
446013.524337 4635231.092603 1302885674.0
445989.123520 4635231.055483 1302885676.0
445964.887840 4635230.906161 1302885678.0
445940.573380 4635231.312687 1302885680.0
445916.419001 4635230.940846 1302885682.0
445892.016492 4635230.682005 1302885684.0
445867.781646 4635230.644041 1302885686.0
445843.711936 4635230.493870 1302885688.0
445819.809048 4635230.453546 1302885690.0
445796.485401 4635230.186827 1302885692.0
445774.321080 4635229.578260 1302885694.0
445752.322735 4635228.968498 1302885696.0
445729.743452 4635228.363229 1302885698.0
445706.585770 4635228.095540 1302885700.0
445685.589220 4635228.255585 1302885702.0
445661.350966 4635227.774214 1302885705.0
445637.614885 4635227.844261 1302885709.0
445616.947751 4635227.668894 1302885716.0
445594.532730 4635226.840732 1302885735.0
445572.781626 4635226.007569 1302885738.0
445545.719132 4635225.215067 1302885741.0
445515.171883 4635224.560352 1302885744.0
445492.841525 4635223.953930 1302885746.0
445468.438101 4635223.585512 1302885748.0
445442.704276 4635222.894265 1302885750.0
445415.893270 4635222.433431 1302885752.0
445388.667307 4635221.975879 1302885754.0
445361.359200 4635221.630095 1302885756.0
445333.967246 4635221.174025 1302885758.0
445306.576991 4635220.940114 1302885760.0
445279.517842 4635220.592732 1302885762.0
445254.119351 4635220.343724 1302885764.0
445233.038068 4635220.283685 1302885766.0
445208.056231 4635220.253707 1302885769.0
445186.226322 4635219.977497 1302885774.0
445161.650032 4635218.723190 1302885798.0
445137.664071 4635218.685792 1302885801.0
445107.623225 4635219.139260 1302885804.0
445086.375092 4635218.969907 1302885806.0
445064.459609 4635218.361628 1302885808.0
445041.714216 4635217.759819 1302885810.0
445018.471731 4635217.272952 1302885812.0
444995.149680 4635217.230911 1302885814.0
444973.570429 4635217.175484 1302885816.0
444944.769284 4635216.953861 1302885819.0
444918.290154 4635216.492334 1302885822.0
444893.224434 4635216.353074 1302885825.0
444866.746154 4635216.002765 1302885828.0
444838.442077 4635215.666691 1302885831.0
444811.880798 4635215.317229 1302885834.0
444790.964594 4635215.146186 1302885837.0
444769.468315 4635215.090734 1302885854.0
444745.313752 4635214.722862 1302885858.0
444719.584949 4635214.700389 1302885861.0
444691.035326 4635214.810941 1302885864.0
444670.620504 4635215.080493 1302885866.0
444649.623886 4635215.243590 1302885868.0
444628.543414 4635215.296367 1302885870.0
444607.714503 4635215.680352 1302885872.0
444587.467391 4635216.170906 1302885874.0
444558.761290 4635217.504578 1302885877.0
444532.793021 4635218.706015 1302885880.0
444510.886973 4635219.320737 1302885884.0
444489.180647 4635224.264290 1302885892.0
444484.956915 4635246.726041 1302885896.0
444486.073120 4635272.810301 1302885899.0
444486.147590 4635293.017884 1302885901.0
444485.729315 4635313.895511 1302885903.0
444485.471832 4635334.105683 1302885905.0
444485.095959 4635360.423641 1302885908.0
444484.760685 4635381.300623 1302885911.0
444483.848822 4635402.737269 1302885915.0
444482.429519 4635422.956498 1302885921.0
444482.099452 4635444.499646 1302885930.0
444482.267315 4635466.038914 1302885941.0
444464.534888 4635480.278437 1302885953.0
444436.460859 4635477.388405 1302885957.0
444409.479506 4635476.266498 1302885960.0
444382.664985 4635475.254425 1302885963.0
444357.009680 4635473.900296 1302885966.0
444332.691708 4635473.757183 1302885969.0
444308.289879 4635473.503774 1302885973.0
444287.634646 4635474.775621 1302885981.0
444264.725724 4635474.399652 1302885986.0
444244.836505 4635478.108378 1302885989.0
444224.854755 4635480.596511 1302885991.0
444203.522609 4635480.208394 1302885993.0
444181.190258 4635479.273007 1302885995.0
444160.272171 4635478.770741 1302885997.0
444134.126732 4635478.420562 1302886000.0
444112.957060 4635477.587306 1302886004.0
444094.288997 4635488.837186 1302886015.0
444092.475927 4635511.613387 1302886019.0
444092.598582 4635537.816453 1302886022.0
444093.204345 4635562.128149 1302886025.0
444092.622155 4635583.118149 1302886028.0
444091.397868 4635606.889040 1302886032.0
444091.805421 4635627.094035 1302886036.0
444092.157873 4635650.852553 1302886041.0
444091.774785 4635676.060287 1302886046.0
444090.031699 4635697.170437 1302886050.0
444087.617775 4635717.397581 1302886058.0
444103.416036 4635731.819053 1302886066.0
