444120.379110 4635725.468054 1303503047.0
444141.960356 4635725.964990 1303503065.0
444163.784460 4635725.682850 1303503068.0
444188.350539 4635725.823428 1303503071.0
444212.168015 4635725.747886 1303503074.0
444232.831202 4635725.586084 1303503077.0
444258.142400 4635725.499001 1303503081.0
444278.979373 4635726.335279 1303503084.0
444302.307616 4635727.374205 1303503087.0
444327.372454 4635727.622397 1303503090.0
444352.860885 4635728.977707 1303503093.0
444375.931480 4635728.908547 1303503096.0
444397.342382 4635728.852417 1303503122.0
444424.338375 4635731.972758 1303503127.0
444445.169239 4635732.032331 1303503130.0
444466.906007 4635731.196631 1303503136.0
444479.475439 4635714.776659 1303503142.0
444480.755421 4635687.341299 1303503146.0
444481.278162 4635658.579435 1303503149.0
444482.272951 4635637.142133 1303503151.0
444482.437889 4635615.711299 1303503153.0
444482.274345 4635594.727162 1303503155.0
444482.528330 4635574.072873 1303503157.0
444482.868765 4635553.862047 1303503159.0
444483.559244 4635525.320951 1303503162.0
444484.294723 4635502.553268 1303503165.0
444482.381531 4635480.694499 1303503176.0
444481.860085 4635456.382138 1303503180.0
444482.074282 4635430.620605 1303503183.0
444482.105200 4635402.639824 1303503186.0
444482.047076 4635373.882500 1303503189.0
444482.012316 4635348.122911 1303503192.0
444482.749554 4635325.577288 1303503195.0
444482.920580 4635304.923655 1303503198.0
444482.662816 4635282.496822 1303503202.0
444481.660738 4635260.408892 1303503228.0
444481.993422 4635239.198832 1303503233.0
444483.141307 4635216.094845 1303503237.0
444500.286586 4635200.971689 1303503241.0
444525.851201 4635201.216718 1303503245.0
444548.516320 4635202.150608 1303503248.0
444572.006158 4635202.411951 1303503251.0
444594.582230 4635202.569444 1303503254.0
444616.327530 4635202.622433 1303503257.0
444640.561688 4635202.545114 1303503261.0
444662.469517 4635202.152846 1303503283.0
444689.866804 4635203.272498 1303503288.0
444720.075426 4635203.038035 1303503291.0
444743.148568 4635203.081108 1303503293.0
444766.888217 4635203.452190 1303503295.0
444790.959825 4635203.820778 1303503297.0
444815.695354 4635204.184305 1303503299.0
444840.760263 4635204.212266 1303503301.0
444865.577058 4635204.353269 1303503303.0
444889.480952 4635204.501420 1303503305.0
444912.140843 4635204.770304 1303503307.0
444933.888691 4635205.157343 1303503309.0
444955.384991 4635205.213291 1303503311.0
444976.549326 4635205.271868 1303503313.0
444997.466402 4635205.554484 1303503315.0
445017.717837 4635205.620231 1303503317.0
445041.703849 4635205.657225 1303503320.0
445062.780051 4635205.050536 1303503325.0
445088.265884 4635205.853358 1303503333.0
445114.752730 4635207.314760 1303503336.0
445136.999348 4635207.809611 1303503338.0
445162.070206 4635208.615891 1303503340.0
445189.799318 4635209.734910 1303503342.0
445219.603184 4635210.838083 1303503344.0
445249.400212 4635211.053163 1303503346.0
445278.617156 4635211.383857 1303503348.0
445308.001780 4635211.935452 1303503350.0
445337.719212 4635212.595647 1303503352.0
445368.263987 4635212.916521 1303503354.0
445399.722504 4635213.341556 1303503356.0
445431.347846 4635213.876486 1303503358.0
445462.726760 4635214.746544 1303503360.0
445493.854143 4635215.285563 1303503362.0
445524.646162 4635215.383148 1303503364.0
445555.105367 4635215.372376 1303503366.0
445585.565418 4635215.472761 1303503368.0
445615.611361 4635215.687471 1303503370.0
445645.162746 4635216.350216 1303503372.0
445673.304132 4635217.134868 1303503374.0
445699.036248 4635217.604893 1303503376.0
445723.345681 4635216.531381 1303503378.0
445747.414602 4635216.570119 1303503380.0
445771.487747 4635217.164073 1303503382.0
445795.560043 4635217.647081 1303503384.0
445820.212422 4635218.014726 1303503386.0
445845.527877 4635218.266382 1303503388.0
445871.259967 4635218.737030 1303503390.0
445896.991209 4635219.096743 1303503392.0
445922.148257 4635220.349175 1303503394.0
445943.576624 4635222.407222 1303503396.0
445965.995810 4635223.791616 1303503400.0
445977.822892 4635240.245909 1303503427.0
445977.897338 4635261.008601 1303503430.0
445977.346597 4635286.883575 1303503433.0
445976.396071 4635314.760184 1303503436.0
445975.869762 4635343.854945 1303503439.0
445975.180850 4635373.395076 1303503442.0
445975.083442 4635393.381841 1303503444.0
445974.571095 4635413.371755 1303503446.0
445974.291248 4635442.131552 1303503449.0
445972.381594 4635463.908600 1303503452.0
445973.295206 4635485.886304 1303503480.0
445995.078276 4635491.050740 1303503485.0
446020.128639 4635489.306407 1303503488.0
446040.380889 4635489.597108 1303503490.0
446061.796640 4635490.101123 1303503492.0
446084.204871 4635490.153557 1303503494.0
446106.697769 4635490.427488 1303503496.0
446128.859554 4635490.815027 1303503498.0
446149.947537 4635491.876953 1303503500.0
446174.012985 4635491.584041 1303503503.0
