443283.925757 4635465.152632 1303877270.0
443258.033553 4635465.358821 1303877274.0
443236.270393 4635462.978415 1303877276.0
443213.271250 4635461.718269 1303877278.0
443192.016614 4635460.666355 1303877280.0
443169.593939 4635458.846582 1303877283.0
443144.518296 4635457.381156 1303877287.0
443116.848738 4635453.271707 1303877290.0
443088.514354 4635449.056641 1303877293.0
443065.927409 4635447.460575 1303877296.0
443061.413620 4635474.589017 1303877301.0
443062.972148 4635503.445477 1303877304.0
443064.342508 4635529.527585 1303877306.0
443064.818641 4635557.948561 1303877308.0
443065.061787 4635588.370018 1303877310.0
443065.445171 4635615.570361 1303877312.0
443065.484189 4635641.218977 1303877314.0
443067.024047 4635667.743872 1303877317.0
443063.945577 4635687.532588 1303877326.0
443066.622377 4635710.939437 1303877339.0
443067.006649 4635738.250812 1303877342.0
443066.798493 4635764.123477 1303877344.0
443066.207369 4635793.996440 1303877346.0
443066.143441 4635827.529325 1303877348.0
443065.762671 4635862.952328 1303877350.0
443064.872476 4635896.935959 1303877352.0
443063.385441 4635928.925744 1303877354.0
443061.286484 4635957.034220 1303877356.0
443059.972985 4635979.584699 1303877358.0
443062.468662 4636001.105419 1303877362.0
443084.717909 4636012.586203 1303877367.0
443113.936256 4636013.463126 1303877370.0
443139.747923 4636013.812191 1303877372.0
443167.719760 4636014.477217 1303877374.0
443194.852921 4636014.038697 1303877376.0
443218.330475 4636013.074252 1303877378.0
443240.633906 4636010.564759 1303877381.0
443266.360818 4636010.692891 1303877394.0
443292.601528 4636012.815642 1303877397.0
443315.680974 4636013.964339 1303877399.0
443344.232769 4636014.514408 1303877401.0
443376.265364 4636014.481746 1303877403.0
443405.805867 4636014.135926 1303877405.0
443429.376999 4636014.503844 1303877407.0
443449.620938 4636013.898948 1303877410.0
443471.295831 4636015.836541 1303877415.0
443496.951174 4636017.409518 1303877418.0
443520.607028 4636017.999134 1303877420.0
443548.001437 4636019.114368 1303877422.0
443579.464560 4636020.530578 1303877424.0
443612.580261 4636021.045570 1303877426.0
443646.939797 4636021.439840 1303877428.0
443682.455797 4636021.158926 1303877430.0
443718.305476 4636021.097621 1303877432.0
443752.659735 4636020.826237 1303877434.0
443784.019657 4636019.690379 1303877436.0
443810.735260 4636018.924398 1303877438.0
443837.685803 4636016.380119 1303877441.0
443857.228268 4636011.007444 1303877448.0
443863.714520 4635991.636375 1303877451.0
443866.386123 4635962.080233 1303877454.0
443867.718802 4635941.639446 1303877456.0
443869.592993 4635916.197856 1303877459.0
443871.248000 4635894.533155 1303877467.0
443872.085436 4635874.429377 1303877470.0
443875.214915 4635850.310310 1303877472.0
443877.160777 4635823.424718 1303877474.0
443878.517021 4635795.433432 1303877476.0
443880.220087 4635769.326996 1303877478.0
443880.716013 4635748.004539 1303877480.0
443884.202891 4635727.102655 1303877483.0
443904.340197 4635723.390952 1303877486.0
443926.588850 4635724.326117 1303877488.0
443950.414206 4635725.248944 1303877490.0
443975.747250 4635727.936538 1303877493.0
444001.065436 4635728.736760 1303877513.0
444028.901944 4635733.181407 1303877516.0
444050.082209 4635735.457761 1303877518.0
444077.622457 4635744.457321 1303877521.0
444105.556646 4635750.789078 1303877524.0
444126.921087 4635755.395928 1303877526.0
444150.352272 4635758.987331 1303877528.0
444176.006605 4635760.340707 1303877530.0
444201.560548 4635759.474280 1303877532.0
444225.361392 4635757.289264 1303877534.0
444246.171338 4635754.683602 1303877536.0
444270.302409 4635752.274083 1303877539.0
444293.254348 4635747.653189 1303877543.0
444312.712288 4635741.949343 1303877547.0
444337.569766 4635747.528822 1303877552.0
444358.354898 4635752.362959 1303877555.0
444383.251940 4635752.390589 1303877558.0
444405.739173 4635762.652238 1303877562.0
444427.590707 4635755.264516 1303877569.0
444437.169809 4635727.875435 1303877572.0
444445.537116 4635704.715109 1303877574.0
444455.368777 4635677.768223 1303877576.0
444462.598533 4635647.066484 1303877578.0
444465.164695 4635614.291467 1303877580.0
444465.992499 4635582.085174 1303877582.0
444463.596817 4635551.569523 1303877584.0
444460.564056 4635524.500891 1303877586.0
444456.986722 4635502.099932 1303877588.0
444449.995623 4635478.282154 1303877591.0
444451.028325 4635451.070794 1303877595.0
444453.793401 4635422.513520 1303877598.0
444456.018269 4635399.179054 1303877600.0
444458.378834 4635371.957346 1303877602.0
444461.217446 4635342.178134 1303877604.0
444462.640936 4635311.854787 1303877606.0
444462.839501 4635284.094770 1303877608.0
444461.584063 4635261.453648 1303877610.0
444464.051067 4635237.229033 1303877614.0
444483.595260 4635231.747081 1303877624.0
444495.153318 4635213.225404 1303877637.0
444510.823819 4635200.556509 1303877641.0
444540.074600 4635205.214232 1303877644.0
444563.663834 4635207.584417 1303877646.0
444588.826418 4635209.498306 1303877648.0
444614.560428 4635210.186470 1303877650.0
444637.794358 4635209.561749 1303877652.0
444658.280975 4635207.848105 1303877654.0
444678.911166 4635203.246528 1303877657.0
444701.258939 4635206.070942 1303877669.0
444727.910147 4635207.307565 1303877672.0
444750.579515 4635208.797234 1303877674.0
444777.230701 4635210.034041 1303877676.0
444807.866286 4635211.351113 1303877678.0
444841.325257 4635212.868524 1303877680.0
444877.025815 4635214.479782 1303877682.0
444912.728929 4635216.424299 1303877684.0
444948.009347 4635217.372958 1303877686.0
444982.703674 4635217.660115 1303877688.0
445017.482700 4635218.168855 1303877690.0
445051.182841 4635218.686086 1303877692.0
445084.634859 4635219.316422 1303877694.0
445118.830362 4635219.497053 1303877696.0
445154.435843 4635219.555960 1303877698.0
445190.788235 4635219.609298 1303877700.0
445227.392155 4635219.993989 1303877702.0
445263.995216 4635220.267841 1303877704.0
445301.512017 4635220.645899 1303877706.0
445339.861271 4635221.350868 1303877708.0
445376.964806 4635221.954561 1303877710.0
445410.747864 4635222.472856 1303877712.0
445439.554892 4635223.473552 1303877714.0
445461.969950 4635224.301226 1303877716.0
445482.720096 4635224.475509 1303877719.0
445505.088433 4635219.196830 1303877745.0
445533.638843 4635219.200567 1303877748.0
445558.867937 4635219.007730 1303877750.0
445587.751154 4635219.120175 1303877752.0
445619.871842 4635219.319057 1303877754.0
445653.490588 4635220.061824 1303877756.0
445687.275306 4635220.803484 1303877758.0
445721.475811 4635221.653169 1303877760.0
445754.847247 4635222.620365 1303877762.0
445786.970437 4635223.153082 1303877764.0
445820.581535 4635222.897393 1303877766.0
445853.947037 4635223.087863 1303877768.0
445884.242735 4635223.412841 1303877770.0
445910.721715 4635223.877957 1303877772.0
445933.058757 4635225.373905 1303877774.0
445956.642326 4635227.082535 1303877777.0
445975.807554 4635237.152254 1303877793.0
445981.867384 4635259.201963 1303877796.0
445980.461476 4635281.752416 1303877798.0
445978.694514 4635311.411750 1303877800.0
445977.527015 4635343.509278 1303877802.0
445974.788641 4635376.395954 1303877804.0
445971.956361 4635407.839910 1303877806.0
445968.853252 4635436.399053 1303877808.0
445967.196786 4635458.729350 1303877810.0
445965.950217 4635480.390338 1303877813.0
445984.409967 4635496.017100 1303877827.0
446013.034649 4635495.022874 1303877830.0
446037.677634 4635494.280991 1303877832.0
446066.388677 4635493.730460 1303877834.0
446098.423409 4635493.710062 1303877836.0
446131.119519 4635493.351706 1303877838.0
446163.148375 4635492.554410 1303877840.0
446194.602195 4635492.538835 1303877842.0
446225.970512 4635492.190944 1303877844.0
446255.103202 4635492.526258 1303877846.0
446279.429329 4635493.786204 1303877848.0
446303.825043 4635493.269173 1303877851.0
446316.878602 4635474.406144 1303877861.0
446315.747363 4635445.434950 1303877864.0
446315.150024 4635421.234169 1303877866.0
446317.005519 4635392.129436 1303877868.0
446318.675812 4635360.472333 1303877870.0
446319.264755 4635328.490279 1303877872.0
446319.375849 4635299.176629 1303877874.0
446319.353594 4635274.194287 1303877876.0
446318.948182 4635253.434101 1303877878.0
446311.746776 4635233.946495 1303877885.0
446293.979474 4635222.088807 1303877889.0
446272.648449 4635221.916542 1303877891.0
446247.924871 4635223.102337 1303877893.0
446219.627687 4635223.648994 1303877895.0
446188.510513 4635224.439129 1303877897.0
446154.396462 4635224.030683 1303877899.0
446117.469970 4635224.865039 1303877901.0
446081.042266 4635225.806844 1303877903.0
446046.020358 4635226.071989 1303877905.0
446013.571149 4635226.317810 1303877907.0
445987.002467 4635224.964724 1303877909.0
445965.422922 4635213.913984 1303877912.0
445963.969222 4635186.388713 1303877916.0
445965.726436 4635166.389364 1303877918.0
445967.856516 4635140.835516 1303877920.0
445968.709743 4635111.072083 1303877922.0
445969.456412 4635078.200524 1303877924.0
445969.770449 4635043.000545 1303877926.0
445970.768642 4635010.460183 1303877928.0
445971.246515 4634985.918173 1303877930.0
445973.083439 4634965.474096 1303877933.0
445973.548699 4634939.266683 1303877940.0
445974.735654 4634909.722798 1303877943.0
445974.969625 4634885.848843 1303877945.0
445975.461001 4634863.083271 1303877947.0
445975.855077 4634838.430871 1303877950.0
445989.270457 4634823.450692 1303877955.0
446012.789168 4634827.380687 1303877960.0
446037.538481 4634829.413872 1303877963.0
446057.035785 4634839.370272 1303877969.0
446055.116425 4634859.925977 1303877977.0
446032.720506 4634861.761075 1303877986.0
446019.568395 4634845.760865 1303877994.0
446039.249671 4634836.173948 1303878002.0
446058.068706 4634844.247920 1303878008.0
