446298.236573 4635478.543855 1303311718.0
446304.561458 4635458.843264 1303311722.0
446302.715916 4635434.207758 1303311725.0
446302.641568 4635413.334038 1303311727.0
446303.217738 4635390.678882 1303311729.0
446303.373113 4635367.249664 1303311731.0
446303.116893 4635344.267682 1303311733.0
446301.871498 4635322.181425 1303311735.0
446300.384662 4635301.096289 1303311737.0
446299.721856 4635279.227709 1303311740.0
446300.879804 4635256.679205 1303311748.0
446290.264874 4635235.773915 1303311754.0
446270.073144 4635232.595168 1303311757.0
446242.772718 4635233.245250 1303311760.0
446212.148497 4635233.365363 1303311763.0
446191.484776 4635233.632437 1303311765.0
446171.064992 4635233.231527 1303311767.0
446150.810346 4635232.718394 1303311769.0
446130.227933 4635232.762965 1303311771.0
446109.316918 4635233.254214 1303311773.0
446087.486291 4635232.864216 1303311775.0
446064.327817 4635232.484337 1303311777.0
446039.926168 4635232.336017 1303311779.0
446014.695455 4635232.305096 1303311781.0
445988.715302 4635231.946846 1303311783.0
445962.072908 4635231.815780 1303311785.0
445935.099393 4635231.798360 1303311787.0
445907.874377 4635231.449852 1303311789.0
445880.815336 4635231.100186 1303311791.0
445856.580491 4635231.062260 1303311793.0
445833.751415 4635230.347527 1303311796.0
445810.848632 4635230.854796 1303311816.0
445786.944898 4635230.703554 1303311819.0
445766.360774 4635230.527122 1303311821.0
445743.621436 4635230.700262 1303311823.0
445719.386581 4635230.662803 1303311825.0
445693.491073 4635230.527050 1303311827.0
445666.932486 4635230.507483 1303311829.0
445640.542420 4635230.819829 1303311831.0
445613.900841 4635230.801092 1303311833.0
445587.090735 4635230.450642 1303311835.0
445560.112947 4635229.879506 1303311837.0
445533.218993 4635229.418865 1303311839.0
445506.490165 4635228.846029 1303311841.0
445479.845170 4635228.383686 1303311843.0
445453.199321 4635227.810414 1303311845.0
445426.223205 4635227.461840 1303311847.0
445399.324118 4635226.335542 1303311849.0
445372.679101 4635225.873598 1303311851.0
445346.204317 4635225.965617 1303311853.0
445319.645691 4635225.947344 1303311855.0
445293.248780 4635225.372760 1303311857.0
445267.186384 4635225.128804 1303311859.0
445243.281735 4635224.868359 1303311861.0
445216.890785 4635225.071248 1303311864.0
445195.972932 4635224.676961 1303311869.0
445172.573908 4635225.412167 1303311880.0
445149.079929 4635224.593709 1303311883.0
445119.279525 4635223.934940 1303311886.0
445096.955955 4635224.217975 1303311888.0
445073.556933 4635224.953506 1303311890.0
445049.322016 4635224.918326 1303311892.0
445024.916833 4635224.329373 1303311894.0
445000.843607 4635223.737941 1303311896.0
444977.767117 4635223.249926 1303311898.0
444954.857462 4635222.871730 1303311900.0
444932.696434 4635222.709889 1303311902.0
444911.695553 4635222.317078 1303311904.0
444891.357734 4635221.808166 1303311906.0
444861.808826 4635221.481630 1303311909.0
444832.673146 4635220.929948 1303311912.0
444803.374920 4635220.823780 1303311915.0
444775.152984 4635220.376287 1303311918.0
444750.914589 4635219.898013 1303311921.0
444725.515183 4635219.539863 1303311924.0
444697.128975 4635219.316022 1303311927.0
444676.544736 4635219.142737 1303311929.0
444654.137291 4635219.316777 1303311931.0
444630.489302 4635220.055698 1303311933.0
444606.007958 4635220.357041 1303311935.0
444581.028672 4635220.662342 1303311937.0
444556.219688 4635221.521575 1303311939.0
444533.071383 4635222.478998 1303311941.0
444505.446784 4635224.137567 1303311944.0
444484.764913 4635232.737271 1303311948.0
444484.270565 4635254.503760 1303311952.0
444483.987193 4635282.042366 1303311956.0
444484.941746 4635308.683057 1303311959.0
444486.452994 4635332.210461 1303311962.0
444486.575917 4635358.635566 1303311966.0
444487.343716 4635382.612901 1303311969.0
444486.619452 4635406.823932 1303311972.0
444486.160598 4635433.142540 1303311975.0
444487.415076 4635455.672645 1303311978.0
444483.751652 4635475.465228 1303311992.0
444461.292316 4635479.526479 1303311997.0
444440.375995 4635479.245445 1303312000.0
444415.660437 4635481.325828 1303312003.0
444388.183770 4635480.540969 1303312006.0
444361.448779 4635479.084219 1303312009.0
444336.143651 4635480.059143 1303312012.0
444312.658178 4635480.242695 1303312015.0
444291.833516 4635481.071720 1303312020.0
444272.373612 4635476.005329 1303312028.0
444253.681869 4635463.049569 1303312032.0
444230.814627 4635468.003012 1303312036.0
444202.260775 4635467.449370 1303312039.0
444181.426512 4635467.057418 1303312041.0
444160.761704 4635467.108335 1303312043.0
444131.305421 4635467.894459 1303312046.0
444110.662389 4635470.721200 1303312049.0
444093.487216 4635481.848336 1303312057.0
444091.820950 4635502.180637 1303312061.0
444088.962175 4635529.184340 1303312065.0
444087.318594 4635552.403350 1303312068.0
444086.077758 4635574.064724 1303312071.0
444081.368941 4635597.974003 1303312075.0
444076.663644 4635622.327395 1303312079.0
444073.456481 4635647.224199 1303312083.0
444071.412881 4635672.333938 1303312087.0
444074.740661 4635694.514621 1303312092.0
444086.817750 4635710.630784 1303312100.0
444109.426225 4635715.116785 1303312105.0
