446564.622461 4636073.456244 1302297608.0
446565.761065 4636048.243109 1302297620.0
446558.310480 4636028.535055 1302297625.0
446535.894803 4636027.259847 1302297630.0
446508.999814 4636026.240415 1302297634.0
446484.184345 4636025.871660 1302297637.0
446454.226557 4636025.874749 1302297640.0
446433.726924 4636025.584758 1302297642.0
446406.090927 4636025.348521 1302297645.0
446382.193249 4636025.639416 1302297648.0
446356.387845 4636026.055793 1302297652.0
446336.063368 4636026.986133 1302297656.0
446311.919262 4636027.612221 1302297682.0
446285.045998 4636029.480341 1302297686.0
446257.522304 4636033.130008 1302297689.0
446236.797198 4636035.951224 1302297691.0
446214.829073 4636039.003955 1302297693.0
446193.523972 4636041.940711 1302297695.0
446173.280018 4636042.537807 1302297697.0
446144.806697 4636041.309611 1302297700.0
446121.562836 4636040.264035 1302297703.0
446098.068343 4636038.998365 1302297708.0
446071.509435 4636038.533208 1302297713.0
446046.196074 4636038.169749 1302297716.0
446016.232416 4636037.397490 1302297719.0
445994.153616 4636036.787633 1302297721.0
445970.254285 4636036.857857 1302297723.0
445945.192378 4636036.825949 1302297725.0
445919.381955 4636036.577747 1302297727.0
445892.907682 4636036.334680 1302297729.0
445865.848320 4636035.540991 1302297731.0
445838.126792 4636034.974508 1302297733.0
445810.240140 4636034.520422 1302297735.0
445782.187521 4636034.067708 1302297737.0
445754.215341 4636033.281391 1302297739.0
445727.072962 4636032.488861 1302297741.0
445700.762924 4636032.023190 1302297743.0
445675.448652 4636031.550021 1302297745.0
445650.468841 4636031.407490 1302297747.0
445626.566933 4636031.145785 1302297749.0
445604.819135 4636030.423573 1302297751.0
445576.516681 4636029.862543 1302297754.0
445552.609668 4636028.934923 1302297757.0
445531.948247 4636029.203932 1302297761.0
445509.705091 4636028.818900 1302297781.0
445482.066465 4636028.253166 1302297785.0
445454.761458 4636027.907053 1302297788.0
445434.178761 4636027.620574 1302297790.0
445412.103253 4636027.456629 1302297792.0
445389.695819 4636027.295298 1302297794.0
445366.871774 4636026.915166 1302297796.0
445343.633673 4636026.649317 1302297798.0
445320.228753 4636026.273792 1302297800.0
445298.897504 4636025.771383 1302297802.0
445269.851570 4636025.661416 1302297805.0
445248.937779 4636025.489050 1302297807.0
445226.945231 4636025.325042 1302297809.0
445204.122017 4636025.056458 1302297811.0
445180.966020 4636024.679474 1302297813.0
445157.397679 4636024.638843 1302297815.0
445133.495701 4636024.378791 1302297817.0
445109.428614 4636024.231127 1302297819.0
445085.443649 4636023.971876 1302297821.0
445061.457825 4636023.601679 1302297823.0
445037.140072 4636023.234124 1302297825.0
445012.655496 4636022.756906 1302297827.0
444988.171773 4636022.390800 1302297829.0
444963.942137 4636022.689017 1302297831.0
444939.964020 4636023.318474 1302297833.0
444916.233990 4636023.835060 1302297835.0
444892.919727 4636024.459541 1302297837.0
444870.269316 4636025.078961 1302297839.0
444848.037252 4636026.139349 1302297841.0
444825.889034 4636027.310190 1302297843.0
444804.813554 4636027.695551 1302297845.0
444775.599041 4636027.255803 1302297848.0
444748.710577 4636027.131234 1302297851.0
444727.129455 4636026.521441 1302297854.0
444706.799941 4636026.790268 1302297858.0
444683.738087 4636027.857611 1302297862.0
444661.254518 4636028.587434 1302297865.0
444639.008677 4636027.872038 1302297868.0
444618.433676 4636028.587162 1302297873.0
444594.912883 4636023.995629 1302297877.0
444568.944961 4636024.863882 1302297880.0
444539.227330 4636023.762816 1302297883.0
444510.262573 4636023.433245 1302297886.0
444488.534483 4636025.268068 1302297889.0
444470.842065 4636012.526037 1302297894.0
444467.191510 4635991.347006 1302297898.0
444466.602605 4635969.033764 1302297901.0
444467.405349 4635944.266925 1302297904.0
444467.231356 4635921.950451 1302297907.0
444466.058976 4635899.308659 1302297912.0
444468.223218 4635878.861533 1302297916.0
444471.696162 4635855.961459 1302297919.0
444482.587537 4635837.222854 1302297921.0
444493.478970 4635818.484267 1302297923.0
444491.546832 4635794.182887 1302297926.0
444488.449443 4635769.446454 1302297930.0
444483.555799 4635748.499176 1302297936.0
444482.885690 4635726.408643 1302297940.0
444483.093800 4635699.869909 1302297944.0
444482.578411 4635676.334730 1302297948.0
