444700.434537 4635484.772227 1301762222.0
444680.025662 4635485.707923 1301762225.0
444658.284680 4635486.098857 1301762229.0
444632.420361 4635479.193668 1301762247.0
444605.596401 4635476.959458 1301762250.0
444576.128049 4635476.189362 1301762253.0
444554.878915 4635475.799547 1301762255.0
444533.966049 4635475.962346 1301762257.0
444508.405880 4635476.161407 1301762260.0
444486.576690 4635475.887348 1301762268.0
444464.162257 4635475.062748 1301762272.0
444434.199410 4635474.741230 1301762275.0
444410.876433 4635474.479054 1301762277.0
444387.313157 4635475.329171 1301762279.0
444364.492438 4635475.618396 1301762281.0
444343.072099 4635474.564345 1301762283.0
444314.787214 4635476.561932 1301762286.0
444292.300185 4635477.070848 1301762290.0
444269.536399 4635474.028914 1301762303.0
444239.959785 4635470.041069 1301762306.0
444212.069843 4635469.482191 1301762308.0
444174.250956 4635472.776380 1301762310.0
444149.625388 4635475.745253 1301762312.0
444128.222423 4635476.912392 1301762315.0
444104.890712 4635475.540946 1301762322.0
444083.140985 4635474.823363 1301762325.0
444058.653532 4635474.238379 1301762328.0
444031.844164 4635473.893789 1301762331.0
444005.034792 4635473.549300 1301762334.0
443977.147449 4635473.324423 1301762337.0
443949.015507 4635473.656750 1301762340.0
443927.616927 4635475.379628 1301762343.0
443905.105420 4635472.781005 1301762361.0
443884.089424 4635470.392741 1301762364.0
443859.595802 4635469.031250 1301762367.0
443831.876153 4635469.027688 1301762370.0
443811.293446 4635468.967937 1301762372.0
443790.376159 4635468.577784 1301762374.0
443770.122771 4635468.182451 1301762376.0
443741.733949 4635467.518317 1301762379.0
443712.349267 4635466.862164 1301762382.0
443690.435233 4635466.369146 1301762384.0
443668.190998 4635466.100873 1301762386.0
443645.780786 4635465.833984 1301762388.0
443623.202837 4635465.346424 1301762390.0
443602.368507 4635464.956165 1301762392.0
443574.724777 4635464.064729 1301762395.0
443553.225656 4635463.568845 1301762398.0
443532.314486 4635463.956639 1301762403.0
443507.753614 4635464.595505 1301762415.0
443481.781071 4635465.134621 1301762418.0
443460.941438 4635464.078612 1301762420.0
443437.695151 4635463.041773 1301762422.0
443413.621623 4635462.344684 1301762424.0
443389.631958 4635461.758043 1301762426.0
443365.481609 4635461.838966 1301762428.0
443342.737637 4635461.353614 1301762430.0
443315.431094 4635461.126706 1301762433.0
443293.700645 4635462.854131 1301762437.0
443272.878650 4635464.019216 1301762462.0
443251.778510 4635461.522448 1301762466.0
443225.296529 4635460.623112 1301762469.0
443198.072074 4635460.284966 1301762472.0
443177.569636 4635459.893302 1301762476.0
443157.231397 4635459.278319 1301762484.0
443133.411207 4635459.135325 1301762488.0
443111.663939 4635458.753788 1301762496.0
443087.698169 4635461.165898 1301762500.0
443066.705780 4635461.777777 1301762506.0
443064.548057 4635482.558434 1301762523.0
443065.721381 4635504.755916 1301762526.0
443065.852249 4635531.514136 1301762529.0
443066.004415 4635560.937010 1301762532.0
443066.899911 4635589.909807 1301762535.0
443067.658288 4635612.110609 1301762538.0
443067.601888 4635636.205506 1301762542.0
443066.970804 4635661.082238 1301762546.0
443066.392539 4635682.183382 1301762549.0
443065.924775 4635706.725708 1301762552.0
443065.575498 4635735.708461 1301762555.0
443065.073135 4635755.920726 1301762557.0
443064.575213 4635776.688128 1301762559.0
443064.491328 4635797.341187 1301762561.0
443063.655267 4635817.334053 1301762563.0
443063.387225 4635846.094094 1301762566.0
443063.073925 4635869.191745 1301762569.0
443063.006916 4635891.954325 1301762572.0
443063.209269 4635917.268543 1301762575.0
443062.978961 4635940.365534 1301762578.0
443063.001153 4635963.904644 1301762592.0
443066.004479 4635986.642685 1301762597.0
443088.460126 4635992.792181 1301762601.0
443115.757561 4635992.129980 1301762604.0
443137.333692 4635992.068730 1301762606.0
443159.159653 4635992.116585 1301762608.0
443181.148034 4635991.719074 1301762610.0
443203.308577 4635992.097499 1301762612.0
443225.053322 4635992.368272 1301762614.0
443245.970018 4635992.867779 1301762616.0
443267.712104 4635992.805600 1301762618.0
443291.112055 4635992.508220 1301762620.0
443314.931333 4635992.762751 1301762622.0
443339.167283 4635993.236115 1301762624.0
443364.480224 4635993.478930 1301762626.0
443389.709298 4635993.611466 1301762628.0
443412.863828 4635993.760574 1301762630.0
443439.175185 4635994.328824 1301762633.0
443460.675364 4635995.157430 1301762641.0
443486.487057 4635995.507753 1301762645.0
443517.444487 4635995.928395 1301762648.0
443541.265492 4635996.405737 1301762650.0
443566.161735 4635996.430502 1301762652.0
443591.393420 4635996.896835 1301762654.0
443616.713355 4635998.028764 1301762656.0
443641.696083 4635998.497245 1301762658.0
443666.181794 4635999.080779 1301762660.0
443690.751360 4635999.774769 1301762662.0
443715.900913 4636000.353225 1301762664.0
443741.382386 4636000.929149 1301762666.0
443766.033161 4636001.400688 1301762668.0
443788.190982 4636001.447850 1301762670.0
443815.577512 4636001.564868 1301762673.0
443839.051652 4636000.158360 1301762677.0
443860.359529 4635997.658662 1301762695.0
443867.755102 4635977.836294 1301762699.0
443868.216835 4635952.183765 1301762702.0
443868.908273 4635924.086676 1301762705.0
443868.907121 4635902.879163 1301762708.0
