446672.587708 4636095.853040 1303426417.0
446670.303647 4636123.295399 1303426424.0
446671.567771 4636148.046389 1303426426.0
446674.849991 4636176.335341 1303426429.0
446674.951559 4636200.984005 1303426432.0
446670.637963 4636234.437371 1303426435.0
446669.240122 4636258.320031 1303426437.0
446667.926102 4636282.313098 1303426439.0
446668.644296 4636311.731588 1303426441.0
446668.901872 4636335.046688 1303426448.0
446671.182491 4636362.565911 1303426464.0
446676.163083 4636384.957379 1303426467.0
446681.454771 4636404.570684 1303426471.0
446685.588920 4636424.747827 1303426484.0
446692.786510 4636444.013773 1303426499.0
446692.795917 4636467.441768 1303426505.0
446687.474115 4636488.133835 1303426512.0
446691.622332 4636510.198447 1303426518.0
446697.910424 4636529.915342 1303426525.0
446710.921104 4636549.804000 1303426531.0
446719.027074 4636568.508007 1303426540.0
446724.814704 4636587.895569 1303426557.0
446704.788088 4636595.151565 1303426569.0
446682.304552 4636595.652969 1303426574.0
446661.989160 4636597.581640 1303426578.0
446637.158225 4636594.880797 1303426582.0
446613.724516 4636590.393029 1303426586.0
446593.687731 4636585.213660 1303426606.0
446577.007058 4636573.902324 1303426614.0
446575.056356 4636546.158574 1303426619.0
446575.899629 4636525.833112 1303426622.0
446577.463034 4636501.949175 1303426626.0
446577.548714 4636480.185962 1303426630.0
446569.111204 4636461.595631 1303426647.0
446565.209843 4636439.307166 1303426664.0
446567.125136 4636418.085394 1303426667.0
446569.035445 4636396.197460 1303426670.0
446567.943605 4636372.333448 1303426674.0
446567.544732 4636352.350410 1303426677.0
446570.435799 4636328.456518 1303426680.0
446571.651509 4636302.465560 1303426683.0
446571.932815 4636273.594743 1303426686.0
446571.865868 4636253.609219 1303426688.0
446571.791426 4636232.624449 1303426690.0
446573.285252 4636210.517581 1303426692.0
446576.022110 4636188.179324 1303426694.0
446580.002010 4636165.609677 1303426696.0
446581.573031 4636142.725001 1303426698.0
446581.153382 4636119.966290 1303426700.0
446579.696332 4636091.663687 1303426703.0
446578.712469 4636071.129879 1303426706.0
446576.819147 4636051.047026 1303426725.0
446557.802925 4636038.309807 1303426744.0
446533.654683 4636038.380008 1303426747.0
446512.574228 4636038.094151 1303426749.0
446489.747003 4636037.266312 1303426751.0
446466.172109 4636036.333133 1303426753.0
446443.595483 4636035.725626 1303426755.0
446416.864798 4636034.483239 1303426758.0
446391.877535 4636033.338864 1303426762.0
446371.042651 4636032.607443 1303426768.0
446349.715731 4636032.657024 1303426777.0
446327.890925 4636032.710421 1303426780.0
446299.265871 4636033.370321 1303426783.0
446278.200454 4636035.083647 1303426785.0
446255.977503 4636037.360938 1303426787.0
446234.170307 4636039.746194 1303426789.0
446205.313113 4636042.628894 1303426792.0
446179.432341 4636044.045784 1303426795.0
446156.518740 4636042.775532 1303426798.0
446132.449276 4636042.291330 1303426801.0
446104.975075 4636041.499870 1303426804.0
446082.810797 4636040.557285 1303426806.0
446059.814182 4636039.287972 1303426808.0
446036.403494 4636038.132903 1303426810.0
446012.662557 4636037.202481 1303426812.0
445988.344955 4636036.831680 1303426814.0
445963.614131 4636036.686164 1303426816.0
445938.881618 4636036.318679 1303426818.0
445913.985669 4636036.285622 1303426820.0
445888.590146 4636036.034380 1303426822.0
445862.609534 4636035.232508 1303426824.0
445837.125111 4636034.204889 1303426826.0
445812.308750 4636033.727448 1303426828.0
445788.161302 4636033.911203 1303426830.0
445763.595568 4636033.654091 1303426832.0
445738.611542 4636032.956115 1303426834.0
445715.536072 4636032.243680 1303426836.0
445693.789137 4636031.632224 1303426838.0
445673.040510 4636031.346321 1303426840.0
445645.238498 4636031.114302 1303426843.0
445620.506779 4636030.858950 1303426846.0
445598.931725 4636031.023707 1303426849.0
445576.687734 4636030.527438 1303426853.0
445555.090612 4636027.805620 1303426873.0
445534.761111 4636028.072084 1303426878.0
445511.786411 4636029.691247 1303426882.0
445487.809151 4636030.429886 1303426885.0
445463.745513 4636030.725134 1303426888.0
445434.974924 4636034.054432 1303426891.0
445412.490488 4636034.670855 1303426893.0
445389.006878 4636034.850876 1303426895.0
445365.182827 4636033.923248 1303426897.0
445341.854099 4636032.658797 1303426899.0
445308.819141 4636031.802049 1303426902.0
445287.405779 4636031.411339 1303426904.0
445257.780707 4636031.527938 1303426907.0
445229.642461 4636030.744956 1303426910.0
445203.576171 4636029.613043 1303426913.0
445180.079719 4636028.128344 1303426916.0
445156.254752 4636027.090387 1303426920.0
445130.277400 4636026.735294 1303426924.0
445108.787012 4636027.122951 1303426927.0
445085.556591 4636027.857189 1303426930.0
445056.592772 4636027.636425 1303426933.0
445034.348703 4636027.141850 1303426935.0
445012.018220 4636026.203876 1303426937.0
444990.684360 4636025.369308 1303426939.0
444968.934731 4636024.426983 1303426941.0
444947.020849 4636023.708061 1303426943.0
444924.940999 4636022.990490 1303426945.0
444902.784175 4636023.050820 1303426947.0
444881.374180 4636023.105439 1303426949.0
444860.793996 4636023.153699 1303426951.0
444840.633016 4636023.753941 1303426953.0
444819.474544 4636024.139900 1303426955.0
444798.315213 4636024.414895 1303426957.0
444776.906078 4636024.580855 1303426959.0
444754.829650 4636024.307920 1303426961.0
444733.255413 4636024.586327 1303426963.0
444709.881447 4636028.209787 1303426966.0
