444266.585532 4635733.316349 1301971417.0
444291.567368 4635733.565064 1301971424.0
444316.051293 4635733.817759 1301971427.0
444341.038327 4635734.732810 1301971430.0
444364.612882 4635735.436913 1301971433.0
444389.425265 4635735.243158 1301971436.0
444417.062588 4635735.471582 1301971439.0
444444.708567 4635736.810384 1301971442.0
444465.465087 4635737.980936 1301971445.0
444479.874012 4635723.323166 1301971451.0
444478.957533 4635701.567656 1301971454.0
444479.546808 4635670.695628 1301971457.0
444479.775682 4635646.821548 1301971459.0
444480.573344 4635621.388561 1301971461.0
444480.788381 4635595.738049 1301971463.0
444480.090571 4635570.094652 1301971465.0
444479.976262 4635544.779810 1301971467.0
444480.622682 4635521.235582 1301971469.0
444481.491247 4635494.247573 1301971472.0
444482.316636 4635472.367462 1301971479.0
444483.048660 4635449.155672 1301971482.0
444483.704625 4635426.832747 1301971484.0
444484.080483 4635400.514786 1301971486.0
444484.933513 4635371.528295 1301971488.0
444485.772710 4635340.765371 1301971490.0
444486.525468 4635309.558986 1301971492.0
444487.799534 4635281.346456 1301971494.0
444489.357187 4635257.573072 1301971496.0
444491.501841 4635234.572353 1301971499.0
444491.580395 4635212.698072 1301971527.0
444502.814326 4635195.178238 1301971531.0
444527.380478 4635195.097949 1301971534.0
444549.964354 4635196.254544 1301971536.0
444576.035563 4635197.606149 1301971538.0
444603.764850 4635198.722887 1301971540.0
444631.074858 4635199.287824 1301971542.0
444654.066752 4635199.553307 1301971544.0
444676.394717 4635199.824021 1301971548.0
444704.038397 4635200.608713 1301971552.0
444725.952262 4635200.993829 1301971554.0
444751.604150 4635201.794159 1301971556.0
444779.662762 4635202.575927 1301971558.0
444809.960395 4635203.118392 1301971560.0
444841.420750 4635203.763017 1301971562.0
444873.211342 4635204.183158 1301971564.0
444904.424427 4635205.052042 1301971566.0
444934.390926 4635205.708630 1301971568.0
444963.613075 4635206.704196 1301971570.0
444992.998623 4635207.365518 1301971572.0
445022.386733 4635208.360043 1301971574.0
445051.026205 4635209.138395 1301971576.0
445079.252428 4635210.142116 1301971578.0
445108.554952 4635210.804555 1301971580.0
445138.935491 4635211.347779 1301971582.0
445169.646277 4635211.666523 1301971584.0
445199.858260 4635211.878203 1301971586.0
445229.574856 4635212.426920 1301971588.0
445259.293152 4635213.197815 1301971590.0
445288.598192 4635214.194075 1301971592.0
445317.815118 4635214.524930 1301971594.0
445347.114177 4635214.744241 1301971596.0
445376.420044 4635215.851889 1301971598.0
445404.641067 4635216.190736 1301971600.0
445432.276049 4635215.867981 1301971602.0
445460.166804 4635216.431645 1301971604.0
445488.139693 4635216.883755 1301971606.0
445516.025341 4635216.781475 1301971608.0
445545.156693 4635216.780815 1301971610.0
445575.449062 4635216.660372 1301971612.0
445605.992096 4635216.760210 1301971614.0
445636.372535 4635217.305555 1301971616.0
445665.839225 4635217.746964 1301971618.0
445692.900880 4635218.428894 1301971620.0
445715.725787 4635218.588041 1301971622.0
445741.779707 4635217.723367 1301971625.0
445763.114166 4635218.338151 1301971631.0
445792.082048 4635218.672846 1301971635.0
445814.493683 4635219.057521 1301971637.0
445841.303806 4635219.408827 1301971639.0
445870.690001 4635220.184795 1301971641.0
445899.907677 4635220.629064 1301971643.0
445924.803949 4635220.329017 1301971645.0
445950.437870 4635218.802093 1301971648.0
445969.197539 4635208.222650 1301971658.0
445969.409564 4635181.461980 1301971662.0
445969.336413 4635149.929035 1301971665.0
445969.717797 4635123.611217 1301971667.0
445969.910469 4635094.296928 1301971669.0
445970.094725 4635063.872371 1301971671.0
445969.954594 4635034.449575 1301971673.0
445969.664476 4635007.137553 1301971675.0
445969.567288 4634983.377139 1301971677.0
445970.243984 4634963.163926 1301971681.0
445971.460387 4634937.505984 1301971688.0
445971.888956 4634917.405688 1301971690.0
445972.372741 4634893.640872 1301971692.0
445972.605022 4634869.544864 1301971694.0
445972.279074 4634848.450991 1301971696.0
445973.198050 4634827.347678 1301971699.0
445993.495628 4634822.419365 1301971704.0
446019.749809 4634825.884516 1301971708.0
446041.909466 4634825.716669 1301971711.0
446061.806618 4634833.671453 1301971715.0
446060.573894 4634857.219859 1301971720.0
446038.642549 4634865.602390 1301971724.0
446018.403666 4634867.310165 1301971729.0
