444269.696789 4635738.510605 1301843619.0
444292.846000 4635737.885390 1301843630.0
444318.990469 4635738.236142 1301843633.0
444341.901140 4635738.945360 1301843635.0
444365.972720 4635739.534549 1301843637.0
444390.372766 4635739.677120 1301843639.0
444414.357888 4635739.823012 1301843641.0
444437.351523 4635740.531889 1301843643.0
444458.025915 4635741.814093 1301843646.0
444469.417942 4635723.404672 1301843657.0
444469.317432 4635699.866258 1301843660.0
444470.571413 4635669.100081 1301843663.0
444472.470354 4635646.545389 1301843665.0
444474.198145 4635623.325829 1301843667.0
444474.854052 4635601.002897 1301843669.0
444475.265333 4635579.237042 1301843671.0
444475.354192 4635558.695074 1301843673.0
444475.137841 4635530.938282 1301843676.0
444473.973241 4635509.295747 1301843679.0
444479.194342 4635487.048271 1301843686.0
444497.631338 4635478.021888 1301843690.0
444519.056823 4635479.742565 1301843693.0
444545.793497 4635481.421960 1301843696.0
444574.506307 4635481.087470 1301843699.0
444602.381472 4635479.760305 1301843702.0
444628.590854 4635477.668960 1301843705.0
444650.910186 4635476.940341 1301843709.0
444671.908620 4635477.110321 1301843725.0
444696.402009 4635478.474603 1301843730.0
444718.322775 4635479.858932 1301843733.0
444746.380299 4635480.640559 1301843736.0
444766.716537 4635481.038022 1301843738.0
444787.381279 4635480.988863 1301843740.0
444807.713210 4635480.831308 1301843742.0
444835.026406 4635481.952151 1301843745.0
444859.181772 4635482.542373 1301843748.0
444881.429280 4635483.258471 1301843753.0
444906.592506 4635485.395528 1301843758.0
444927.355666 4635487.344621 1301843761.0
444953.756808 4635488.584004 1301843765.0
444976.005140 4635489.411425 1301843768.0
445000.909061 4635490.218412 1301843771.0
445027.394019 4635491.568453 1301843774.0
445055.290605 4635493.018739 1301843777.0
445084.248894 4635492.240274 1301843780.0
445104.994010 4635491.858315 1301843782.0
445131.052881 4635491.768586 1301843785.0
445151.897228 4635493.495640 1301843788.0
445178.614863 4635492.734811 1301843791.0
445204.762692 4635493.421903 1301843794.0
445228.262605 4635495.128754 1301843797.0
445254.075056 4635495.374471 1301843800.0
445278.633313 4635494.408545 1301843803.0
445306.192756 4635495.196200 1301843806.0
445326.628071 4635497.704139 1301843808.0
445354.611797 4635499.710095 1301843811.0
445383.423675 4635501.487744 1301843814.0
445406.004694 4635502.424989 1301843817.0
445426.687208 4635504.709253 1301843823.0
445448.355350 4635505.653625 1301843838.0
445468.585508 4635503.055995 1301843846.0
445487.768556 4635515.455975 1301843855.0
445493.328370 4635537.064991 1301843859.0
445494.007240 4635560.709963 1301843862.0
445496.777753 4635586.559604 1301843865.0
445498.760600 4635607.085658 1301843867.0
445500.077004 4635627.283711 1301843869.0
445500.729517 4635647.486844 1301843871.0
445500.315963 4635669.363639 1301843873.0
445499.827923 4635692.351341 1301843875.0
445499.657385 4635713.449043 1301843877.0
445499.855315 4635739.318374 1301843880.0
445501.119297 4635763.514044 1301843883.0
445503.512768 4635783.481794 1301843887.0
445508.086734 4635806.430774 1301843893.0
445507.243822 4635826.423285 1301843897.0
445507.840508 4635850.179930 1301843900.0
445507.303464 4635877.609361 1301843903.0
445506.189797 4635905.598373 1301843906.0
445504.069312 4635932.151652 1301843909.0
445502.485545 4635952.927073 1301843912.0
445501.254103 4635976.364609 1301843917.0
445502.824499 4635997.226932 1301843932.0
445516.880875 4636012.219981 1301843938.0
445536.824380 4636015.731564 1301843941.0
445563.242938 4636019.526813 1301843944.0
445583.176218 4636021.706200 1301843946.0
445604.680190 4636023.096410 1301843948.0
445627.508460 4636024.032441 1301843950.0
445650.336721 4636024.968545 1301843952.0
445672.670477 4636026.352628 1301843954.0
445694.254008 4636027.298367 1301843956.0
445715.249896 4636027.360380 1301843958.0
445736.241552 4636026.867319 1301843960.0
445756.904669 4636026.820957 1301843962.0
445786.367152 4636027.151807 1301843965.0
445813.670434 4636027.277137 1301843968.0
445838.647714 4636027.087158 1301843971.0
445860.884932 4636026.696027 1301843974.0
445880.967177 4636026.654440 1301843979.0
445901.474446 4636027.942085 1301843983.0
445922.986750 4636030.443528 1301843986.0
445952.209523 4636031.998252 1301843989.0
445973.461904 4636033.058382 1301843991.0
445995.368023 4636032.781216 1301843993.0
446017.937147 4636032.388058 1301843995.0
446041.170962 4636032.100970 1301843997.0
446064.321796 4636031.814586 1301843999.0
446088.301599 4636031.410969 1301844001.0
446112.123002 4636032.007933 1301844003.0
446135.527816 4636032.386060 1301844005.0
446158.597346 4636032.322665 1301844007.0
446180.666070 4636031.600705 1301844009.0
446200.904186 4636030.226439 1301844011.0
446230.095867 4636027.674297 1301844014.0
446257.368951 4636023.804349 1301844017.0
446277.750451 4636019.431315 1301844020.0
446291.369580 4635998.676371 1301844024.0
446291.680770 4635973.913552 1301844027.0
446291.281127 4635953.930535 1301844029.0
446291.033215 4635932.058805 1301844031.0
446290.371228 4635910.301231 1301844033.0
446290.795548 4635889.534768 1301844035.0
446291.217359 4635868.435225 1301844037.0
446292.215033 4635846.665139 1301844039.0
446293.544648 4635824.892551 1301844041.0
446293.549048 4635803.463057 1301844043.0
446293.881198 4635781.475925 1301844045.0
446294.291314 4635758.822005 1301844047.0
446294.696411 4635735.501924 1301844049.0
446295.179475 4635711.515054 1301844051.0
446295.493226 4635687.085328 1301844053.0
446295.646871 4635663.434045 1301844055.0
446296.138319 4635640.557449 1301844057.0
446295.728649 4635619.242117 1301844059.0
446294.846290 4635590.269041 1301844062.0
446293.614404 4635558.966900 1301844066.0
446293.629705 4635538.980768 1301844087.0
446294.963590 4635517.763327 1301844096.0
446296.499574 4635490.326492 1301844099.0
446297.587865 4635469.555039 1301844101.0
446298.194269 4635439.904547 1301844104.0
446297.746108 4635413.481974 1301844107.0
446296.910623 4635390.726425 1301844110.0
446296.919250 4635369.852081 1301844113.0
446295.081199 4635346.215823 1301844117.0
446293.103106 4635326.022658 1301844121.0
446293.094149 4635302.816748 1301844125.0
446297.092969 4635282.800594 1301844133.0
