446281.041250 4635498.437452 1303131583.0
446295.856724 4635482.114866 1303131601.0
446296.728821 4635454.683038 1303131605.0
446297.095467 4635426.255721 1303131608.0
446297.604532 4635405.710703 1303131610.0
446298.277067 4635384.831354 1303131612.0
446298.617653 4635363.954508 1303131614.0
446298.466167 4635343.858605 1303131616.0
446297.181421 4635316.554076 1303131619.0
446297.852296 4635295.452675 1303131622.0
446297.451842 4635275.358652 1303131640.0
446294.557505 4635254.728262 1303131649.0
446270.240707 4635243.808276 1303131654.0
446246.570106 4635241.544101 1303131657.0
446220.500319 4635240.297415 1303131660.0
446193.935934 4635239.498694 1303131663.0
446169.110979 4635238.242795 1303131666.0
446146.276099 4635236.749871 1303131670.0
446122.447005 4635235.486606 1303131677.0
446094.557262 4635235.031378 1303131681.0
446066.582842 4635234.354834 1303131684.0
446045.416977 4635234.070966 1303131686.0
446023.588028 4635233.903218 1303131688.0
446001.261977 4635233.850338 1303131690.0
445978.519289 4635233.578621 1303131692.0
445955.359963 4635233.088069 1303131694.0
445931.121760 4635232.605781 1303131696.0
445905.969816 4635232.019480 1303131698.0
445880.573112 4635231.990294 1303131700.0
445854.926593 4635231.852064 1303131702.0
445828.950642 4635232.049532 1303131704.0
445803.389643 4635232.243937 1303131706.0
445778.321514 4635231.768482 1303131708.0
445753.501507 4635231.180193 1303131710.0
445728.100562 4635230.596415 1303131712.0
445702.205054 4635230.460631 1303131714.0
445678.389380 4635230.975284 1303131716.0
445650.253978 4635230.967802 1303131719.0
445614.976324 4635230.348748 1303131723.0
445594.804594 4635229.836562 1303131725.0
445573.636127 4635229.221014 1303131727.0
445551.803734 4635228.610603 1303131729.0
445530.887624 4635228.437387 1303131731.0
445510.803114 4635228.479940 1303131733.0
445489.969992 4635228.306210 1303131735.0
445467.475360 4635227.923191 1303131737.0
445444.149972 4635227.435572 1303131739.0
445420.410477 4635227.062235 1303131741.0
445396.256027 4635226.692157 1303131743.0
445371.192085 4635226.773270 1303131745.0
445346.291567 4635226.520116 1303131747.0
445322.304791 4635226.371070 1303131749.0
445300.723883 4635226.092598 1303131751.0
445273.332791 4635225.747788 1303131754.0
445251.338630 4635225.694708 1303131757.0
445228.763535 4635225.646162 1303131762.0
445207.091940 4635224.369368 1303131785.0
445183.604798 4635224.439014 1303131790.0
445161.524219 4635223.942741 1303131793.0
445137.366309 4635223.129432 1303131796.0
445109.890486 4635222.563836 1303131799.0
445079.841952 4635222.018177 1303131802.0
445058.592970 4635221.737880 1303131804.0
445036.428520 4635221.131607 1303131806.0
445014.098941 4635220.637712 1303131808.0
444992.932939 4635220.356970 1303131810.0
444972.182745 4635220.184113 1303131812.0
444951.264851 4635219.790544 1303131814.0
444929.683030 4635219.402170 1303131816.0
444908.103782 4635219.346941 1303131818.0
444887.517841 4635218.950993 1303131820.0
444860.292655 4635218.606487 1303131823.0
444837.300842 4635218.340338 1303131826.0
444815.394782 4635218.954123 1303131832.0
444790.915159 4635219.476886 1303131861.0
444768.754968 4635219.426581 1303131864.0
444744.104199 4635219.284629 1303131867.0
444718.542255 4635219.371899 1303131870.0
444692.065690 4635219.244294 1303131873.0
444665.589985 4635219.227815 1303131876.0
444644.015896 4635219.839549 1303131879.0
444622.937164 4635220.114396 1303131884.0
444598.543128 4635220.970256 1303131889.0
444572.905966 4635222.057939 1303131893.0
444550.836538 4635223.006911 1303131897.0
444530.509050 4635223.831354 1303131901.0
444507.359025 4635224.566807 1303131905.0
444489.614690 4635237.362903 1303131910.0
444489.444503 4635258.127561 1303131914.0
444489.138618 4635282.779462 1303131917.0
444489.524337 4635310.979059 1303131920.0
444489.505492 4635340.514216 1303131923.0
444489.239413 4635370.273369 1303131926.0
444488.648242 4635390.264074 1303131928.0
444487.878189 4635419.249919 1303131931.0
444488.301053 4635441.564436 1303131934.0
444488.556210 4635463.658193 1303131946.0
444470.211696 4635473.905251 1303131951.0
444445.135589 4635472.324223 1303131955.0
444420.901473 4635472.291188 1303131958.0
444395.669771 4635472.043954 1303131961.0
444370.692230 4635472.461028 1303131964.0
444346.557578 4635474.537115 1303131967.0
444326.235161 4635475.917284 1303131970.0
444304.582346 4635476.974812 1303131975.0
444283.851082 4635479.135537 1303132004.0
444264.880347 4635494.162488 1303132010.0
444236.999194 4635494.713785 1303132013.0
444207.598185 4635491.946075 1303132016.0
444178.286228 4635489.955026 1303132019.0
444152.875533 4635488.044545 1303132022.0
444131.206227 4635486.993084 1303132026.0
444109.450441 4635485.498231 1303132035.0
444104.897871 4635508.184888 1303132041.0
444104.236137 4635529.619645 1303132046.0
444101.075223 4635549.852639 1303132050.0
444098.442742 4635573.967679 1303132054.0
444096.239153 4635599.855901 1303132058.0
444091.623764 4635625.096848 1303132062.0
444090.129619 4635646.205042 1303132065.0
444088.881826 4635666.978202 1303132068.0
444086.306280 4635687.761784 1303132072.0
444086.309382 4635709.302365 1303132080.0
444104.660152 4635721.150021 1303132086.0
