446293.754646 4635236.302773 1303182060.0
446270.599555 4635236.366333 1303182066.0
446246.194584 4635235.773198 1303182069.0
446217.562138 4635235.878260 1303182072.0
446196.811241 4635235.590810 1303182074.0
446175.728381 4635235.305928 1303182076.0
446147.336507 4635234.299120 1303182079.0
446125.583000 4635233.131189 1303182083.0
446099.495513 4635229.553377 1303182095.0
446071.780969 4635230.318280 1303182098.0
446049.293134 4635230.821642 1303182100.0
446025.143812 4635231.115595 1303182102.0
446000.908136 4635230.966150 1303182104.0
445976.177883 4635231.264673 1303182106.0
445950.614358 4635231.125469 1303182108.0
445910.441174 4635230.653129 1303182111.0
445883.883445 4635230.743780 1303182113.0
445859.075262 4635231.709501 1303182115.0
445837.327594 4635231.319639 1303182117.0
445812.514349 4635231.619361 1303182120.0
445791.268841 4635231.780987 1303182123.0
445764.879627 4635232.203900 1303182126.0
445742.141140 4635232.488072 1303182128.0
445716.574217 4635231.905600 1303182130.0
445688.844463 4635230.673505 1303182132.0
445659.372748 4635229.565839 1303182134.0
445630.321057 4635229.121291 1303182136.0
445602.015425 4635228.560130 1303182138.0
445572.881581 4635228.227476 1303182140.0
445544.404865 4635227.001650 1303182142.0
445516.764833 4635226.657808 1303182144.0
445490.206220 4635226.638899 1303182146.0
445463.143714 4635225.846711 1303182148.0
445434.092832 4635225.513989 1303182150.0
445403.962220 4635225.078627 1303182152.0
445373.831602 4635224.643392 1303182154.0
445344.119337 4635224.649209 1303182156.0
445314.072551 4635224.324617 1303182158.0
445284.603283 4635223.551581 1303182160.0
445255.216143 4635222.667003 1303182162.0
445226.664021 4635222.442327 1303182164.0
445198.940944 4635222.100356 1303182166.0
445172.132467 4635221.973520 1303182168.0
445147.980537 4635221.937365 1303182170.0
445119.676517 4635221.600175 1303182173.0
445098.671375 4635220.651677 1303182185.0
445076.862855 4635223.151480 1303182189.0
445049.597535 4635228.358245 1303182192.0
445026.381645 4635231.313193 1303182194.0
444999.416636 4635232.409587 1303182196.0
444968.859894 4635230.535916 1303182198.0
444936.644183 4635228.786231 1303182200.0
444902.932909 4635226.826190 1303182202.0
444868.980376 4635225.867479 1303182204.0
444836.269248 4635224.455182 1303182206.0
444807.455216 4635222.568708 1303182208.0
444782.466476 4635221.652005 1303182210.0
444755.145383 4635219.643137 1303182213.0
444733.723493 4635218.476879 1303182217.0
444712.294702 4635216.422468 1303182239.0
444684.734938 4635215.748127 1303182242.0
444662.492601 4635215.809825 1303182244.0
444636.434422 4635216.123312 1303182246.0
444607.309046 4635216.904876 1303182248.0
444578.017693 4635217.687852 1303182250.0
444550.965361 4635218.231453 1303182252.0
444527.644148 4635218.301969 1303182254.0
444500.588360 4635218.401653 1303182257.0
444481.549847 4635224.878921 1303182261.0
444481.630383 4635245.863693 1303182265.0
444482.496766 4635271.838865 1303182268.0
444482.252265 4635293.714443 1303182270.0
444481.960253 4635320.142780 1303182272.0
444481.679495 4635348.014471 1303182274.0
444481.809358 4635375.327793 1303182276.0
444481.187136 4635401.980775 1303182278.0
444480.790522 4635425.634085 1303182280.0
444479.503545 4635452.181216 1303182283.0
444471.698549 4635473.005390 1303182296.0
444449.108734 4635481.620087 1303182300.0
444424.340511 4635487.587038 1303182303.0
444402.721516 4635492.974327 1303182305.0
444379.940730 4635498.370752 1303182307.0
444354.946804 4635496.678367 1303182309.0
444334.024450 4635495.620455 1303182311.0
444312.515971 4635493.900983 1303182314.0
444291.507140 4635492.399736 1303182332.0
444272.233613 4635500.544930 1303182336.0
444244.346402 4635500.319008 1303182339.0
444221.687389 4635500.052256 1303182341.0
444199.208262 4635501.560712 1303182343.0
444175.328801 4635504.412619 1303182347.0
444153.756463 4635505.136874 1303182350.0
444132.418287 4635503.971780 1303182352.0
444106.838168 4635501.618658 1303182354.0
444078.772768 4635499.840306 1303182356.0
444048.550554 4635498.190038 1303182358.0
444018.835844 4635497.757285 1303182360.0
443991.859713 4635497.303123 1303182362.0
443968.953451 4635497.261187 1303182364.0
443946.201805 4635495.774665 1303182367.0
443926.552107 4635487.712789 1303182376.0
443906.204434 4635485.874370 1303182379.0
443886.266440 4635483.366578 1303182381.0
443862.599240 4635481.554432 1303182383.0
443832.631972 4635480.680307 1303182385.0
443801.344776 4635480.816028 1303182387.0
443769.062604 4635481.070774 1303182389.0
443738.275085 4635481.424896 1303182391.0
443708.891337 4635480.879786 1303182393.0
443680.663265 4635479.548421 1303182395.0
443654.105471 4635479.536366 1303182397.0
443627.469959 4635480.191229 1303182399.0
443601.667843 4635481.283731 1303182401.0
443578.943308 4635483.240224 1303182403.0
443551.127510 4635481.573004 1303182406.0
443530.184709 4635477.963826 1303182430.0
443501.862144 4635475.190474 1303182434.0
443479.443136 4635473.813835 1303182436.0
443453.625145 4635472.908384 1303182438.0
443425.490545 4635472.909697 1303182440.0
443396.341563 4635470.587463 1303182442.0
443367.931506 4635467.260165 1303182444.0
443341.773572 4635465.358513 1303182446.0
443319.028725 4635464.762210 1303182448.0
443292.638595 4635464.972235 1303182451.0
443271.718588 4635464.250522 1303182468.0
443246.625301 4635460.564193 1303182473.0
443222.960479 4635459.087251 1303182476.0
443200.151198 4635460.823559 1303182505.0
443179.908352 4635461.762230 1303182515.0
443156.668201 4635461.503498 1303182524.0
443128.617408 4635461.616348 1303182527.0
443107.702686 4635461.561280 1303182529.0
443082.794786 4635460.316800 1303182532.0
