445117.161119 4635229.058809 1302707064.0
445090.183257 4635228.489452 1302707068.0
445069.928468 4635227.979392 1302707070.0
445046.355772 4635227.717048 1302707072.0
445020.208656 4635227.252582 1302707074.0
444992.155327 4635227.136031 1302707076.0
444963.438931 4635227.135746 1302707078.0
444935.134909 4635226.799289 1302707080.0
444906.829166 4635226.240890 1302707082.0
444878.689398 4635225.681319 1302707084.0
444851.298256 4635225.338131 1302707086.0
444824.820004 4635224.987979 1302707088.0
444801.246414 4635224.615419 1302707090.0
444773.523298 4635224.275103 1302707093.0
444753.266736 4635223.543888 1302707097.0
444732.518255 4635223.593783 1302707112.0
444707.866636 4635223.340928 1302707115.0
444686.785329 4635223.282506 1302707117.0
444663.049187 4635223.355800 1302707119.0
444637.820078 4635223.551809 1302707121.0
444612.089573 4635223.307670 1302707123.0
444586.031421 4635223.621342 1302707125.0
444560.387358 4635223.820852 1302707127.0
444535.828222 4635224.789246 1302707129.0
444515.582866 4635225.502059 1302707131.0
444495.103247 4635228.104330 1302707134.0
444486.385917 4635249.046617 1302707138.0
444487.654254 4635273.353150 1302707141.0
444487.984610 4635294.447010 1302707143.0
444487.674409 4635318.543777 1302707145.0
444487.297661 4635344.750707 1302707147.0
444487.091222 4635371.511481 1302707149.0
444486.795742 4635397.495712 1302707151.0
444486.490749 4635422.258646 1302707153.0
444486.239332 4635443.246011 1302707155.0
444486.657010 4635464.894366 1302707158.0
444477.028880 4635486.065843 1302707170.0
444452.972043 4635487.474759 1302707173.0
444432.307305 4635487.524889 1302707175.0
444411.390139 4635487.132913 1302707177.0
444384.413151 4635486.566237 1302707180.0
444359.184098 4635486.652215 1302707183.0
444332.628111 4635486.859685 1302707186.0
444308.566089 4635487.602926 1302707189.0
444288.223743 4635486.429580 1302707199.0
444266.719565 4635485.265381 1302707203.0
444238.489916 4635483.709753 1302707206.0
444215.083092 4635483.337841 1302707208.0
444191.011495 4635482.860180 1302707210.0
444167.769768 4635482.376096 1302707212.0
444146.105670 4635481.990752 1302707214.0
444120.047584 4635482.195110 1302707217.0
444099.557504 4635483.355175 1302707222.0
444091.261823 4635504.960875 1302707227.0
444090.459426 4635529.616724 1302707230.0
444089.955870 4635550.050936 1302707232.0
444089.045228 4635571.487650 1302707234.0
444089.054413 4635593.805417 1302707236.0
444089.629688 4635614.231164 1302707238.0
444089.954261 4635634.436811 1302707240.0
444089.509108 4635662.309849 1302707243.0
444089.225575 4635689.626449 1302707246.0
444090.406143 4635713.156401 1302707250.0
444092.973044 4635733.566519 1302707258.0
444112.762581 4635738.407757 1302707265.0
444132.569765 4635734.921359 1302707281.0
444155.389656 4635734.631382 1302707284.0
444175.639637 4635734.694721 1302707286.0
444197.219109 4635734.969770 1302707288.0
444218.553971 4635735.801970 1302707290.0
444239.224082 4635736.528404 1302707292.0
444259.558775 4635736.813386 1302707294.0
444280.716362 4635736.203718 1302707296.0
444303.287294 4635735.916163 1302707298.0
444326.024195 4635735.627382 1302707300.0
444347.599313 4635735.347750 1302707302.0
444374.316006 4635734.583895 1302707305.0
444394.721543 4635733.314234 1302707309.0
444415.052764 4635733.155552 1302707328.0
444438.213256 4635733.974163 1302707331.0
444459.644917 4635736.582873 1302707334.0
444482.261619 4635731.521069 1302707344.0
444484.053362 4635705.858263 1302707348.0
444482.243008 4635675.893209 1302707351.0
444481.986092 4635653.577390 1302707353.0
444481.320303 4635632.041997 1302707355.0
444479.576560 4635610.626039 1302707357.0
444480.142578 4635587.415538 1302707359.0
444481.035355 4635563.536287 1302707361.0
444481.938524 4635540.989363 1302707363.0
444482.314358 4635514.671397 1302707366.0
444482.646148 4635493.350301 1302707372.0
444484.705106 4635470.017136 1302707386.0
444485.513205 4635445.916483 1302707389.0
444485.762025 4635424.596036 1302707391.0
444486.072206 4635400.499265 1302707393.0
444486.629626 4635376.178501 1302707395.0
444487.188784 4635352.079792 1302707397.0
444487.581103 4635327.871349 1302707399.0
444487.562805 4635304.221277 1302707401.0
444487.727791 4635282.790455 1302707403.0
444487.881533 4635259.916281 1302707406.0
