446294.153436 4635256.174742 1302044336.0
446279.112272 4635242.631040 1302044342.0
446256.932143 4635239.911458 1302044345.0
446231.694767 4635238.991552 1302044348.0
446210.196970 4635238.709700 1302044351.0
446189.760431 4635236.088196 1302044358.0
446165.518072 4635235.049975 1302044363.0
446145.032925 4635236.981336 1302044369.0
446118.731760 4635238.068473 1302044378.0
446095.077885 4635238.025342 1302044381.0
446071.180081 4635238.650336 1302044384.0
446050.357960 4635239.918320 1302044387.0
446029.203885 4635241.188879 1302044391.0
446015.976185 4635226.077518 1302044412.0
445988.333679 4635225.398765 1302044417.0
445962.020695 4635224.932101 1302044420.0
445934.462009 4635224.363955 1302044423.0
445905.160519 4635223.809148 1302044426.0
445884.904128 4635223.074716 1302044428.0
445856.761959 4635222.178202 1302044431.0
445834.515475 4635221.681105 1302044434.0
445814.014318 4635221.503904 1302044438.0
445791.766137 4635220.784886 1302044445.0
445766.394742 4635224.086919 1302044451.0
445742.512122 4635226.711504 1302044454.0
445721.032007 4635228.762696 1302044456.0
445697.966625 4635229.715701 1302044458.0
445674.893628 4635229.669537 1302044460.0
445651.155861 4635229.517485 1302044462.0
445628.981349 4635227.577045 1302044464.0
445600.574918 4635224.684955 1302044467.0
445580.136388 4635221.843143 1302044470.0
445560.271139 4635217.997706 1302044477.0
445539.890101 4635211.824562 1302044496.0
445519.309300 4635212.092951 1302044499.0
445488.281038 4635213.662700 1302044502.0
445462.805501 4635214.190773 1302044504.0
445434.507439 4635214.629521 1302044506.0
445405.885073 4635216.070169 1302044508.0
445378.007078 4635217.172125 1302044510.0
445350.541487 4635217.937925 1302044512.0
445323.240177 4635218.480503 1302044514.0
445295.854173 4635218.801769 1302044516.0
445269.295517 4635218.783683 1302044518.0
445243.980008 4635218.534074 1302044520.0
445220.736698 4635217.935521 1302044522.0
445199.898399 4635217.096476 1302044524.0
445175.824318 4635216.393426 1302044527.0
445155.665315 4635217.547889 1302044534.0
445134.192152 4635220.489068 1302044539.0
445106.312486 4635221.370033 1302044542.0
445083.411398 4635222.101695 1302044544.0
445057.763065 4635221.744280 1302044546.0
445029.457320 4635221.185393 1302044548.0
445000.572350 4635220.853158 1302044550.0
444970.522077 4635220.085906 1302044552.0
444941.132288 4635218.869542 1302044554.0
444913.324457 4635218.307268 1302044556.0
444886.843610 4635217.623804 1302044558.0
444861.445070 4635217.376196 1302044560.0
444837.210974 4635217.452764 1302044562.0
444814.553697 4635217.517200 1302044564.0
444794.218433 4635217.341646 1302044566.0
444769.818352 4635217.419730 1302044569.0
444748.334133 4635218.918721 1302044573.0
444727.269182 4635220.969694 1302044588.0
444701.543847 4635221.391395 1302044592.0
444672.248198 4635221.618847 1302044595.0
444651.417580 4635221.780650 1302044597.0
444630.585236 4635221.720459 1302044599.0
444600.711242 4635222.285802 1302044602.0
444572.421844 4635223.838246 1302044605.0
444547.614599 4635224.919563 1302044608.0
444527.530902 4635225.075915 1302044611.0
444506.204077 4635225.464074 1302044626.0
444492.165819 4635245.226430 1302044631.0
444490.028088 4635269.115366 1302044634.0
444489.104940 4635289.108655 1302044636.0
444488.204291 4635311.988650 1302044638.0
444487.644259 4635335.976330 1302044640.0
444487.085963 4635360.186066 1302044642.0
444484.503932 4635380.303319 1302044644.0
444482.921240 4635400.856922 1302044646.0
444482.147752 4635429.398660 1302044649.0
444482.396871 4635450.715226 1302044652.0
444480.985373 4635471.933701 1302044657.0
444457.415275 4635482.554622 1302044662.0
444433.505350 4635481.519712 1302044665.0
444406.442758 4635480.620519 1302044668.0
444377.646955 4635480.956335 1302044671.0
444348.534815 4635483.293349 1302044674.0
444321.563878 4635483.504102 1302044677.0
444300.153972 4635483.782507 1302044680.0
444277.541809 4635489.511044 1302044691.0
444248.164257 4635489.740900 1302044694.0
444226.003135 4635489.470238 1302044696.0
444204.920847 4635489.191194 1302044698.0
444176.619518 4635489.079814 1302044701.0
444153.188334 4635485.599345 1302044705.0
444130.002605 4635481.672892 1302044711.0
444104.515847 4635480.651452 1302044714.0
444083.346177 4635479.818283 1302044716.0
444058.272597 4635478.571697 1302044718.0
444034.031499 4635477.651761 1302044720.0
444010.707621 4635477.279869 1302044722.0
443982.239380 4635477.059538 1302044725.0
443960.903703 4635476.228038 1302044729.0
443940.212699 4635472.948780 1302044742.0
