443533.973979 4635474.380696 1303353476.0
443510.157391 4635474.680552 1303353480.0
443481.595531 4635473.130553 1303353483.0
443461.426872 4635472.957494 1303353485.0
443439.520759 4635473.464492 1303353487.0
443415.953130 4635473.762686 1303353489.0
443391.878752 4635472.954643 1303353491.0
443368.044504 4635471.034430 1303353493.0
443343.957746 4635468.672168 1303353495.0
443322.614869 4635466.954361 1303353497.0
443301.626907 4635468.120683 1303353500.0
443281.309926 4635470.169999 1303353525.0
443260.971731 4635469.554720 1303353530.0
443235.545795 4635476.197263 1303353534.0
443210.347625 4635480.173261 1303353537.0
443188.725675 4635474.682915 1303353541.0
443163.827584 4635474.659451 1303353546.0
443135.130667 4635476.998117 1303353549.0
443110.755333 4635480.079626 1303353552.0
443090.477957 4635476.688491 1303353560.0
443071.794659 4635465.068137 1303353584.0
443053.447684 4635474.763726 1303353604.0
443055.300030 4635498.843361 1303353609.0
443053.384216 4635518.733816 1303353612.0
443052.870763 4635547.939943 1303353615.0
443052.070190 4635572.373891 1303353617.0
443051.612222 4635598.137513 1303353619.0
443052.049353 4635621.673294 1303353621.0
443052.163417 4635646.322002 1303353624.0
443054.406701 4635667.400591 1303353629.0
443056.073515 4635689.038960 1303353649.0
443055.590698 4635711.693824 1303353654.0
443055.364829 4635735.345944 1303353657.0
443055.519719 4635765.101909 1303353660.0
443055.444736 4635786.865241 1303353662.0
443055.529509 4635807.850055 1303353664.0
443055.690166 4635827.945989 1303353666.0
443056.488514 4635855.143025 1303353669.0
443056.731266 4635875.127269 1303353675.0
443053.597463 4635898.358506 1303353688.0
443053.537588 4635922.009306 1303353691.0
443052.973608 4635944.886896 1303353695.0
443052.164238 4635968.210587 1303353708.0
443064.598226 4635987.209097 1303353713.0
443085.052553 4635992.153203 1303353716.0
443114.285172 4635994.806564 1303353719.0
443136.705294 4635996.515121 1303353721.0
443159.043308 4635998.335437 1303353723.0
443180.298121 4635999.609293 1303353725.0
443209.350539 4636000.487931 1303353728.0
443237.416017 4636002.484897 1303353731.0
443268.211025 4636003.349888 1303353734.0
443291.782209 4636003.717351 1303353736.0
443316.849707 4636004.406087 1303353738.0
443342.912977 4636005.086990 1303353740.0
443368.638135 4636004.993436 1303353742.0
443393.366631 4636004.796862 1303353744.0
443413.944287 4636004.411281 1303353746.0
443434.093809 4636002.363646 1303353749.0
443454.845368 4636002.976111 1303353755.0
443477.515189 4636004.794790 1303353758.0
443507.412314 4636007.555522 1303353761.0
443528.417193 4636008.721363 1303353763.0
443554.561635 4636009.180327 1303353765.0
443584.174584 4636007.502263 1303353767.0
443613.535964 4636005.493211 1303353769.0
443643.984902 4636004.586017 1303353771.0
443674.767528 4636003.898383 1303353773.0
443705.390337 4636003.989385 1303353775.0
443735.343152 4636003.308572 1303353777.0
443762.803018 4636002.203431 1303353779.0
443785.781889 4636001.133761 1303353781.0
443812.243362 4635999.703588 1303353784.0
443836.881876 4635998.620991 1303353788.0
443853.443888 4635983.611836 1303353792.0
443860.149349 4635960.463875 1303353795.0
443862.895332 4635940.345050 1303353797.0
443865.999370 4635913.006186 1303353800.0
443879.492161 4635898.132321 1303353812.0
443884.186083 4635872.446454 1303353828.0
443884.623401 4635843.685168 1303353831.0
443885.522002 4635820.805058 1303353833.0
443886.403117 4635795.704405 1303353835.0
443886.044726 4635771.279722 1303353837.0
443886.828875 4635744.403289 1303353840.0
443903.632680 4635728.393058 1303353845.0
443928.573535 4635733.970460 1303353850.0
443955.823066 4635737.642204 1303353853.0
443977.234833 4635737.695838 1303353855.0
443997.740753 4635738.644931 1303353857.0
444021.904093 4635740.342578 1303353860.0
444041.462154 4635747.406119 1303353865.0
444063.024162 4635745.460217 1303353876.0
444087.529856 4635748.487806 1303353881.0
444111.038844 4635751.412266 1303353884.0
444133.778311 4635751.455952 1303353886.0
444160.078272 4635750.472493 1303353888.0
444186.266546 4635745.825882 1303353890.0
444208.044498 4635739.659435 1303353892.0
444233.017163 4635728.138410 1303353895.0
444253.329288 4635725.536668 1303353902.0
444275.682569 4635729.247953 1303353906.0
444300.519285 4635732.162651 1303353909.0
444330.341128 4635735.815710 1303353912.0
444350.767472 4635737.210576 1303353914.0
444379.317621 4635737.431722 1303353917.0
444404.392815 4635739.012510 1303353920.0
444426.803830 4635739.503832 1303353929.0
444450.619517 4635739.207033 1303353937.0
444462.355587 4635722.349392 1303353941.0
444467.827165 4635700.322012 1303353944.0
444471.408191 4635669.981830 1303353947.0
444473.626960 4635645.870170 1303353949.0
444475.992679 4635619.314620 1303353951.0
444477.283058 4635593.211589 1303353953.0
444478.657302 4635567.218941 1303353955.0
444480.205320 4635542.224244 1303353957.0
444481.697187 4635520.672038 1303353959.0
444481.116114 4635499.358057 1303353962.0
444492.415234 4635479.617004 1303353972.0
444495.953304 4635454.384742 1303353975.0
444497.278404 4635432.722809 1303353977.0
444497.493524 4635407.072305 1303353979.0
444496.858001 4635378.763616 1303353981.0
444497.557220 4635351.332801 1303353983.0
444497.766296 4635324.905110 1303353985.0
444496.920731 4635301.594586 1303353987.0
444494.853670 4635281.291493 1303353989.0
444488.851461 4635256.577708 1303353992.0
444478.819023 4635236.558758 1303353996.0
444482.623463 4635213.545101 1303354015.0
444504.527763 4635202.048989 1303354020.0
444527.083959 4635199.652645 1303354023.0
444548.750602 4635200.261209 1303354025.0
444573.153344 4635200.515451 1303354027.0
444598.723997 4635201.537931 1303354029.0
444624.126933 4635202.339738 1303354031.0
444646.534433 4635202.165604 1303354033.0
444668.442263 4635201.773354 1303354036.0
444689.366273 4635202.943283 1303354045.0
444715.766801 4635203.959739 1303354048.0
444739.758005 4635204.661880 1303354050.0
444767.816608 4635205.443600 1303354052.0
444799.027988 4635206.089968 1303354054.0
444830.903286 4635206.731332 1303354056.0
444863.525491 4635207.367057 1303354058.0
444896.062120 4635207.670493 1303354060.0
444929.180537 4635208.080613 1303354062.0
444962.794319 4635208.153959 1303354064.0
444995.914439 4635208.786444 1303354066.0
445028.949846 4635209.197669 1303354068.0
445061.819266 4635209.610326 1303354070.0
445093.945186 4635210.473001 1303354072.0
445124.991364 4635211.233102 1303354074.0
445155.702152 4635211.551787 1303354076.0
445186.494216 4635211.647911 1303354078.0
445216.957731 4635212.190828 1303354080.0
445246.924148 4635212.848731 1303354082.0
445276.643292 4635213.730725 1303354084.0
445305.945769 4635214.393975 1303354086.0
445335.493802 4635214.611327 1303354088.0
445365.958133 4635215.265909 1303354090.0
445396.419052 4635215.476513 1303354092.0
445426.633546 4635216.022235 1303354094.0
445455.935139 4635216.575075 1303354096.0
445484.655792 4635217.132480 1303354098.0
445513.208759 4635217.469217 1303354100.0
445542.096230 4635218.136611 1303354102.0
445571.065835 4635218.692462 1303354104.0
445600.031195 4635218.693295 1303354106.0
445628.664591 4635218.696779 1303354108.0
445655.228306 4635219.382367 1303354110.0
445679.311613 4635221.308334 1303354112.0
445701.243926 4635224.139045 1303354114.0
445725.068082 4635224.734740 1303354117.0
445747.212978 4635222.789531 1303354123.0
445768.390737 4635224.626893 1303354127.0
445792.708599 4635224.663888 1303354130.0
445819.852353 4635225.234642 1303354133.0
445849.230089 4635224.900251 1303354136.0
445876.435738 4635222.694913 1303354139.0
445899.743382 4635220.852379 1303354142.0
445921.668855 4635222.795551 1303354146.0
445943.588418 4635223.961601 1303354151.0
445964.400846 4635232.353290 1303354169.0
445972.709023 4635255.385239 1303354173.0
445972.422425 4635283.256813 1303354176.0
445971.366193 4635308.136320 1303354178.0
445970.416537 4635336.123958 1303354180.0
445969.139989 4635364.780278 1303354182.0
445968.437636 4635392.543976 1303354184.0
445968.307787 4635419.192999 1303354186.0
445967.747843 4635443.846681 1303354188.0
445967.160958 4635464.947498 1303354190.0
445966.576604 4635486.381396 1303354194.0
