446305.846851 4635056.781724 1302630013.0
446306.857295 4635036.677074 1302630021.0
446308.345622 4635013.904025 1302630028.0
446307.854678 4634992.811392 1302630033.0
446310.189686 4634972.252631 1302630039.0
446311.432409 4634949.925568 1302630043.0
446312.748095 4634926.265558 1302630046.0
446312.805495 4634900.838497 1302630049.0
446312.187231 4634873.862062 1302630052.0
446311.203351 4634853.439347 1302630054.0
446308.666159 4634825.144974 1302630057.0
446305.263692 4634803.186021 1302630061.0
446296.479889 4634783.044161 1302630074.0
446288.186480 4634761.899314 1302630078.0
446263.306297 4634753.537345 1302630082.0
446235.471712 4634749.639086 1302630085.0
446212.131444 4634747.372507 1302630087.0
446187.215915 4634745.339967 1302630089.0
446163.795136 4634743.407253 1302630091.0
446137.320279 4634743.718369 1302630094.0
446113.824879 4634742.896717 1302630097.0
446085.324513 4634738.782011 1302630100.0
446062.308574 4634735.514167 1302630102.0
446036.990584 4634735.150697 1302630104.0
446011.587912 4634734.565893 1302630106.0
445988.100035 4634734.743898 1302630108.0
445962.810663 4634738.155610 1302630111.0
445942.373826 4634746.638131 1302630119.0
445947.696444 4634769.914762 1302630125.0
445952.277966 4634793.974253 1302630128.0
445960.649444 4634814.340900 1302630136.0
445962.177771 4634840.755256 1302630140.0
445962.526484 4634864.846857 1302630143.0
445962.135827 4634889.943368 1302630146.0
445961.468404 4634911.377877 1302630149.0
445960.800987 4634932.812387 1302630153.0
445963.476892 4634957.330475 1302630162.0
445965.675031 4634984.516991 1302630166.0
445965.966847 4635012.051066 1302630169.0
445966.011370 4635039.809084 1302630172.0
445965.712979 4635066.126270 1302630175.0
445965.484113 4635090.666394 1302630178.0
445965.811772 4635111.982329 1302630181.0
445965.800728 4635132.412566 1302630184.0
445965.813264 4635155.951561 1302630187.0
445965.762178 4635182.044809 1302630190.0
445962.372947 4635205.720641 1302630193.0
445944.560715 4635220.845286 1302630196.0
445916.893343 4635227.828308 1302630199.0
445894.087032 4635230.111113 1302630201.0
445871.196057 4635232.172567 1302630203.0
445850.553426 4635235.216307 1302630205.0
445826.421002 4635237.731475 1302630208.0
445806.623507 4635242.767520 1302630216.0
445786.009657 4635249.586368 1302630243.0
445761.771488 4635249.104656 1302630248.0
445741.261103 4635247.706367 1302630251.0
445714.774576 4635246.242637 1302630254.0
445687.386148 4635246.229318 1302630257.0
445661.075743 4635246.096848 1302630260.0
445634.597661 4635245.743687 1302630263.0
445609.439787 4635244.381243 1302630266.0
445587.099328 4635242.442201 1302630269.0
445563.501277 4635238.847334 1302630273.0
445542.062645 4635235.458105 1302630280.0
445517.972548 4635232.644385 1302630302.0
445497.274241 4635239.242651 1302630306.0
445495.376167 4635262.352159 1302630310.0
445497.421941 4635291.094208 1302630313.0
445497.675661 4635313.410020 1302630315.0
445497.202017 4635338.285171 1302630317.0
445496.833451 4635366.046392 1302630319.0
445497.227077 4635395.800388 1302630321.0
445497.773938 4635423.887709 1302630323.0
445498.641705 4635450.529139 1302630325.0
445498.662605 4635474.956377 1302630327.0
445498.760548 4635498.605791 1302630329.0
445498.256347 4635519.483971 1302630331.0
445498.432185 4635542.466589 1302630334.0
445499.111888 4635566.222588 1302630338.0
445499.551973 4635591.201791 1302630342.0
445499.544850 4635611.965138 1302630345.0
445499.832555 4635638.722048 1302630349.0
445499.663711 4635660.041802 1302630352.0
445499.749771 4635682.136842 1302630355.0
445500.843542 4635705.778644 1302630358.0
445502.873922 4635732.522225 1302630361.0
445503.699189 4635753.612309 1302630364.0
445504.453361 4635776.257409 1302630369.0
445506.451437 4635798.781960 1302630372.0
445508.514903 4635829.855606 1302630375.0
445509.949910 4635854.716174 1302630377.0
445510.893807 4635880.468770 1302630379.0
445510.992587 4635904.229226 1302630381.0
445510.571391 4635925.106784 1302630383.0
445510.488922 4635946.870021 1302630386.0
445513.746957 4635971.383547 1302630397.0
445539.450269 4635979.292429 1302630401.0
445568.587835 4635980.513135 1302630404.0
445590.462027 4635986.896992 1302630406.0
445613.915370 4635993.601958 1302630408.0
445638.013875 4635997.859335 1302630410.0
445660.876101 4636003.236562 1302630412.0
445685.740847 4636010.042028 1302630414.0
445711.420122 4636014.842766 1302630416.0
445737.332234 4636017.532183 1302630418.0
445762.826037 4636019.780744 1302630420.0
445787.480716 4636020.814413 1302630422.0
445810.798397 4636020.636969 1302630424.0
445832.045774 4636021.030514 1302630426.0
445855.534480 4636021.518118 1302630429.0
445876.310117 4636025.357424 1302630446.0
