446307.302662 4635260.961096 1302109135.0
446311.847337 4635236.277438 1302109142.0
446312.519105 4635215.287069 1302109145.0
446314.341872 4635192.844593 1302109148.0
446316.892328 4635167.842869 1302109151.0
446319.286860 4635144.174722 1302109154.0
446321.457531 4635123.839264 1302109157.0
446323.116045 4635101.620099 1302109161.0
446324.705799 4635081.289021 1302109168.0
446329.035979 4635061.159365 1302109190.0
446330.168982 4635035.280064 1302109196.0
446331.990191 4635012.615547 1302109199.0
446331.066789 4634989.194471 1302109203.0
446332.073137 4634968.534693 1302109224.0
446333.455991 4634942.764548 1302109229.0
446331.792337 4634920.237317 1302109232.0
446326.460206 4634895.517055 1302109235.0
446322.922969 4634866.675044 1302109238.0
446324.816333 4634842.566554 1302109240.0
446326.952006 4634817.567975 1302109242.0
446329.327483 4634791.346225 1302109244.0
446331.293855 4634765.904792 1302109246.0
446332.540040 4634744.021849 1302109248.0
446333.626932 4634723.028374 1302109251.0
446339.375006 4634703.776328 1302109267.0
446323.670491 4634690.459588 1302109273.0
446299.514322 4634690.086431 1302109276.0
446277.345043 4634689.032177 1302109278.0
446253.431154 4634687.769084 1302109280.0
446228.771124 4634686.622735 1302109282.0
446205.274713 4634685.689752 1302109284.0
446182.692935 4634684.972006 1302109287.0
446159.686939 4634683.036170 1302109291.0
446130.960877 4634682.031916 1302109294.0
446105.893375 4634681.888372 1302109296.0
446079.580080 4634681.643310 1302109298.0
446054.676044 4634681.165609 1302109300.0
446032.762406 4634680.998445 1302109302.0
446011.273002 4634682.049502 1302109305.0
445993.010688 4634692.736065 1302109315.0
445992.357446 4634716.058022 1302109319.0
445990.663133 4634744.384372 1302109322.0
445989.257055 4634766.934804 1302109324.0
445987.671531 4634787.710064 1302109326.0
445986.273049 4634811.259742 1302109330.0
445985.640050 4634837.246352 1302109334.0
445984.386028 4634868.900374 1302109337.0
445983.576956 4634893.555921 1302109339.0
445983.928123 4634917.980607 1302109341.0
445984.044619 4634944.294640 1302109344.0
445982.130556 4634965.516532 1302109348.0
445981.085159 4634991.839376 1302109351.0
445980.099194 4635015.052836 1302109353.0
445979.232429 4635043.039830 1302109355.0
445978.967664 4635073.798096 1302109357.0
445977.883090 4635105.894982 1302109359.0
445976.717222 4635138.214553 1302109361.0
445975.706405 4635169.089515 1302109363.0
445974.583983 4635196.190188 1302109365.0
445972.748815 4635216.856327 1302109367.0
445958.425549 4635232.398614 1302109370.0
445932.209059 4635233.707864 1302109373.0
445909.049728 4635233.217463 1302109375.0
445883.561605 4635232.078626 1302109377.0
445859.485151 4635231.040186 1302109379.0
445831.914654 4635228.918057 1302109382.0
445807.081976 4635226.664174 1302109410.0
445783.833702 4635225.397622 1302109413.0
445763.083581 4635225.222462 1302109415.0
445739.094297 4635224.738931 1302109417.0
445712.036058 4635224.500933 1302109419.0
445683.143562 4635223.166688 1302109421.0
445653.754805 4635222.058412 1302109423.0
445624.451569 4635221.282705 1302109425.0
445597.060496 4635220.936650 1302109427.0
445573.984920 4635220.557731 1302109429.0
445547.253518 4635219.651661 1302109432.0
445525.202683 4635223.040209 1302109437.0
445506.168394 4635230.180894 1302109445.0
445504.171162 4635251.181518 1302109450.0
445503.205491 4635276.837664 1302109453.0
445502.550555 4635299.715594 1302109455.0
445502.579922 4635325.253097 1302109457.0
445502.365421 4635351.458668 1302109459.0
445501.979851 4635376.999347 1302109461.0
445501.916895 4635401.316190 1302109463.0
445502.086769 4635423.521614 1302109465.0
445502.846900 4635446.943892 1302109468.0
445501.946429 4635470.267842 1302109476.0
445500.697029 4635491.373789 1302109479.0
445499.692351 4635511.922698 1302109482.0
445496.380191 4635534.598901 1302109493.0
445496.159792 4635560.027291 1302109496.0
445496.162020 4635582.011935 1302109498.0
445496.618257 4635609.100655 1302109500.0
445497.411533 4635636.852999 1302109502.0
445497.380049 4635665.277856 1302109504.0
445496.689787 4635694.373958 1302109506.0
445495.392305 4635720.032663 1302109508.0
445494.469826 4635740.469918 1302109510.0
445494.603483 4635768.782483 1302109513.0
445495.621078 4635793.313140 1302109516.0
445497.443016 4635814.506633 1302109520.0
445500.181159 4635836.137252 1302109523.0
445500.930243 4635858.116191 1302109525.0
445502.200157 4635883.089057 1302109527.0
445503.811339 4635909.280683 1302109529.0
445504.348840 4635936.146727 1302109531.0
445504.876995 4635961.791473 1302109533.0
445504.532011 4635981.780181 1302109535.0
445503.882288 4636005.324300 1302109538.0
445519.152187 4636027.081125 1302109544.0
445542.458821 4636025.459449 1302109547.0
445568.256593 4636024.040878 1302109550.0
445588.338857 4636023.998466 1302109563.0
445614.661656 4636026.129131 1302109567.0
445642.478943 4636028.359520 1302109570.0
445663.825388 4636030.861448 1302109572.0
445687.325936 4636032.902878 1302109574.0
445712.562298 4636034.042885 1302109576.0
445739.197484 4636033.617853 1302109578.0
445768.225592 4636031.398162 1302109580.0
445795.683837 4636030.078806 1302109582.0
445822.230145 4636028.877526 1302109584.0
445846.534285 4636027.471325 1302109586.0
445868.433672 4636026.305551 1302109588.0
445889.336449 4636025.036382 1302109590.0
445910.161310 4636024.434067 1302109592.0
445931.076741 4636024.830429 1302109594.0
445951.827891 4636025.450165 1302109596.0
445972.665386 4636026.513442 1302109598.0
445994.498646 4636027.569229 1302109600.0
446016.818003 4636027.066928 1302109602.0
446037.973946 4636026.351445 1302109604.0
446066.183276 4636025.582610 1302109607.0
446087.761694 4636025.863377 1302109610.0
446110.519484 4636028.466991 1302109624.0
446136.583058 4636029.269140 1302109627.0
446159.821917 4636029.648602 1302109629.0
446184.051509 4636029.354453 1302109631.0
446208.526691 4636028.614398 1302109633.0
446233.403371 4636026.094859 1302109635.0
446256.945669 4636022.697207 1302109637.0
446277.083253 4636018.992214 1302109639.0
446297.912438 4636007.953851 1302109642.0
446304.944310 4635983.029330 1302109645.0
446304.609271 4635960.603089 1302109647.0
446302.839266 4635934.967695 1302109649.0
446300.969526 4635907.112384 1302109651.0
446299.001725 4635877.259211 1302109653.0
446296.954275 4635847.850774 1302109655.0
446295.164133 4635819.550734 1302109657.0
446300.937213 4635792.748142 1302109659.0
446307.734602 4635769.712973 1302109661.0
446310.683800 4635742.598578 1302109664.0
446311.231491 4635716.168487 1302109667.0
446311.744879 4635685.186285 1302109670.0
446312.239723 4635662.753799 1302109672.0
446312.902216 4635640.542117 1302109674.0
446312.410447 4635619.338436 1302109676.0
446312.007520 4635598.911321 1302109678.0
446313.130286 4635571.699668 1302109681.0
446314.300758 4635550.816563 1302109685.0
446313.472026 4635528.949224 1302109699.0
446314.300520 4635506.736296 1302109704.0
446323.282687 4635487.237763 1302109715.0
446344.295182 4635489.300133 1302109718.0
446371.649794 4635495.978220 1302109721.0
446398.800785 4635497.661441 1302109724.0
