444363.482713 4635473.849739 1301691594.0
444343.461881 4635471.341316 1301691601.0
444319.134354 4635469.976950 1301691606.0
444296.497824 4635472.596666 1301691611.0
444279.994957 4635484.828429 1301691626.0
444277.097248 4635506.946853 1301691632.0
444276.104785 4635528.606240 1301691635.0
444275.041502 4635551.820657 1301691638.0
444273.958251 4635572.481450 1301691641.0
444275.530568 4635593.121470 1301691646.0
444269.716255 4635613.708242 1301691652.0
444269.315162 4635636.695416 1301691655.0
444272.878265 4635657.208828 1301691657.0
444272.314671 4635680.641409 1301691660.0
444271.751083 4635704.073992 1301691664.0
444274.254458 4635727.038445 1301691691.0
444272.536038 4635751.368336 1301691695.0
444270.904960 4635776.252715 1301691698.0
444269.298218 4635804.245858 1301691701.0
444269.128729 4635825.010546 1301691703.0
444270.714052 4635847.315981 1301691705.0
444272.138614 4635870.288879 1301691707.0
444272.314952 4635892.827407 1301691709.0
444271.980366 4635913.704423 1301691711.0
444272.404786 4635936.129978 1301691713.0
444272.320019 4635957.116076 1301691715.0
444271.198190 4635983.439922 1301691718.0
444272.029702 4636004.862988 1301691722.0
444294.914721 4636013.011521 1301691727.0
444317.591193 4636015.721089 1301691730.0
444343.901469 4636016.181653 1301691733.0
444368.715476 4636016.320898 1301691736.0
444391.683089 4636013.809829 1301691739.0
444416.695790 4636007.507717 1301691742.0
444445.524815 4636001.064893 1301691745.0
444466.271910 4636001.125167 1301691747.0
444487.995834 4636009.394404 1301691749.0
444510.986915 4636020.540718 1301691751.0
444535.908083 4636023.788662 1301691753.0
444562.203610 4636022.362569 1301691755.0
444588.780110 4636014.383382 1301691757.0
444614.099859 4636004.859593 1301691759.0
444637.843026 4635995.348150 1301691761.0
444661.109070 4635988.505309 1301691763.0
444684.501251 4635987.213262 1301691765.0
444707.604609 4635991.475230 1301691767.0
444731.856756 4635994.062850 1301691769.0
444757.108967 4635997.197965 1301691771.0
444782.865928 4636001.217527 1301691773.0
444808.791403 4636005.568978 1301691775.0
444835.111973 4636007.363683 1301691777.0
444862.749914 4636007.815880 1301691779.0
444890.719776 4636008.265616 1301691781.0
444918.774331 4636008.936874 1301691783.0
444946.159021 4636008.836184 1301691785.0
444972.636920 4636009.519841 1301691787.0
444998.036913 4636010.322955 1301691789.0
445021.944093 4636011.248715 1301691791.0
445042.368622 4636012.534529 1301691793.0
445062.878693 4636014.152843 1301691796.0
445086.311929 4636018.191422 1301691815.0
445106.641463 4636017.923678 1301691818.0
445133.448661 4636018.272294 1301691821.0
445163.576812 4636018.817508 1301691824.0
445184.322958 4636018.768846 1301691826.0
445206.147858 4636018.711946 1301691828.0
445228.802569 4636018.648731 1301691830.0
445252.696023 4636017.798830 1301691832.0
445277.506539 4636017.497132 1301691834.0
445303.068149 4636017.744921 1301691836.0
445329.459568 4636017.986433 1301691838.0
445356.100778 4636018.337160 1301691840.0
445381.908767 4636018.250241 1301691842.0
445406.642255 4636018.726819 1301691844.0
445428.888857 4636019.555639 1301691846.0
445454.215957 4636021.693341 1301691849.0
445475.139943 4636023.198636 1301691854.0
445496.052874 4636023.260639 1301691877.0
445518.047106 4636023.647533 1301691880.0
445546.099801 4636024.099207 1301691883.0
445567.601229 4636025.156223 1301691885.0
445590.423562 4636025.314945 1301691887.0
445614.491455 4636025.575262 1301691889.0
445639.724469 4636026.270902 1301691891.0
445666.114977 4636026.402634 1301691893.0
445692.836559 4636026.420905 1301691895.0
445719.888371 4636026.214692 1301691897.0
445747.024009 4636026.118978 1301691899.0
445774.492416 4636026.131866 1301691901.0
445802.215678 4636026.920157 1301691903.0
445829.357220 4636027.601947 1301691905.0
445855.586809 4636028.401805 1301691907.0
445880.323576 4636029.324137 1301691909.0
445903.142498 4636029.039752 1301691911.0
445925.878440 4636028.756069 1301691913.0
445949.533070 4636029.242722 1301691915.0
445973.934524 4636029.723789 1301691917.0
445998.170012 4636030.206198 1301691919.0
446020.740828 4636030.035104 1301691921.0
446040.994065 4636030.658874 1301691923.0
446068.881543 4636031.224890 1301691926.0
446099.176300 4636031.883831 1301691929.0
446121.417704 4636032.048650 1301691931.0
446145.064743 4636031.536707 1301691933.0
446169.784663 4636030.239500 1301691935.0
446193.755245 4636028.614939 1301691937.0
446216.637024 4636025.666278 1301691939.0
446236.776257 4636022.183224 1301691941.0
446257.994263 4636018.692088 1301691944.0
446277.716116 4636014.879200 1301691952.0
446296.190028 4635999.639325 1301691967.0
446296.514629 4635976.652941 1301691970.0
446296.633924 4635948.449532 1301691973.0
446296.893967 4635927.906374 1301691975.0
446297.233647 4635906.918483 1301691977.0
446297.574167 4635886.041619 1301691979.0
446297.752910 4635865.721144 1301691981.0
446297.535268 4635836.854079 1301691984.0
446296.842328 4635810.988503 1301691987.0
446296.519826 4635790.227675 1301691991.0
