446301.826724 4635283.209045 1303489345.0
446303.907609 4635261.985985 1303489352.0
446295.859530 4635240.284108 1303489359.0
446270.266757 4635236.257810 1303489364.0
446245.285881 4635236.335221 1303489367.0
446214.989442 4635235.897682 1303489370.0
446193.658453 4635235.725654 1303489372.0
446171.331579 4635235.561214 1303489374.0
446147.012939 4635235.411900 1303489376.0
446122.447844 4635235.597633 1303489378.0
446098.296861 4635235.669284 1303489380.0
446073.893544 4635235.298794 1303489382.0
446049.239571 4635234.708218 1303489384.0
446024.752414 4635234.227497 1303489386.0
446000.761511 4635233.521031 1303489388.0
445977.354900 4635233.254350 1303489390.0
445953.863612 4635232.766321 1303489392.0
445929.710083 4635232.505462 1303489394.0
445905.060295 4635232.470520 1303489396.0
445880.162378 4635232.548582 1303489398.0
445855.258554 4635231.849541 1303489400.0
445830.357255 4635231.483669 1303489402.0
445806.040263 4635231.557573 1303489404.0
445782.631939 4635231.069476 1303489406.0
445759.805387 4635230.688061 1303489408.0
445737.891724 4635230.299766 1303489410.0
445715.896760 4635230.134225 1303489412.0
445693.901793 4635229.968752 1303489414.0
445673.299880 4635227.461019 1303489416.0
445645.404964 4635226.341387 1303489419.0
445624.492245 4635226.612005 1303489422.0
445603.250107 4635227.218300 1303489430.0
445580.177945 4635227.283470 1303489445.0
445556.358869 4635227.354422 1303489448.0
445527.555277 4635226.797362 1303489451.0
445506.969423 4635226.399625 1303489453.0
445485.471522 4635226.119959 1303489455.0
445464.638390 4635225.946303 1303489457.0
445435.173408 4635225.727780 1303489460.0
445414.506252 4635225.552999 1303489462.0
445393.008340 4635225.273613 1303489464.0
445370.600084 4635225.334372 1303489466.0
445348.023292 4635225.063394 1303489468.0
445325.532896 4635225.235959 1303489470.0
445302.956099 4635224.965123 1303489472.0
445280.544427 4635224.582058 1303489474.0
445258.965216 4635224.525767 1303489476.0
445231.077024 4635224.295973 1303489479.0
445209.413110 4635224.018416 1303489482.0
445187.830475 4635223.518232 1303489488.0
445162.917964 4635221.711339 1303489511.0
445141.255746 4635221.656044 1303489514.0
445115.855534 4635221.185475 1303489517.0
445087.798767 4635220.624439 1303489520.0
445058.746108 4635220.071193 1303489523.0
445038.659841 4635219.893022 1303489525.0
445017.828372 4635219.942727 1303489527.0
444997.410997 4635219.878261 1303489529.0
444967.613979 4635219.664235 1303489532.0
444938.395317 4635219.112762 1303489535.0
444908.763413 4635218.786672 1303489538.0
444879.045077 4635218.017238 1303489541.0
444851.404075 4635217.564949 1303489544.0
444827.331660 4635217.085130 1303489547.0
444801.354760 4635217.175317 1303489551.0
444780.354709 4635216.893920 1303489556.0
444759.860347 4635217.607969 1303489584.0
444738.697758 4635217.772090 1303489588.0
444715.957487 4635217.837483 1303489591.0
444689.483502 4635218.042969 1303489594.0
444658.691421 4635217.948993 1303489597.0
444635.950284 4635217.903615 1303489599.0
444612.882362 4635218.527052 1303489601.0
444589.979560 4635219.038246 1303489603.0
444567.164070 4635220.104004 1303489605.0
444544.757489 4635220.389415 1303489607.0
444523.844738 4635220.663264 1303489609.0
444500.526127 4635221.066950 1303489612.0
444485.806651 4635238.613948 1303489617.0
444484.886969 4635259.051345 1303489620.0
444483.533379 4635287.708630 1303489623.0
444483.368406 4635309.139453 1303489625.0
444482.717613 4635332.128536 1303489627.0
444482.067692 4635355.228647 1303489629.0
444481.167945 4635378.219673 1303489631.0
444480.511114 4635400.431569 1303489633.0
444480.257116 4635421.085852 1303489635.0
444480.793278 4635447.285673 1303489638.0
444481.118467 4635467.713376 1303489645.0
444459.935084 4635475.761908 1303489653.0
444437.165314 4635471.942248 1303489656.0
444409.326339 4635467.273946 1303489659.0
444389.141266 4635464.988744 1303489661.0
444368.237902 4635466.373329 1303489663.0
444348.083168 4635467.974194 1303489665.0
444323.864651 4635469.939978 1303489668.0
444301.559201 4635472.446056 1303489672.0
444280.126682 4635469.837815 1303489695.0
444259.418448 4635464.337087 1303489699.0
444235.066541 4635459.864247 1303489702.0
444204.776869 4635460.212454 1303489705.0
444183.950416 4635460.819739 1303489707.0
444163.368577 4635460.869998 1303489709.0
444135.986092 4635461.528814 1303489712.0
444110.495543 4635470.611475 1303489715.0
444090.578295 4635481.315995 1303489722.0
444089.425647 4635503.642878 1303489726.0
444091.120708 4635529.278432 1303489730.0
444091.575316 4635555.478893 1303489734.0
444091.080474 4635577.023377 1303489737.0
444091.262597 4635600.228060 1303489740.0
444090.360676 4635622.775047 1303489743.0
444088.955620 4635644.659780 1303489746.0
444088.378685 4635666.315947 1303489749.0
444088.153740 4635690.523134 1303489753.0
444087.913111 4635712.731833 1303489759.0
444101.648963 4635728.723966 1303489768.0
