445782.400610 4635495.108976 1303002257.0
445750.020383 4635493.356889 1303002260.0
445726.361411 4635492.537801 1303002263.0
445700.892793 4635493.842222 1303002269.0
445676.654597 4635493.249780 1303002272.0
445650.423008 4635492.450562 1303002275.0
445627.682809 4635492.402027 1303002278.0
445606.440617 4635492.897293 1303002282.0
445584.529440 4635492.731531 1303002286.0
445561.536881 4635492.241000 1303002291.0
445540.804496 4635494.287037 1303002295.0
445518.067692 4635494.682959 1303002298.0
445498.049081 4635492.393351 1303002300.0
445477.202283 4635490.332204 1303002302.0
445449.311752 4635489.657457 1303002305.0
445421.420364 4635488.871791 1303002308.0
445393.362993 4635488.087508 1303002311.0
445364.559579 4635487.420090 1303002314.0
445334.593483 4635486.650676 1303002317.0
445313.841533 4635486.143750 1303002319.0
445293.338540 4635485.634972 1303002321.0
445264.867903 4635485.076435 1303002324.0
445238.885174 4635484.276819 1303002327.0
445214.398772 4635483.798890 1303002330.0
445187.753838 4635483.226620 1303002333.0
445160.279025 4635482.660839 1303002336.0
445132.559518 4635482.652216 1303002339.0
445106.166098 4635482.411415 1303002342.0
445082.254593 4635481.152274 1303002345.0
445056.030562 4635481.354488 1303002348.0
445026.984958 4635481.578572 1303002351.0
445006.486203 4635481.625755 1303002353.0
444985.903603 4635481.562611 1303002355.0
444965.735080 4635481.385294 1303002357.0
444938.341498 4635480.597672 1303002360.0
444917.338802 4635479.871771 1303002363.0
444895.012596 4635479.711338 1303002369.0
444871.399829 4635484.890553 1303002375.0
444847.360125 4635488.518679 1303002379.0
444818.973281 4635488.072309 1303002382.0
444789.588001 4635487.300688 1303002385.0
444768.261100 4635487.577043 1303002389.0
444747.241175 4635484.631099 1303002394.0
444727.031293 4635479.125154 1303002403.0
444705.020645 4635476.853225 1303002420.0
444683.857963 4635476.906490 1303002423.0
444653.808712 4635476.140583 1303002426.0
444630.897246 4635475.430355 1303002428.0
444607.738537 4635474.944191 1303002430.0
444584.661085 4635474.235403 1303002432.0
444561.997700 4635473.412432 1303002434.0
444540.164185 4635472.583073 1303002436.0
444519.739724 4635471.520739 1303002438.0
444495.496094 4635470.266152 1303002441.0
444472.413416 4635468.891563 1303002446.0
444444.887492 4635472.437191 1303002451.0
444415.420825 4635471.889814 1303002454.0
444393.915764 4635470.614204 1303002456.0
444372.501485 4635470.337256 1303002458.0
444352.082188 4635469.941565 1303002460.0
444331.832333 4635469.988744 1303002462.0
444304.525923 4635469.758046 1303002465.0
444281.277220 4635468.385374 1303002469.0
444272.963603 4635487.770314 1303002481.0
444247.403029 4635498.518541 1303002488.0
444219.429344 4635497.849258 1303002491.0
444190.770876 4635494.520633 1303002494.0
444167.418354 4635490.484331 1303002497.0
444147.634266 4635486.420127 1303002502.0
444124.375999 4635483.826669 1303002506.0
444099.395014 4635483.800586 1303002509.0
444077.069628 4635483.753744 1303002511.0
444052.416230 4635483.170084 1303002513.0
444026.180828 4635481.932736 1303002515.0
444000.030149 4635480.916886 1303002517.0
443973.797347 4635480.012812 1303002519.0
443946.815900 4635478.892658 1303002521.0
443920.251130 4635477.991393 1303002523.0
443893.769338 4635477.089573 1303002525.0
443865.785887 4635475.200378 1303002527.0
443831.743443 4635473.248029 1303002529.0
443798.616471 4635471.621723 1303002531.0
443766.319358 4635469.989019 1303002533.0
443736.186047 4635469.116610 1303002535.0
443707.795469 4635468.230557 1303002537.0
443680.569344 4635467.668513 1303002539.0
443654.004480 4635466.768240 1303002541.0
443628.684424 4635465.858215 1303002543.0
443604.532343 4635465.716274 1303002545.0
443581.540329 4635465.343158 1303002547.0
443561.365499 4635464.392625 1303002549.0
443538.293128 4635464.353388 1303002552.0
443518.307151 4635466.288368 1303002562.0
443497.230013 4635466.677581 1303002566.0
443467.173455 4635465.028461 1303002569.0
443442.434273 4635464.114488 1303002571.0
443416.117431 4635463.102098 1303002573.0
443389.387406 4635462.315157 1303002575.0
443363.739746 4635461.963848 1303002577.0
443339.336901 4635461.602730 1303002579.0
443316.676796 4635461.227828 1303002581.0
443296.505440 4635460.722154 1303002583.0
443274.922403 4635460.116744 1303002586.0
443250.780002 4635461.197300 1303002592.0
443224.140892 4635461.409562 1303002595.0
443194.922961 4635460.865248 1303002598.0
443172.907256 4635458.042911 1303002601.0
443151.415155 4635458.436457 1303002606.0
443126.191258 4635459.192963 1303002609.0
443098.309978 4635459.748716 1303002612.0
443077.895838 4635460.022840 1303002615.0
443057.956099 4635467.732527 1303002624.0
443057.934330 4635496.157481 1303002628.0
443059.598497 4635517.462764 1303002630.0
443060.048024 4635542.552923 1303002632.0
443060.189566 4635570.643472 1303002634.0
443060.265872 4635600.955229 1303002636.0
443060.348394 4635632.044178 1303002638.0
443060.268497 4635663.578565 1303002640.0
443060.434898 4635694.777881 1303002642.0
443060.841380 4635724.864937 1303002644.0
443060.820514 4635753.400929 1303002646.0
443060.621258 4635780.383867 1303002648.0
443060.907485 4635805.808445 1303002650.0
443061.018869 4635830.124078 1303002652.0
443061.539845 4635853.770232 1303002654.0
443061.796784 4635875.530912 1303002656.0
443062.569370 4635899.508159 1303002659.0
443062.315986 4635919.718440 1303002663.0
443062.685196 4635945.142360 1303002667.0
443062.801909 4635970.124162 1303002670.0
443063.725365 4635992.212622 1303002673.0
443082.190313 4636007.831923 1303002678.0
443104.928140 4636007.761290 1303002681.0
443125.919807 4636007.260535 1303002683.0
443150.314605 4636006.843713 1303002685.0
443175.539220 4636006.420354 1303002687.0
443199.434361 4636005.785618 1303002689.0
443222.333727 4636005.158900 1303002691.0
443245.471423 4636003.197945 1303002694.0
