445796.226294 4635228.856396 1302061519.0
445775.223833 4635228.238987 1302061530.0
445748.163074 4635227.667771 1302061534.0
445724.670047 4635226.958443 1302061537.0
445700.939890 4635227.805469 1302061540.0
445675.457628 4635227.444565 1302061543.0
445648.559444 4635226.428354 1302061546.0
445621.831469 4635225.966112 1302061549.0
445596.183211 4635225.606759 1302061552.0
445572.023686 4635224.569923 1302061555.0
445551.020333 4635223.842147 1302061558.0
445527.302061 4635226.244131 1302061562.0
445505.899041 4635227.518148 1302061572.0
445502.918667 4635250.191797 1302061577.0
445502.457734 4635276.732351 1302061581.0
445502.127963 4635298.719525 1302061584.0
445501.468787 4635321.042320 1302061587.0
445501.231357 4635344.250160 1302061590.0
445500.741566 4635367.015796 1302061593.0
445500.581186 4635389.445812 1302061596.0
445500.490207 4635410.098760 1302061599.0
445500.006375 4635433.641588 1302061603.0
445500.745278 4635454.288189 1302061609.0
445499.254560 4635476.395285 1302061635.0
445498.788579 4635502.269686 1302061639.0
445497.562132 4635526.373368 1302061642.0
445497.108058 4635553.802151 1302061645.0
445496.495664 4635582.231450 1302061648.0
445496.134783 4635610.991926 1302061651.0
445496.116895 4635641.193217 1302061654.0
445495.693159 4635661.737686 1302061656.0
445495.337391 4635691.164330 1302061659.0
445494.122898 4635716.822400 1302061662.0
445494.478322 4635741.580190 1302061665.0
445495.152088 4635764.559005 1302061668.0
445496.803817 4635785.198631 1302061674.0
445494.669727 4635809.975473 1302061681.0
445493.766810 4635832.966356 1302061685.0
445494.832553 4635852.944266 1302061688.0
445495.986373 4635873.587704 1302061691.0
445498.303642 4635894.444308 1302061694.0
445499.133164 4635916.089533 1302061697.0
445499.386905 4635938.405367 1302061700.0
445499.966627 4635959.941471 1302061703.0
445500.660762 4635985.584948 1302061707.0
445502.232857 4636006.669325 1302061713.0
445524.541470 4636015.603431 1302061719.0
445551.514592 4636015.952350 1302061723.0
445574.429268 4636017.331685 1302061726.0
445598.255031 4636018.482068 1302061729.0
445621.995261 4636019.300082 1302061732.0
445646.564447 4636020.000815 1302061735.0
445671.546839 4636020.476414 1302061738.0
445696.115167 4636021.066291 1302061741.0
445720.763932 4636021.322538 1302061744.0
445745.494830 4636021.467212 1302061747.0
445769.732910 4636022.281926 1302061750.0
445793.141174 4636023.103037 1302061753.0
445815.634105 4636023.598088 1302061756.0
445835.801874 4636023.888824 1302061759.0
445857.960342 4636024.053451 1302061763.0
445878.290694 4636023.898937 1302061770.0
445901.281498 4636024.390475 1302061778.0
445925.263855 4636024.319391 1302061782.0
445945.429928 4636024.388383 1302061785.0
445966.930433 4636025.335577 1302061788.0
445989.589298 4636025.829918 1302061791.0
446012.413279 4636026.212046 1302061794.0
446033.327852 4636026.497680 1302061797.0
446057.895267 4636026.977777 1302061801.0
446079.142599 4636027.372060 1302061805.0
446099.725239 4636027.660402 1302061809.0
446124.956489 4636028.135706 1302061813.0
446145.623783 4636028.645608 1302061816.0
446168.199634 4636029.141144 1302061819.0
446191.519793 4636029.298028 1302061822.0
446211.669066 4636027.147230 1302061825.0
446234.140142 4636024.756895 1302061829.0
446254.954125 4636022.712235 1302061834.0
446275.282795 4636022.336800 1302061838.0
446292.925196 4636006.881120 1302061842.0
446293.355370 4635986.891845 1302061845.0
446293.925559 4635963.459476 1302061848.0
446293.574581 4635938.923719 1302061851.0
446293.713961 4635913.384964 1302061854.0
446294.601025 4635887.951605 1302061857.0
446295.982646 4635862.070386 1302061860.0
446297.775010 4635835.630903 1302061863.0
446299.480221 4635808.636913 1302061866.0
446300.516555 4635780.981765 1302061869.0
446300.977869 4635754.108188 1302061872.0
446301.272384 4635727.124837 1302061875.0
446301.069832 4635700.256267 1302061878.0
446300.953614 4635673.831182 1302061881.0
446301.584265 4635647.400467 1302061884.0
446302.053138 4635621.526140 1302061887.0
446302.278079 4635596.319854 1302061890.0
446302.825764 4635569.889769 1302061893.0
446303.697868 4635542.457938 1302061896.0
446304.152537 4635514.696155 1302061899.0
446304.850316 4635486.155306 1302061902.0
446305.212806 4635457.172853 1302061905.0
446305.162035 4635428.415583 1302061908.0
446305.777683 4635399.986392 1302061911.0
446305.895408 4635371.560955 1302061914.0
446306.101146 4635343.801056 1302061917.0
446306.487093 4635317.927367 1302061920.0
446307.136238 4635293.939264 1302061923.0
446307.644514 4635273.283225 1302061926.0
446308.790774 4635249.180344 1302061932.0
446311.262379 4635224.734375 1302061937.0
446312.185629 4635204.075212 1302061940.0
446313.253951 4635180.639122 1302061943.0
446313.731304 4635155.875086 1302061946.0
446314.959769 4635131.660558 1302061949.0
446315.627380 4635110.115058 1302061952.0
446313.722250 4635088.588945 1302061956.0
