444674.942291 4635461.653055 1301766713.0
444698.866023 4635464.465210 1301766742.0
444724.535060 4635467.597004 1301766745.0
444745.049369 4635469.547499 1301766747.0
444766.221540 4635470.715715 1301766749.0
444787.224286 4635471.441171 1301766751.0
444807.481859 4635472.394531 1301766753.0
444835.870487 4635473.062910 1301766756.0
444857.531959 4635473.117270 1301766759.0
444878.441387 4635472.511312 1301766764.0
444899.220911 4635476.569840 1301766773.0
444923.382295 4635477.937469 1301766776.0
444951.527925 4635479.385424 1301766779.0
444971.947132 4635479.782832 1301766781.0
444992.780415 4635480.066068 1301766783.0
445021.250256 4635480.512491 1301766786.0
445043.486611 4635479.785743 1301766789.0
445064.226626 4635478.737502 1301766795.0
445089.047582 4635479.545437 1301766808.0
445112.880380 4635481.360376 1301766811.0
445141.949066 4635484.134375 1301766814.0
445170.175036 4635485.249473 1301766817.0
445198.722695 4635485.029804 1301766820.0
445218.975885 4635485.429196 1301766822.0
445240.059799 4635485.933295 1301766824.0
445262.213160 4635485.207867 1301766826.0
445283.953293 4635484.707750 1301766828.0
445305.527453 4635484.208973 1301766830.0
445327.591018 4635482.596169 1301766832.0
445349.338826 4635483.095496 1301766834.0
445371.987572 4635482.033508 1301766836.0
445394.147760 4635482.196708 1301766838.0
445416.052177 4635481.473668 1301766840.0
445436.542411 4635480.317392 1301766842.0
445463.762281 4635480.108955 1301766845.0
445487.508575 4635481.481673 1301766849.0
445505.517085 4635492.225184 1301766860.0
445503.376906 4635516.224821 1301766864.0
445501.753351 4635542.663247 1301766867.0
445499.657375 4635572.436299 1301766870.0
445499.571511 4635593.755416 1301766872.0
445499.238390 4635615.298492 1301766874.0
445499.149983 4635636.284529 1301766876.0
445499.156455 4635658.824312 1301766878.0
445498.580335 4635681.146486 1301766880.0
445496.934762 4635704.698215 1301766882.0
445495.527962 4635726.915713 1301766884.0
445494.519951 4635747.020521 1301766886.0
445493.631464 4635771.898864 1301766889.0
445493.977545 4635795.435357 1301766899.0
445496.310132 4635818.290447 1301766902.0
445499.366039 4635848.912363 1301766905.0
445502.268432 4635870.319659 1301766907.0
445505.007392 4635892.061308 1301766909.0
445507.499939 4635914.137945 1301766911.0
445508.074540 4635935.007886 1301766913.0
445506.615366 4635961.223004 1301766916.0
445503.538781 4635982.120882 1301766921.0
445504.687466 4636002.098162 1301766929.0
445510.394161 4636021.263335 1301766937.0
445531.252134 4636024.989974 1301766941.0
445559.220992 4636025.331307 1301766944.0
445580.631799 4636025.389752 1301766946.0
445602.458357 4636025.556120 1301766948.0
445624.613446 4636025.275912 1301766950.0
445646.937041 4636025.327589 1301766952.0
445669.752591 4636024.598346 1301766954.0
445691.580838 4636024.987042 1301766956.0
445712.992484 4636025.156912 1301766958.0
445734.242395 4636025.883248 1301766960.0
445755.571054 4636026.053878 1301766962.0
445776.899710 4636026.224573 1301766964.0
445805.780481 4636026.448897 1301766967.0
445829.261573 4636025.937169 1301766970.0
445855.902697 4636026.289765 1301766974.0
445878.968040 4636025.670328 1301766979.0
445899.110498 4636022.630427 1301766985.0
445919.782893 4636023.805837 1301766988.0
445948.750853 4636024.585247 1301766991.0
445970.410582 4636024.642975 1301766993.0
445992.652018 4636024.807391 1301766995.0
446014.894293 4636025.082904 1301766997.0
446036.143317 4636025.699113 1301766999.0
446057.886859 4636025.867505 1301767001.0
446079.715901 4636026.368417 1301767003.0
446101.051254 4636027.428300 1301767005.0
446122.381560 4636027.822083 1301767007.0
446144.378229 4636028.543992 1301767009.0
446167.120882 4636029.149298 1301767011.0
446189.360611 4636029.092274 1301767013.0
446211.084846 4636026.707508 1301767015.0
446233.286026 4636021.543370 1301767017.0
446260.634578 4636016.673563 1301767020.0
446284.237292 4636010.277642 1301767024.0
446296.125568 4635991.090231 1301767028.0
446296.690743 4635966.991699 1301767031.0
446296.365725 4635945.897784 1301767033.0
446296.201648 4635924.136455 1301767035.0
446296.615937 4635902.037667 1301767037.0
446297.029393 4635879.827851 1301767039.0
446297.366568 4635858.506880 1301767041.0
446298.063415 4635829.854988 1301767044.0
446297.699899 4635803.653828 1301767047.0
446297.443642 4635780.671832 1301767050.0
446295.873034 4635759.476281 1301767053.0
446296.172551 4635733.159092 1301767056.0
446296.103188 4635712.951525 1301767058.0
446295.861160 4635691.856993 1301767060.0
446295.362643 4635669.765094 1301767062.0
446295.444185 4635647.557790 1301767064.0
446295.938147 4635625.014276 1301767066.0
446296.434624 4635602.803845 1301767068.0
446296.693866 4635582.149671 1301767070.0
446296.253228 4635556.726337 1301767073.0
446295.098353 4635535.638692 1301767077.0
446295.411290 4635511.097946 1301767098.0
446296.631231 4635485.773129 1301767101.0
446297.720361 4635465.112704 1301767103.0
446298.386191 4635443.345135 1301767105.0
446298.880192 4635420.801630 1301767107.0
446299.537663 4635397.923792 1301767109.0
446299.945338 4635374.936806 1301767111.0
446300.116604 4635353.617103 1301767113.0
446298.739671 4635325.091900 1301767116.0
446298.144785 4635301.224206 1301767119.0
