445480.872132 4635481.865560 1302373145.0
445498.895093 4635494.496517 1302373164.0
445498.886265 4635515.037807 1302373170.0
445498.482043 4635538.135896 1302373173.0
445497.453009 4635566.346314 1302373176.0
445497.365452 4635587.443376 1302373178.0
445497.371077 4635609.872130 1302373180.0
445496.881338 4635632.637777 1302373182.0
445496.975050 4635655.732060 1302373184.0
445496.489567 4635679.052844 1302373186.0
445495.750038 4635701.709371 1302373188.0
445495.167988 4635723.254356 1302373190.0
445495.328555 4635744.238492 1302373192.0
445496.269111 4635769.546974 1302373195.0
445496.526254 4635792.306911 1302373202.0
445497.781747 4635815.392311 1302373206.0
445498.550378 4635839.924875 1302373209.0
445499.762805 4635868.229190 1302373212.0
445501.562899 4635897.417280 1302373215.0
445502.947221 4635926.497518 1302373218.0
445503.254469 4635955.808067 1302373221.0
445503.612418 4635980.898947 1302373224.0
445504.018519 4636001.437078 1302373229.0
445516.926737 4636018.215451 1302373245.0
445543.976039 4636017.675489 1302373249.0
445568.711206 4636018.374685 1302373252.0
445596.846048 4636018.714897 1302373255.0
445626.060487 4636019.158012 1302373258.0
445656.108121 4636020.039025 1302373261.0
445676.528245 4636020.771520 1302373263.0
445697.194768 4636021.169093 1302373265.0
445718.194058 4636021.675225 1302373267.0
445739.279708 4636022.624894 1302373269.0
445759.864083 4636023.134309 1302373271.0
445780.033549 4636023.646942 1302373273.0
445800.203012 4636024.159632 1302373275.0
445829.335265 4636024.715239 1302373278.0
445856.057686 4636024.845150 1302373281.0
445878.966353 4636025.448274 1302373284.0
445903.858969 4636025.037100 1302373288.0
445926.425590 4636024.310571 1302373291.0
445953.323234 4636025.660885 1302373294.0
445982.872890 4636026.547054 1302373297.0
446003.040636 4636026.838263 1302373299.0
446023.286312 4636026.462738 1302373301.0
446043.865595 4636026.306810 1302373303.0
446065.110408 4636026.367969 1302373305.0
446087.024950 4636027.201357 1302373307.0
446108.688862 4636027.814641 1302373309.0
446130.185129 4636028.207192 1302373311.0
446152.350275 4636029.260952 1302373313.0
446175.180940 4636030.531819 1302373315.0
446197.916873 4636030.249004 1302373317.0
446219.222010 4636027.312262 1302373319.0
446240.110582 4636024.156660 1302373321.0
446268.210983 4636019.947409 1302373324.0
446288.657061 4636013.131182 1302373327.0
446297.528717 4635990.080349 1302373331.0
446297.102303 4635966.544461 1302373334.0
446297.147828 4635939.562978 1302373337.0
446296.578888 4635919.137104 1302373339.0
446296.254708 4635898.154218 1302373341.0
446296.344604 4635877.057177 1302373343.0
446296.761412 4635855.291472 1302373345.0
446297.021465 4635834.748317 1302373347.0
446296.801311 4635805.548172 1302373350.0
446296.467927 4635783.343991 1302373353.0
446299.289610 4635761.338091 1302373374.0
446301.490246 4635734.007269 1302373378.0
446301.379886 4635708.359372 1302373381.0
446301.414573 4635679.934547 1302373384.0
446301.613559 4635651.286417 1302373387.0
446302.146167 4635622.857840 1302373390.0
446302.268873 4635595.098556 1302373393.0
446302.325335 4635569.560441 1302373396.0
446299.751339 4635547.373158 1302373400.0
446299.251161 4635525.059210 1302373415.0
446299.584200 4635503.183115 1302373418.0
446300.047229 4635476.531604 1302373421.0
446300.817943 4635446.657807 1302373424.0
446301.407493 4635425.779082 1302373426.0
446302.079199 4635404.788705 1302373428.0
446302.336805 4635383.912484 1302373430.0
446302.601109 4635363.924481 1302373432.0
446302.969466 4635335.719223 1302373435.0
446303.018424 4635309.181874 1302373438.0
446303.089142 4635285.531230 1302373441.0
446303.177437 4635264.212156 1302373447.0
446303.270755 4635243.559245 1302373457.0
446286.639375 4635228.250979 1302373462.0
446263.643538 4635227.425093 1302373465.0
446236.177950 4635228.187479 1302373468.0
446206.718924 4635228.742955 1302373471.0
446177.751970 4635228.517602 1302373474.0
446148.868841 4635228.402767 1302373477.0
446119.737579 4635228.400958 1302373480.0
446099.651414 4635228.219797 1302373482.0
446078.485533 4635227.935830 1302373484.0
446057.070678 4635227.653812 1302373486.0
446035.488999 4635227.262088 1302373488.0
446013.982735 4635225.870557 1302373490.0
445993.967762 4635224.134685 1302373492.0
445973.541195 4635222.846125 1302373496.0
445966.403275 4635200.915634 1302373504.0
445966.719333 4635176.930011 1302373507.0
445967.325258 4635147.390519 1302373510.0
445967.907141 4635125.623551 1302373512.0
445968.313783 4635102.636545 1302373514.0
445968.883888 4635079.315200 1302373516.0
445969.040721 4635056.219057 1302373518.0
445969.287286 4635034.010502 1302373520.0
445969.626108 4635013.022616 1302373522.0
445970.080402 4634985.371849 1302373525.0
445970.984189 4634962.270046 1302373531.0
445971.898929 4634940.611594 1302373535.0
445972.568062 4634919.399140 1302373538.0
445972.876599 4634894.414285 1302373541.0
445973.508701 4634868.316644 1302373544.0
445973.756142 4634846.219123 1302373548.0
445984.661455 4634828.593166 1302373555.0
446005.151950 4634827.216492 1302373559.0
446025.991253 4634828.057901 1302373562.0
446046.661197 4634828.456520 1302373565.0
446063.118779 4634842.544189 1302373569.0
446060.786111 4634863.325087 1302373573.0
446040.839084 4634870.693291 1302373577.0
446019.995702 4634869.296704 1302373582.0
