446318.694846 4634944.430215 1302530549.0
446316.704324 4634966.651876 1302530565.0
446314.390210 4634989.986310 1302530569.0
446314.216355 4635010.972919 1302530572.0
446314.541295 4635032.066804 1302530575.0
446315.151185 4635057.932975 1302530579.0
446318.377496 4635078.560866 1302530585.0
446318.557356 4635102.431680 1302530608.0
446317.179621 4635128.867997 1302530612.0
446316.418977 4635149.081799 1302530615.0
446313.752894 4635169.754093 1302530619.0
446312.833816 4635190.968390 1302530635.0
446313.068245 4635211.063662 1302530639.0
446313.746907 4635235.041756 1302530642.0
446315.227020 4635255.238675 1302530644.0
446316.062452 4635277.994222 1302530646.0
446315.917903 4635302.866788 1302530648.0
446316.192486 4635328.291363 1302530650.0
446316.552568 4635354.048396 1302530652.0
446317.003168 4635380.804048 1302530654.0
446317.293648 4635408.338141 1302530656.0
446316.919389 4635435.766211 1302530658.0
446316.536768 4635462.084012 1302530660.0
446316.232119 4635487.735026 1302530662.0
446315.681025 4635513.720998 1302530664.0
446315.222964 4635541.038671 1302530666.0
446315.097691 4635568.464872 1302530668.0
446314.804776 4635595.670269 1302530670.0
446314.344221 4635622.654865 1302530672.0
446314.044622 4635648.972048 1302530674.0
446313.812114 4635673.179092 1302530676.0
446313.634143 4635693.610587 1302530678.0
446313.110707 4635723.260464 1302530681.0
446312.932743 4635743.691962 1302530683.0
446312.595508 4635765.012928 1302530685.0
446313.580996 4635785.657725 1302530687.0
446313.002345 4635807.979814 1302530689.0
446312.341553 4635830.413556 1302530691.0
446310.933084 4635852.741901 1302530693.0
446308.519626 4635873.856454 1302530695.0
446306.310650 4635900.077009 1302530698.0
446304.402651 4635922.187057 1302530702.0
446300.736979 4635942.311755 1302530725.0
446299.732603 4635963.193625 1302530730.0
446299.219426 4635983.183525 1302530736.0
446297.574653 4636007.179163 1302530750.0
446289.671161 4636026.558590 1302530754.0
446264.920167 4636034.739694 1302530758.0
446240.216174 4636038.146088 1302530761.0
446211.028725 4636041.253325 1302530764.0
446189.962509 4636042.855886 1302530766.0
446168.473846 4636043.462399 1302530768.0
446147.312071 4636043.400305 1302530770.0
446127.145224 4636043.219715 1302530772.0
446106.896235 4636043.150837 1302530774.0
446085.733615 4636042.977898 1302530776.0
446063.741186 4636042.811307 1302530778.0
446042.742841 4636042.415185 1302530780.0
446015.271991 4636042.068181 1302530783.0
445990.702938 4636041.366176 1302530787.0
445967.637642 4636041.985252 1302530791.0
445947.053346 4636041.475238 1302530795.0
445924.378510 4636038.871516 1302530817.0
445902.629938 4636038.037368 1302530820.0
445875.321641 4636037.245534 1302530823.0
445854.322417 4636036.738940 1302530825.0
445831.249510 4636036.359212 1302530827.0
445806.848905 4636035.989661 1302530829.0
445781.703158 4636035.847934 1302530831.0
445756.057833 4636035.488032 1302530833.0
445729.830790 4636035.021621 1302530835.0
445703.855225 4636034.886491 1302530837.0
445678.375849 4636034.525604 1302530839.0
445653.893087 4636034.268237 1302530841.0
445630.655884 4636034.112480 1302530843.0
445610.066437 4636032.937276 1302530845.0
445584.327922 4636031.246299 1302530848.0
445559.423446 4636030.104209 1302530852.0
445537.509672 4636029.383471 1302530876.0
445513.274973 4636029.013657 1302530881.0
445490.453496 4636028.966210 1302530884.0
445470.369542 4636028.786843 1302530887.0
445448.699591 4636027.398310 1302530906.0
445423.053347 4636026.928579 1302530910.0
445393.335068 4636025.712923 1302530913.0
445369.927596 4636025.004153 1302530915.0
445343.783447 4636024.538527 1302530917.0
445316.478409 4636024.192943 1302530919.0
445288.679745 4636024.406424 1302530921.0
445260.879375 4636024.397960 1302530923.0
445233.241549 4636023.944219 1302530925.0
445206.434383 4636023.595229 1302530927.0
445182.115792 4636023.116152 1302530929.0
445160.455157 4636022.949794 1302530931.0
445133.814797 4636022.710826 1302530934.0
445110.573237 4636022.001629 1302530938.0
445089.815970 4636020.607152 1302530964.0
445051.802036 4636019.789980 1302530969.0
445031.635041 4636019.612491 1302530971.0
445009.391801 4636019.229020 1302530973.0
444985.407668 4636019.081134 1302530975.0
444960.515887 4636019.606545 1302530977.0
444935.295617 4636020.578718 1302530979.0
444910.159192 4636021.661366 1302530981.0
444885.851725 4636022.626655 1302530983.0
444862.538319 4636023.362263 1302530985.0
444840.055587 4636024.202548 1302530987.0
444818.317969 4636024.815064 1302530989.0
444797.406723 4636024.977105 1302530991.0
444768.939889 4636024.642625 1302530994.0
444744.206340 4636024.168260 1302530997.0
444721.711555 4636023.454537 1302531001.0
