445983.845467 4635224.544526 1303864474.0
445962.864073 4635226.702240 1303864487.0
445933.572708 4635227.479641 1303864490.0
445908.843284 4635227.889424 1303864492.0
445882.451526 4635227.978820 1303864494.0
445856.219841 4635227.289862 1303864496.0
445832.473638 4635226.026936 1303864498.0
445811.964049 4635224.739469 1303864500.0
445787.721575 4635223.702533 1303864503.0
445762.492505 4635223.894559 1303864506.0
445741.495944 4635224.054439 1303864508.0
445716.841039 4635223.353985 1303864510.0
445688.375341 4635223.570936 1303864512.0
445658.660554 4635223.242360 1303864514.0
445628.197153 4635222.697554 1303864516.0
445598.314678 4635222.148442 1303864518.0
445570.093701 4635221.808829 1303864520.0
445542.870302 4635221.683769 1303864522.0
445515.812031 4635221.446516 1303864524.0
445488.670767 4635221.210001 1303864526.0
445461.026457 4635220.311239 1303864528.0
445432.802906 4635219.639088 1303864530.0
445404.248236 4635219.080620 1303864532.0
445376.272791 4635218.295758 1303864534.0
445348.131356 4635217.512279 1303864536.0
445319.568996 4635215.954906 1303864538.0
445289.265526 4635214.633085 1303864540.0
445257.972981 4635214.207262 1303864542.0
445224.855492 4635213.906641 1303864544.0
445191.482192 4635212.719872 1303864546.0
445158.027597 4635211.755953 1303864548.0
445124.987943 4635210.788994 1303864550.0
445093.029723 4635210.146955 1303864552.0
445060.821666 4635209.395952 1303864554.0
445028.202930 4635209.203432 1303864556.0
444994.921980 4635209.238241 1303864558.0
444961.472473 4635208.941407 1303864560.0
444929.186545 4635208.857803 1303864562.0
444898.151485 4635209.541906 1303864564.0
444867.446672 4635210.001521 1303864566.0
444837.816441 4635209.897780 1303864568.0
444809.181234 4635209.675420 1303864570.0
444783.282994 4635209.209894 1303864572.0
444760.538393 4635208.720009 1303864574.0
444732.070016 4635208.607699 1303864577.0
444709.987609 4635207.890770 1303864581.0
444687.096840 4635209.956031 1303864606.0
444659.221471 4635211.393881 1303864609.0
444634.987344 4635211.471137 1303864611.0
444608.925696 4635211.340616 1303864613.0
444582.785373 4635211.765971 1303864615.0
444557.562268 4635212.739454 1303864617.0
444536.074611 4635213.794977 1303864619.0
444512.672987 4635214.199269 1303864622.0
444489.025853 4635215.049686 1303864639.0
444477.385689 4635233.683048 1303864644.0
444479.641288 4635256.871546 1303864647.0
444480.626933 4635276.849961 1303864649.0
444480.983267 4635301.274635 1303864651.0
444481.202176 4635329.364499 1303864653.0
444481.432334 4635358.897717 1303864655.0
444480.983009 4635386.437622 1303864657.0
444479.106449 4635411.879007 1303864659.0
444478.447900 4635433.868851 1303864661.0
444478.384982 4635457.741629 1303864664.0
444475.972455 4635478.301704 1303864672.0
444455.415784 4635481.570907 1303864676.0
444434.658515 4635480.400378 1303864679.0
444408.269350 4635480.717299 1303864682.0
444388.191571 4635481.540213 1303864684.0
444367.688452 4635481.034099 1303864686.0
444339.959343 4635479.807261 1303864689.0
444315.884278 4635478.885070 1303864692.0
444292.377963 4635476.404036 1303864696.0
444271.809596 4635488.778647 1303864706.0
444248.984133 4635499.061337 1303864709.0
444222.952193 4635502.596135 1303864712.0
444201.456746 4635502.542405 1303864714.0
444180.290638 4635502.153058 1303864716.0
444154.716624 4635500.576953 1303864719.0
444134.772676 4635497.291276 1303864726.0
444117.508938 4635486.545351 1303864739.0
444092.003025 4635483.081358 1303864744.0
444062.122284 4635482.649726 1303864747.0
444038.214023 4635481.838196 1303864749.0
444013.557995 4635480.921590 1303864751.0
443990.477850 4635479.881644 1303864753.0
443963.167076 4635479.097118 1303864756.0
443942.142384 4635475.598411 1303864773.0
443920.394380 4635475.103380 1303864777.0
443891.343459 4635474.665930 1303864780.0
443868.016055 4635473.850396 1303864782.0
443844.021243 4635472.596063 1303864784.0
443820.858049 4635471.557320 1303864786.0
443798.108909 4635470.404352 1303864788.0
443775.268011 4635468.141840 1303864790.0
443754.509680 4635466.862264 1303864792.0
443724.371091 4635465.323741 1303864795.0
443703.371673 4635465.045526 1303864797.0
443680.051228 4635465.118824 1303864799.0
443655.237002 4635465.204013 1303864801.0
443630.755605 4635465.397690 1303864803.0
443609.012804 4635465.569771 1303864805.0
443582.695124 4635464.445739 1303864808.0
443562.610316 4635464.382763 1303864812.0
443540.870150 4635464.888134 1303864820.0
443520.615844 4635464.382483 1303864837.0
443495.883715 4635464.356542 1303864842.0
443469.583626 4635465.453471 1303864845.0
443447.756951 4635465.515676 1303864847.0
443424.429442 4635464.701594 1303864849.0
443402.090722 4635462.991458 1303864851.0
443380.924410 4635462.604484 1303864853.0
443352.282125 4635461.388744 1303864856.0
443327.712416 4635460.917958 1303864859.0
443306.220324 4635461.311038 1303864862.0
443285.488382 4635463.363643 1303864882.0
443259.586445 4635462.348528 1303864887.0
443239.186469 4635464.398624 1303864890.0
443213.633293 4635465.490548 1303864893.0
443191.629121 4635464.111507 1303864896.0
443166.469629 4635462.535638 1303864902.0
443142.007702 4635465.173592 1303864906.0
443117.303920 4635468.701836 1303864910.0
443096.044850 4635467.095072 1303864927.0
443075.762107 4635463.037815 1303864933.0
443067.707799 4635483.310421 1303864938.0
443068.476824 4635506.843545 1303864941.0
443067.979743 4635527.721966 1303864943.0
443067.762685 4635552.484350 1303864945.0
443067.316192 4635579.691324 1303864947.0
443066.796481 4635608.120261 1303864949.0
443066.454284 4635637.991228 1303864951.0
443066.777753 4635668.078944 1303864953.0
443066.355242 4635698.283658 1303864955.0
443065.430393 4635727.937217 1303864957.0
443063.913127 4635756.152067 1303864959.0
443063.219505 4635783.583094 1303864961.0
443063.271858 4635810.897125 1303864963.0
443063.321550 4635837.878076 1303864965.0
443063.206166 4635864.971382 1303864967.0
443062.845387 4635892.510788 1303864969.0
443062.570259 4635920.382614 1303864971.0
443062.288035 4635947.366223 1303864973.0
443062.323543 4635972.570742 1303864975.0
443062.330652 4635994.222390 1303864977.0
