446296.448565 4635263.374610 1303336801.0
446281.479528 4635248.386925 1303336807.0
446257.880211 4635244.567708 1303336810.0
446226.892234 4635240.471234 1303336813.0
446201.906340 4635239.882635 1303336815.0
446175.172615 4635238.641129 1303336817.0
446147.694485 4635237.738450 1303336819.0
446121.385765 4635237.826334 1303336821.0
446095.579186 4635238.465682 1303336823.0
446069.932707 4635238.326679 1303336825.0
446046.274626 4635237.728574 1303336827.0
446026.104651 4635237.437222 1303336829.0
446004.105523 4635236.715656 1303336832.0
445981.847317 4635234.663720 1303336846.0
445958.517803 4635233.619282 1303336849.0
445927.963917 4635232.074581 1303336852.0
445904.722433 4635231.695851 1303336854.0
445880.904230 4635231.876745 1303336856.0
445856.004622 4635231.732838 1303336858.0
445829.529041 4635231.712033 1303336860.0
445802.057575 4635231.698903 1303336862.0
445773.917115 4635231.024770 1303336864.0
445745.275323 4635229.910432 1303336866.0
445716.550530 4635228.796841 1303336868.0
445687.828266 4635228.016448 1303336870.0
445660.677728 4635226.557980 1303336872.0
445634.358776 4635225.315337 1303336874.0
445609.381221 4635225.839086 1303336876.0
445587.637748 4635226.005121 1303336878.0
445560.499053 4635226.101414 1303336881.0
445538.751336 4635225.712463 1303336885.0
445514.590950 4635224.564795 1303336899.0
445491.027629 4635225.522278 1303336902.0
445470.195346 4635225.459633 1303336904.0
445446.123886 4635225.088751 1303336906.0
445419.645702 4635224.736388 1303336908.0
445392.750858 4635224.165250 1303336910.0
445364.694144 4635223.603124 1303336912.0
445336.639126 4635223.263162 1303336914.0
445308.004023 4635223.038798 1303336916.0
445279.036955 4635222.817098 1303336918.0
445250.069883 4635222.595516 1303336920.0
445222.179122 4635222.032675 1303336922.0
445197.857798 4635221.553519 1303336924.0
445177.271040 4635221.045707 1303336926.0
445153.611922 4635220.339538 1303336929.0
445128.708795 4635219.754063 1303336934.0
445106.966145 4635220.032592 1303336937.0
445076.840601 4635220.264775 1303336940.0
445052.686946 4635220.006889 1303336942.0
445026.622793 4635219.541759 1303336944.0
444999.232502 4635219.309030 1303336946.0
444971.509387 4635218.967943 1303336948.0
444942.954647 4635218.411323 1303336950.0
444914.070514 4635218.190466 1303336952.0
444885.597893 4635217.522407 1303336954.0
444858.124589 4635217.290862 1303336956.0
444831.978271 4635216.938113 1303336958.0
444808.655347 4635216.785655 1303336960.0
444786.826251 4635216.621696 1303336962.0
444759.268222 4635216.169121 1303336965.0
444736.780363 4635216.676625 1303336969.0
444710.893340 4635217.654715 1303336985.0
444684.997702 4635217.522628 1303336988.0
444663.588726 4635218.021987 1303336990.0
444639.437613 4635218.098583 1303336992.0
444612.798508 4635218.416670 1303336994.0
444585.831760 4635219.292575 1303336996.0
444560.522235 4635219.822585 1303336998.0
444537.781962 4635219.888547 1303337000.0
444514.880031 4635220.511009 1303337003.0
444493.822924 4635223.561917 1303337017.0
444487.377474 4635248.483721 1303337022.0
444487.087167 4635275.134110 1303337025.0
444487.170286 4635296.451965 1303337027.0
444487.169551 4635317.659440 1303337029.0
444487.002840 4635338.868209 1303337031.0
444486.504175 4635360.079566 1303337033.0
444486.340066 4635381.621417 1303337035.0
444485.250973 4635401.616004 1303337037.0
444484.721248 4635429.489638 1303337040.0
444484.392041 4635451.143813 1303337043.0
444480.751120 4635473.823103 1303337055.0
444460.474559 4635481.087329 1303337060.0
444435.726095 4635478.948610 1303337064.0
444414.489949 4635480.224621 1303337067.0
444390.011229 4635480.748770 1303337070.0
444366.538766 4635482.597552 1303337073.0
444341.652057 4635484.013325 1303337076.0
444316.696255 4635487.206269 1303337080.0
444296.497313 4635483.144895 1303337088.0
444276.196640 4635487.300887 1303337099.0
444253.115700 4635486.149064 1303337102.0
444226.962476 4635484.799300 1303337105.0
444201.059942 4635483.669736 1303337108.0
444176.155858 4635482.865545 1303337111.0
444151.830069 4635481.723804 1303337115.0
444131.355658 4635484.882266 1303337122.0
444129.475155 4635509.657597 1303337126.0
444131.889089 4635531.734432 1303337129.0
444135.964485 4635554.020306 1303337132.0
444135.894019 4635576.782831 1303337136.0
444133.311330 4635596.678175 1303337139.0
444134.570393 4635619.652343 1303337142.0
444134.161028 4635641.529256 1303337145.0
444135.172869 4635664.727432 1303337148.0
444133.427039 4635685.504488 1303337151.0
444119.274658 4635701.049229 1303337154.0
444103.274893 4635713.832644 1303337158.0
