446567.746981 4636025.355321 1303994836.0
446542.797219 4636029.206640 1303994848.0
446517.563524 4636028.396774 1303994851.0
446489.423822 4636027.386762 1303994854.0
446469.017191 4636028.428373 1303994856.0
446448.361623 4636029.471914 1303994858.0
446428.285256 4636030.289092 1303994860.0
446401.311452 4636029.825826 1303994863.0
446378.150586 4636028.778788 1303994866.0
446357.894881 4636027.820979 1303994871.0
446336.896524 4636027.423989 1303994881.0
446312.651863 4636025.719129 1303994885.0
446292.775879 4636020.095234 1303994891.0
446289.458499 4635998.357681 1303994895.0
446291.426802 4635973.249266 1303994898.0
446292.934902 4635953.140830 1303994900.0
446294.101876 4635931.813599 1303994902.0
446295.853083 4635910.926098 1303994904.0
446299.448447 4635881.475115 1303994907.0
446302.716933 4635852.692802 1303994910.0
446304.871389 4635830.247798 1303994913.0
446303.284907 4635806.942728 1303994918.0
446298.905427 4635787.433853 1303994931.0
446298.834395 4635767.004230 1303994952.0
446299.051774 4635740.798693 1303994957.0
446299.015182 4635713.928872 1303994960.0
446298.775674 4635693.167421 1303994962.0
446298.443136 4635671.074271 1303994964.0
446298.361228 4635649.201300 1303994966.0
446299.192163 4635627.321447 1303994968.0
446300.188239 4635605.329317 1303994970.0
446300.769393 4635583.340315 1303994972.0
446301.431027 4635561.017608 1303994974.0
446303.271219 4635540.906686 1303994976.0
446304.110558 4635520.137109 1303994979.0
446285.587016 4635506.952748 1303994984.0
446259.954920 4635508.589503 1303994988.0
446238.386682 4635509.862579 1303994992.0
446216.501591 4635513.136715 1303994997.0
446194.276186 4635515.303154 1303995001.0
446167.899770 4635517.278963 1303995005.0
446143.774925 4635520.681283 1303995008.0
446115.498242 4635523.781988 1303995011.0
446092.917423 4635522.842496 1303995013.0
446068.744716 4635519.916524 1303995015.0
446044.825994 4635517.654911 1303995017.0
446020.977624 4635513.727343 1303995019.0
445998.459542 4635510.122870 1303995021.0
445977.281860 4635508.173805 1303995023.0
445956.528365 4635507.442953 1303995025.0
445934.193055 4635506.057966 1303995027.0
445911.113381 4635505.011801 1303995029.0
445888.866099 4635504.292489 1303995031.0
445867.865306 4635503.785840 1303995033.0
445842.130868 4635502.871106 1303995036.0
445818.381356 4635501.053099 1303995039.0
445796.537157 4635498.776539 1303995042.0
445772.236289 4635500.849055 1303995046.0
445749.115855 4635505.355403 1303995051.0
445728.514665 4635513.728808 1303995059.0
445705.892220 4635518.231503 1303995064.0
445678.608143 4635520.882246 1303995068.0
445649.062262 4635520.774510 1303995071.0
445622.673270 4635521.086933 1303995074.0
445599.036414 4635523.154973 1303995077.0
445574.237754 4635525.231969 1303995081.0
445554.695108 4635520.051692 1303995088.0
445532.418955 4635515.558570 1303995094.0
445506.432137 4635514.202843 1303995098.0
445477.523766 4635510.648899 1303995101.0
445454.427862 4635507.494698 1303995103.0
445429.679848 4635505.352529 1303995105.0
445403.854686 4635503.440769 1303995107.0
445378.283579 4635502.193357 1303995109.0
445353.375506 4635500.829916 1303995111.0
445328.381028 4635499.023090 1303995113.0
445304.799875 4635497.538601 1303995115.0
445282.210294 4635495.491405 1303995117.0
445261.117029 4635493.765884 1303995119.0
445231.721609 4635491.660114 1303995122.0
445205.412072 4635491.529335 1303995125.0
445183.760075 4635492.695217 1303995128.0
445163.662621 4635490.962321 1303995131.0
445142.487175 4635489.348816 1303995134.0
445120.820638 4635488.627428 1303995137.0
445099.997659 4635489.676144 1303995140.0
445076.935739 4635490.964250 1303995143.0
445050.389215 4635492.390343 1303995146.0
445022.333506 4635491.829574 1303995149.0
444997.943805 4635493.128184 1303995152.0
444976.629788 4635495.069322 1303995155.0
444956.214915 4635495.227037 1303995158.0
444935.788885 4635493.941457 1303995163.0
444915.815269 4635486.767646 1303995169.0
444891.421270 4635487.511484 1303995173.0
444869.839394 4635487.012271 1303995176.0
444844.775481 4635486.984217 1303995180.0
444820.785243 4635486.281732 1303995184.0
444797.280878 4635484.021089 1303995188.0
444775.118068 4635483.526664 1303995191.0
444749.806036 4635483.611902 1303995194.0
444721.077732 4635481.947197 1303995197.0
444693.172392 4635479.387947 1303995200.0
444666.111567 4635478.709822 1303995203.0
444645.924032 4635476.090812 1303995206.0
444620.863519 4635476.507655 1303995209.0
444592.807684 4635475.948577 1303995212.0
444570.231613 4635475.680071 1303995215.0
444548.586552 4635477.736100 1303995221.0
444528.102463 4635479.672122 1303995237.0
444504.202922 4635479.969300 1303995250.0
444477.068600 4635480.513839 1303995254.0
444452.184466 4635482.262307 1303995257.0
444431.537034 4635484.532982 1303995260.0
444409.962890 4635485.034406 1303995265.0
