445971.744263 4635456.474189 1302020402.0
445969.832939 4635478.029185 1302020415.0
445987.927906 4635489.328415 1302020419.0
446013.233967 4635488.470387 1302020422.0
446034.562531 4635488.419814 1302020424.0
446058.220623 4635489.128899 1302020426.0
446083.203142 4635489.383904 1302020428.0
446108.598915 4635489.413804 1302020430.0
446132.668570 4635489.675888 1302020432.0
446153.002957 4635489.855254 1302020434.0
446180.557230 4635489.980128 1302020437.0
446207.528913 4635489.887441 1302020440.0
446236.150284 4635488.450004 1302020443.0
446259.879605 4635487.604753 1302020446.0
446281.964256 4635488.770584 1302020469.0
446305.740443 4635494.143003 1302020477.0
446319.577227 4635513.136470 1302020481.0
446320.331321 4635536.114705 1302020484.0
446320.235310 4635567.426854 1302020487.0
446319.842656 4635592.412334 1302020489.0
446319.550563 4635619.728760 1302020491.0
446319.522492 4635649.041799 1302020493.0
446319.483546 4635676.911487 1302020495.0
446320.066646 4635699.224816 1302020497.0
446316.574300 4635720.347490 1302020512.0
446311.743348 4635740.036822 1302020539.0
446311.836100 4635763.353150 1302020542.0
446311.737780 4635783.339915 1302020544.0
446311.579910 4635806.436066 1302020546.0
446311.359145 4635832.197496 1302020548.0
446310.988318 4635860.069694 1302020550.0
446310.044151 4635888.945516 1302020552.0
446308.506565 4635916.160311 1302020554.0
446305.716732 4635942.385246 1302020556.0
446303.992291 4635966.825616 1302020558.0
446303.857901 4635993.030536 1302020561.0
446304.014425 4636013.792622 1302020575.0
446287.454119 4636029.684248 1302020579.0
446258.704980 4636035.896922 1302020582.0
446235.243191 4636038.960860 1302020584.0
446209.541779 4636042.152823 1302020586.0
446181.749930 4636043.251037 1302020588.0
446153.865873 4636043.128688 1302020590.0
446125.565230 4636042.787532 1302020592.0
446097.011439 4636041.893236 1302020594.0
446067.551576 4636041.894184 1302020596.0
446038.095076 4636042.339363 1302020598.0
446009.049272 4636042.226382 1302020600.0
445982.991617 4636042.201891 1302020602.0
445962.742617 4636042.133422 1302020604.0
445942.165905 4636042.622667 1302020616.0
445917.271664 4636042.811653 1302020628.0
445889.633996 4636042.355366 1302020631.0
445866.809209 4636041.862605 1302020633.0
445841.494994 4636041.388846 1302020635.0
445813.857310 4636040.932853 1302020637.0
445784.721740 4636039.933201 1302020639.0
445753.431194 4636039.283181 1302020641.0
445720.646985 4636038.644682 1302020643.0
445687.286134 4636038.565899 1302020645.0
445654.009955 4636038.708693 1302020647.0
445621.725306 4636038.288904 1302020649.0
445591.848794 4636038.072933 1302020651.0
445566.534530 4636037.600151 1302020653.0
445546.201662 4636037.422473 1302020655.0
445524.955153 4636037.140808 1302020658.0
445503.130324 4636037.196732 1302020674.0
445479.389284 4636036.268088 1302020677.0
445457.230825 4636036.104639 1302020680.0
445435.313652 4636034.940107 1302020701.0
445410.664907 4636034.684847 1302020704.0
445389.502210 4636034.513977 1302020706.0
445365.517306 4636034.253784 1302020708.0
445339.124247 4636033.790084 1302020710.0
445310.570268 4636032.898940 1302020712.0
445280.186432 4636031.466799 1302020714.0
445247.810184 4636029.939070 1302020716.0
445213.944530 4636028.978113 1302020718.0
445178.756295 4636028.693699 1302020720.0
445143.065893 4636027.858158 1302020722.0
445107.543152 4636027.243571 1302020724.0
445073.268543 4636027.063671 1302020726.0
445039.159035 4636026.771628 1302020728.0
445004.217996 4636026.264101 1302020730.0
444968.034806 4636026.099444 1302020732.0
444932.027016 4636027.154987 1302020734.0
444897.678856 4636028.197873 1302020736.0
444866.898888 4636029.213304 1302020738.0
444838.692201 4636030.319972 1302020740.0
444811.394010 4636030.864542 1302020742.0
444785.752000 4636030.952242 1302020744.0
444762.101535 4636031.024589 1302020746.0
444734.879436 4636030.680592 1302020749.0
444713.629386 4636029.957237 1302020755.0
444690.633279 4636028.803368 1302020781.0
444666.395896 4636028.103353 1302020784.0
444645.988583 4636029.039162 1302020786.0
444622.262892 4636030.111864 1302020788.0
444597.367700 4636030.194436 1302020790.0
444572.298768 4636029.279141 1302020792.0
444549.977714 4636029.563914 1302020794.0
444529.907526 4636031.163636 1302020796.0
444508.284927 4636035.884460 1302020799.0
444489.598706 4636044.690723 1302020820.0
444472.832114 4636033.606983 1302020841.0
444471.584569 4636011.965079 1302020844.0
444470.186520 4635981.663697 1302020847.0
444471.328993 4635957.893516 1302020849.0
444471.635593 4635933.352614 1302020851.0
444472.176432 4635906.922310 1302020854.0
444468.523237 4635885.410199 1302020860.0
444469.578417 4635861.085532 1302020864.0
444474.424010 4635833.289265 1302020867.0
444473.814355 4635808.311375 1302020869.0
444476.225874 4635787.640260 1302020871.0
444478.193064 4635763.197456 1302020875.0
444480.102381 4635741.975089 1302020878.0
444481.694394 4635711.983515 1302020881.0
444482.596669 4635689.325559 1302020883.0
444483.334711 4635666.890951 1302020885.0
444484.074491 4635644.678399 1302020887.0
444484.981114 4635622.575582 1302020889.0
444484.892776 4635600.591553 1302020891.0
444483.644360 4635578.838634 1302020893.0
444482.819525 4635558.192754 1302020895.0
444483.114969 4635532.208515 1302020898.0
444483.011922 4635508.337028 1302020902.0
444483.418049 4635485.905014 1302020911.0
444467.292416 4635472.040431 1302020924.0
444439.915163 4635473.364242 1302020927.0
444418.338386 4635473.532558 1302020929.0
444381.823841 4635473.817551 1302020932.0
444359.504511 4635474.547013 1302020934.0
444334.615172 4635475.629729 1302020937.0
444312.962355 4635476.687231 1302020941.0
444292.379699 4635476.626091 1302020952.0
444271.380367 4635476.346201 1302020958.0
444247.064135 4635476.425434 1302020962.0
444215.532329 4635477.116420 1302020965.0
444190.629095 4635476.423205 1302020967.0
444165.727595 4635475.952131 1302020969.0
444143.653763 4635476.236209 1302020971.0
444120.168271 4635476.420396 1302020974.0
444098.184398 4635477.592182 1302020992.0
444073.601766 4635475.453417 1302020996.0
444046.125887 4635474.780904 1302020999.0
444016.826018 4635474.344899 1302021002.0
443994.748687 4635474.185330 1302021004.0
443970.017496 4635474.268771 1302021006.0
443946.531992 4635474.453530 1302021008.0
443918.912839 4635476.669520 1302021011.0
443898.169431 4635477.276988 1302021015.0
443881.509140 4635490.510233 1302021021.0
443882.867755 4635515.482196 1302021024.0
443883.282022 4635536.464373 1302021026.0
443883.215859 4635559.671016 1302021028.0
443883.505260 4635585.872780 1302021030.0
443883.056534 4635613.190700 1302021032.0
443882.934508 4635639.839843 1302021034.0
443883.355773 4635661.710242 1302021036.0
443883.236376 4635688.692469 1302021039.0
443883.897850 4635709.450635 1302021044.0
443890.048553 4635731.720038 1302021053.0
443915.601708 4635730.741560 1302021057.0
443942.400511 4635729.864404 1302021060.0
443964.471814 4635729.357639 1302021063.0
443984.809170 4635729.974919 1302021079.0
444008.464164 4635730.344109 1302021082.0
444028.545578 4635730.075253 1302021084.0
444049.042789 4635729.914222 1302021086.0
444072.109037 4635729.288942 1302021089.0
444093.359210 4635729.899364 1302021094.0
444114.102760 4635729.403485 1302021099.0
