446318.631225 4634836.839419 1303342906.0
446318.853809 4634811.300084 1303342910.0
446319.259953 4634788.091067 1303342914.0
446320.015650 4634767.211116 1303342918.0
446319.527251 4634746.451571 1303342929.0
446319.458850 4634726.355063 1303342934.0
446318.708077 4634703.820964 1303342938.0
446296.233791 4634695.329720 1303342943.0
446270.265108 4634696.746856 1303342947.0
446246.534825 4634697.814101 1303342950.0
446221.801050 4634697.889700 1303342953.0
446197.976881 4634697.514382 1303342956.0
446176.642601 4634697.120336 1303342959.0
446156.392306 4634697.384362 1303342964.0
446135.806669 4634697.206848 1303342969.0
446109.989733 4634696.735856 1303342973.0
446088.157463 4634696.345841 1303342987.0
446060.433280 4634696.111525 1303342992.0
446037.854876 4634695.838346 1303342995.0
446015.278150 4634695.787292 1303342998.0
445991.375163 4634695.968429 1303343002.0
445973.807191 4634710.646981 1303343010.0
445974.872519 4634730.735943 1303343014.0
445974.610750 4634750.946001 1303343017.0
445974.369188 4634773.820708 1303343020.0
445974.274258 4634794.140536 1303343023.0
445974.187749 4634815.570635 1303343028.0
445973.861517 4634838.223920 1303343034.0
445973.483444 4634864.985834 1303343038.0
445973.152170 4634886.972958 1303343041.0
445972.827634 4634909.848299 1303343044.0
445972.321119 4634930.615386 1303343047.0
445972.321830 4634952.599996 1303343053.0
445972.087034 4634976.362926 1303343058.0
445972.079330 4634997.237267 1303343061.0
445971.763231 4635021.222882 1303343064.0
445971.466501 4635047.762121 1303343067.0
445971.174828 4635074.967523 1303343070.0
445970.721386 4635102.729320 1303343073.0
445970.182432 4635130.158666 1303343076.0
445969.296365 4635155.592045 1303343079.0
445968.139440 4635178.140609 1303343082.0
445967.472048 4635199.575127 1303343085.0
445964.639333 4635220.026767 1303343089.0
445945.953426 4635229.384296 1303343093.0
445924.626610 4635229.768208 1303343096.0
445900.135205 4635228.732780 1303343099.0
445874.570822 4635228.482822 1303343102.0
445847.762425 4635228.353444 1303343105.0
445820.456083 4635228.227955 1303343108.0
445792.733943 4635227.994700 1303343111.0
445765.093098 4635227.538867 1303343114.0
445738.033181 4635227.078717 1303343117.0
445709.649643 4635227.183923 1303343120.0
445680.600489 4635227.072251 1303343123.0
445652.373612 4635225.955122 1303343126.0
445622.901022 4635224.736579 1303343129.0
445594.682601 4635224.729950 1303343132.0
445569.368842 4635224.701239 1303343135.0
445547.126574 4635224.760175 1303343138.0
445521.818755 4635225.508823 1303343142.0
445502.293329 4635233.541543 1303343154.0
445500.570559 4635257.871077 1303343159.0
445499.481144 4635278.198558 1303343162.0
445498.740682 4635300.744042 1303343165.0
445498.506656 4635324.395989 1303343168.0
445498.364966 4635349.268600 1303343171.0
445497.897270 4635374.920942 1303343174.0
445497.675997 4635400.238298 1303343177.0
445497.122775 4635425.558195 1303343180.0
445497.558617 4635449.982258 1303343183.0
445498.404299 4635473.736983 1303343186.0
445498.332021 4635496.832531 1303343189.0
445497.351136 4635520.490200 1303343192.0
445496.217879 4635545.925574 1303343195.0
445495.590195 4635572.356383 1303343198.0
445495.383396 4635599.561209 1303343201.0
445495.095314 4635626.988726 1303343204.0
445494.637868 4635653.973405 1303343207.0
445494.184675 4635681.513221 1303343210.0
445493.727241 4635708.497902 1303343213.0
445494.418852 4635733.808288 1303343216.0
445496.001197 4635756.224982 1303343219.0
445497.260943 4635779.865517 1303343223.0
445498.670509 4635801.395266 1303343230.0
445499.605104 4635825.926560 1303343234.0
445500.444819 4635848.904109 1303343237.0
445501.881551 4635873.986731 1303343240.0
445503.734037 4635899.177207 1303343243.0
445504.428158 4635924.820682 1303343246.0
445504.459271 4635950.580264 1303343249.0
445504.060188 4635974.344532 1303343252.0
445503.716906 4635994.555295 1303343255.0
445506.036670 4636015.744987 1303343259.0
445526.484852 4636020.140950 1303343263.0
445551.785603 4636018.837154 1303343267.0
445572.447902 4636018.679230 1303343271.0
445596.271965 4636019.607552 1303343285.0
445618.015558 4636019.774601 1303343289.0
445643.657567 4636019.689898 1303343293.0
445665.652641 4636020.188275 1303343296.0
445688.724771 4636020.456439 1303343299.0
445712.542036 4636020.496932 1303343302.0
445736.858032 4636020.644738 1303343305.0
445761.758274 4636021.232312 1303343308.0
445787.236843 4636021.482471 1303343311.0
445811.887288 4636021.961088 1303343314.0
445835.791743 4636022.556497 1303343317.0
445856.789324 4636022.840983 1303343320.0
445878.282257 4636022.788665 1303343325.0
