446300.678398 4635274.001930 1302355770.0
446301.514433 4635252.788253 1302355774.0
446291.403300 4635232.656398 1302355778.0
446265.990713 4635230.516324 1302355782.0
446242.833927 4635230.357920 1302355785.0
446216.608175 4635230.444825 1302355788.0
446187.479441 4635230.775821 1302355791.0
446158.430342 4635230.662201 1302355794.0
446132.537388 4635230.857934 1302355797.0
446111.459547 4635231.239405 1302355803.0
446087.062098 4635231.646058 1302355808.0
446063.246423 4635232.159424 1302355811.0
446035.696189 4635232.701157 1302355814.0
446008.223899 4635232.576205 1302355817.0
445985.481208 4635232.304465 1302355820.0
445971.750665 4635249.396700 1302355825.0
445971.873966 4635276.598964 1302355829.0
445971.562114 4635301.139726 1302355832.0
445970.844582 4635326.904933 1302355835.0
445970.291352 4635352.446829 1302355838.0
445969.986251 4635377.875810 1302355841.0
445969.435558 4635403.750790 1302355844.0
445969.038216 4635427.959105 1302355847.0
445967.705277 4635449.176612 1302355850.0
445966.699245 4635469.725440 1302355854.0
445961.377042 4635490.195976 1302355865.0
445940.661407 4635494.461391 1302355869.0
445918.494556 4635493.408274 1302355872.0
445892.426454 4635492.273824 1302355875.0
445863.792488 4635492.047236 1302355878.0
445834.326958 4635491.605019 1302355881.0
445805.860647 4635491.599456 1302355884.0
445778.802583 4635491.250187 1302355887.0
445753.074846 4635491.223991 1302355890.0
445732.242510 4635491.049560 1302355893.0
445708.507310 4635491.119380 1302355900.0
445684.938083 4635491.188013 1302355904.0
445661.867626 4635491.363953 1302355907.0
445636.137340 4635491.005098 1302355910.0
445609.992114 4635490.649504 1302355913.0
445583.763048 4635490.183613 1302355916.0
445559.361394 4635489.925919 1302355919.0
445537.955768 4635490.755740 1302355922.0
445510.654652 4635491.186582 1302355926.0
445486.751768 4635491.036356 1302355929.0
445460.187339 4635490.129351 1302355932.0
445432.712592 4635489.562520 1302355935.0
445405.407216 4635489.438630 1302355938.0
445377.774146 4635489.872526 1302355941.0
445348.973292 4635489.538253 1302355944.0
445319.342561 4635489.210466 1302355947.0
445289.628837 4635488.883439 1302355950.0
445259.665293 4635488.447422 1302355953.0
445231.023566 4635487.224133 1302355956.0
445203.467495 4635486.880877 1302355959.0
445176.827698 4635486.974811 1302355962.0
445150.601127 4635486.843596 1302355965.0
445125.454245 4635486.815193 1302355968.0
445099.145538 4635486.795834 1302355971.0
445071.669013 4635486.008339 1302355974.0
445043.608999 4635484.892351 1302355977.0
445015.220452 4635484.223144 1302355980.0
444986.250986 4635483.558536 1302355983.0
444958.197806 4635483.331101 1302355986.0
444932.215875 4635482.643630 1302355989.0
444911.794096 4635481.913254 1302355992.0
444886.569347 4635482.552500 1302355999.0
444866.316114 4635482.154052 1302356002.0
444841.661964 4635481.456634 1302356005.0
444815.097375 4635480.552034 1302356008.0
444788.118700 4635479.761775 1302356011.0
444762.391718 4635479.850184 1302356014.0
444738.827577 4635480.588110 1302356017.0
444716.584346 4635480.427592 1302356021.0
444693.263138 4635480.386547 1302356041.0
444672.428103 4635479.882133 1302356044.0
444646.946627 4635479.524916 1302356047.0
444619.050740 4635478.187255 1302356050.0
444589.749235 4635477.526840 1302356053.0
444560.774488 4635476.197799 1302356056.0
444533.972100 4635476.739536 1302356059.0
444510.821168 4635477.252932 1302356062.0
444487.916604 4635477.431381 1302356070.0
444463.595193 4635476.843712 1302356074.0
444439.352434 4635475.700343 1302356077.0
444412.951123 4635474.462865 1302356080.0
444385.304119 4635473.124176 1302356083.0
444356.757248 4635473.458132 1302356086.0
444330.295479 4635475.108315 1302356089.0
444309.472537 4635476.159343 1302356092.0
444289.289188 4635474.096478 1302356108.0
444265.628164 4635473.060184 1302356113.0
444245.469991 4635474.217231 1302356116.0
444219.570901 4635473.531709 1302356119.0
444191.766567 4635473.305342 1302356122.0
444165.620241 4635472.844020 1302356125.0
444141.539896 4635471.256255 1302356128.0
444118.455392 4635469.660758 1302356132.0
444097.800171 4635470.933157 1302356138.0
444071.566479 4635469.917695 1302356142.0
444047.164612 4635469.665180 1302356145.0
444020.353480 4635469.098579 1302356148.0
443991.052712 4635468.551652 1302356151.0
443961.336124 4635467.897083 1302356154.0
443933.114182 4635467.341908 1302356157.0
443909.785014 4635466.304182 1302356161.0
