444148.140116 4635741.461298 1303865164.0
444171.880648 4635742.163462 1303865166.0
444197.362109 4635742.629998 1303865168.0
444221.421526 4635741.664318 1303865170.0
444248.045647 4635739.679339 1303865173.0
444270.752134 4635735.504430 1303865196.0
444291.179363 4635737.010152 1303865199.0
444318.849669 4635741.457229 1303865202.0
444341.014336 4635742.283308 1303865204.0
444362.254894 4635741.673233 1303865206.0
444386.311727 4635740.375029 1303865209.0
444409.293234 4635739.529434 1303865225.0
444435.859534 4635740.765595 1303865229.0
444456.210646 4635743.160655 1303865232.0
444473.894889 4635733.473861 1303865237.0
444474.965700 4635711.147691 1303865240.0
444475.223978 4635691.048534 1303865242.0
444477.186873 4635666.050597 1303865244.0
444480.622756 4635638.376367 1303865246.0
444481.826701 4635611.829875 1303865248.0
444482.041743 4635586.179363 1303865250.0
444482.185918 4635562.083879 1303865252.0
444482.342209 4635539.542776 1303865254.0
444484.841966 4635508.877936 1303865257.0
444486.089221 4635487.882808 1303865260.0
444484.675688 4635466.242213 1303865267.0
444483.651131 4635441.267570 1303865271.0
444484.667531 4635411.946702 1303865274.0
444480.909538 4635387.659567 1303865276.0
444476.959585 4635360.042914 1303865278.0
444475.730075 4635330.073349 1303865280.0
444476.408455 4635299.977882 1303865282.0
444479.596369 4635261.757387 1303865285.0
444482.071221 4635238.532023 1303865288.0
444490.872408 4635217.700111 1303865310.0
444497.521077 4635197.551184 1303865315.0
444524.608933 4635201.559492 1303865319.0
444544.872506 4635203.178275 1303865321.0
444570.852926 4635203.531262 1303865323.0
444597.413413 4635203.768799 1303865325.0
444621.567166 4635204.025142 1303865327.0
444647.296014 4635204.047262 1303865330.0
444669.785636 4635203.761529 1303865341.0
444696.015012 4635204.113039 1303865344.0
444719.341432 4635204.709238 1303865346.0
444745.987474 4635205.279766 1303865348.0
444774.792129 4635205.944694 1303865350.0
444804.341972 4635206.381897 1303865352.0
444835.223099 4635207.253050 1303865354.0
444867.101822 4635208.338684 1303865356.0
444899.061806 4635209.201764 1303865358.0
444930.688100 4635209.845499 1303865360.0
444961.733453 4635210.493863 1303865362.0
444992.531540 4635211.366338 1303865364.0
445022.999368 4635212.463562 1303865366.0
445051.966505 4635212.684222 1303865368.0
445078.611613 4635213.144966 1303865370.0
445104.764761 4635214.386836 1303865372.0
445131.910365 4635215.177025 1303865374.0
445160.219537 4635216.180427 1303865376.0
445188.942798 4635217.069721 1303865378.0
445217.494946 4635217.294246 1303865380.0
445244.551555 4635217.308311 1303865382.0
445269.208261 4635218.229185 1303865384.0
445293.117193 4635219.044853 1303865386.0
445317.190394 4635219.637272 1303865388.0
445341.675135 4635219.782481 1303865390.0
445365.830466 4635220.263401 1303865392.0
445389.321018 4635220.638465 1303865394.0
445411.478614 4635220.357618 1303865396.0
445437.536762 4635220.046966 1303865399.0
445460.111862 4635220.096174 1303865403.0
445486.605352 4635222.447175 1303865407.0
445516.492937 4635223.661980 1303865410.0
445539.318689 4635223.931589 1303865412.0
445562.973493 4635224.083902 1303865414.0
445587.709714 4635224.561135 1303865416.0
445612.693207 4635224.814500 1303865418.0
445638.256781 4635224.952491 1303865420.0
445664.315754 4635224.753696 1303865422.0
445690.461104 4635224.998471 1303865424.0
445716.772430 4635225.242078 1303865426.0
445743.168434 4635225.707204 1303865428.0
445768.980121 4635225.732741 1303865430.0
445793.714621 4635225.988635 1303865432.0
445817.863118 4635225.582871 1303865434.0
445840.517792 4635225.188544 1303865436.0
445861.602399 4635225.694489 1303865438.0
445888.495482 4635226.045342 1303865441.0
445909.159229 4635225.777389 1303865445.0
445930.271634 4635229.947430 1303865472.0
445952.364734 4635232.111491 1303865475.0
445973.529772 4635232.284055 1303865489.0
445976.428417 4635253.358431 1303865495.0
445974.601682 4635275.134843 1303865498.0
445972.822953 4635303.239800 1303865501.0
445971.823611 4635324.676839 1303865503.0
445971.002886 4635347.778026 1303865505.0
445969.939095 4635371.658293 1303865507.0
445969.368192 4635394.868621 1303865509.0
445968.880282 4635418.078321 1303865511.0
445968.134151 4635440.068613 1303865513.0
445967.347987 4635467.721917 1303865516.0
445966.788897 4635492.486629 1303865520.0
445986.338876 4635498.667278 1303865524.0
446010.158708 4635498.819809 1303865527.0
446031.240803 4635499.104194 1303865529.0
446055.054745 4635498.479685 1303865531.0
446080.277790 4635497.622523 1303865533.0
446105.999602 4635496.872711 1303865535.0
446131.306483 4635496.126129 1303865537.0
446154.042443 4635495.621137 1303865539.0
446181.913544 4635493.745019 1303865542.0
