446009.286007 4634836.067835 1301831895.0
445987.427220 4634832.125268 1301831904.0
445975.798525 4634852.865640 1301831912.0
445973.766454 4634880.417330 1301831916.0
445972.307781 4634906.965373 1301831919.0
445970.583302 4634931.294765 1301831922.0
445967.010246 4634952.640275 1301831927.0
445967.606242 4634976.507939 1301831932.0
445968.476475 4635003.704527 1301831935.0
445968.232435 4635026.246162 1301831937.0
445968.411781 4635049.894921 1301831939.0
445968.254107 4635072.880037 1301831941.0
445967.762785 4635095.645617 1301831943.0
445967.517074 4635117.965202 1301831945.0
445967.679587 4635139.393423 1301831947.0
445967.648702 4635168.151320 1301831950.0
445967.005729 4635192.805623 1301831953.0
445966.757506 4635214.792129 1301831967.0
445967.521167 4635238.880598 1301831971.0
445967.831515 4635268.857280 1301831974.0
445967.509570 4635292.065716 1301831976.0
445966.869988 4635317.164132 1301831978.0
445966.646200 4635342.370429 1301831980.0
445966.336900 4635367.244275 1301831982.0
445965.859944 4635391.897326 1301831984.0
445965.455875 4635415.217424 1301831986.0
445965.123851 4635437.093541 1301831988.0
445964.034836 4635457.642999 1301831990.0
445961.892259 4635481.531454 1301831993.0
445976.609173 4635496.076254 1301831997.0
446000.836376 4635495.226363 1301832000.0
446021.415512 4635494.848331 1301832002.0
446044.404642 4635494.896237 1301832004.0
446068.388775 4635494.825652 1301832006.0
446092.375428 4635495.088229 1301832008.0
446115.787046 4635496.132470 1301832010.0
446138.617746 4635497.181180 1301832012.0
446161.195282 4635497.676709 1301832014.0
446183.365426 4635499.174689 1301832016.0
446205.206965 4635501.119353 1301832018.0
446225.967983 4635502.850173 1301832020.0
446255.023506 4635503.963302 1301832023.0
446278.085531 4635502.679012 1301832026.0
446298.597689 4635493.419611 1301832033.0
446300.681835 4635472.640651 1301832037.0
446300.927713 4635450.210048 1301832042.0
446301.423394 4635427.888597 1301832045.0
446302.438068 4635397.346762 1301832048.0
446302.691492 4635375.915406 1301832050.0
446302.533322 4635354.931287 1301832052.0
446301.794230 4635333.951547 1301832054.0
446299.750875 4635305.098268 1301832057.0
446299.580984 4635282.559772 1301832060.0
446300.081707 4635260.904489 1301832066.0
446290.042689 4635239.328658 1301832071.0
446264.771820 4635233.967553 1301832075.0
446237.639894 4635234.949483 1301832078.0
446207.928571 4635235.062725 1301832081.0
446179.380788 4635235.389368 1301832084.0
446153.744374 4635236.582387 1301832087.0
446130.349542 4635237.869582 1301832090.0
446103.210921 4635237.963808 1301832093.0
446074.996788 4635238.510412 1301832096.0
446046.951160 4635239.388952 1301832099.0
446017.989281 4635239.830412 1301832102.0
445992.766168 4635240.798812 1301832105.0
445971.992899 4635248.506595 1301832109.0
445968.409075 4635268.408765 1301832113.0
445967.823845 4635289.731630 1301832117.0
445966.777736 4635315.943463 1301832121.0
445966.350075 4635336.154800 1301832127.0
445965.008699 4635356.262034 1301832145.0
445964.437809 4635379.472363 1301832148.0
445963.904822 4635407.678912 1301832151.0
445963.701267 4635435.549863 1301832154.0
445961.992149 4635461.877767 1301832157.0
445958.913138 4635482.664389 1301832160.0
445942.181295 4635497.891896 1301832164.0
445916.633897 4635499.751311 1301832168.0
445890.658082 4635499.837536 1301832171.0
445859.951999 4635499.959804 1301832174.0
445837.459954 4635499.797680 1301832176.0
445816.376998 4635499.402841 1301832178.0
445795.953712 4635498.447878 1301832180.0
445766.404367 4635497.895546 1301832183.0
445738.856856 4635498.660491 1301832186.0
445716.870334 4635499.494199 1301832190.0
445693.804137 4635500.225172 1301832195.0
445668.328776 4635500.641493 1301832198.0
445647.995230 4635500.574537 1301832200.0
445626.246665 4635499.963273 1301832202.0
445604.501486 4635499.796183 1301832204.0
445582.098344 4635500.411421 1301832206.0
445559.863725 4635501.358543 1301832208.0
445539.282063 4635501.404827 1301832210.0
445515.139595 4635502.477708 1301832213.0
445491.249492 4635503.992874 1301832217.0
445468.499121 4635502.612521 1301832220.0
445440.598433 4635500.605483 1301832223.0
445419.100501 4635500.214998 1301832225.0
445395.696415 4635500.172290 1301832227.0
445371.874836 4635499.799759 1301832229.0
445348.134537 4635499.204617 1301832231.0
445324.394233 4635498.609554 1301832233.0
445300.404962 4635498.016481 1301832235.0
445276.500379 4635497.644907 1301832237.0
445252.269815 4635498.053153 1301832239.0
445228.121387 4635498.349817 1301832241.0
445204.796853 4635497.862989 1301832243.0
445183.544433 4635497.027191 1301832245.0
445163.293836 4635496.960981 1301832247.0
445135.566690 4635495.953102 1301832250.0
445110.818521 4635493.812041 1301832254.0
445087.482832 4635491.882244 1301832258.0
445062.062170 4635488.636197 1301832261.0
445041.980943 4635489.013160 1301832263.0
445020.323815 4635489.513375 1301832265.0
444997.915516 4635489.464288 1301832267.0
444975.838308 4635489.301680 1301832269.0
444954.916915 4635488.352972 1301832271.0
444926.192126 4635487.131549 1301832274.0
444901.627860 4635487.321500 1301832278.0
444879.476241 4635488.270104 1301832284.0
444854.733969 4635486.907121 1301832287.0
444825.095429 4635485.582144 1301832290.0
444804.425540 4635484.965032 1301832292.0
444784.346025 4635485.564775 1301832294.0
444756.630810 4635486.112751 1301832297.0
444732.225618 4635485.413782 1301832300.0
444710.058495 4635484.364424 1301832304.0
