445515.275848 4635498.590489 1302964574.0
445494.336742 4635495.308629 1302964586.0
445469.176313 4635493.502579 1302964590.0
445446.342915 4635492.122932 1302964593.0
445422.193619 4635492.307910 1302964596.0
445397.199132 4635490.500843 1302964599.0
445371.219000 4635490.033826 1302964602.0
445343.908511 4635489.244009 1302964605.0
445314.939971 4635488.689092 1302964608.0
445286.635324 4635488.129194 1302964611.0
445266.553242 4635488.394497 1302964613.0
445245.814089 4635489.553176 1302964615.0
445224.397383 4635488.940586 1302964617.0
445203.394756 4635488.213841 1302964619.0
445182.725781 4635487.706658 1302964621.0
445161.726562 4635487.424145 1302964623.0
445140.561366 4635487.142972 1302964625.0
445118.483306 4635486.868895 1302964627.0
445096.649927 4635486.037831 1302964629.0
445075.822662 4635486.531482 1302964631.0
445054.910700 4635486.803779 1302964633.0
445034.576222 4635486.627547 1302964635.0
445005.519496 4635485.408366 1302964638.0
444977.959104 4635484.510847 1302964641.0
444951.477540 4635483.605097 1302964644.0
444928.663723 4635484.780732 1302964647.0
444907.004008 4635484.948211 1302964651.0
444885.736037 4635482.114812 1302964659.0
444863.999340 4635483.060253 1302964662.0
444835.553563 4635485.723219 1302964665.0
444814.488521 4635487.662914 1302964667.0
444792.424200 4635489.166282 1302964669.0
444770.520697 4635490.002268 1302964671.0
444749.102205 4635489.169052 1302964673.0
444728.676971 4635487.995093 1302964675.0
444701.030963 4635486.766207 1302964678.0
444674.208781 4635484.753793 1302964681.0
444645.478734 4635482.867338 1302964684.0
444625.135584 4635481.582003 1302964686.0
444603.801757 4635480.970633 1302964688.0
444583.228631 4635482.129951 1302964690.0
444555.103651 4635483.348102 1302964693.0
444529.030023 4635481.552475 1302964696.0
444504.371492 4635480.301089 1302964700.0
444482.926103 4635476.026831 1302964708.0
444461.512714 4635475.860642 1302964711.0
444432.876805 4635475.417750 1302964714.0
444412.291554 4635475.023181 1302964716.0
444391.403816 4635478.406187 1302964718.0
444370.998416 4635479.786877 1302964720.0
444341.538708 4635480.128023 1302964723.0
444316.629430 4635478.657177 1302964726.0
444294.858040 4635475.163269 1302964730.0
444273.446371 4635475.219700 1302964740.0
444252.130277 4635487.489183 1302964745.0
444227.068064 4635487.685357 1302964748.0
444198.423475 4635486.133136 1302964751.0
444171.119723 4635486.236031 1302964754.0
444147.384433 4635486.311052 1302964757.0
444121.729978 4635485.068798 1302964762.0
444096.997089 4635484.929743 1302964765.0
444076.751623 4635485.532784 1302964767.0
444052.432797 4635485.279600 1302964769.0
444027.436982 4635483.366308 1302964771.0
444004.266006 4635481.327725 1302964773.0
443982.924234 4635479.718969 1302964775.0
443955.354014 4635477.604106 1302964778.0
443935.256158 4635475.874672 1302964781.0
443915.632617 4635471.143641 1302964799.0
443889.476628 4635469.462034 1302964815.0
443863.576588 4635468.666778 1302964818.0
443833.608391 4635467.681621 1302964821.0
443811.950343 4635468.074483 1302964823.0
443789.049232 4635468.699288 1302964825.0
443765.231753 4635468.887264 1302964827.0
443741.163557 4635468.855231 1302964829.0
443717.507666 4635468.486919 1302964831.0
443693.842119 4635466.897387 1302964833.0
443670.677998 4635465.748105 1302964835.0
443648.429369 4635464.924759 1302964837.0
443627.013247 4635464.427996 1302964839.0
443606.591217 4635463.701360 1302964841.0
443578.782386 4635462.922249 1302964844.0
443556.287408 4635462.434244 1302964847.0
443535.699386 4635461.709126 1302964851.0
443513.122291 4635461.332942 1302964871.0
443487.067629 4635461.983723 1302964875.0
443460.426769 4635461.973048 1302964878.0
443440.335776 4635461.133226 1302964880.0
443419.081184 4635460.080635 1302964882.0
443397.740950 4635458.695684 1302964884.0
443377.062844 4635457.083467 1302964886.0
443356.963879 4635455.244635 1302964888.0
443328.484001 4635453.583562 1302964891.0
443303.499323 4635453.116161 1302964894.0
443279.010800 4635452.422828 1302964898.0
443254.966395 4635455.390171 1302964907.0
443229.381333 4635452.485059 1302964911.0
443208.130213 4635451.877205 1302964914.0
443184.144912 4635451.846392 1302964918.0
443163.736951 4635452.897459 1302964925.0
443138.012447 4635453.324815 1302964930.0
443117.344006 4635452.934649 1302964933.0
443095.548318 4635456.883885 1302964937.0
443075.315228 4635459.044152 1302964956.0
443063.587274 4635476.570261 1302964965.0
443064.506315 4635498.103569 1302964968.0
443064.907445 4635527.524452 1302964971.0
443064.847497 4635551.175238 1302964973.0
443064.732962 4635578.379558 1302964975.0
443064.384557 4635607.473333 1302964977.0
443063.961159 4635637.567017 1302964979.0
443063.196952 4635666.553084 1302964981.0
443062.174037 4635694.319842 1302964983.0
443061.228792 4635721.419775 1302964985.0
443060.615495 4635748.517056 1302964987.0
443060.822285 4635774.386405 1302964989.0
443060.687378 4635799.037109 1302964991.0
443059.790532 4635821.806320 1302964993.0
443060.053687 4635844.344191 1302964995.0
443060.224984 4635865.772453 1302964997.0
443060.201473 4635893.975370 1302965000.0
443060.223671 4635917.514479 1302965003.0
443059.412497 4635940.616113 1302965008.0
443057.377902 4635966.392354 1302965012.0
443056.039133 4635996.160272 1302965015.0
443055.814184 4636019.923430 1302965017.0
443055.678433 4636044.463116 1302965019.0
443055.582631 4636073.999031 1302965021.0
443056.638794 4636102.304360 1302965023.0
443058.511439 4636128.937646 1302965025.0
443060.283339 4636153.351050 1302965027.0
443061.194367 4636173.885133 1302965029.0
443061.714460 4636197.420272 1302965032.0
