444132.341452 4635748.136200 1303694395.0
444155.682710 4635750.840054 1303694405.0
444179.267682 4635752.875870 1303694409.0
444199.768301 4635753.159381 1303694412.0
444220.015618 4635752.889764 1303694415.0
444244.496877 4635752.809130 1303694419.0
444267.300204 4635750.409995 1303694424.0
444290.407696 4635744.455466 1303694441.0
444311.571338 4635744.623079 1303694444.0
444338.383993 4635745.523848 1303694447.0
444367.684439 4635746.183219 1303694450.0
444395.655392 4635746.631021 1303694453.0
444415.815409 4635745.807473 1303694455.0
444436.307367 4635744.981392 1303694457.0
444457.785619 4635742.926306 1303694460.0
444479.045990 4635734.210947 1303694467.0
444481.789494 4635713.537249 1303694470.0
444483.512966 4635689.762553 1303694473.0
444485.280500 4635660.990988 1303694476.0
444486.273570 4635639.331632 1303694478.0
444487.338385 4635616.228277 1303694480.0
444487.489496 4635593.021010 1303694482.0
444487.484154 4635571.036336 1303694484.0
444487.985386 4635550.158054 1303694486.0
444488.674156 4635521.394904 1303694489.0
444489.725163 4635496.515119 1303694492.0
444490.887718 4635475.298585 1303694498.0
444507.396150 4635463.733476 1303694503.0
444530.146021 4635464.999736 1303694506.0
444558.631536 4635467.442800 1303694509.0
444587.098894 4635467.554407 1303694512.0
444613.416338 4635468.682148 1303694515.0
444637.567466 4635468.716483 1303694518.0
444657.817312 4635468.670172 1303694521.0
444680.809197 4635469.046761 1303694524.0
444707.123168 4635469.730740 1303694527.0
444736.017500 4635471.394101 1303694530.0
444757.105819 4635472.451907 1303694532.0
444778.362688 4635473.841569 1303694534.0
444798.455141 4635474.907217 1303694536.0
444827.422953 4635475.349007 1303694539.0
444852.994288 4635476.594444 1303694542.0
444876.644871 4635476.300362 1303694546.0
444905.812989 4635481.182273 1303694554.0
444926.246788 4635483.467012 1303694557.0
444953.643793 4635484.698695 1303694560.0
444974.808156 4635484.868286 1303694562.0
444995.891243 4635485.260635 1303694564.0
445016.717653 4635484.655723 1303694566.0
445043.937522 4635484.445682 1303694569.0
445065.854759 4635485.386971 1303694572.0
445091.336167 4635485.745686 1303694575.0
445111.914472 4635485.253999 1303694577.0
445133.909550 4635485.528695 1303694579.0
445156.573653 4635486.464511 1303694581.0
445180.645971 4635487.056461 1303694583.0
445206.623576 4635487.189702 1303694585.0
445232.186242 4635487.326228 1303694587.0
445257.999574 4635487.682986 1303694589.0
445283.481805 4635488.153416 1303694591.0
445308.628673 4635488.182376 1303694593.0
445333.861081 4635488.543869 1303694595.0
445359.008796 4635488.684034 1303694597.0
445383.078523 4635488.943586 1303694599.0
445406.481797 4635488.875226 1303694601.0
445429.056047 4635488.924328 1303694603.0
445450.056938 4635489.429683 1303694605.0
445478.023658 4635489.215581 1303694608.0
445500.388863 4635494.485089 1303694613.0
445502.255010 4635521.451985 1303694618.0
445500.135239 4635548.116275 1303694621.0
445499.301645 4635569.330078 1303694623.0
445498.728908 4635592.096358 1303694625.0
445498.240012 4635614.973030 1303694627.0
445497.671533 4635638.294447 1303694629.0
445496.935390 4635661.395081 1303694631.0
445496.362675 4635684.161364 1303694633.0
445495.620598 4635706.484809 1303694635.0
445495.284955 4635727.694808 1303694637.0
445496.001197 4635756.224982 1303694640.0
445496.578381 4635777.427999 1303694643.0
445497.183599 4635802.294913 1303694650.0
445498.010580 4635823.607053 1303694653.0
445499.222160 4635851.800340 1303694656.0
445500.210001 4635872.445049 1303694658.0
445500.952288 4635893.535772 1303694660.0
445501.532855 4635915.182902 1303694662.0
445501.942359 4635936.165139 1303694664.0
445502.179102 4635956.260430 1303694666.0
445502.554895 4635983.682882 1303694669.0
445502.809478 4636006.109745 1303694673.0
445519.865896 4636022.745351 1303694699.0
445545.433406 4636023.771200 1303694703.0
445571.419206 4636025.238080 1303694706.0
445599.888489 4636025.908849 1303694709.0
445628.930156 4636025.465026 1303694712.0
445657.726269 4636025.467329 1303694715.0
445678.058316 4636025.534298 1303694717.0
445699.550403 4636025.370414 1303694719.0
445722.121243 4636025.198373 1303694721.0
445744.858045 4636025.025140 1303694723.0
445768.339985 4636024.624238 1303694725.0
445792.158921 4636024.887051 1303694727.0
445815.732290 4636025.595946 1303694729.0
445839.717180 4636025.857656 1303694731.0
445861.288866 4636025.249519 1303694733.0
445886.421991 4636023.726120 1303694736.0
