444453.466964 4635742.515846 1302489886.0
444468.440302 4635725.744006 1302489891.0
444472.345568 4635705.061248 1302489894.0
444473.620333 4635676.959724 1302489897.0
444474.842415 4635652.744799 1302489899.0
444475.304654 4635626.870290 1302489901.0
444475.522268 4635601.552858 1302489903.0
444475.917109 4635577.677487 1302489905.0
444475.986065 4635554.581894 1302489907.0
444476.814021 4635533.034861 1302489909.0
444477.424954 4635504.938520 1302489912.0
444479.170978 4635484.050538 1302489917.0
444498.429207 4635473.907417 1302489921.0
444524.655015 4635473.925205 1302489924.0
444546.653639 4635474.642198 1302489926.0
444571.979535 4635476.332673 1302489928.0
444599.132007 4635478.120067 1302489930.0
444626.771169 4635478.460341 1302489932.0
444654.986927 4635478.241073 1302489934.0
444682.625220 4635478.470536 1302489936.0
444709.442252 4635479.816819 1302489938.0
444736.670764 4635480.715875 1302489940.0
444764.562306 4635481.498861 1302489942.0
444791.539257 4635482.066976 1302489944.0
444818.350227 4635482.636478 1302489946.0
444843.498863 4635482.885851 1302489948.0
444864.246584 4635482.836272 1302489950.0
444886.470898 4635480.554653 1302489955.0
444908.733864 4635483.269326 1302489960.0
444931.669294 4635487.089207 1302489963.0
444956.929201 4635491.002234 1302489966.0
444981.931542 4635493.807002 1302489969.0
445004.438244 4635495.853887 1302489972.0
445029.328430 4635494.884539 1302489976.0
445051.094993 4635487.055279 1302489986.0
445072.989106 4635484.998857 1302489992.0
445096.987011 4635486.701436 1302489996.0
445124.150395 4635489.934182 1302489999.0
445146.245544 4635492.428819 1302490001.0
445173.313076 4635493.996984 1302490003.0
445203.612827 4635494.985220 1302490005.0
445235.485911 4635495.517354 1302490007.0
445267.850940 4635495.268615 1302490009.0
445299.632501 4635494.691402 1302490011.0
445329.918589 4635493.903741 1302490013.0
445359.463758 4635493.899127 1302490015.0
445387.516856 4635494.128141 1302490017.0
445414.827319 4635494.918125 1302490019.0
445439.980107 4635495.724738 1302490021.0
445466.130433 4635496.745871 1302490024.0
445482.178688 4635511.612576 1302490028.0
445486.692829 4635537.559901 1302490032.0
445490.482151 4635566.399652 1302490035.0
445493.310175 4635588.917842 1302490037.0
445495.416794 4635614.772564 1302490039.0
445496.387089 4635643.966991 1302490041.0
445495.863646 4635673.172849 1302490043.0
445494.671235 4635701.717625 1302490045.0
445493.879315 4635728.371766 1302490047.0
445493.564919 4635752.357446 1302490049.0
445492.779811 4635779.899806 1302490052.0
445491.940336 4635800.336428 1302490060.0
445491.208490 4635823.992204 1302490065.0
445492.995881 4635851.514882 1302490068.0
445494.906746 4635873.484932 1302490070.0
445496.588194 4635898.010513 1302490072.0
445497.024050 4635922.434593 1302490074.0
445497.205861 4635946.194416 1302490076.0
445497.372380 4635967.955749 1302490078.0
445497.159675 4635994.383402 1302490081.0
445498.253433 4636018.025215 1302490088.0
445519.145393 4636026.192907 1302490093.0
445541.905119 4636029.016761 1302490096.0
445564.400608 4636029.844100 1302490098.0
445589.879166 4636030.093553 1302490100.0
445615.191758 4636030.344363 1302490102.0
445640.587327 4636030.594631 1302490104.0
445666.310583 4636030.287320 1302490106.0
445692.281088 4636029.756151 1302490108.0
445718.251597 4636029.225075 1302490110.0
445743.562488 4636029.254288 1302490112.0
445767.802233 4636030.291049 1302490114.0
445791.873473 4636030.996074 1302490116.0
445817.020081 4636031.248865 1302490118.0
445842.826311 4636030.941561 1302490120.0
445868.303150 4636030.969955 1302490122.0
445892.702079 4636031.117662 1302490124.0
445918.017167 4636031.702631 1302490126.0
445943.920700 4636033.282525 1302490128.0
445970.406771 4636035.080162 1302490130.0
445998.212944 4636035.868586 1302490132.0
446026.264686 4636036.211123 1302490134.0
446054.398564 4636036.442115 1302490136.0
446082.117534 4636036.676358 1302490138.0
446109.089672 4636036.916360 1302490140.0
446134.570671 4636037.500842 1302490142.0
446160.213429 4636037.529025 1302490144.0
446186.191464 4636037.998901 1302490146.0
446209.344792 4636038.046070 1302490148.0
446230.746302 4636036.885170 1302490150.0
446257.270848 4636032.798804 1302490153.0
446276.642314 4636026.545819 1302490159.0
446288.769438 4636006.024190 1302490164.0
446290.773737 4635985.689943 1302490166.0
446291.757152 4635962.032391 1302490168.0
446292.487443 4635937.821581 1302490170.0
446293.708938 4635912.718801 1302490172.0
446294.249003 4635885.289456 1302490174.0
446294.289503 4635857.641812 1302490176.0
446295.667783 4635831.316485 1302490178.0
446296.820564 4635808.101797 1302490180.0
446298.953255 4635782.770086 1302490183.0
