446302.684237 4635286.866683 1302452956.0
446303.943593 4635266.760149 1302452971.0
446299.537039 4635243.698421 1302452976.0
446275.997264 4635236.769760 1302452980.0
446252.920138 4635236.166589 1302452983.0
446226.528428 4635236.254711 1302452986.0
446199.142512 4635236.572505 1302452989.0
446173.910986 4635236.429993 1302452992.0
446151.417293 4635236.155842 1302452995.0
446130.667231 4635235.979612 1302453000.0
446109.671555 4635236.249433 1302453006.0
446089.005321 4635236.183724 1302453009.0
446063.937242 4635235.707264 1302453012.0
446038.040098 4635235.348206 1302453015.0
446013.804437 4635235.198718 1302453018.0
445992.143994 4635235.362889 1302453021.0
445971.789871 4635243.622663 1302453025.0
445971.571108 4635269.495119 1302453029.0
445971.830079 4635292.699150 1302453032.0
445971.277681 4635318.352071 1302453035.0
445971.159601 4635346.555470 1302453038.0
445970.883126 4635375.759372 1302453041.0
445970.693013 4635405.406755 1302453044.0
445970.157479 4635433.280223 1302453047.0
445968.770183 4635458.273282 1302453050.0
445965.691149 4635479.059901 1302453054.0
445949.393595 4635496.837867 1302453059.0
445922.341466 4635497.265244 1302453063.0
445897.847606 4635495.785723 1302453066.0
445870.704050 4635495.103654 1302453069.0
445843.062563 4635494.425474 1302453072.0
445814.507366 4635493.643318 1302453075.0
445785.873398 4635493.417043 1302453078.0
445758.896634 4635492.845164 1302453081.0
445734.416248 4635493.142639 1302453084.0
445712.011389 4635493.535413 1302453092.0
445690.767506 4635493.808374 1302453096.0
445668.521849 4635493.311803 1302453099.0
445646.275340 4635492.704275 1302453102.0
445626.178869 4635491.081103 1302453105.0
445603.102475 4635490.480043 1302453109.0
445582.435251 4635490.193755 1302453112.0
445558.451928 4635490.377004 1302453115.0
445533.639581 4635490.677706 1302453118.0
445505.669471 4635490.447481 1302453121.0
445475.617876 4635489.345028 1302453124.0
445455.192799 4635488.168987 1302453126.0
445434.442568 4635487.883763 1302453128.0
445413.365490 4635488.267307 1302453130.0
445392.533120 4635488.093869 1302453132.0
445371.770112 4635486.143421 1302453134.0
445350.523647 4635486.084315 1302453136.0
445329.276329 4635485.914245 1302453138.0
445307.946021 4635485.744876 1302453140.0
445286.866378 4635485.795712 1302453142.0
445265.951857 4635485.734309 1302453144.0
445245.036481 4635485.561939 1302453146.0
445224.198968 4635484.722831 1302453148.0
445203.613827 4635484.325976 1302453150.0
445173.900069 4635483.999432 1302453153.0
445145.517524 4635484.106896 1302453156.0
445117.803155 4635484.764494 1302453159.0
445089.169937 4635484.652046 1302453162.0
445060.365603 4635483.874830 1302453165.0
445031.065907 4635483.434655 1302453168.0
445001.517243 4635482.996521 1302453171.0
444972.718033 4635482.885823 1302453174.0
444945.494723 4635482.652028 1302453177.0
444920.846596 4635482.731527 1302453180.0
444900.761059 4635482.553751 1302453185.0
444878.107205 4635482.951075 1302453192.0
444842.490119 4635481.228154 1302453197.0
444816.831511 4635479.428262 1302453200.0
444792.096937 4635479.064741 1302453203.0
444769.773300 4635479.237781 1302453206.0
444749.608200 4635479.505184 1302453209.0
444728.604610 4635478.668812 1302453229.0
444707.102228 4635477.725339 1302453235.0
444687.015799 4635477.437139 1302453238.0
444662.858667 4635476.625447 1302453241.0
444635.707072 4635474.948837 1302453244.0
444596.282799 4635474.589142 1302453248.0
444575.698427 4635474.305129 1302453250.0
444555.359557 4635473.575128 1302453252.0
444526.147062 4635473.691519 1302453255.0
444502.970171 4635470.874125 1302453258.0
444482.307983 4635471.257190 1302453264.0
444458.735170 4635470.885771 1302453268.0
444434.830403 4635470.517019 1302453271.0
444408.271760 4635470.391125 1302453274.0
444380.305792 4635470.720453 1302453277.0
444352.836015 4635470.823948 1302453280.0
444327.690760 4635471.020415 1302453283.0
444305.861538 4635470.746910 1302453286.0
444284.352975 4635469.027521 1302453297.0
444263.868050 4635470.853276 1302453302.0
444235.368520 4635466.634955 1302453307.0
444214.206656 4635466.800642 1302453309.0
444187.313420 4635466.345089 1302453311.0
444162.081674 4635466.098683 1302453313.0
444141.747942 4635466.036026 1302453315.0
444117.856188 4635467.333745 1302453318.0
444096.523990 4635466.945947 1302453324.0
444072.777300 4635465.577863 1302453328.0
444048.782508 4635464.322840 1302453331.0
444021.890114 4635463.978939 1302453334.0
443993.167620 4635463.094357 1302453337.0
443964.864423 4635462.761763 1302453340.0
443937.712565 4635461.087812 1302453343.0
443915.389720 4635461.374556 1302453346.0
443892.073645 4635462.002296 1302453359.0
443867.590495 4635461.973104 1302453363.0
443842.772767 4635461.613531 1302453366.0
443814.966597 4635461.166580 1302453369.0
443785.418554 4635460.844517 1302453372.0
443765.084784 4635460.782935 1302453374.0
443744.584161 4635460.611694 1302453376.0
443723.753338 4635460.665189 1302453378.0
443702.922515 4635460.718745 1302453380.0
443682.092568 4635460.883389 1302453382.0
443661.259110 4635460.603985 1302453384.0
443640.411594 4635458.548208 1302453386.0
443619.571095 4635457.380708 1302453388.0
443599.402402 4635457.207258 1302453390.0
443570.936678 4635457.321651 1302453393.0
443544.882000 4635457.972221 1302453396.0
443521.479416 4635458.157723 1302453400.0
443501.233014 4635458.651372 1302453418.0
443466.707412 4635458.592177 1302453423.0
443440.638638 4635457.466694 1302453426.0
443412.164086 4635456.471449 1302453429.0
443382.693669 4635455.484234 1302453432.0
443353.968367 4635454.269146 1302453435.0
443326.662682 4635454.153222 1302453438.0
443302.861928 4635456.452260 1302453441.0
443282.805368 4635459.942943 1302453447.0
443260.122260 4635456.681514 1302453460.0
443239.364661 4635455.514465 1302453463.0
443216.042393 4635455.367228 1302453466.0
443193.461701 4635454.547948 1302453469.0
443171.789443 4635453.166321 1302453474.0
443147.063454 4635453.918781 1302453480.0
443126.065723 4635453.864321 1302453483.0
443104.160443 4635454.483376 1302453486.0
443082.254279 4635454.991472 1302453490.0
443063.330785 4635465.246814 1302453509.0
443064.288872 4635491.665318 1302453513.0
443064.660719 4635517.422303 1302453516.0
443064.816438 4635547.289285 1302453519.0
443063.988315 4635568.281388 1302453521.0
443063.080762 4635589.718264 1302453523.0
443062.342737 4635611.597923 1302453525.0
443062.355142 4635633.915722 1302453527.0
443062.950223 4635656.450932 1302453529.0
443062.712786 4635678.659695 1302453531.0
443062.565438 4635701.756014 1302453533.0
443062.414542 4635724.408224 1302453535.0
443061.681869 4635746.954052 1302453537.0
443061.612190 4635769.383546 1302453539.0
443061.207027 4635791.371585 1302453541.0
443060.556467 4635813.805724 1302453543.0
443060.318168 4635835.903466 1302453545.0
443059.911243 4635857.669453 1302453547.0
443059.332143 4635878.659577 1302453549.0
443059.330378 4635899.200949 1302453551.0
443059.145347 4635927.960330 1302453554.0
443059.179090 4635952.942795 1302453557.0
443059.357496 4635975.259279 1302453560.0
443061.454244 4635998.781806 1302453564.0
443083.321002 4636003.936684 1302453568.0
443104.566059 4636003.989013 1302453571.0
443129.630927 4636004.344009 1302453574.0
443156.939837 4636005.125320 1302453577.0
443184.416474 4636006.127467 1302453580.0
443211.059744 4636006.692227 1302453583.0
443235.630241 4636007.495674 1302453587.0
443256.704008 4636006.883616 1302453614.0
443282.841419 4636006.453365 1302453618.0
443308.237301 4636006.695318 1302453621.0
443336.375985 4636007.470713 1302453624.0
443366.004797 4636007.790232 1302453627.0
443395.468523 4636008.222221 1302453630.0
443422.688216 4636008.228019 1302453633.0
443446.335295 4636007.707116 1302453637.0
443472.062201 4636007.835991 1302453644.0
443494.053175 4636007.772527 1302453647.0
443520.114644 4636008.232024 1302453650.0
443548.585210 4636009.005624 1302453653.0
443578.628018 4636009.211712 1302453656.0
443598.961992 4636009.494801 1302453658.0
443619.377187 4636009.555237 1302453660.0
443640.123427 4636009.502077 1302453662.0
443661.034752 4636009.336638 1302453664.0
443682.196777 4636009.391347 1302453666.0
443703.603357 4636008.889014 1302453668.0
443724.843976 4636008.388057 1302453670.0
443754.478875 4636009.486383 1302453673.0
443782.037474 4636010.379152 1302453676.0
443807.354691 4636011.178676 1302453679.0
443830.080214 4636009.555976 1302453682.0
443850.067359 4636007.954936 1302453690.0
443863.117897 4635989.642462 1302453695.0
443864.602522 4635967.423929 1302453698.0
443865.826836 4635943.764005 1302453701.0
443866.576890 4635923.105742 1302453704.0
443867.231718 4635900.893752 1302453708.0
