446302.757184 4635285.533732 1303046964.0
446303.500191 4635262.988356 1303046978.0
446294.123434 4635241.185462 1303046982.0
446268.185304 4635235.385241 1303046986.0
446242.618467 4635234.800881 1303046989.0
446213.980987 4635234.239795 1303046992.0
446185.426491 4635233.678197 1303046995.0
446158.783280 4635233.435369 1303046998.0
446132.635489 4635232.855794 1303047001.0
446104.412937 4635232.292010 1303047004.0
446084.325101 4635231.888838 1303047006.0
446063.656330 4635231.490120 1303047008.0
446043.401667 4635230.977293 1303047010.0
446014.765825 4635230.639061 1303047013.0
445989.618095 4635230.607600 1303047016.0
445972.878004 4635244.835779 1303047020.0
445973.531711 4635265.372012 1303047023.0
445973.301156 4635289.690090 1303047026.0
445972.767277 4635317.785607 1303047029.0
445972.077531 4635347.214709 1303047032.0
445971.483882 4635367.427305 1303047034.0
445971.056214 4635387.638642 1303047036.0
445970.948247 4635417.174369 1303047039.0
445970.323833 4635444.271278 1303047042.0
445968.515706 4635468.490294 1303047045.0
445957.229364 4635490.449508 1303047049.0
445930.540341 4635494.982338 1303047053.0
445905.629010 4635493.172858 1303047056.0
445878.403301 4635492.602417 1303047059.0
445849.186737 4635492.158247 1303047062.0
445829.019996 4635492.200541 1303047064.0
445808.190202 4635492.358969 1303047066.0
445787.687287 4635491.848769 1303047068.0
445758.382648 4635490.739440 1303047071.0
445732.400026 4635489.938024 1303047074.0
445708.660592 4635489.452708 1303047080.0
445684.590050 4635489.081028 1303047084.0
445660.188402 4635488.822990 1303047087.0
445632.383424 4635488.479974 1303047090.0
445603.413229 4635487.701830 1303047093.0
445575.277139 4635487.472599 1303047096.0
445549.136137 4635487.672364 1303047099.0
445526.817644 4635488.509196 1303047102.0
445508.735511 4635478.987563 1303047129.0
445483.606468 4635481.289466 1303047134.0
445459.955911 4635481.581533 1303047137.0
445432.648807 4635481.235485 1303047140.0
445403.681099 4635480.791234 1303047143.0
445383.431320 4635480.835424 1303047145.0
445362.768307 4635481.104909 1303047147.0
445341.855480 4635481.265337 1303047149.0
445320.775825 4635481.316073 1303047151.0
445299.942575 4635481.031878 1303047153.0
445279.276150 4635480.857497 1303047155.0
445258.111798 4635480.687001 1303047157.0
445236.699335 4635480.629510 1303047159.0
445215.700955 4635480.457865 1303047161.0
445195.115800 4635480.061035 1303047163.0
445166.065069 4635479.618388 1303047166.0
445139.758048 4635479.820933 1303047169.0
445113.779555 4635479.576908 1303047172.0
445086.068592 4635480.678738 1303047175.0
445056.266680 4635479.687161 1303047178.0
445035.760211 4635478.735016 1303047180.0
445014.759238 4635478.230881 1303047182.0
444994.253615 4635477.389882 1303047184.0
444964.953883 4635476.949978 1303047187.0
444937.313896 4635476.497365 1303047190.0
444914.403333 4635475.897253 1303047193.0
444893.580337 4635476.946572 1303047199.0
444867.271578 4635476.928068 1303047203.0
444841.959527 4635477.012978 1303047206.0
444815.070712 4635477.110192 1303047209.0
444789.009190 4635476.867995 1303047212.0
444764.609136 4635476.835077 1303047215.0
444743.769794 4635475.775318 1303047219.0
444726.667756 4635464.360475 1303047246.0
444703.934304 4635465.203104 1303047250.0
444682.613371 4635466.256905 1303047253.0
444657.630635 4635466.006810 1303047256.0
444629.323212 4635465.116441 1303047259.0
444601.849111 4635464.663839 1303047262.0
444574.630013 4635464.986596 1303047265.0
444548.329831 4635466.079541 1303047268.0
444527.166245 4635466.022244 1303047271.0
444506.834264 4635466.180599 1303047275.0
444481.946613 4635467.484854 1303047282.0
444459.198470 4635466.440803 1303047285.0
444431.371615 4635463.326794 1303047288.0
444410.869316 4635462.931582 1303047290.0
444390.538190 4635463.201297 1303047292.0
444361.926501 4635465.867450 1303047295.0
444335.201860 4635465.743124 1303047298.0
444311.714604 4635465.704624 1303047301.0
444290.204291 4635463.763164 1303047307.0
444269.658549 4635457.817000 1303047314.0
444249.682817 4635461.082253 1303047316.0
444228.462287 4635464.357307 1303047318.0
444200.838678 4635466.017067 1303047321.0
444172.874428 4635466.569264 1303047324.0
444149.984617 4635468.636261 1303047327.0
444128.611237 4635473.578322 1303047333.0
444105.019227 4635470.765476 1303047337.0
444079.449438 4635469.744776 1303047340.0
444050.315528 4635469.307330 1303047343.0
444029.819312 4635469.690405 1303047345.0
444008.406742 4635469.636605 1303047347.0
443986.332888 4635469.921171 1303047349.0
443964.672227 4635469.980487 1303047351.0
443942.841220 4635469.486040 1303047353.0
443920.762995 4635469.215673 1303047355.0
443898.513545 4635468.280519 1303047357.0
443876.181975 4635467.457115 1303047359.0
443853.188246 4635466.861068 1303047361.0
443829.944674 4635466.156031 1303047363.0
443806.036318 4635465.345280 1303047365.0
443781.880744 4635464.758628 1303047367.0
443757.642177 4635464.172714 1303047369.0
443733.737309 4635463.806314 1303047371.0
443710.249131 4635463.658769 1303047373.0
443686.927805 4635463.621018 1303047375.0
443663.935793 4635463.247636 1303047377.0
443642.023498 4635462.976820 1303047379.0
443621.188284 4635462.475479 1303047381.0
443592.473618 4635462.591757 1303047384.0
443566.496670 4635462.575428 1303047387.0
443546.326229 4635462.180074 1303047393.0
443525.995969 4635462.563283 1303047404.0
443475.770711 4635460.740941 1303047410.0
443446.971279 4635460.636409 1303047413.0
443417.506178 4635460.315213 1303047416.0
443388.457776 4635460.212895 1303047419.0
443360.238367 4635459.993070 1303047422.0
443333.847337 4635460.091916 1303047425.0
443312.186616 4635460.153216 1303047428.0
443291.267482 4635459.542473 1303047432.0
443266.035625 4635459.299239 1303047439.0
443245.202123 4635459.021052 1303047442.0
443221.797764 4635458.985484 1303047445.0
443200.635847 4635459.154181 1303047448.0
443180.556315 4635459.758446 1303047453.0
443156.238200 4635459.619347 1303047458.0
443135.163702 4635460.342713 1303047461.0
443111.440688 4635461.975565 1303047465.0
443089.860289 4635461.703797 1303047480.0
443076.885715 4635479.017774 1303047487.0
443077.557527 4635500.775127 1303047490.0
443077.519714 4635527.201591 1303047493.0
443076.840190 4635556.409042 1303047496.0
443075.838962 4635576.514252 1303047498.0
443075.508730 4635597.502375 1303047500.0
443075.181163 4635618.823581 1303047502.0
443073.852446 4635639.486582 1303047504.0
443072.858343 4635660.480013 1303047506.0
443071.534080 4635681.698152 1303047508.0
443070.125955 4635702.805928 1303047510.0
443069.048892 4635723.800025 1303047512.0
443067.970949 4635744.683096 1303047514.0
443067.061645 4635765.897923 1303047516.0
443066.072914 4635787.557523 1303047518.0
443064.754030 4635809.441831 1303047520.0
443064.097249 4635831.098780 1303047522.0
443063.852729 4635852.419331 1303047524.0
443063.767078 4635872.850338 1303047526.0
443063.090342 4635902.390889 1303047529.0
443062.073697 4635930.934849 1303047532.0
443061.298910 4635958.588602 1303047535.0
443060.335978 4635983.468001 1303047538.0
443077.720420 4635998.873859 1303047543.0
443098.215110 4635998.488030 1303047546.0
443123.030166 4635998.733963 1303047549.0
443150.413219 4635998.404314 1303047552.0
443177.138619 4635998.857258 1303047555.0
443202.289134 4635999.544929 1303047558.0
443223.291448 4636000.376789 1303047561.0
443246.055833 4636003.637425 1303047580.0
443273.192572 4636003.643314 1303047584.0
443298.500179 4636003.219730 1303047587.0
443327.132351 4636003.435987 1303047590.0
443357.013657 4636004.197598 1303047593.0
443386.148121 4636004.965270 1303047596.0
443413.118882 4636004.973010 1303047599.0
443434.782351 4636005.467137 1303047602.0
443455.125163 4636006.860089 1303047608.0
443479.614397 4636007.887091 1303047612.0
443505.345702 4636008.571222 1303047615.0
443533.893970 4636008.677941 1303047618.0
443553.978125 4636008.851849 1303047620.0
443574.811750 4636009.352978 1303047622.0
443595.562390 4636009.854825 1303047624.0
443617.224942 4636010.238479 1303047626.0
443639.221174 4636010.841628 1303047628.0
443661.133542 4636011.334473 1303047630.0
443682.961168 4636011.605987 1303047632.0
443704.706687 4636011.989252 1303047634.0
443726.368344 4636012.262211 1303047636.0
443747.536494 4636013.094304 1303047638.0
443768.288855 4636013.818709 1303047640.0
443797.749874 4636013.919279 1303047643.0
443823.459214 4636011.828877 1303047646.0
443843.945115 4636010.334920 1303047650.0
443860.446011 4635998.102117 1303047657.0
443862.008356 4635975.216766 1303047660.0
443863.603818 4635946.002208 1303047663.0
443864.345115 4635924.233672 1303047665.0
443864.911703 4635901.356172 1303047667.0
443865.306206 4635877.702791 1303047669.0
443866.031771 4635853.935767 1303047671.0
443866.842951 4635830.501172 1303047673.0
443868.410617 4635808.281992 1303047675.0
443870.651791 4635787.278881 1303047677.0
443872.169615 4635758.731152 1303047680.0
443873.917286 4635738.287103 1303047683.0
443893.752255 4635727.804671 1303047687.0
443916.823750 4635727.845051 1303047690.0
443942.387405 4635728.198995 1303047693.0
443969.445654 4635728.652308 1303047696.0
443997.419348 4635729.431629 1303047699.0
444023.569989 4635730.558488 1303047702.0
444048.306392 4635731.252415 1303047705.0
444072.211200 4635731.730889 1303047709.0
444112.550443 4635732.524617 1303047717.0
444141.099764 4635732.633781 1303047720.0
444161.599575 4635732.806155 1303047722.0
444182.018140 4635733.201293 1303047724.0
444210.984114 4635733.529540 1303047727.0
444236.962639 4635733.881291 1303047730.0
444258.710684 4635734.488309 1303047734.0
444285.186239 4635734.725312 1303047754.0
444309.507663 4635735.423391 1303047757.0
444337.566857 4635736.536480 1303047760.0
444366.285581 4635737.089358 1303047763.0
444394.503791 4635737.313157 1303047766.0
444421.722717 4635737.100729 1303047769.0
444444.781160 4635735.477411 1303047772.0
444466.351949 4635734.643003 1303047777.0
444475.744585 4635715.249875 1303047782.0
444476.148065 4635692.484772 1303047785.0
444477.345055 4635665.050059 1303047788.0
444478.609466 4635635.616211 1303047791.0
444479.529054 4635615.178801 1303047793.0
444479.949866 4635594.634245 1303047795.0
444480.469160 4635565.428276 1303047798.0
444481.169145 4635538.108478 1303047801.0
444481.720469 4635513.010517 1303047804.0
444482.700581 4635489.685758 1303047808.0
444495.602439 4635473.263238 1303047814.0
444517.418665 4635471.871918 1303047817.0
444543.730923 4635472.333238 1303047820.0
444571.955347 4635473.223913 1303047823.0
444600.093320 4635473.671236 1303047826.0
444629.136384 4635473.112331 1303047829.0
444658.925477 4635472.436714 1303047832.0
444679.427722 4635472.832640 1303047834.0
444699.766574 4635473.562994 1303047836.0
444720.439957 4635474.623912 1303047838.0
444741.362294 4635475.682959 1303047840.0
444762.448017 4635476.407699 1303047842.0
444783.698849 4635477.020187 1303047844.0
444804.616005 4635477.413257 1303047846.0
444833.584666 4635477.966099 1303047849.0
444859.562333 4635478.098075 1303047852.0
444880.150106 4635478.827017 1303047857.0
444907.297318 4635479.949422 1303047862.0
444932.446814 4635480.310136 1303047865.0
444961.080921 4635480.532981 1303047868.0
444981.247731 4635480.488231 1303047870.0
445001.422255 4635481.442782 1303047872.0
445030.143621 4635482.220400 1303047875.0
445056.205957 4635482.574507 1303047878.0
445078.944511 4635482.399164 1303047883.0
445100.189292 4635482.235406 1303047887.0
445123.679010 4635482.609587 1303047890.0
445151.150409 4635482.731119 1303047893.0
445181.109720 4635482.611544 1303047896.0
445202.023401 4635482.561671 1303047898.0
445223.518848 4635482.618420 1303047900.0
445245.597765 4635483.003850 1303047902.0
445267.674972 4635483.167295 1303047904.0
445290.087537 4635483.772367 1303047906.0
445312.250283 4635484.268393 1303047908.0
445334.245346 4635484.543708 1303047910.0
445356.154864 4635484.486646 1303047912.0
445377.483469 4635484.434106 1303047914.0
445398.236268 4635485.052244 1303047916.0
445428.040637 4635486.378332 1303047919.0
445455.525598 4635488.277472 1303047922.0
445478.187083 4635488.881229 1303047925.0
445499.293890 4635492.383827 1303047929.0
445499.651836 4635517.474689 1303047934.0
445498.256018 4635541.135533 1303047937.0
445497.967917 4635568.563047 1303047940.0
445497.705891 4635588.551108 1303047942.0
445497.780060 4635609.091766 1303047944.0
445497.773792 4635629.966140 1303047946.0
445497.602405 4635650.952813 1303047948.0
445497.596990 4635671.938216 1303047950.0
445497.340074 4635692.592444 1303047952.0
445496.317878 4635721.691086 1303047955.0
445497.108605 4635749.110353 1303047958.0
445498.947537 4635772.524389 1303047961.0
445498.792301 4635795.620583 1303047967.0
445499.048587 4635818.269494 1303047971.0
445500.047474 4635840.357555 1303047974.0
445501.236958 4635865.664136 1303047977.0
445503.849034 4635892.514305 1303047980.0
445505.383171 4635919.483758 1303047983.0
445505.508305 4635946.686058 1303047986.0
445505.374302 4635972.557938 1303047989.0
445505.046307 4635994.767191 1303047992.0
