444367.038174 4635472.156462 1301954422.0
444344.204433 4635470.780345 1301954429.0
444323.463596 4635471.719656 1301954432.0
444300.735402 4635473.229735 1301954436.0
444280.801385 4635481.824205 1301954446.0
444278.428518 4635507.380576 1301954452.0
444278.880699 4635533.358987 1301954456.0
444278.306643 4635555.459237 1301954459.0
444278.552035 4635576.220670 1301954462.0
444278.479379 4635598.761136 1301954467.0
444280.807236 4635620.505587 1301954473.0
444279.658368 4635643.387574 1301954476.0
444279.590925 4635666.594205 1301954479.0
444278.625412 4635691.695440 1301954483.0
444278.168240 4635718.125108 1301954487.0
444276.053122 4635744.789815 1301954490.0
444274.048801 4635775.006745 1301954493.0
444273.640766 4635797.105706 1301954495.0
444273.569883 4635819.868234 1301954497.0
444273.498132 4635842.519736 1301954499.0
444273.425516 4635865.060211 1301954501.0
444272.769416 4635887.272150 1301954503.0
444272.775445 4635909.256841 1301954505.0
444272.856640 4635930.241639 1301954507.0
444272.920873 4635959.665157 1301954510.0
444274.038678 4635985.860447 1301954513.0
444277.701104 4636008.482739 1301954518.0
444302.706284 4636011.840247 1301954523.0
444324.191509 4636010.783995 1301954526.0
444349.072036 4636008.813005 1301954530.0
444369.147458 4636007.878938 1301954535.0
444392.114231 4636005.256843 1301954539.0
444419.886145 4636001.598018 1301954542.0
444443.110559 4636000.084418 1301954544.0
444468.381072 4636005.550083 1301954546.0
444492.814809 4636010.134085 1301954548.0
444516.574285 4636013.391016 1301954550.0
444541.137615 4636013.310747 1301954552.0
444571.166477 4636011.744585 1301954554.0
444600.305008 4636013.072357 1301954556.0
444626.768273 4636011.867266 1301954558.0
444652.820953 4636011.220634 1301954560.0
444678.470802 4636012.131701 1301954562.0
444704.372172 4636013.374009 1301954564.0
444730.353067 4636014.171659 1301954566.0
444757.247610 4636015.073350 1301954568.0
444784.805133 4636015.858970 1301954570.0
444812.776694 4636016.530454 1301954572.0
444840.575406 4636016.315115 1301954574.0
444867.873653 4636015.770657 1301954576.0
444893.842485 4636015.014522 1301954578.0
444918.565742 4636014.157079 1301954580.0
444941.217048 4636013.648841 1301954582.0
444962.208731 4636013.153499 1301954584.0
444990.926247 4636013.708885 1301954587.0
445015.244038 4636014.076282 1301954590.0
445041.222305 4636014.541983 1301954594.0
445062.137857 4636014.935794 1301954599.0
445084.298980 4636015.431096 1301954611.0
445108.200992 4636015.690983 1301954614.0
445136.749949 4636015.915153 1301954617.0
445157.499524 4636016.310522 1301954619.0
445179.741048 4636016.472401 1301954621.0
445202.814944 4636016.961046 1301954623.0
445225.390949 4636017.453595 1301954625.0
445257.924690 4636017.869675 1301954628.0
445280.166201 4636018.031867 1301954630.0
445303.074118 4636018.522112 1301954632.0
445326.729712 4636019.117725 1301954634.0
445349.884007 4636019.273128 1301954636.0
445371.958693 4636019.325853 1301954638.0
445393.121437 4636019.496671 1301954640.0
445421.175866 4636020.169908 1301954643.0
445441.594325 4636020.679675 1301954646.0
445461.680855 4636021.192042 1301954653.0
445485.908788 4636020.673463 1301954680.0
445510.726085 4636021.260796 1301954683.0
445540.189469 4636021.701654 1301954686.0
445562.680739 4636021.973852 1301954688.0
445586.501399 4636022.458032 1301954690.0
445611.067189 4636022.714534 1301954692.0
445635.882766 4636023.080247 1301954694.0
445661.195379 4636023.331222 1301954696.0
445686.675644 4636023.803075 1301954698.0
445712.157596 4636024.497074 1301954700.0
445737.637850 4636024.969109 1301954702.0
445762.787866 4636025.665818 1301954704.0
445788.019166 4636026.139929 1301954706.0
445813.415579 4636026.501840 1301954708.0
445839.309029 4636026.749028 1301954710.0
445864.624141 4636027.333807 1301954712.0
445889.356693 4636027.701035 1301954714.0
445914.587127 4636028.064567 1301954716.0
445940.649051 4636028.643945 1301954718.0
445966.793951 4636029.222789 1301954720.0
445992.274156 4636029.695735 1301954722.0
446016.757743 4636030.065292 1301954724.0
446038.669758 4636030.565449 1301954726.0
446063.067833 4636030.602713 1301954729.0
446084.968075 4636029.548631 1301954732.0
446109.941977 4636028.915495 1301954735.0
446137.740593 4636028.705219 1301954738.0
446167.368985 4636029.036389 1301954741.0
446196.413151 4636028.927961 1301954744.0
446223.526960 4636025.947354 1301954747.0
446244.166595 4636022.793644 1301954750.0
