445979.660106 4635230.794134 1301855475.0
445966.933874 4635248.989097 1301855503.0
445968.016020 4635271.298616 1301855506.0
445966.651421 4635299.289400 1301855509.0
445965.984054 4635320.723923 1301855511.0
445966.158371 4635343.706531 1301855513.0
445965.586634 4635366.805831 1301855515.0
445965.101258 4635390.348612 1301855517.0
445965.197647 4635413.998014 1301855519.0
445965.287300 4635436.759201 1301855521.0
445964.861343 4635457.192595 1301855523.0
445963.553690 4635481.740919 1301855526.0
445945.475506 4635494.535893 1301855530.0
445922.075648 4635495.046591 1301855533.0
445894.178462 4635493.481886 1301855536.0
445872.428221 4635492.647815 1301855538.0
445850.182583 4635492.150677 1301855540.0
445827.605836 4635491.767161 1301855542.0
445806.681229 4635490.371844 1301855544.0
445778.543480 4635489.919757 1301855547.0
445754.724446 4635489.879027 1301855550.0
445733.890414 4635489.482536 1301855553.0
445713.474699 4635489.527053 1301855559.0
445686.340401 4635490.066985 1301855565.0
445660.626205 4635491.817557 1301855568.0
445632.004924 4635493.257307 1301855571.0
445601.955914 4635492.487403 1301855574.0
445581.878089 4635493.306953 1301855576.0
445557.240211 4635494.716575 1301855579.0
445538.970486 4635504.072016 1301855600.0
445516.276789 4635499.249035 1301855617.0
445494.862698 4635498.968714 1301855620.0
445465.475035 4635497.861225 1301855623.0
445421.152213 4635497.201370 1301855627.0
445397.334883 4635497.383889 1301855629.0
445371.692685 4635497.691516 1301855631.0
445346.456053 4635496.774753 1301855633.0
445321.042361 4635494.416001 1301855635.0
445296.307042 4635493.939702 1301855637.0
445271.155077 4635493.244623 1301855639.0
445247.081086 4635492.430313 1301855641.0
445224.834516 4635491.824101 1301855643.0
445202.994338 4635490.104494 1301855645.0
445182.403230 4635488.930511 1301855647.0
445153.765760 4635488.262668 1301855650.0
445131.930680 4635487.209442 1301855653.0
445109.092901 4635485.275739 1301855657.0
445088.345198 4635485.324606 1301855660.0
445062.705519 4635485.966426 1301855663.0
445034.164712 4635487.074858 1301855666.0
445006.547915 4635489.619710 1301855669.0
444979.684882 4635493.047117 1301855672.0
444955.376463 4635494.123177 1301855675.0
444933.879319 4635493.845184 1301855678.0
444913.710827 4635493.668014 1301855684.0
444889.730930 4635494.297623 1301855688.0
444867.582770 4635495.690372 1301855691.0
444844.034151 4635498.426439 1301855694.0
444821.317140 4635501.378211 1301855697.0
444795.849524 4635502.796897 1301855700.0
444767.865614 4635500.793134 1301855703.0
444740.721033 4635500.004343 1301855706.0
444712.818357 4635497.778099 1301855709.0
444682.506443 4635495.237570 1301855712.0
444661.000653 4635493.850127 1301855714.0
444638.925158 4635493.910618 1301855716.0
444615.442330 4635494.426253 1301855718.0
444593.966744 4635496.924964 1301855720.0
444573.149887 4635498.752411 1301855722.0
444546.670891 4635498.181247 1301855725.0
444527.030554 4635491.227993 1301855729.0
444505.414913 4635486.399825 1301855735.0
444476.925990 4635483.512865 1301855739.0
444447.206948 4635482.523189 1301855742.0
444426.650301 4635485.792476 1301855744.0
444405.664005 4635487.177598 1301855746.0
444384.165056 4635486.679208 1301855748.0
444355.866334 4635486.900198 1301855751.0
444332.868398 4635485.747468 1301855754.0
444308.544389 4635484.827247 1301855758.0
444286.662239 4635477.781143 1301855764.0
444271.692422 4635452.582493 1301855767.0
444262.152347 4635431.893781 1301855769.0
444249.297028 4635411.786195 1301855771.0
444221.842666 4635413.888681 1301855774.0
444201.078193 4635411.830613 1301855776.0
444171.624291 4635412.949649 1301855779.0
444149.596397 4635419.118147 1301855782.0
444134.387231 4635437.558010 1301855785.0
444112.326345 4635439.507592 1301855789.0
444082.885637 4635442.292404 1301855792.0
444059.576470 4635443.807812 1301855794.0
444034.383010 4635448.447052 1301855796.0
444010.995246 4635450.518407 1301855798.0
443988.279254 4635453.583864 1301855800.0
443964.022318 4635461.213910 1301855802.0
443940.050203 4635462.845960 1301855804.0
443916.146225 4635462.589975 1301855806.0
443891.337249 4635463.340505 1301855808.0
443866.185827 4635462.761411 1301855810.0
443840.952286 4635462.294087 1301855812.0
443815.714363 4635461.271717 1301855814.0
443791.890728 4635460.682413 1301855816.0
443768.820113 4635460.864483 1301855818.0
443745.248940 4635460.717479 1301855820.0
443721.676011 4635460.348498 1301855822.0
443698.930324 4635459.639954 1301855824.0
443677.176974 4635458.479501 1301855826.0
443654.167382 4635455.885607 1301855828.0
443631.584132 4635454.731857 1301855830.0
443608.925795 4635454.578080 1301855832.0
443587.016985 4635454.751542 1301855834.0
443566.021042 4635454.917840 1301855836.0
443538.393985 4635456.136061 1301855839.0
443517.895092 4635456.187526 1301855852.0
443497.570099 4635457.236979 1301855860.0
443474.258429 4635458.421223 1301855863.0
443445.642592 4635460.535923 1301855866.0
443425.224932 4635460.364943 1301855868.0
443404.726046 4635460.416734 1301855870.0
443384.228924 4635460.690639 1301855872.0
443363.979883 4635460.851597 1301855874.0
443335.009167 4635460.082674 1301855877.0
443310.269943 4635459.169160 1301855880.0
443289.600653 4635458.667468 1301855896.0
443269.431939 4635458.494952 1301855902.0
443248.428922 4635457.773968 1301855905.0
443221.629133 4635458.653725 1301855908.0
443197.845243 4635463.062631 1301855911.0
443175.773128 4635463.571763 1301855918.0
443153.008760 4635460.533391 1301855922.0
443127.873176 4635461.955393 1301855926.0
443103.162295 4635464.595468 1301855930.0
443085.480953 4635474.507727 1301855937.0
443080.853073 4635497.750869 1301855941.0
443077.318253 4635522.761829 1301855944.0
443074.310660 4635551.432712 1301855947.0
443073.394199 4635571.759314 1301855949.0
443074.140135 4635592.405734 1301855951.0
443073.805473 4635612.838722 1301855953.0
443073.635013 4635633.048329 1301855955.0
443072.886316 4635653.595661 1301855957.0
443072.473117 4635674.584451 1301855959.0
443071.815403 4635696.130366 1301855961.0
443070.905190 4635717.234164 1301855963.0
443069.919098 4635739.226843 1301855965.0
443069.120281 4635763.882851 1301855967.0
443071.235675 4635789.736946 1301855969.0
443071.179280 4635813.831850 1301855971.0
443072.020622 4635836.031996 1301855973.0
443072.931633 4635856.566071 1301855975.0
443073.344741 4635877.104125 1301855977.0
443074.076011 4635906.300318 1301855980.0
443072.450938 4635931.407074 1301855983.0
443069.543875 4635951.860633 1301855989.0
443068.214374 4635972.412620 1301856004.0
443078.894161 4635989.981729 1301856011.0
443102.209369 4635989.462336 1301856015.0
443127.191306 4635989.817987 1301856018.0
443157.148599 4635989.689878 1301856021.0
443179.552781 4635989.400079 1301856023.0
443204.029737 4635988.871752 1301856025.0
443229.928004 4635989.664593 1301856027.0
443257.493858 4635991.443552 1301856029.0
443283.635746 4635991.568441 1301856031.0
443310.606565 4635991.575794 1301856033.0
443336.156978 4635990.373171 1301856035.0
443361.290723 4635988.951886 1301856037.0
443385.191223 4635988.983937 1301856039.0
443407.354398 4635989.696078 1301856041.0
443431.430556 4635990.948266 1301856044.0
443456.199644 4635995.859166 1301856050.0
443478.872130 4635998.010931 1301856053.0
443507.189110 4636000.340065 1301856056.0
443528.265549 4636000.061893 1301856058.0
443550.250385 4635999.221412 1301856060.0
443571.748771 4635999.828299 1301856062.0
443592.502077 4636000.663219 1301856064.0
443613.834489 4636001.271547 1301856066.0
443635.742496 4636001.209178 1301856068.0
443658.236642 4636001.808445 1301856070.0
443681.063588 4636002.516186 1301856072.0
443703.969999 4636002.779235 1301856074.0
443727.124474 4636002.929364 1301856076.0
443749.540005 4636004.084711 1301856078.0
443770.706422 4636004.694819 1301856080.0
443799.012747 4636005.692785 1301856083.0
443821.741789 4636004.514168 1301856086.0
443842.059997 4636002.799460 1301856092.0
443857.214822 4635988.245546 1301856117.0
443858.296772 4635967.584664 1301856120.0
443859.217861 4635937.043011 1301856123.0
443860.015876 4635911.943003 1301856125.0
443861.058472 4635886.285897 1301856127.0
443862.275795 4635861.737758 1301856129.0
443863.249429 4635837.857745 1301856131.0
443864.471147 4635813.864744 1301856133.0
443866.107795 4635789.868474 1301856135.0
443867.836190 4635766.981824 1301856137.0
443869.172423 4635746.985153 1301856139.0
443873.738944 4635726.185790 1301856142.0
443893.998491 4635716.921389 1301856146.0
443914.514976 4635719.202570 1301856149.0
443935.587871 4635718.370475 1301856152.0
443956.217893 4635713.988836 1301856159.0
443976.276651 4635710.833126 1301856180.0
443997.816873 4635716.659585 1301856185.0
444024.262757 4635723.668932 1301856189.0
444046.693054 4635726.601657 1301856192.0
444072.444462 4635729.730445 1301856198.0
444098.304099 4635736.078463 1301856203.0
444125.522171 4635735.753875 1301856206.0
444146.671921 4635734.144564 1301856208.0
444167.160414 4635732.873600 1301856210.0
444196.625170 4635733.308913 1301856213.0
444223.354036 4635734.098872 1301856216.0
444244.593745 4635733.377419 1301856219.0
444264.457924 4635726.559922 1301856227.0
444290.345668 4635725.913273 1301856239.0
444311.694430 4635728.522187 1301856242.0
444337.298816 4635734.095827 1301856246.0
444357.805547 4635735.156983 1301856250.0
444379.313286 4635736.876586 1301856259.0
444400.182926 4635731.272992 1301856266.0
444419.692286 4635742.779304 1301856273.0
444441.073701 4635738.948380 1301856280.0
444447.305916 4635718.691593 1301856284.0
444450.214440 4635697.905561 1301856287.0
444451.822792 4635670.023498 1301856290.0
444454.723560 4635648.238226 1301856292.0
444457.448854 4635625.232950 1301856294.0
444459.180931 4635602.568523 1301856296.0
444460.344235 4635581.463007 1301856298.0
444462.508580 4635561.015890 1301856300.0
444466.540956 4635535.335618 1301856303.0
444473.343961 4635513.742008 1301856308.0
444484.055202 4635493.117252 1301856315.0
444504.983542 4635484.293541 1301856319.0
444526.613875 4635480.349917 1301856322.0
444554.412963 4635479.911427 1301856325.0
444582.849177 4635476.026040 1301856328.0
444608.908133 4635475.934402 1301856331.0
444633.712782 4635474.631235 1301856335.0
