445787.800992 4635234.139079 1302923091.0
445761.164506 4635234.785954 1302923101.0
445740.416948 4635234.943941 1302923103.0
445716.265098 4635234.905860 1302923105.0
445690.949690 4635234.654664 1302923107.0
445663.228408 4635234.532940 1302923109.0
445635.923770 4635234.630212 1302923111.0
445608.781720 4635234.282213 1302923113.0
445583.130098 4635233.478799 1302923115.0
445558.725868 4635232.999046 1302923117.0
445537.810621 4635232.936837 1302923119.0
445517.726124 4635232.979370 1302923122.0
445497.015927 4635238.023258 1302923134.0
445490.052917 4635260.838417 1302923139.0
445490.778525 4635290.589868 1302923142.0
445491.289729 4635314.014046 1302923144.0
445492.055846 4635338.213510 1302923146.0
445491.991222 4635362.308297 1302923148.0
445491.919804 4635385.514869 1302923150.0
445492.264179 4635408.829293 1302923152.0
445492.853271 4635431.586677 1302923154.0
445493.350877 4635453.234427 1302923156.0
445493.924674 4635473.993324 1302923158.0
445494.667841 4635495.195062 1302923160.0
445495.071412 4635515.400095 1302923162.0
445494.399552 4635536.057492 1302923164.0
445493.653207 4635557.825797 1302923166.0
445494.156758 4635580.250740 1302923168.0
445494.914364 4635603.339942 1302923170.0
445494.916599 4635625.324588 1302923172.0
445494.412428 4635646.202774 1302923174.0
445494.388604 4635675.626876 1302923177.0
445493.857529 4635703.833491 1302923180.0
445493.903104 4635731.480527 1302923183.0
445493.788660 4635759.906024 1302923186.0
445494.807957 4635784.658735 1302923189.0
445497.121005 4635804.960200 1302923196.0
445498.687190 4635825.267381 1302923200.0
445499.289852 4635849.801216 1302923203.0
445500.497178 4635877.439368 1302923206.0
445502.040675 4635905.630118 1302923209.0
445502.839022 4635934.048638 1302923212.0
445503.532297 4635959.581087 1302923215.0
445503.445605 4635980.789190 1302923218.0
445503.039733 4636003.665241 1302923222.0
445508.251093 4636023.167304 1302923232.0
445534.752621 4636026.961812 1302923237.0
445560.724835 4636026.652217 1302923240.0
445589.017125 4636025.880857 1302923243.0
445617.560058 4636025.329764 1302923246.0
445645.940421 4636025.224160 1302923249.0
445676.476596 4636024.880160 1302923252.0
445697.475031 4636025.275202 1302923254.0
445718.884137 4636025.112009 1302923256.0
445741.123899 4636025.053586 1302923258.0
445763.526240 4636024.549859 1302923260.0
445785.680486 4636024.159125 1302923262.0
445806.089596 4636023.448637 1302923264.0
445834.882328 4636023.007548 1302923267.0
445860.522626 4636022.701570 1302923270.0
445882.418655 4636021.091730 1302923275.0
445902.678683 4636022.603325 1302923284.0
445922.713361 4636027.225629 1302923288.0
445947.461074 4636029.591547 1302923291.0
445968.617848 4636028.986885 1302923293.0
445990.352965 4636028.044799 1302923295.0
446011.257436 4636026.998042 1302923297.0
446041.122176 4636025.661392 1302923300.0
446061.365333 4636024.952893 1302923302.0
446100.195398 4636023.992736 1302923306.0
446128.492759 4636023.889683 1302923309.0
446157.786730 4636023.890243 1302923312.0
446187.663244 4636024.108588 1302923315.0
446208.893800 4636022.282713 1302923317.0
446230.363251 4636019.122696 1302923319.0
446250.504184 4636015.861736 1302923321.0
446274.123642 4636011.686326 1302923324.0
446293.504489 4635995.662368 1302923328.0
446298.282462 4635968.978300 1302923332.0
446302.290199 4635939.191107 1302923335.0
446304.351594 4635915.414399 1302923337.0
446305.485132 4635889.646084 1302923339.0
446306.873488 4635864.653084 1302923341.0
446307.436209 4635840.221476 1302923343.0
446307.509405 4635816.903895 1302923345.0
446306.758625 4635794.369759 1302923347.0
446304.696001 4635773.955150 1302923349.0
446300.798509 4635752.333005 1302923352.0
446300.126505 4635729.243111 1302923357.0
446302.778908 4635706.794357 1302923360.0
446305.971215 4635678.900897 1302923363.0
446307.387249 4635657.571801 1302923365.0
446307.976785 4635636.693070 1302923367.0
446307.408710 4635616.378232 1302923369.0
446306.507853 4635595.954870 1302923371.0
446304.219792 4635567.658592 1302923374.0
446301.397678 4635545.584213 1302923377.0
446296.760720 4635524.966951 1302923382.0
446300.329410 4635502.955431 1302923405.0
446301.936689 4635473.963593 1302923408.0
446302.511173 4635451.086380 1302923410.0
446302.575182 4635426.547514 1302923412.0
446302.557879 4635402.231329 1302923414.0
446302.455916 4635377.693716 1302923416.0
446301.610403 4635353.605843 1302923418.0
446300.129428 4635333.297895 1302923420.0
446296.717932 4635310.117633 1302923423.0
