444676.020286 4635205.045517 1302874647.0
444701.998961 4635205.176928 1302874660.0
444729.307207 4635205.520186 1302874663.0
444750.555406 4635205.688475 1302874665.0
444773.714972 4635206.175111 1302874667.0
444798.203243 4635206.762561 1302874669.0
444823.685677 4635207.120328 1302874671.0
444849.914164 4635207.361377 1302874673.0
444876.475469 4635207.710981 1302874675.0
444903.784544 4635208.165935 1302874677.0
444931.756680 4635208.504835 1302874679.0
444960.227613 4635208.951024 1302874681.0
444989.030503 4635209.394764 1302874683.0
445017.915522 4635209.726953 1302874685.0
445047.135067 4635210.389779 1302874687.0
445076.270758 4635210.942338 1302874689.0
445105.655415 4635211.493098 1302874691.0
445135.037499 4635211.710897 1302874693.0
445164.752397 4635212.037290 1302874695.0
445194.553696 4635212.807277 1302874697.0
445224.102601 4635213.135194 1302874699.0
445252.822449 4635213.580638 1302874701.0
445281.294173 4635214.139137 1302874703.0
445309.101113 4635214.591819 1302874705.0
445337.157020 4635215.042700 1302874707.0
445365.546586 4635215.713200 1302874709.0
445394.099573 4635216.049459 1302874711.0
445422.902377 4635216.494952 1302874713.0
445451.872006 4635217.050318 1302874715.0
445480.759488 4635217.717464 1302874717.0
445509.812095 4635218.272430 1302874719.0
445538.864695 4635218.827515 1302874721.0
445567.582781 4635219.052174 1302874723.0
445595.721627 4635219.503438 1302874725.0
445622.696906 4635219.741628 1302874727.0
445648.015762 4635220.436690 1302874729.0
445675.241697 4635220.895233 1302874732.0
445701.636877 4635221.249179 1302874736.0
445725.043552 4635221.514955 1302874739.0
445754.340851 4635221.513886 1302874742.0
445776.752481 4635221.898442 1302874744.0
445800.827294 4635222.714549 1302874746.0
445825.812461 4635223.190715 1302874748.0
445850.962760 4635223.554679 1302874750.0
445876.528006 4635223.915580 1302874752.0
445902.176239 4635224.275942 1302874754.0
445927.494191 4635224.860970 1302874756.0
445953.556524 4635225.107341 1302874758.0
445979.869508 4635225.573974 1302874760.0
446005.601555 4635226.045106 1302874762.0
446028.428937 4635226.538336 1302874764.0
446052.083694 4635226.692273 1302874768.0
446076.070411 4635226.843776 1302874778.0
446100.391606 4635227.325929 1302874781.0
446130.605946 4635227.874636 1302874784.0
446153.015837 4635228.038321 1302874786.0
446176.338619 4635228.195180 1302874788.0
446199.495418 4635228.353368 1302874790.0
446221.661360 4635229.185312 1302874792.0
446242.339336 4635230.805785 1302874794.0
446270.072307 4635232.484141 1302874797.0
446293.313749 4635232.864063 1302874801.0
446312.980594 4635243.486066 1302874821.0
446317.875840 4635265.322752 1302874824.0
446317.598770 4635294.637652 1302874827.0
446317.351985 4635316.957221 1302874829.0
446317.360028 4635340.052104 1302874831.0
446317.774649 4635362.033591 1302874833.0
446318.425685 4635382.347796 1302874835.0
446318.937515 4635406.216119 1302874838.0
446319.352969 4635428.308635 1302874842.0
446319.360177 4635451.292495 1302874851.0
446319.311172 4635477.829849 1302874855.0
446318.832175 4635502.371843 1302874858.0
446318.147730 4635532.689124 1302874861.0
446317.656195 4635555.565713 1302874863.0
446317.006223 4635579.442798 1302874865.0
446316.361278 4635603.986047 1302874867.0
446315.639210 4635629.307112 1302874869.0
446315.669038 4635655.288712 1302874871.0
446315.285617 4635681.495495 1302874873.0
446314.816706 4635707.369823 1302874875.0
446314.590060 4635732.354058 1302874877.0
446314.606512 4635756.559228 1302874879.0
446314.117531 4635779.768907 1302874881.0
446313.630230 4635803.200642 1302874883.0
446313.313921 4635827.297289 1302874885.0
446312.746157 4635851.062733 1302874887.0
446311.756790 4635873.943087 1302874889.0
446310.181532 4635896.161658 1302874891.0
446308.758860 4635916.602543 1302874893.0
446307.618621 4635941.482641 1302874896.0
446307.439856 4635961.803119 1302874902.0
446307.468069 4635987.562679 1302874925.0
446308.052042 4636009.987044 1302874930.0
446327.310209 4636021.722480 1302874936.0
446351.548189 4636022.539173 1302874939.0
446380.769199 4636023.873601 1302874942.0
446401.687088 4636024.604426 1302874944.0
446423.765035 4636025.104519 1302874946.0
446445.674511 4636025.272846 1302874948.0
446466.589048 4636025.559753 1302874950.0
446496.136102 4636026.114968 1302874953.0
446526.265683 4636026.888000 1302874956.0
446547.352002 4636027.951088 1302874958.0
446568.350336 4636028.348697 1302874960.0
446589.098059 4636028.526181 1302874962.0
446617.732293 4636029.088746 1302874965.0
446648.939759 4636029.743184 1302874969.0
446671.761162 4636029.794342 1302874973.0
