445793.247091 4635229.989399 1303926236.0
445773.774969 4635223.253507 1303926241.0
445747.071649 4635215.129295 1303926244.0
445722.222819 4635210.766193 1303926246.0
445695.968195 4635207.080094 1303926248.0
445665.325201 4635204.759960 1303926250.0
445630.989972 4635208.019812 1303926252.0
445599.544180 4635209.259161 1303926254.0
445570.832843 4635209.922590 1303926256.0
445546.522554 4635210.885596 1303926258.0
445522.622129 4635211.179349 1303926261.0
445505.238516 4635227.967335 1303926277.0
445502.905927 4635248.526391 1303926280.0
445502.736186 4635269.735104 1303926282.0
445501.510515 4635293.949804 1303926284.0
445501.037703 4635318.935980 1303926286.0
445500.645338 4635343.588441 1303926288.0
445499.499284 4635367.358400 1303926290.0
445500.900556 4635431.192008 1303926307.0
445501.086572 4635455.506948 1303926310.0
445500.615486 4635480.715185 1303926313.0
445500.231639 4635506.477924 1303926317.0
445500.087414 4635531.017460 1303926320.0
445499.335104 4635552.008574 1303926322.0
445499.088363 4635573.995123 1303926324.0
445498.513929 4635596.539348 1303926326.0
445498.186758 4635618.859615 1303926328.0
445497.863838 4635641.735019 1303926330.0
445498.966113 4635666.487091 1303926332.0
445499.901563 4635691.129407 1303926334.0
445499.333091 4635714.450827 1303926336.0
445498.242932 4635734.667296 1303926338.0
445497.665977 4635756.878446 1303926341.0
445497.345626 4635780.086936 1303926346.0
445499.117709 4635805.611124 1303926350.0
445499.281666 4635827.039372 1303926352.0
445499.476207 4635852.464598 1303926354.0
445500.263521 4635879.439763 1303926356.0
445501.144858 4635907.857646 1303926358.0
445501.192122 4635935.726745 1303926360.0
445500.961560 4635959.822824 1303926362.0
445500.128891 4635981.147669 1303926364.0
445502.145628 4636006.114824 1303926367.0
445527.354338 4636014.471580 1303926371.0
445556.982012 4636014.689185 1303926374.0
445580.712930 4636014.285762 1303926376.0
445606.353265 4636013.978870 1303926378.0
445632.905545 4636013.554075 1303926380.0
445660.207199 4636013.456763 1303926382.0
445686.678193 4636013.254857 1303926384.0
445712.074663 4636013.616407 1303926386.0
445735.566791 4636014.547724 1303926388.0
445758.645698 4636015.704333 1303926390.0
445781.476498 4636016.973939 1303926392.0
445803.643439 4636018.248669 1303926394.0
445824.984783 4636020.084916 1303926396.0
445853.699612 4636020.310697 1303926399.0
445876.922500 4636018.579720 1303926402.0
445897.776055 4636021.752294 1303926423.0
445918.119900 4636023.374329 1303926426.0
445947.334278 4636023.818762 1303926429.0
445968.999905 4636024.653676 1303926431.0
445991.575790 4636025.148653 1303926433.0
446014.482754 4636025.530158 1303926435.0
446036.314326 4636026.364019 1303926437.0
446057.478681 4636026.758865 1303926439.0
446078.232330 4636027.712052 1303926441.0
446099.073994 4636029.330834 1303926443.0
446120.328873 4636030.724484 1303926445.0
446142.909758 4636031.886103 1303926447.0
446166.816651 4636032.815704 1303926449.0
446190.888658 4636033.633104 1303926451.0
446214.451874 4636033.010992 1303926453.0
446237.088056 4636030.508386 1303926455.0
446258.226407 4636027.461985 1303926457.0
446280.350498 4636023.075811 1303926460.0
446296.355887 4636010.630392 1303926472.0
446297.925207 4635987.634623 1303926475.0
446297.529038 4635957.103396 1303926478.0
446297.186443 4635933.677911 1303926480.0
446296.832966 4635908.809073 1303926482.0
446296.561633 4635883.828584 1303926484.0
446296.209830 4635859.181802 1303926486.0
446295.704616 4635836.201681 1303926488.0
446296.460057 4635815.321691 1303926490.0
446299.014359 4635790.875069 1303926493.0
446302.510799 4635770.307518 1303926519.0
446303.338376 4635747.983553 1303926525.0
446304.322721 4635724.437039 1303926528.0
446304.183916 4635695.014220 1303926531.0
446304.024061 4635673.808036 1303926533.0
446303.849978 4635650.714391 1303926535.0
446304.242568 4635625.728907 1303926537.0
446304.880773 4635600.297439 1303926539.0
446306.013554 4635574.418110 1303926541.0
446306.987067 4635549.428251 1303926543.0
446307.235467 4635527.330727 1303926545.0
446311.782459 4635502.980138 1303926548.0
446329.620667 4635491.298245 1303926551.0
446356.526907 4635493.538316 1303926554.0
446376.711172 4635495.829085 1303926556.0
446403.698694 4635497.846656 1303926559.0
446425.046419 4635500.350875 1303926569.0
446449.386668 4635503.498861 1303926574.0
446472.390760 4635505.546637 1303926577.0
446493.637934 4635505.720115 1303926580.0
446514.639479 4635506.339635 1303926586.0
446534.809484 4635506.743390 1303926589.0
446563.283179 4635507.751109 1303926592.0
446585.611668 4635508.249851 1303926594.0
446609.101969 4635508.739954 1303926596.0
446634.339151 4635509.772215 1303926598.0
446659.076739 4635510.586240 1303926600.0
446679.328041 4635510.767729 1303926602.0
446702.972748 4635520.805851 1303926606.0
446706.395295 4635545.651709 1303926609.0
446705.646081 4635567.530879 1303926611.0
446704.668682 4635592.187590 1303926613.0
446703.787568 4635618.620115 1303926615.0
446703.075757 4635645.495509 1303926617.0
446702.529094 4635672.258634 1303926619.0
446701.724344 4635697.802325 1303926621.0
446700.825818 4635721.903286 1303926623.0
446701.679937 4635747.323533 1303926626.0
446717.255348 4635765.971645 1303926632.0
446743.729716 4635766.106757 1303926635.0
446766.546149 4635765.381037 1303926637.0
446788.448104 4635764.440155 1303926639.0
446808.424850 4635761.293049 1303926642.0
446818.246982 4635743.010243 1303926663.0
446816.732719 4635718.039051 1303926666.0
446815.349600 4635688.403481 1303926669.0
446814.846892 4635665.534371 1303926671.0
446815.896865 4635639.433704 1303926673.0
446816.112846 4635612.784098 1303926675.0
446816.929627 4635588.794806 1303926677.0
446817.942229 4635568.801253 1303926679.0
446819.856913 4635547.357533 1303926682.0
446818.379102 4635527.271540 1303926690.0
446800.686421 4635514.079653 1303926701.0
446776.789521 4635514.702289 1303926704.0
446756.179735 4635510.970137 1303926707.0
446734.816402 4635506.355412 1303926717.0
446709.752678 4635506.320798 1303926721.0
446687.172745 4635505.490449 1303926724.0
446661.941379 4635505.235191 1303926727.0
446635.131592 4635504.769779 1303926730.0
446612.459502 4635502.718991 1303926734.0
