445502.183585 4636000.229747 1302632809.0
445518.636219 4636013.872059 1302632814.0
445543.454384 4636014.570533 1302632817.0
445567.678098 4636013.497097 1302632820.0
445589.091484 4636013.888650 1302632835.0
445612.338931 4636015.376599 1302632838.0
445642.971687 4636016.808256 1302632841.0
445665.881256 4636017.521722 1302632843.0
445689.708692 4636018.894465 1302632845.0
445713.867195 4636020.153730 1302632847.0
445738.024842 4636021.302050 1302632849.0
445762.511867 4636022.114843 1302632851.0
445786.500155 4636022.820482 1302632853.0
445809.656936 4636023.310461 1302632855.0
445831.987280 4636024.250935 1302632857.0
445859.784237 4636023.817519 1302632860.0
445880.066502 4636017.334460 1302632878.0
445902.297848 4636016.166267 1302632883.0
445924.944949 4636015.106022 1302632886.0
445949.505676 4636014.697528 1302632889.0
445975.839326 4636018.272881 1302632892.0
446004.560881 4636019.387488 1302632895.0
446032.777808 4636019.617766 1302632898.0
446057.931160 4636020.759625 1302632901.0
446079.257288 4636020.598143 1302632904.0
446100.398129 4636017.884356 1302632914.0
446121.926342 4636022.495916 1302632918.0
446147.730080 4636021.856635 1302632921.0
446177.427217 4636020.299758 1302632924.0
446199.316599 4636017.802675 1302632926.0
446220.708947 4636015.420446 1302632928.0
446247.816112 4636011.551715 1302632931.0
446269.696391 4635996.841231 1302632935.0
446272.427372 4635973.836693 1302632938.0
446272.531497 4635943.634793 1302632941.0
446273.347222 4635919.756437 1302632943.0
446273.748879 4635895.992239 1302632945.0
446274.894035 4635871.778299 1302632947.0
446275.869048 4635847.010477 1302632949.0
446276.946314 4635824.795655 1302632951.0
446279.518966 4635802.791622 1302632954.0
446280.732077 4635776.578573 1302632977.0
446283.417982 4635747.578582 1302632980.0
446286.875890 4635721.903775 1302632982.0
446290.326290 4635695.229728 1302632984.0
446292.797639 4635670.783734 1302632986.0
446295.281563 4635648.003149 1302632988.0
446298.062292 4635620.556925 1302632991.0
446297.312314 4635598.133824 1302633011.0
446295.941251 4635570.385801 1302633015.0
446296.584458 4635545.620497 1302633018.0
446298.838738 4635525.395419 1302633022.0
446318.766601 4635515.696347 1302633027.0
446343.622529 4635510.179480 1302633030.0
446369.899305 4635505.984405 1302633033.0
446392.704021 4635503.592088 1302633036.0
446414.607587 4635502.761091 1302633040.0
446442.496240 4635503.217562 1302633044.0
446468.553334 4635502.910672 1302633047.0
446492.868534 4635502.727993 1302633051.0
446519.257577 4635502.418795 1302633055.0
446542.991035 4635502.129622 1302633058.0
446566.648169 4635502.729368 1302633061.0
446593.634766 4635504.636630 1302633064.0
446621.860329 4635505.757476 1302633067.0
446647.092529 4635506.123620 1302633070.0
446667.841767 4635506.301347 1302633074.0
446688.080617 4635504.817455 1302633086.0
446700.982727 4635521.042807 1302633101.0
446701.164652 4635545.357743 1302633104.0
446700.827893 4635566.900727 1302633106.0
446700.758372 4635590.884447 1302633108.0
446699.787642 4635616.429377 1302633110.0
446698.483317 4635641.754737 1302633112.0
446697.583959 4635665.744669 1302633114.0
446697.324395 4635686.509847 1302633116.0
446697.859882 4635713.709011 1302633119.0
446698.344689 4635734.135520 1302633122.0
446708.782599 4635753.821359 1302633129.0
446731.628961 4635757.092505 1302633132.0
446761.663375 4635756.090728 1302633135.0
446788.634850 4635756.111259 1302633138.0
446808.790025 4635754.628323 1302633152.0
446810.283064 4635732.299474 1302633157.0
446808.367943 4635709.218844 1302633161.0
446805.121737 4635685.704021 1302633184.0
446792.996102 4635662.255519 1302633188.0
446792.841850 4635641.604474 1302633190.0
446792.118364 4635611.408817 1302633193.0
446792.878616 4635590.973010 1302633195.0
446794.096157 4635565.093156 1302633198.0
446797.341873 4635544.083620 1302633202.0
446799.092189 4635522.863189 1302633210.0
446782.902349 4635510.881488 1302633218.0
446757.345701 4635511.516589 1302633224.0
446732.111041 4635510.816974 1302633227.0
446704.556064 4635510.578940 1302633230.0
446680.656663 4635510.868817 1302633233.0
446660.719020 4635508.242243 1302633239.0
446639.805477 4635508.287834 1302633250.0
446618.385692 4635507.226946 1302633256.0
446598.049723 4635506.824199 1302633264.0
446575.567748 4635507.992069 1302633267.0
446552.827654 4635507.940581 1302633270.0
