446661.978874 4636374.626451 1303339943.0
446665.468404 4636397.362180 1303339947.0
446671.341779 4636417.082156 1303339952.0
446668.506787 4636437.422514 1303339961.0
446664.179909 4636457.996115 1303339967.0
446653.906257 4636482.278369 1303339971.0
446647.367398 4636506.643691 1303339975.0
446642.966804 4636528.439229 1303339978.0
446634.086430 4636550.379374 1303339982.0
446634.817849 4636570.470960 1303339984.0
446636.968981 4636591.773276 1303339986.0
446640.447686 4636613.065646 1303339988.0
446643.342228 4636633.918261 1303339990.0
446644.820595 4636665.107607 1303339992.0
446651.584278 4636692.926349 1303339993.0
446653.445028 4636719.782526 1303339995.0
446651.951930 4636742.000421 1303339999.0
446655.063077 4636769.624467 1303340003.0
446657.272323 4636798.698708 1303340006.0
446656.261263 4636818.803356 1303340007.0
446656.922318 4636851.664338 1303340009.0
446660.024259 4636878.067090 1303340012.0
446662.756040 4636899.365072 1303340016.0
446663.323919 4636919.790995 1303340022.0
446668.868350 4636939.957577 1303340029.0
446673.431246 4636962.019085 1303340038.0
446675.095164 4636984.768508 1303340043.0
446693.679706 4636995.621674 1303340047.0
446714.768945 4636997.462424 1303340050.0
446737.181531 4636998.738169 1303340053.0
446757.264319 4636999.143137 1303340061.0
446777.405176 4636996.216720 1303340081.0
446795.324114 4637006.853057 1303340098.0
446794.735873 4636983.651440 1303340112.0
446783.791315 4636962.525821 1303340116.0
446772.383813 4636979.377155 1303340126.0
446755.202478 4636989.720702 1303340140.0
446770.140277 4636967.846437 1303340142.0
446776.629318 4636947.922923 1303340147.0
446791.442815 4636931.601313 1303340155.0
446771.327499 4636937.969536 1303340165.0
446754.917703 4636951.638320 1303340169.0
446754.829031 4636973.068460 1303340177.0
446734.980043 4636959.559788 1303340180.0
446710.605010 4636951.081553 1303340182.0
446688.160679 4636945.586851 1303340184.0
446662.808194 4636939.558835 1303340187.0
446643.812766 4636929.263994 1303340190.0
446627.751792 4636911.952091 1303340193.0
446624.484634 4636885.661622 1303340196.0
446623.280914 4636857.912251 1303340199.0
446611.763741 4636826.909193 1303340201.0
446602.554700 4636793.890241 1303340203.0
446594.662607 4636770.521344 1303340205.0
446586.778792 4636748.262730 1303340209.0
446577.737475 4636726.567975 1303340214.0
446577.133531 4636701.367888 1303340218.0
446579.499134 4636673.813819 1303340221.0
446582.412571 4636652.917656 1303340223.0
446585.081270 4636632.578498 1303340225.0
446588.927145 4636603.236797 1303340228.0
446594.178625 4636573.218356 1303340231.0
446595.895250 4636536.564418 1303340234.0
446595.440668 4636509.142547 1303340236.0
446594.986919 4636481.831705 1303340238.0
446595.135647 4636457.403216 1303340240.0
446594.287832 4636432.871169 1303340242.0
446593.432520 4636407.339877 1303340244.0
446592.982928 4636380.584175 1303340246.0
446592.452024 4636354.051150 1303340248.0
446590.512168 4636327.750760 1303340250.0
446588.149917 4636300.454238 1303340252.0
446585.866465 4636272.601960 1303340254.0
446583.075134 4636243.421090 1303340256.0
446581.698586 4636214.784778 1303340258.0
446581.237298 4636186.474703 1303340260.0
446581.515328 4636157.159784 1303340262.0
446581.952662 4636126.955403 1303340264.0
446581.566030 4636097.534437 1303340266.0
446580.379572 4636072.116676 1303340268.0
446579.144270 4636051.251653 1303340270.0
446577.075822 4636029.948747 1303340273.0
446553.803685 4636025.126836 1303340278.0
446530.268771 4636029.522749 1303340281.0
446509.604862 4636029.455841 1303340283.0
446483.378728 4636029.097683 1303340285.0
446453.910492 4636027.986761 1303340287.0
446424.364275 4636027.542748 1303340289.0
446395.731678 4636027.203014 1303340291.0
446368.011030 4636026.745496 1303340293.0
446341.620582 4636026.611164 1303340295.0
446317.722906 4636026.902275 1303340297.0
446296.566114 4636027.505900 1303340299.0
446264.232028 4636031.524913 1303340302.0
446240.611803 4636035.589330 1303340304.0
446214.914569 4636039.336410 1303340306.0
446189.291952 4636041.972683 1303340308.0
446165.400201 4636043.041497 1303340310.0
446143.163033 4636043.431678 1303340312.0
446122.659223 4636042.587446 1303340314.0
446096.593174 4636041.452267 1303340317.0
446074.687084 4636041.729123 1303340322.0
446046.219624 4636041.278511 1303340326.0
446015.945935 4636043.395476 1303340329.0
445994.538577 4636043.779831 1303340331.0
445973.038974 4636042.943581 1303340333.0
445945.479238 4636041.820285 1303340336.0
