445984.571683 4635232.755495 1303512111.0
445963.744503 4635233.357569 1303512127.0
445928.969912 4635233.399347 1303512131.0
445906.890296 4635233.011792 1303512133.0
445884.228057 4635232.406664 1303512135.0
445860.903579 4635232.028708 1303512137.0
445836.501911 4635231.881084 1303512139.0
445811.267806 4635231.406775 1303512141.0
445785.784724 4635230.934450 1303512143.0
445760.136502 4635230.574507 1303512145.0
445733.820126 4635229.664578 1303512147.0
445706.595078 4635229.316838 1303512149.0
445679.874740 4635229.853623 1303512151.0
445653.809010 4635229.164145 1303512153.0
445628.823842 4635228.688583 1303512155.0
445604.836249 4635228.427558 1303512157.0
445582.593994 4635228.486384 1303512159.0
445554.621162 4635228.033903 1303512162.0
445532.122293 4635227.095545 1303512166.0
445507.221791 4635226.841829 1303512177.0
445483.566142 4635226.578673 1303512180.0
445463.064973 4635226.402482 1303512182.0
445439.823420 4635226.025268 1303512184.0
445414.423262 4635225.553635 1303512186.0
445386.866200 4635225.209661 1303512188.0
445357.400355 4635224.880433 1303512190.0
445326.941176 4635224.892050 1303512192.0
445297.141656 4635224.343565 1303512194.0
445268.171180 4635223.677801 1303512196.0
445241.275458 4635222.996208 1303512198.0
445216.124235 4635222.523368 1303512200.0
445192.879225 4635221.702851 1303512202.0
445172.294176 4635221.417107 1303512204.0
445146.810977 4635220.947067 1303512207.0
445125.395162 4635220.556821 1303512211.0
445100.828271 4635220.524022 1303512228.0
445079.001777 4635220.692249 1303512231.0
445048.790675 4635220.592110 1303512234.0
445024.968981 4635220.331757 1303512236.0
444999.237645 4635219.975193 1303512238.0
444973.007504 4635219.511540 1303512240.0
444946.109145 4635218.497979 1303512242.0
444919.215067 4635218.039655 1303512244.0
444892.569957 4635217.579507 1303512246.0
444866.670896 4635217.002651 1303512248.0
444842.182670 4635216.414966 1303512250.0
444818.609914 4635216.153376 1303512252.0
444786.904940 4635216.065917 1303512255.0
444760.679062 4635216.158181 1303512258.0
444735.945290 4635216.016900 1303512262.0
444714.703151 4635216.625845 1303512271.0
444688.232610 4635217.275444 1303512275.0
444658.439000 4635217.506819 1303512278.0
444635.036525 4635217.799682 1303512280.0
444609.975103 4635218.216554 1303512282.0
444584.999264 4635218.965949 1303512284.0
444561.020179 4635219.818710 1303512286.0
444538.367218 4635220.439160 1303512288.0
444518.284372 4635220.706564 1303512290.0
444496.625572 4635221.097337 1303512293.0
444482.485307 4635238.417762 1303512298.0
444483.022322 4635264.728602 1303512302.0
444482.743282 4635292.822345 1303512305.0
444482.407141 4635313.588299 1303512307.0
444482.162646 4635335.463877 1303512309.0
444482.251840 4635357.558924 1303512311.0
444481.761845 4635379.880553 1303512313.0
444481.181944 4635401.314612 1303512315.0
444480.493181 4635430.077758 1303512318.0
444479.905504 4635450.512575 1303512321.0
444476.159976 4635470.416835 1303512330.0
444454.722450 4635477.801161 1303512335.0
444434.892040 4635489.059202 1303512342.0
444411.653829 4635489.018432 1303512345.0
444387.502756 4635488.984864 1303512348.0
444363.853940 4635489.502624 1303512351.0
444343.024097 4635489.665336 1303512354.0
444320.384151 4635491.840868 1303512359.0
444298.216097 4635490.681764 1303512364.0
444273.817405 4635480.213325 1303512368.0
444250.759033 4635481.948216 1303512370.0
444228.187296 4635482.235929 1303512372.0
444206.193863 4635482.186083 1303512374.0
444175.921687 4635484.754957 1303512377.0
444153.370847 4635487.707560 1303512379.0
444131.508305 4635493.763789 1303512382.0
444113.393927 4635512.115454 1303512387.0
444103.656971 4635529.846257 1303512390.0
444086.217109 4635549.525111 1303512394.0
444078.244781 4635570.017952 1303512397.0
444068.281701 4635590.637469 1303512400.0
444064.739991 4635615.203801 1303512403.0
444063.685263 4635639.417504 1303512406.0
444067.922432 4635661.146906 1303512409.0
444074.465729 4635680.637523 1303512412.0
444085.387152 4635697.539995 1303512416.0
444105.202930 4635705.712030 1303512420.0
444124.211458 4635716.777335 1303512446.0
444147.341302 4635724.257286 1303512450.0
444174.748881 4635726.929320 1303512453.0
444196.342294 4635728.980802 1303512455.0
444219.013623 4635730.912874 1303512457.0
444243.091332 4635732.278839 1303512460.0
