444718.854610 4636029.583577 1303744275.0
444693.117539 4636028.117874 1303744284.0
444664.972279 4636026.448904 1303744287.0
444642.402273 4636026.735322 1303744289.0
444617.354058 4636028.484523 1303744291.0
444592.556524 4636030.453929 1303744293.0
444570.485281 4636030.847729 1303744295.0
444549.906834 4636031.118942 1303744297.0
444522.469496 4636035.107757 1303744300.0
444496.404794 4636034.200485 1303744303.0
444475.278269 4636028.036213 1303744308.0
444476.517576 4636006.041820 1303744313.0
444480.586924 4635985.135708 1303744317.0
444485.381500 4635961.448097 1303744320.0
444483.411283 4635932.261515 1303744322.0
444482.047028 4635906.290197 1303744325.0
444483.965826 4635886.289126 1303744330.0
444487.354968 4635863.278680 1303744333.0
444495.258109 4635844.452350 1303744335.0
444508.295025 4635824.142592 1303744337.0
444514.351869 4635802.665855 1303744339.0
444512.783735 4635782.469892 1303744341.0
444505.969424 4635759.983086 1303744345.0
444498.145415 4635735.727612 1303744352.0
444497.604986 4635708.972643 1303744355.0
444498.346533 4635686.982145 1303744357.0
444499.644761 4635661.878362 1303744359.0
444500.593758 4635634.556622 1303744361.0
444501.364682 4635605.681796 1303744363.0
444501.480375 4635577.922415 1303744365.0
444500.699652 4635552.279664 1303744367.0
444499.275791 4635529.306738 1303744369.0
444497.085142 4635503.786008 1303744372.0
444496.174760 4635482.807694 1303744380.0
444473.290025 4635474.880561 1303744385.0
444445.327540 4635475.653743 1303744388.0
444422.834442 4635475.385057 1303744390.0
444399.095661 4635475.015130 1303744392.0
444376.518702 4635474.636210 1303744394.0
444355.689683 4635474.909912 1303744396.0
444328.963340 4635474.563556 1303744399.0
444305.646428 4635475.078915 1303744403.0
444282.985603 4635474.589914 1303744411.0
444260.704963 4635469.656651 1303744414.0
444234.966619 4635468.303611 1303744416.0
444208.157249 4635467.958357 1303744418.0
444186.081653 4635468.020250 1303744420.0
444160.595728 4635467.109636 1303744423.0
444138.264199 4635466.285411 1303744426.0
444116.871658 4635468.784910 1303744431.0
444091.300121 4635467.542113 1303744449.0
444063.330647 4635467.428577 1303744452.0
444040.838360 4635467.272124 1303744454.0
444015.606603 4635467.026236 1303744456.0
443989.210396 4635466.456491 1303744458.0
443963.231741 4635466.216661 1303744460.0
443939.334767 4635466.848816 1303744462.0
443913.543064 4635469.272513 1303744465.0
443892.572533 4635472.657637 1303744482.0
443888.835649 4635493.450440 1303744486.0
443890.209106 4635520.309867 1303744489.0
443890.964917 4635542.510728 1303744491.0
443890.908350 4635566.938671 1303744493.0
443890.864904 4635593.032022 1303744495.0
443890.409154 4635619.461724 1303744497.0
443890.105388 4635644.113685 1303744499.0
443890.264557 4635664.320637 1303744501.0
443890.698919 4635687.856444 1303744504.0
443890.368049 4635709.066564 1303744521.0
443901.377229 4635726.523241 1303744526.0
443923.033617 4635726.019616 1303744529.0
443949.576495 4635724.256229 1303744532.0
443971.068669 4635723.976110 1303744535.0
443996.178942 4635729.996552 1303744559.0
444022.832724 4635731.785657 1303744562.0
444050.634323 4635731.789300 1303744565.0
444073.196555 4635730.390744 1303744569.0
444095.082718 4635727.443088 1303744575.0
444115.621108 4635721.952291 1303744586.0
444136.567222 4635726.118318 1303744613.0
444157.062700 4635725.735543 1303744616.0
444180.609472 4635722.886167 1303744619.0
444204.426957 4635722.810599 1303744623.0
444225.198349 4635725.867914 1303744627.0
444247.348308 4635724.806240 1303744630.0
444274.974394 4635723.590759 1303744633.0
444296.306673 4635724.090111 1303744635.0
444320.294458 4635724.568768 1303744637.0
444343.533641 4635724.831288 1303744639.0
444365.445066 4635725.104253 1303744641.0
444386.692611 4635725.382469 1303744643.0
444407.111173 4635725.778252 1303744645.0
444434.115833 4635730.008903 1303744648.0
444455.211240 4635732.065053 1303744651.0
444475.699778 4635730.794977 1303744660.0
444489.707892 4635749.894671 1303744669.0
444489.822182 4635775.209521 1303744672.0
444488.989042 4635796.090397 1303744674.0
444488.329662 4635817.969226 1303744676.0
444489.546107 4635846.273406 1303744679.0
444492.525874 4635866.569400 1303744683.0
444478.722332 4635884.331385 1303744691.0
444473.929451 4635908.241052 1303744694.0
444473.818232 4635936.555585 1303744697.0
444471.119864 4635963.002710 1303744700.0
444467.307265 4635984.906131 1303744704.0
444469.041460 4636005.100798 1303744715.0
444484.089749 4636019.306875 1303744735.0
444509.214034 4636016.668341 1303744740.0
444537.742298 4636014.225457 1303744743.0
444559.057254 4636012.616069 1303744745.0
444580.131050 4636012.007928 1303744747.0
444608.509795 4636011.676137 1303744750.0
444632.477585 4636009.713237 1303744753.0
444652.820953 4636011.220634 1303744756.0
