446278.934755 4635494.234067 1302818298.0
446298.581076 4635480.206760 1302818318.0
446298.883151 4635454.222663 1302818321.0
446298.636957 4635432.573004 1302818323.0
446298.532467 4635407.702309 1302818325.0
446298.328251 4635380.611699 1302818327.0
446298.290014 4635353.519838 1302818329.0
446298.342301 4635327.426597 1302818331.0
446297.921761 4635304.667923 1302818333.0
446298.151748 4635280.127811 1302818336.0
446297.750458 4635259.922761 1302818362.0
446287.306526 4635239.682387 1302818383.0
446264.884121 4635237.852874 1302818386.0
446234.007598 4635237.530663 1302818389.0
446209.604303 4635237.159707 1302818391.0
446182.296347 4635236.810777 1302818393.0
446153.906998 4635236.137024 1302818395.0
446126.428015 4635235.123400 1302818397.0
446100.030415 4635234.434801 1302818399.0
446075.210462 4635233.845391 1302818401.0
446052.549090 4635233.350755 1302818403.0
446026.562217 4635232.104150 1302818406.0
446003.981299 4635231.275958 1302818410.0
445981.153088 4635230.671780 1302818413.0
445951.018359 4635229.678969 1302818416.0
445926.285573 4635229.644583 1302818418.0
445899.478028 4635229.626038 1302818420.0
445872.335989 4635229.277035 1302818422.0
445846.439644 4635229.029700 1302818424.0
445821.706848 4635228.995677 1302818426.0
445797.140032 4635228.960478 1302818428.0
445771.737395 4635228.154490 1302818430.0
445745.502310 4635227.021832 1302818432.0
445719.102927 4635226.112589 1302818434.0
445692.121757 4635225.096845 1302818436.0
445664.391971 4635223.864846 1302818438.0
445635.506238 4635223.419010 1302818440.0
445605.959119 4635223.311442 1302818442.0
445575.997894 4635223.318193 1302818444.0
445545.200822 4635222.554223 1302818446.0
445513.074197 4635221.578488 1302818448.0
445480.116806 4635220.498222 1302818450.0
445446.577619 4635219.311529 1302818452.0
445412.464291 4635219.017662 1302818454.0
445378.524600 4635219.721930 1302818456.0
445344.912615 4635219.868677 1302818458.0
445311.376801 4635219.126729 1302818460.0
445278.506606 4635218.601893 1302818462.0
445245.143582 4635218.747199 1302818464.0
445211.360480 4635218.229689 1302818466.0
445178.572403 4635217.593649 1302818468.0
445146.613367 4635216.840343 1302818470.0
445116.400544 4635216.517862 1302818472.0
445087.678978 4635215.850913 1302818474.0
445059.208946 4635215.515242 1302818476.0
445029.497477 4635215.633398 1302818478.0
444997.953358 4635214.877557 1302818480.0
444964.579149 4635213.580824 1302818482.0
444929.875359 4635212.072456 1302818484.0
444895.837194 4635210.781177 1302818486.0
444863.875498 4635209.696057 1302818488.0
444833.494051 4635209.042979 1302818490.0
444804.358316 4635208.491412 1302818492.0
444777.299922 4635208.256964 1302818494.0
444752.815097 4635208.113694 1302818496.0
444727.335242 4635208.089262 1302818498.0
444699.616361 4635208.304368 1302818500.0
444670.486639 4635208.530539 1302818502.0
444640.612589 4635209.095714 1302818504.0
444611.569312 4635209.765589 1302818506.0
444584.603394 4635210.752525 1302818508.0
444559.047459 4635211.617557 1302818510.0
444534.733796 4635212.139908 1302818512.0
444513.494246 4635213.082534 1302818514.0
444489.863545 4635216.042464 1302818517.0
444482.063434 4635237.532779 1302818521.0
444480.676105 4635261.860006 1302818524.0
444480.920030 4635282.510404 1302818526.0
444481.516680 4635305.822867 1302818528.0
444481.877338 4635330.802678 1302818530.0
444481.987299 4635355.562376 1302818532.0
444481.757519 4635379.325417 1302818534.0
444481.519955 4635402.089215 1302818536.0
444481.764748 4635422.850645 1302818538.0
444482.033770 4635446.720836 1302818541.0
444473.822476 4635468.658512 1302818548.0
444448.704056 4635472.296394 1302818552.0
444427.309708 4635474.572906 1302818555.0
444397.016638 4635474.476187 1302818558.0
444375.934322 4635474.196638 1302818560.0
444352.622612 4635475.378006 1302818563.0
444332.064248 4635478.425511 1302818571.0
444311.549830 4635476.476205 1302818584.0
444286.910334 4635477.668169 1302818590.0
444261.590438 4635476.755896 1302818594.0
444239.841607 4635476.148862 1302818596.0
444213.938176 4635474.908224 1302818598.0
444189.280417 4635473.768955 1302818600.0
444165.708450 4635473.509533 1302818602.0
444145.989603 4635477.772371 1302818604.0
444121.181541 4635478.633127 1302818608.0
444112.806286 4635500.683561 1302818613.0
444112.343601 4635526.336047 1302818616.0
444112.176284 4635547.322789 1302818618.0
444112.194977 4635570.861854 1302818620.0
444112.052055 4635594.957357 1302818622.0
444111.825278 4635618.942486 1302818624.0
444111.672781 4635641.816693 1302818626.0
444111.351701 4635664.359121 1302818628.0
444109.811983 4635690.242132 1302818631.0
444097.843411 4635709.100804 1302818636.0
444118.436730 4635710.604730 1302818647.0
