444751.981412 4635218.335267 1304078938.0
444725.174606 4635218.432168 1304078966.0
444699.030862 4635218.412988 1304078969.0
444668.572471 4635218.538447 1304078972.0
444646.248877 4635218.822894 1304078974.0
444622.761689 4635218.894388 1304078976.0
444599.192374 4635219.077632 1304078978.0
444575.792495 4635219.703771 1304078980.0
444553.555350 4635220.431972 1304078982.0
444533.226126 4635221.034353 1304078984.0
444510.159083 4635221.769151 1304078987.0
444488.493425 4635231.930981 1304078992.0
444487.460527 4635259.142325 1304078996.0
444486.343784 4635286.243290 1304078999.0
444486.241960 4635315.779092 1304079002.0
444486.149588 4635335.876943 1304079004.0
444485.726993 4635356.199436 1304079006.0
444485.227470 4635377.299766 1304079008.0
444484.726221 4635398.178043 1304079010.0
444484.301042 4635418.167456 1304079012.0
444484.162902 4635443.040124 1304079015.0
444484.323837 4635463.691175 1304079022.0
444468.930630 4635479.911068 1304079029.0
444442.866487 4635479.337055 1304079033.0
444419.721628 4635480.627937 1304079036.0
444390.669929 4635480.077425 1304079039.0
444361.704679 4635479.970492 1304079042.0
444336.724564 4635480.054604 1304079045.0
444314.489111 4635480.894586 1304079049.0
444292.829366 4635481.063932 1304079068.0
444272.328841 4635480.891174 1304079073.0
444268.921069 4635501.459116 1304079081.0
444255.981971 4635523.656115 1304079087.0
444231.684609 4635536.726232 1304079089.0
444210.932287 4635546.770750 1304079091.0
444180.320945 4635537.794732 1304079094.0
444155.106288 4635529.109636 1304079097.0
444134.282650 4635530.050150 1304079100.0
444128.831983 4635554.631414 1304079106.0
444127.677491 4635576.736238 1304079109.0
444123.288289 4635599.088504 1304079112.0
444120.631369 4635620.094776 1304079115.0
444119.907524 4635644.194838 1304079119.0
444117.611319 4635668.862407 1304079123.0
444116.147596 4635693.856548 1304079127.0
444112.738649 4635714.202523 1304079131.0
444093.801349 4635722.789715 1304079137.0
444114.434699 4635729.400880 1304079162.0
444134.729368 4635724.578255 1304079179.0
444155.396042 4635724.860337 1304079182.0
444181.708284 4635725.431339 1304079185.0
444211.094431 4635726.422499 1304079188.0
444240.316337 4635727.637133 1304079191.0
444267.472302 4635729.978391 1304079194.0
444294.703417 4635731.319858 1304079197.0
444323.013319 4635732.652997 1304079200.0
444349.736094 4635732.666241 1304079203.0
444370.486577 4635733.059325 1304079206.0
444393.475907 4635733.212924 1304079211.0
444418.231302 4635736.350734 1304079229.0
444440.478087 4635737.065448 1304079233.0
444460.891416 4635736.795222 1304079237.0
444481.324558 4635728.419422 1304079245.0
444480.486742 4635706.108129 1304079249.0
444481.011210 4635677.568318 1304079252.0
444481.184793 4635657.247755 1304079254.0
444481.524350 4635636.925899 1304079256.0
444481.626981 4635607.501109 1304079259.0
444481.728751 4635577.965292 1304079262.0
444482.076890 4635548.094455 1304079265.0
444482.430226 4635518.889783 1304079268.0
444482.595176 4635497.458953 1304079271.0
444483.090347 4635475.803483 1304079278.0
444483.119535 4635447.600645 1304079282.0
444483.377864 4635427.501497 1304079284.0
444483.284343 4635404.851312 1304079286.0
444483.180440 4635380.868803 1304079288.0
444483.414550 4635357.660897 1304079290.0
444483.657317 4635335.563263 1304079292.0
444483.742759 4635314.577195 1304079294.0
444483.766775 4635285.708202 1304079297.0
444483.400934 4635260.062230 1304079300.0
444483.648902 4635238.630762 1304079304.0
444483.393739 4635216.537013 1304079328.0
444495.454956 4635198.677619 1304079333.0
444520.038389 4635200.817847 1304079337.0
444546.096626 4635200.503934 1304079340.0
444575.895494 4635200.938253 1304079343.0
444604.865312 4635201.490176 1304079346.0
444630.265659 4635201.958924 1304079349.0
444651.932281 4635202.567802 1304079354.0
444676.342765 4635203.821641 1304079362.0
444701.245150 4635204.294509 1304079365.0
444721.663449 4635204.469153 1304079367.0
444744.240364 4635204.738147 1304079369.0
444768.147710 4635205.330000 1304079371.0
444792.801107 4635205.805117 1304079373.0
444817.786461 4635206.277749 1304079375.0
444843.187623 4635206.858283 1304079377.0
444868.586202 4635207.105826 1304079379.0
444894.234609 4635207.462560 1304079381.0
444919.884728 4635208.041442 1304079383.0
444946.114059 4635208.393872 1304079385.0
444972.677064 4635208.965889 1304079387.0
444999.571169 4635209.424415 1304079389.0
445026.551685 4635210.326510 1304079391.0
445053.445778 4635210.785239 1304079393.0
445080.421144 4635211.021376 1304079395.0
445108.059575 4635211.141473 1304079397.0
445135.947830 4635211.370786 1304079399.0
445163.671810 4635211.823540 1304079401.0
445191.394930 4635212.165375 1304079403.0
445219.200183 4635212.395653 1304079405.0
445246.510049 4635212.962947 1304079407.0
445273.819908 4635213.530346 1304079409.0
445301.377880 4635213.984911 1304079411.0
445328.769014 4635214.329829 1304079413.0
445354.915286 4635214.684400 1304079415.0
445378.738670 4635215.167910 1304079417.0
445399.905503 4635215.560826 1304079419.0
445427.714124 4635216.236025 1304079422.0
445452.117577 4635216.604304 1304079426.0
445473.531670 4635216.773477 1304079442.0
445494.865319 4635217.276431 1304079446.0
445520.432326 4635217.858109 1304079450.0
445541.266325 4635218.142955 1304079453.0
445565.502082 4635218.290836 1304079456.0
445594.470835 4635218.735755 1304079459.0
445616.136425 4635219.236537 1304079461.0
445638.131431 4635219.401770 1304079463.0
445659.879157 4635219.791025 1304079465.0
445681.377061 4635220.071217 1304079467.0
445709.102628 4635220.748147 1304079470.0
445732.095198 4635221.128136 1304079474.0
