445965.769665 4635204.917644 1302654292.0
445961.367721 4635226.380489 1302654308.0
445936.176581 4635231.568119 1302654313.0
445914.342559 4635230.734543 1302654316.0
445890.517607 4635230.027189 1302654319.0
445866.444522 4635229.432833 1302654322.0
445844.197218 4635228.824679 1302654325.0
445818.960569 4635228.017261 1302654329.0
445797.129895 4635227.628153 1302654335.0
445771.149701 4635227.270696 1302654361.0
445749.406237 4635227.436237 1302654364.0
445724.420230 4635226.849312 1302654367.0
445697.194324 4635226.390582 1302654370.0
445669.883729 4635225.710534 1302654373.0
445642.739108 4635225.029324 1302654376.0
445614.188728 4635225.025150 1302654379.0
445587.050031 4635225.121342 1302654382.0
445562.074173 4635225.867311 1302654385.0
445538.838570 4635226.266964 1302654388.0
445518.588923 4635226.421791 1302654392.0
445502.616190 4635243.198995 1302654407.0
445501.565835 4635268.633721 1302654411.0
445499.997167 4635291.407608 1302654414.0
445499.521812 4635316.060703 1302654417.0
445499.220935 4635341.822800 1302654420.0
445498.666848 4635367.031668 1302654423.0
445498.013641 4635390.131656 1302654426.0
445497.586469 4635410.232009 1302654429.0
445497.369448 4635436.104502 1302654433.0
445497.278482 4635456.757452 1302654436.0
445497.682895 4635477.073511 1302654439.0
445496.768006 4635498.510002 1302654442.0
445495.542414 4635522.724711 1302654445.0
445494.741959 4635548.268573 1302654448.0
445494.440280 4635573.919653 1302654451.0
445494.058168 4635599.904450 1302654454.0
445493.599022 4635626.667074 1302654457.0
445492.975611 4635653.653023 1302654460.0
445492.519027 4635680.748731 1302654463.0
445491.891381 4635707.179547 1302654466.0
445492.084242 4635732.382714 1302654469.0
445493.178035 4635756.024518 1302654472.0
445494.445437 4635780.664296 1302654476.0
445495.436695 4635801.753111 1302654483.0
445496.527923 4635825.061836 1302654487.0
445497.848555 4635845.815031 1302654490.0
445498.932976 4635868.235540 1302654493.0
445501.002989 4635889.316104 1302654496.0
445502.153390 4635909.515435 1302654499.0
445502.223317 4635929.500967 1302654502.0
445501.720868 4635950.601216 1302654505.0
445501.292909 4635970.590559 1302654508.0
445501.144482 4635994.574978 1302654512.0
445502.136556 4636015.774827 1302654520.0
445525.998004 4636021.588112 1302654525.0
445550.983801 4636022.507396 1302654529.0
445572.398010 4636023.009926 1302654532.0
445595.305026 4636023.390083 1302654535.0
445619.125678 4636023.874372 1302654538.0
445643.192726 4636024.023759 1302654541.0
445667.507868 4636024.060301 1302654544.0
445692.327667 4636024.981347 1302654547.0
445716.063628 4636025.244539 1302654550.0
445739.884258 4636025.729231 1302654553.0
445763.621903 4636026.214635 1302654556.0
445786.696540 4636026.816199 1302654559.0
445809.024343 4636027.423519 1302654562.0
445830.689138 4636028.146985 1302654565.0
445856.585113 4636028.727317 1302654569.0
445878.331190 4636029.228243 1302654575.0
445903.405777 4636030.925323 1302654586.0
445927.816503 4636032.627532 1302654590.0
445949.482949 4636033.573413 1302654593.0
445972.212980 4636032.512688 1302654596.0
445995.028522 4636031.784488 1302654599.0
446015.609474 4636031.850532 1302654602.0
446040.340311 4636031.996229 1302654606.0
446061.170203 4636032.060520 1302654610.0
446081.582667 4636031.794930 1302654614.0
446105.399869 4636031.836736 1302654634.0
446127.478669 4636032.446938 1302654638.0
446147.982507 4636033.291183 1302654641.0
446171.553274 4636033.668173 1302654644.0
446195.289161 4636033.932961 1302654647.0
446217.014221 4636031.659241 1302654650.0
446242.633531 4636028.578958 1302654654.0
446264.601700 4636025.526314 1302654658.0
446285.805473 4636020.147798 1302654675.0
446293.457507 4636000.437163 1302654679.0
446293.789633 4635978.450024 1302654682.0
446294.030409 4635955.353240 1302654685.0
446294.016383 4635931.481143 1302654688.0
446294.412247 4635906.939756 1302654691.0
446295.221355 4635882.173187 1302654694.0
446295.622253 4635858.297965 1302654697.0
446296.040734 4635836.754314 1302654700.0
446296.593378 4635810.990380 1302654704.0
446297.101549 4635790.334323 1302654709.0
446298.659219 4635765.784182 1302654730.0
446299.081071 4635744.684644 1302654733.0
446299.556615 4635719.698530 1302654736.0
446299.762285 4635691.938615 1302654739.0
446300.122212 4635662.623071 1302654742.0
446300.383132 4635642.190950 1302654744.0
446300.808353 4635621.535524 1302654746.0
446300.904144 4635601.215683 1302654748.0
446301.085435 4635581.228298 1302654750.0
446301.631444 4635554.576158 1302654753.0
446302.370214 4635531.475636 1302654757.0
