444710.700648 4635214.214163 1302230110.0
444686.471706 4635214.957406 1302230117.0
444662.070749 4635214.924831 1302230120.0
444640.411068 4635215.204139 1302230122.0
444614.766113 4635215.292427 1302230124.0
444587.713772 4635215.835888 1302230126.0
444560.912133 4635216.599569 1302230128.0
444535.938883 4635217.682218 1302230130.0
444514.532504 4635218.515107 1302230132.0
444493.134779 4635220.458331 1302230135.0
444485.740964 4635240.835137 1302230140.0
444485.928703 4635264.928022 1302230143.0
444484.853429 4635286.699039 1302230145.0
444484.146459 4635313.130609 1302230147.0
444483.215621 4635342.783907 1302230149.0
444482.539817 4635373.212457 1302230151.0
444481.601213 4635401.866514 1302230153.0
444481.128532 4635426.408688 1302230155.0
444480.957523 4635447.062325 1302230157.0
444480.205603 4635467.720490 1302230161.0
444464.871166 4635480.830985 1302230167.0
444443.870996 4635480.439560 1302230170.0
444416.067578 4635480.323346 1302230173.0
444392.578642 4635480.062525 1302230175.0
444367.853560 4635480.921775 1302230177.0
444344.202984 4635481.217546 1302230179.0
444323.712008 4635482.265939 1302230181.0
444302.809572 4635483.761743 1302230184.0
444281.729011 4635483.704527 1302230211.0
444257.990242 4635483.335070 1302230215.0
444225.198006 4635482.037265 1302230218.0
444197.970270 4635481.251191 1302230220.0
444171.575883 4635480.902825 1302230222.0
444146.426304 4635480.544796 1302230224.0
444120.134926 4635482.749595 1302230227.0
444094.974021 4635480.948395 1302230236.0
444070.065551 4635479.589438 1302230239.0
444048.397946 4635478.760283 1302230241.0
444023.822280 4635477.509907 1302230243.0
443997.918801 4635476.270055 1302230245.0
443972.686199 4635475.913292 1302230247.0
443948.116620 4635475.440367 1302230249.0
443925.626097 4635475.506332 1302230251.0
443904.627602 4635475.338551 1302230253.0
443883.297155 4635475.173447 1302230255.0
443859.476201 4635474.916999 1302230257.0
443833.493188 4635474.122506 1302230259.0
443805.436351 4635473.455501 1302230261.0
443774.722148 4635472.587512 1302230263.0
443741.684281 4635471.738005 1302230265.0
443708.486568 4635471.667153 1302230267.0
443676.286460 4635471.810636 1302230269.0
443644.915350 4635471.836673 1302230271.0
443614.623078 4635471.854309 1302230273.0
443586.573230 4635472.076383 1302230275.0
443562.588901 4635472.155323 1302230277.0
443534.543452 4635472.932738 1302230280.0
443513.468976 4635473.654985 1302230284.0
443490.379017 4635471.395359 1302230298.0
443459.909301 4635469.971616 1302230301.0
443434.676615 4635469.616758 1302230303.0
443406.701801 4635468.839637 1302230305.0
443377.483928 4635468.294574 1302230307.0
443349.762476 4635468.070833 1302230309.0
443324.696631 4635467.826072 1302230311.0
443303.533859 4635467.883437 1302230313.0
443282.464683 4635469.272531 1302230316.0
443258.957031 4635466.683876 1302230335.0
443230.564581 4635465.577670 1302230339.0
443203.023243 4635467.129613 1302230342.0
443180.793135 4635468.639297 1302230345.0
443159.653393 4635471.583797 1302230352.0
443134.427769 4635472.118220 1302230355.0
443107.142528 4635474.556764 1302230358.0
443087.423378 4635478.711511 1302230384.0
443071.174176 4635491.277188 1302230395.0
443065.443561 4635511.531228 1302230399.0
443061.178781 4635538.657684 1302230402.0
443061.074020 4635567.083304 1302230404.0
443061.401944 4635597.726153 1302230406.0
443062.396418 4635628.696779 1302230408.0
443062.555707 4635659.007875 1302230410.0
443062.545477 4635688.876191 1302230412.0
443061.033535 4635717.757203 1302230414.0
443059.277092 4635747.195343 1302230416.0
443058.017684 4635776.518478 1302230418.0
443057.088451 4635805.616906 1302230420.0
443056.248424 4635835.491863 1302230422.0
443055.908083 4635865.584895 1302230424.0
443055.314361 4635895.124783 1302230426.0
443054.536041 4635922.334426 1302230428.0
443053.061916 4635945.552397 1302230430.0
443051.977857 4635965.658287 1302230432.0
443051.420990 4635989.424097 1302230435.0
443049.508906 4636009.758679 1302230442.0
443075.198111 4636015.549175 1302230449.0
443104.910788 4636015.977972 1302230452.0
443128.226798 4636015.569692 1302230454.0
443152.454719 4636015.043174 1302230456.0
443175.518244 4636014.192926 1302230458.0
443197.093420 4636014.020829 1302230460.0
443222.811473 4636013.038530 1302230463.0
443243.547990 4636011.762915 1302230469.0
443270.348350 4636011.216301 1302230473.0
443290.598481 4636011.388144 1302230475.0
443313.090877 4636011.764267 1302230477.0
443336.832407 4636012.685694 1302230479.0
443361.150385 4636013.047445 1302230481.0
443385.297101 4636012.744435 1302230483.0
443408.281195 4636012.339710 1302230485.0
443435.587379 4636012.789007 1302230488.0
443460.642484 4636011.923866 1302230494.0
443485.870604 4636011.945716 1302230497.0
443508.116673 4636012.657511 1302230499.0
443534.517090 4636014.002646 1302230501.0
443563.980768 4636014.435331 1302230503.0
443595.181773 4636014.188174 1302230505.0
443625.800152 4636013.723697 1302230507.0
443655.261184 4636013.823679 1302230509.0
443683.149955 4636014.491384 1302230511.0
443709.959085 4636015.056697 1302230513.0
443735.519102 4636015.076807 1302230515.0
443759.835274 4636015.217865 1302230517.0
443782.739008 4636015.148085 1302230519.0
443803.240661 4636015.652502 1302230521.0
443827.707903 4636013.905018 1302230524.0
443850.015013 4636011.841545 1302230530.0
443859.865860 4635987.669479 1302230535.0
443861.960076 4635958.562023 1302230538.0
443863.236739 4635931.015491 1302230541.0
443864.036520 4635906.137538 1302230544.0
443865.066007 4635878.815025 1302230547.0
443865.395030 4635857.382843 1302230549.0
443866.700609 4635833.500215 1302230551.0
443868.415867 4635808.948155 1302230553.0
443870.714653 4635784.724601 1302230555.0
443872.280595 4635762.283369 1302230557.0
443873.825553 4635737.177485 1302230560.0
443893.137255 4635723.479185 1302230565.0
443915.053097 4635724.305901 1302230568.0
443940.953073 4635725.212363 1302230571.0
443963.199967 4635725.925588 1302230574.0
443988.714688 4635730.610412 1302230598.0
444012.555719 4635733.531937 1302230601.0
444033.142884 4635734.258425 1302230603.0
444061.444995 4635734.591280 1302230606.0
444083.927721 4635733.637519 1302230611.0
444107.952961 4635738.889631 1302230616.0
444133.314625 4635745.241683 1302230633.0
444160.227704 4635748.361674 1302230636.0
444184.554322 4635749.725490 1302230638.0
444211.283129 4635750.515403 1302230640.0
444236.348763 4635750.874301 1302230642.0
444260.908668 4635750.237938 1302230644.0
444285.300002 4635749.269877 1302230646.0
444310.272232 4635748.297357 1302230648.0
444334.833015 4635747.772277 1302230650.0
444358.564824 4635747.364790 1302230652.0
444380.469243 4635746.749583 1302230654.0
444410.173334 4635745.962536 1302230657.0
444437.731093 4635746.635796 1302230660.0
444462.450928 4635745.221643 1302230664.0
444476.985126 4635725.344294 1302230671.0
444476.115275 4635698.924996 1302230674.0
444476.187682 4635676.273508 1302230676.0
444477.057927 4635649.507546 1302230678.0
444477.671435 4635621.744281 1302230680.0
444477.139586 4635596.099590 1302230682.0
444476.951797 4635572.006692 1302230684.0
444477.018161 4635548.578018 1302230686.0
444477.261751 4635526.591405 1302230688.0
444476.897608 4635501.167478 1302230691.0
444478.632383 4635478.836142 1302230703.0
444480.418142 4635452.396156 1302230707.0
444483.087368 4635422.174134 1302230710.0
444483.659484 4635399.740830 1302230712.0
444485.641548 4635377.185505 1302230714.0
444488.195899 4635353.515384 1302230716.0
444488.758525 4635329.860784 1302230718.0
444489.169886 4635308.094940 1302230720.0
444488.514495 4635287.891883 1302230722.0
444487.509839 4635265.470871 1302230725.0
444477.578571 4635247.782845 1302230739.0
