446312.166647 4635069.391899 1303520435.0
446314.909070 4635047.830766 1303520442.0
446315.556617 4635023.620620 1303520446.0
446315.815977 4635002.966466 1303520449.0
446316.246346 4634982.977225 1303520452.0
446316.510731 4634962.989235 1303520455.0
446317.180049 4634941.665795 1303520458.0
446318.092498 4634919.563290 1303520461.0
446319.003282 4634897.238733 1303520464.0
446319.248445 4634874.697125 1303520467.0
446319.733394 4634850.932345 1303520470.0
446320.299671 4634826.944886 1303520473.0
446320.795504 4634804.623459 1303520476.0
446321.295525 4634782.857167 1303520479.0
446321.627886 4634760.870073 1303520482.0
446321.804296 4634740.216553 1303520485.0
446321.794642 4634716.899638 1303520489.0
446318.818028 4634696.380906 1303520500.0
446298.545140 4634693.646800 1303520506.0
446274.494578 4634696.270832 1303520512.0
446252.752858 4634696.878930 1303520516.0
446227.354270 4634696.848490 1303520520.0
446207.265777 4634696.555984 1303520523.0
446181.119378 4634696.420321 1303520527.0
446160.202593 4634696.356271 1303520531.0
446139.949778 4634696.287263 1303520537.0
446115.458264 4634695.473133 1303520541.0
446094.954774 4634695.184082 1303520544.0
446074.869626 4634695.336057 1303520547.0
446053.702160 4634695.052149 1303520550.0
446032.452536 4634694.879961 1303520553.0
446006.472110 4634694.743681 1303520557.0
445984.478880 4634695.021404 1303520562.0
445970.394239 4634709.340459 1303520571.0
445974.216126 4634731.740220 1303520577.0
445973.710423 4634752.618328 1303520581.0
445973.791587 4634774.269221 1303520584.0
445973.291784 4634795.924520 1303520587.0
445972.791986 4634817.579819 1303520592.0
445971.824532 4634843.235868 1303520599.0
445971.484841 4634864.112721 1303520602.0
445971.407607 4634886.764120 1303520605.0
445971.410843 4634909.081809 1303520608.0
445970.855857 4634934.401633 1303520612.0
445971.595937 4634955.381335 1303520619.0
445971.441611 4634978.810555 1303520624.0
445971.520270 4635000.128375 1303520627.0
445971.527724 4635023.001203 1303520630.0
445971.124428 4635046.432314 1303520633.0
445970.969271 4635069.750510 1303520636.0
445970.647292 4635092.958939 1303520639.0
445970.659808 4635116.497933 1303520642.0
445970.592703 4635140.481665 1303520645.0
445970.098015 4635162.803139 1303520648.0
445969.262107 4635183.905834 1303520651.0
445968.594712 4635205.340352 1303520654.0
445963.533048 4635227.363366 1303520658.0
445942.079841 4635232.966758 1303520662.0
445921.246764 4635232.791767 1303520665.0
445897.426879 4635232.750552 1303520668.0
445871.699904 4635232.945973 1303520671.0
445846.807895 4635233.801341 1303520674.0
445825.230433 4635233.965390 1303520677.0
445803.567448 4635233.797054 1303520681.0
445783.066324 4635233.619941 1303520696.0
445758.164178 4635233.143294 1303520700.0
445735.255485 4635232.873617 1303520703.0
445709.025487 4635232.407256 1303520706.0
445682.131561 4635231.946053 1303520709.0
445654.656698 4635231.489383 1303520712.0
445627.175899 4635230.255629 1303520715.0
445600.449630 4635230.015522 1303520718.0
445574.719243 4635229.767907 1303520721.0
445551.647087 4635229.833169 1303520724.0
445528.659619 4635230.119926 1303520728.0
445506.759517 4635231.508775 1303520738.0
445498.448244 4635251.669432 1303520744.0
445498.564010 4635277.650406 1303520748.0
445498.576402 4635300.967366 1303520751.0
445498.430462 4635325.284841 1303520754.0
445498.290471 4635350.379506 1303520757.0
445498.487534 4635376.137796 1303520760.0
445497.769178 4635401.569989 1303520763.0
445497.289600 4635425.667953 1303520766.0
445498.040404 4635447.868933 1303520769.0
445498.363526 4635468.407681 1303520772.0
445498.269162 4635488.616523 1303520775.0
445497.313760 4635515.605006 1303520779.0
445496.984034 4635537.592189 1303520782.0
445497.070944 4635559.798252 1303520785.0
445497.407663 4635582.113438 1303520788.0
445497.411588 4635604.320138 1303520791.0
445497.995566 4635626.411367 1303520794.0
445497.744590 4635647.842783 1303520797.0
445497.076142 4635668.944293 1303520800.0
445496.743038 4635690.487372 1303520803.0
445496.160984 4635712.032357 1303520806.0
445494.822729 4635732.361759 1303520809.0
445493.854652 4635757.684845 1303520813.0
445494.859507 4635780.550094 1303520817.0
445496.518880 4635802.188965 1303520826.0
445496.875148 4635827.057785 1303520831.0
445498.130637 4635850.143187 1303520835.0
445499.211659 4635872.119587 1303520839.0
445501.054810 4635896.088763 1303520843.0
445502.791182 4635916.949814 1303520846.0
445503.619840 4635938.484013 1303520849.0
445503.941260 4635958.800722 1303520852.0
445505.046890 4635983.996916 1303520856.0
445504.801878 4636006.205534 1303520860.0
445518.133484 4636024.091007 1303520866.0
445543.785669 4636025.338270 1303520871.0
445565.282003 4636025.729117 1303520874.0
445587.269434 4636025.228007 1303520877.0
445609.094296 4636025.172341 1303520880.0
445632.656675 4636024.437276 1303520883.0
445657.385027 4636024.248562 1303520886.0
445681.201434 4636024.177923 1303520889.0
445706.590249 4636023.540208 1303520892.0
445733.063742 4636023.671555 1303520895.0
445761.282370 4636024.122811 1303520898.0
445789.915899 4636024.571022 1303520901.0
445817.550270 4636024.582814 1303520904.0
445845.436116 4636024.925901 1303520907.0
445872.405791 4636024.831926 1303520910.0
445898.047768 4636024.748138 1303520913.0
445923.775255 4636024.996894 1303520916.0
445950.914258 4636025.346065 1303520919.0
445978.050729 4636025.362258 1303520922.0
446005.022079 4636025.490839 1303520925.0
446031.084000 4636026.070548 1303520928.0
446055.894474 4636025.771561 1303520931.0
446080.710832 4636026.249852 1303520934.0
446107.021682 4636026.827954 1303520937.0
446133.745752 4636027.180960 1303520940.0
446160.470657 4636027.645095 1303520943.0
446186.447890 4636028.003945 1303520946.0
446210.336340 4636026.491093 1303520949.0
446232.639779 4636023.879952 1303520952.0
446253.450413 4636021.391180 1303520956.0
