446300.860140 4635287.102499 1303586973.0
446303.074363 4635261.548132 1303586980.0
446294.686788 4635238.849514 1303586984.0
446273.417871 4635235.900945 1303586987.0
446247.274294 4635235.876085 1303586990.0
446218.060079 4635235.874501 1303586993.0
446189.839228 4635235.532433 1303586996.0
446160.703802 4635234.975322 1303586999.0
446140.367849 4635234.684901 1303587001.0
446119.866752 4635234.506819 1303587003.0
446099.200513 4635234.441080 1303587005.0
446078.450441 4635234.265001 1303587007.0
446048.988078 4635234.377022 1303587010.0
446022.012896 4635234.137219 1303587013.0
445997.358912 4635233.546823 1303587016.0
445973.821683 4635237.944548 1303587020.0
445971.928801 4635261.942131 1303587024.0
445972.434213 4635284.811192 1303587027.0
445972.302652 4635311.238155 1303587030.0
445971.772991 4635339.888809 1303587033.0
445971.250914 4635369.538708 1303587036.0
445970.728004 4635399.077581 1303587039.0
445970.694607 4635427.502408 1303587042.0
445969.403768 4635454.271271 1303587045.0
445966.833603 4635476.497465 1303587048.0
445953.276302 4635494.476705 1303587052.0
445932.299083 4635497.078626 1303587055.0
445907.139641 4635495.382058 1303587058.0
445878.916408 4635494.597123 1303587061.0
445849.867514 4635494.373743 1303587064.0
445820.982902 4635493.927166 1303587067.0
445792.182116 4635493.591101 1303587070.0
445764.538075 4635492.580144 1303587073.0
445739.298963 4635491.328908 1303587076.0
445718.121987 4635489.491640 1303587080.0
445692.473841 4635489.020922 1303587086.0
445669.728552 4635488.306089 1303587089.0
445643.079466 4635487.176981 1303587092.0
445614.697807 4635487.393603 1303587095.0
445586.559173 4635486.831246 1303587098.0
445558.500975 4635485.935285 1303587101.0
445531.445407 4635485.920036 1303587104.0
445503.478676 4635486.133929 1303587107.0
445474.508448 4635485.356309 1303587110.0
445445.700785 4635484.133427 1303587113.0
445419.136322 4635483.226575 1303587116.0
445393.488967 4635482.867960 1303587119.0
445365.777141 4635483.857674 1303587122.0
445337.897642 4635484.626716 1303587125.0
445308.681826 4635484.295789 1303587128.0
445269.838615 4635483.927907 1303587132.0
445240.289985 4635483.488784 1303587135.0
445210.411961 4635483.385418 1303587138.0
445180.615213 4635483.059484 1303587141.0
445152.562050 4635482.831284 1303587144.0
445124.929808 4635483.377187 1303587147.0
445096.709810 4635483.039459 1303587150.0
445068.157858 4635482.704401 1303587153.0
445038.523639 4635481.933673 1303587156.0
445009.132374 4635480.383956 1303587159.0
444980.581259 4635480.160277 1303587162.0
444953.779740 4635480.811462 1303587165.0
444929.464415 4635480.999393 1303587168.0
444909.121325 4635479.713248 1303587171.0
444886.046512 4635479.336565 1303587178.0
444860.313517 4635478.647430 1303587182.0
444837.071001 4635478.050135 1303587185.0
444814.575367 4635477.447131 1303587188.0
444794.229660 4635475.828232 1303587191.0
444773.742068 4635477.319438 1303587194.0
444749.515740 4635478.284529 1303587198.0
444729.022132 4635478.998674 1303587222.0
444705.207304 4635479.516588 1303587226.0
444681.137480 4635479.259326 1303587229.0
444654.239176 4635478.135848 1303587232.0
444625.431286 4635476.916282 1303587235.0
444595.382889 4635476.261649 1303587238.0
444565.746829 4635475.270833 1303587241.0
444538.517399 4635474.261402 1303587244.0
444516.371821 4635475.988325 1303587247.0
444495.133061 4635476.931014 1303587260.0
444474.460506 4635475.981777 1303587264.0
444451.872303 4635474.159265 1303587267.0
444426.622422 4635471.580352 1303587270.0
444399.222641 4635470.017612 1303587273.0
444370.499378 4635469.020483 1303587276.0
444343.530123 4635469.453206 1303587279.0
444319.462834 4635469.530246 1303587282.0
444299.138670 4635470.688439 1303587286.0
444276.228868 4635470.201405 1303587294.0
444254.161101 4635471.262332 1303587298.0
444228.758189 4635470.350825 1303587301.0
444199.459196 4635470.025096 1303587304.0
444171.235557 4635469.246923 1303587307.0
444144.503948 4635468.235096 1303587310.0
444122.310527 4635463.856750 1303587313.0
444100.405246 4635464.472742 1303587319.0
444075.598011 4635465.444684 1303587324.0
444054.354895 4635465.833552 1303587327.0
444031.618872 4635466.345246 1303587330.0
444008.382308 4635466.527844 1303587333.0
443986.638649 4635466.587746 1303587336.0
443966.386149 4635466.302882 1303587339.0
443941.401597 4635465.833245 1303587343.0
443917.927428 4635467.461451 1303587359.0
443894.275050 4635467.536661 1303587363.0
443871.200086 4635467.163264 1303587366.0
443845.295658 4635465.812938 1303587369.0
443817.485127 4635464.810842 1303587372.0
443788.102199 4635464.376431 1303587375.0
443767.769316 4635464.425869 1303587377.0
443747.019740 4635464.256586 1303587379.0
443726.269285 4635463.976337 1303587381.0
443705.684803 4635463.694837 1303587383.0
443685.019085 4635463.636107 1303587385.0
443664.673903 4635462.131458 1303587387.0
443635.041980 4635461.699647 1303587390.0
443607.735468 4635461.471619 1303587393.0
443581.679046 4635461.900000 1303587396.0
443557.450997 4635462.647093 1303587399.0
443534.798840 4635463.270742 1303587403.0
443513.225527 4635463.885909 1303587415.0
443492.482976 4635464.605585 1303587418.0
443466.669360 4635464.255222 1303587421.0
443437.607755 4635462.487296 1303587424.0
443417.268679 4635461.760544 1303587426.0
443387.468098 4635460.997999 1303587429.0
443359.663631 4635460.774880 1303587432.0
443334.102483 4635460.867126 1303587435.0
443311.458279 4635462.490730 1303587438.0
443290.804024 4635463.876497 1303587450.0
443266.717212 4635461.514495 1303587458.0
443241.474744 4635459.939023 1303587462.0
443218.067733 4635459.570385 1303587465.0
443195.990294 4635459.413291 1303587468.0
443173.577359 4635458.814805 1303587473.0
443152.753594 4635459.758187 1303587478.0
443127.527043 4635460.181608 1303587482.0
443104.707142 4635460.585895 1303587486.0
443083.878065 4635460.863316 1303587493.0
443066.377800 4635472.661758 1303587521.0
