444136.871829 4635701.466373 1302731322.0
444155.427671 4635718.309081 1302731326.0
444174.279688 4635730.597120 1302731329.0
444194.007935 4635738.214914 1302731332.0
444217.651190 4635747.689680 1302731336.0
444237.041321 4635754.533002 1302731339.0
444260.690992 4635754.236866 1302731342.0
444284.744295 4635752.494209 1302731345.0
444305.705484 4635747.999960 1302731348.0
444328.991999 4635743.709667 1302731352.0
444351.449564 4635739.536961 1302731356.0
444375.279124 4635741.016345 1302731371.0
444395.292253 4635742.636633 1302731375.0
444418.847898 4635751.557576 1302731379.0
444440.477525 4635758.272939 1302731385.0
444459.037312 4635743.804818 1302731396.0
444462.192214 4635722.683768 1302731399.0
444465.845913 4635701.669866 1302731401.0
444469.572233 4635679.322993 1302731403.0
444472.805858 4635657.646167 1302731405.0
444475.628038 4635636.416687 1302731407.0
444478.196952 4635614.634014 1302731409.0
444479.846112 4635591.970239 1302731411.0
444480.578106 4635568.758445 1302731413.0
444481.155383 4635546.991298 1302731415.0
444482.598796 4635519.221571 1302731418.0
444485.990734 4635496.544220 1302731422.0
444492.448910 4635473.287810 1302731436.0
444494.844185 4635450.507198 1302731439.0
444495.939292 4635420.630549 1302731442.0
444495.357396 4635399.205542 1302731444.0
444494.762522 4635376.115130 1302731446.0
444494.484896 4635351.134670 1302731448.0
444494.623947 4635326.373033 1302731450.0
444494.852911 4635302.498967 1302731452.0
444494.755109 4635279.293651 1302731454.0
444494.582969 4635257.199254 1302731456.0
444493.621530 4635229.670348 1302731459.0
444496.786316 4635209.770632 1302731462.0
444519.122032 4635200.380847 1302731466.0
444542.659434 4635196.089336 1302731469.0
444567.573093 4635198.005089 1302731472.0
444591.497757 4635200.816891 1302731475.0
444613.915620 4635201.974980 1302731479.0
444636.259975 4635204.355083 1302731491.0
444656.928112 4635204.638634 1302731494.0
444684.238090 4635205.203774 1302731497.0
444704.987488 4635205.264766 1302731499.0
444726.648921 4635205.207708 1302731501.0
444750.138731 4635205.469638 1302731503.0
444774.542296 4635205.835597 1302731505.0
444799.443802 4635206.197780 1302731507.0
444824.427434 4635206.448381 1302731509.0
444849.079101 4635206.701639 1302731511.0
444872.734017 4635206.851661 1302731513.0
444895.310911 4635207.121134 1302731515.0
444918.802416 4635207.605675 1302731517.0
444943.205097 4635207.861183 1302731519.0
444964.287292 4635208.031392 1302731521.0
444987.279127 4635208.297950 1302731524.0
445009.263074 4635207.017891 1302731528.0
445029.772899 4635208.303048 1302731539.0
445049.791623 4635210.480322 1302731542.0
445078.351514 4635211.703533 1302731545.0
445100.761537 4635211.863909 1302731547.0
445124.997350 4635212.010292 1302731549.0
445149.813240 4635212.041258 1302731551.0
445174.794255 4635211.960006 1302731553.0
445198.860665 4635211.663809 1302731555.0
445221.603494 4635211.933039 1302731557.0
445243.433425 4635212.209357 1302731559.0
445264.436006 4635212.825200 1302731561.0
445286.764726 4635213.208853 1302731563.0
445310.168910 4635213.140185 1302731565.0
445331.747301 4635213.085604 1302731567.0
445360.298599 4635213.199674 1302731570.0
445387.688878 4635213.433791 1302731573.0
445417.651009 4635213.537276 1302731576.0
445440.312522 4635214.029894 1302731578.0
445462.973182 4635214.411556 1302731580.0
445485.719376 4635215.125737 1302731582.0
445510.041535 4635215.716903 1302731584.0
445536.191176 4635216.516248 1302731586.0
445563.001340 4635216.866508 1302731588.0
445589.647215 4635217.440190 1302731590.0
445616.871474 4635217.676456 1302731592.0
445644.681745 4635218.574556 1302731594.0
445672.823122 4635219.359207 1302731596.0
445701.209232 4635219.586935 1302731598.0
445728.268337 4635219.935919 1302731600.0
445755.575563 4635220.172082 1302731602.0
445783.216437 4635220.627879 1302731604.0
445809.859732 4635220.869303 1302731606.0
445834.594245 4635221.125339 1302731608.0
445857.336985 4635221.396597 1302731610.0
445885.308960 4635221.739240 1302731613.0
445905.398531 4635222.363905 1302731616.0
445928.241947 4635224.966329 1302731622.0
445951.475028 4635224.234865 1302731627.0
445972.394852 4635235.845733 1302731639.0
445975.621249 4635256.362456 1302731643.0
445975.974141 4635281.009209 1302731646.0
445976.383079 4635302.102467 1302731648.0
445976.235508 4635326.419916 1302731650.0
445975.937961 4635352.848140 1302731652.0
445975.463495 4635377.834271 1302731654.0
445974.393803 4635400.937349 1302731656.0
445973.526302 4635428.813334 1302731659.0
445972.516881 4635448.918052 1302731662.0
445969.207396 4635472.149154 1302731685.0
445981.212675 4635490.267602 1302731690.0
446009.093019 4635489.612106 1302731694.0
446039.966794 4635489.711278 1302731697.0
446064.201588 4635489.860847 1302731699.0
446088.936823 4635490.339811 1302731701.0
446111.263745 4635490.615013 1302731703.0
446137.896765 4635489.636356 1302731706.0
446159.639417 4635489.471993 1302731711.0
446182.316737 4635492.187504 1302731737.0
446208.566678 4635495.431277 1302731757.0
446230.979912 4635496.150335 1302731760.0
446254.374746 4635494.974489 1302731764.0
