446312.568057 4635078.604641 1303870811.0
446317.647644 4635058.802431 1303870828.0
446319.730331 4635037.801439 1303870849.0
446319.900017 4635016.259694 1303870853.0
446320.223980 4634993.162321 1303870857.0
446321.037542 4634968.950928 1303870861.0
446322.608090 4634946.066232 1303870865.0
446321.765975 4634922.422480 1303870868.0
446321.406765 4634896.776492 1303870871.0
446321.626006 4634870.793047 1303870874.0
446321.669224 4634843.478529 1303870877.0
446321.385484 4634816.832676 1303870880.0
446321.433725 4634790.184323 1303870883.0
446321.734301 4634763.978203 1303870886.0
446321.959414 4634738.771952 1303870889.0
446321.873456 4634716.343878 1303870892.0
446309.604586 4634696.339291 1303870897.0
446288.977806 4634701.713308 1303870901.0
446266.737287 4634702.214090 1303870904.0
446242.576126 4634701.174965 1303870907.0
446218.418308 4634700.580030 1303870910.0
446194.921941 4634699.647082 1303870913.0
446174.664944 4634699.022841 1303870916.0
446150.336083 4634697.763229 1303870923.0
446126.428069 4634697.277751 1303870927.0
446104.427291 4634696.555860 1303870930.0
446081.432229 4634696.063628 1303870933.0
446058.436322 4634695.460442 1303870936.0
446036.604043 4634695.070585 1303870939.0
446011.721920 4634697.479736 1303870943.0
445989.552607 4634696.426377 1303870949.0
445978.255659 4634717.164222 1303870956.0
445976.849613 4634739.714656 1303870960.0
445976.428583 4634760.814189 1303870963.0
445976.004189 4634781.469614 1303870966.0
445975.684682 4634805.011114 1303870970.0
445975.687899 4634827.328799 1303870977.0
445975.279511 4634850.093741 1303870981.0
445974.900593 4634876.744628 1303870985.0
445974.234814 4634898.401189 1303870988.0
445974.311775 4634919.496951 1303870991.0
445975.153360 4634942.918618 1303870995.0
445973.596553 4634967.468806 1303871002.0
445973.371858 4634992.564062 1303871006.0
445972.874614 4635014.552449 1303871009.0
445972.640665 4635038.426409 1303871012.0
445972.081486 4635063.191104 1303871015.0
445971.522314 4635087.955799 1303871018.0
445971.301008 4635113.495168 1303871021.0
445970.497924 4635138.927916 1303871024.0
445969.523814 4635163.695761 1303871027.0
445968.541293 4635187.353337 1303871030.0
445967.697815 4635207.456790 1303871033.0
445957.378290 4635225.633517 1303871037.0
445932.752073 4635228.707237 1303871041.0
445911.094981 4635229.315763 1303871044.0
445888.190506 4635229.600730 1303871047.0
445866.947526 4635230.095212 1303871050.0
445840.558306 4635230.517844 1303871054.0
445816.405602 4635230.368396 1303871058.0
445795.402304 4635229.639900 1303871071.0
445773.902748 4635229.137310 1303871076.0
445749.082731 4635228.549036 1303871080.0
445727.335887 4635228.270536 1303871083.0
445704.762522 4635228.442536 1303871086.0
445681.272030 4635228.066432 1303871089.0
445656.946550 4635227.030574 1303871092.0
445631.046787 4635226.339913 1303871095.0
445604.981884 4635225.761641 1303871098.0
445579.084653 4635225.404250 1303871101.0
445554.432272 4635225.037440 1303871104.0
445532.688795 4635225.203643 1303871107.0
445511.870100 4635226.917309 1303871111.0
445503.894165 4635247.519529 1303871117.0
445502.153558 4635269.517494 1303871121.0
445501.147980 4635289.955368 1303871124.0
445500.736075 4635312.054204 1303871127.0
445499.749196 4635334.934676 1303871130.0
445499.267053 4635358.699556 1303871133.0
445498.705325 4635382.909180 1303871136.0
445498.058916 4635406.897386 1303871139.0
445497.564048 4635428.996862 1303871142.0
445498.133585 4635449.200623 1303871145.0
445498.289882 4635469.629614 1303871151.0
445498.861965 4635490.166459 1303871175.0
445496.991156 4635516.828844 1303871179.0
445495.680882 4635540.822135 1303871182.0
445495.376650 4635566.140133 1303871185.0
445495.077520 4635592.124295 1303871188.0
445494.620918 4635619.220000 1303871191.0
445494.246457 4635646.204044 1303871194.0
445493.790717 4635673.410778 1303871197.0
445493.583936 4635700.615608 1303871200.0
445493.696355 4635726.152493 1303871203.0
445494.548836 4635750.795445 1303871206.0
445495.459660 4635772.217976 1303871209.0
445497.119883 4635793.967874 1303871216.0
445497.783446 4635815.614365 1303871220.0
445498.941508 4635836.812939 1303871223.0
445499.776127 4635859.124325 1303871226.0
445501.029055 4635881.876646 1303871229.0
445501.614719 4635904.189939 1303871232.0
445502.125044 4635927.503113 1303871235.0
445502.051097 4635950.376622 1303871238.0
445501.971205 4635972.472942 1303871241.0
445502.000632 4635998.010472 1303871245.0
445513.668389 4636015.353499 1303871250.0
445535.666040 4636016.184557 1303871254.0
445559.576493 4636017.556230 1303871258.0
445580.084710 4636018.953978 1303871273.0
445602.824080 4636019.113373 1303871278.0
445627.389880 4636019.369931 1303871282.0
445654.284231 4636020.275009 1303871286.0
445675.779721 4636020.555161 1303871289.0
445697.777328 4636021.386719 1303871292.0
445719.517524 4636021.109970 1303871295.0
445741.013006 4636021.390320 1303871298.0
445762.592312 4636021.781129 1303871301.0
445784.751637 4636022.056556 1303871304.0
445806.247955 4636022.448129 1303871307.0
445827.745959 4636023.061822 1303871310.0
445849.661395 4636024.005507 1303871313.0
445870.489633 4636023.847186 1303871316.0
445895.974086 4636024.874924 1303871320.0
445916.392474 4636025.386051 1303871323.0
445938.472164 4636026.106695 1303871326.0
445961.219065 4636027.266479 1303871329.0
445984.374968 4636027.645998 1303871332.0
446007.114279 4636027.806684 1303871335.0
446029.437842 4636027.859559 1303871338.0
446052.758856 4636028.127016 1303871342.0
446076.244989 4636028.282265 1303871347.0
446097.154509 4636027.901924 1303871361.0
446122.796465 4636027.818945 1303871367.0
446148.531474 4636029.067757 1303871371.0
446169.616184 4636029.907673 1303871374.0
446190.114150 4636029.974849 1303871377.0
446215.985753 4636027.336699 1303871381.0
446239.114810 4636024.164176 1303871385.0
446259.922095 4636021.231313 1303871389.0
446281.460314 4636016.183362 1303871399.0
446295.118806 4636000.646703 1303871404.0
446296.010879 4635975.879505 1303871408.0
446295.923922 4635953.340360 1303871411.0
446295.917436 4635930.467508 1303871414.0
446296.236184 4635906.703937 1303871417.0
446296.633734 4635882.384605 1303871420.0
446297.291956 4635859.617777 1303871423.0
446298.292162 4635838.180774 1303871426.0
446298.923611 4635811.861080 1303871430.0
446299.567623 4635787.206793 1303871434.0
446300.125309 4635762.109025 1303871438.0
446300.539632 4635740.010242 1303871441.0
446300.611141 4635716.470610 1303871444.0
446301.085857 4635691.373470 1303871447.0
446301.548025 4635664.610925 1303871450.0
446301.921355 4635637.071816 1303871453.0
446301.799286 4635609.869543 1303871456.0
446301.603439 4635583.889195 1303871459.0
446301.752093 4635559.571753 1303871462.0
446302.176491 4635538.805303 1303871465.0
