444487.403829 4635454.229292 1304033673.0
444479.585832 4635473.388050 1304033681.0
444455.737346 4635480.235993 1304033686.0
444439.984580 4635492.905669 1304033690.0
444420.799942 4635501.827003 1304033693.0
444396.631789 4635510.232116 1304033696.0
444372.177448 4635513.865088 1304033699.0
444349.993862 4635510.707334 1304033702.0
444328.074524 4635498.886936 1304033707.0
444307.752706 4635489.718930 1304033714.0
444285.715016 4635484.006453 1304033721.0
444280.474540 4635503.700451 1304033727.0
444280.678621 4635529.791836 1304033730.0
444271.979680 4635552.954949 1304033733.0
444255.647361 4635565.740610 1304033736.0
444230.208737 4635570.825219 1304033740.0
444210.743813 4635565.092835 1304033746.0
444182.995853 4635561.424013 1304033755.0
444150.916889 4635555.790641 1304033758.0
444124.823367 4635551.442869 1304033760.0
444098.989227 4635548.425566 1304033762.0
444073.398795 4635544.740238 1304033764.0
444049.136124 4635541.044573 1304033766.0
444028.041759 4635539.211674 1304033768.0
443996.860578 4635531.684359 1304033771.0
443973.034615 4635520.213135 1304033773.0
443955.605580 4635509.579932 1304033775.0
443933.934525 4635497.758782 1304033786.0
443914.518920 4635487.807518 1304033791.0
443891.677246 4635485.433606 1304033820.0
443871.596890 4635485.924895 1304033824.0
443846.105718 4635484.349244 1304033827.0
443825.264463 4635483.070116 1304033829.0
443803.595951 4635482.130678 1304033831.0
443781.260903 4635480.863463 1304033833.0
443758.845488 4635479.930055 1304033835.0
443735.602821 4635479.336354 1304033837.0
443712.281547 4635479.298520 1304033839.0
443688.707798 4635478.818621 1304033841.0
443664.968069 4635478.340114 1304033843.0
443640.973224 4635477.086464 1304033845.0
443617.975100 4635475.936041 1304033847.0
443596.222661 4635474.886862 1304033849.0
443559.779633 4635473.732058 1304033853.0
443536.033711 4635472.476789 1304033857.0
443513.053157 4635473.547248 1304033869.0
443486.577436 4635473.424132 1304033873.0
443461.840049 4635472.732146 1304033876.0
443433.446787 4635471.514105 1304033879.0
443404.467306 4635469.634628 1304033882.0
443377.906809 4635469.290521 1304033885.0
443351.010825 4635468.505043 1304033888.0
443324.361146 4635467.384605 1304033891.0
443300.700786 4635466.462541 1304033894.0
443278.522707 4635464.085308 1304033898.0
443255.477734 4635467.488830 1304033912.0
443235.170493 4635470.759576 1304033916.0
443214.189633 4635472.814373 1304033921.0
443191.454531 4635473.439777 1304033931.0
443166.977575 4635474.190183 1304033937.0
443142.183736 4635476.830785 1304033941.0
443119.883091 4635479.895704 1304033945.0
443099.101585 4635475.731330 1304033954.0
443077.846081 4635474.568729 1304033961.0
443070.611009 4635493.502374 1304033965.0
443070.006507 4635521.709916 1304033968.0
443069.356760 4635544.255072 1304033970.0
443068.580512 4635582.123974 1304033973.0
443067.877964 4635608.444721 1304033975.0
443067.003240 4635633.989605 1304033977.0
443066.622888 4635659.086401 1304033979.0
443066.239880 4635683.850117 1304033981.0
443065.941636 4635708.835225 1304033983.0
443065.559525 4635733.709970 1304033985.0
443065.424596 4635758.360672 1304033987.0
443064.703458 4635782.349855 1304033989.0
443064.470467 4635805.113758 1304033991.0
443064.312476 4635826.877754 1304033993.0
443064.225934 4635847.197733 1304033995.0
443063.866923 4635874.959193 1304033998.0
443063.120961 4635895.839616 1304034002.0
443063.302014 4635918.489180 1304034015.0
443063.310891 4635940.362880 1304034019.0
443064.136277 4635960.564539 1304034023.0
443063.653475 4635983.219412 1304034029.0
443075.158637 4636000.226746 1304034037.0
443099.226855 4636000.478566 1304034043.0
443121.794308 4635999.854176 1304034047.0
443144.288531 4636000.451821 1304034051.0
443165.613033 4636000.059561 1304034055.0
443186.521742 4635999.559647 1304034059.0
443206.937875 4635999.729928 1304034063.0
443230.010303 4635999.990130 1304034068.0
443251.752368 4635999.927903 1304034086.0
443276.833150 4636002.281908 1304034092.0
443299.828768 4636003.320187 1304034096.0
443325.395039 4636004.116017 1304034100.0
443346.139542 4636003.839947 1304034103.0
443368.961234 4636003.880524 1304034106.0
443391.612548 4636003.367357 1304034109.0
443412.850531 4636002.532388 1304034112.0
443437.245345 4636002.116549 1304034116.0
443460.730007 4636002.041121 1304034123.0
443485.552944 4636003.287563 1304034127.0
443510.035140 4636003.426451 1304034130.0
443537.505548 4636003.652769 1304034133.0
443567.135231 4636004.084152 1304034136.0
443587.470980 4636004.589263 1304034138.0
443607.555142 4636004.763322 1304034140.0
443637.433756 4636005.193026 1304034143.0
443657.851596 4636005.586654 1304034145.0
443678.187329 4636006.092024 1304034147.0
443698.603407 4636006.263715 1304034149.0
443719.186323 4636006.545179 1304034151.0
443748.566148 4636006.868257 1304034154.0
443774.873902 4636006.993638 1304034157.0
443798.026606 4636006.921942 1304034160.0
443822.662467 4636005.506213 1304034164.0
443844.564323 4636004.667296 1304034169.0
443861.987657 4635993.648600 1304034174.0
443865.694412 4635969.080836 1304034178.0
443866.530944 4635948.866027 1304034181.0
443867.255625 4635924.987973 1304034185.0
443868.003062 4635903.996629 1304034191.0
