446004.211757 4635228.831475 1302487302.0
445981.804383 4635229.001340 1302487308.0
445965.907678 4635244.999676 1302487314.0
445967.759472 4635270.301261 1302487318.0
445967.394958 4635298.839627 1302487321.0
445967.152640 4635321.603327 1302487323.0
445967.336216 4635345.807233 1302487325.0
445967.279249 4635371.123299 1302487327.0
445968.055536 4635396.877180 1302487329.0
445968.324629 4635421.413541 1302487331.0
445967.752896 4635444.512844 1302487333.0
445966.663875 4635465.062302 1302487335.0
445960.620050 4635488.869317 1302487338.0
445940.351365 4635497.350615 1302487341.0
445914.034321 4635496.217975 1302487344.0
445891.202729 4635495.058957 1302487346.0
445865.303133 4635494.256427 1302487348.0
445839.317166 4635493.010513 1302487350.0
445812.924697 4635492.878121 1302487352.0
445787.274886 4635492.185008 1302487354.0
445762.535392 4635491.151955 1302487356.0
445740.121224 4635490.323343 1302487358.0
445716.541844 4635489.059546 1302487361.0
445692.470456 4635488.576813 1302487368.0
445672.228332 4635489.619427 1302487371.0
445644.519901 4635491.052165 1302487374.0
445623.027895 4635491.438255 1302487376.0
445600.037881 4635491.280681 1302487378.0
445576.788724 4635489.792757 1302487380.0
445555.043510 4635489.625818 1302487382.0
445531.721535 4635489.471001 1302487385.0
445514.382520 4635501.151095 1302487398.0
445494.591065 4635506.854180 1302487422.0
445469.445975 4635507.046619 1302487425.0
445445.449101 4635505.453814 1302487427.0
445419.873757 4635503.651117 1302487429.0
445393.389795 4635502.410644 1302487431.0
445365.246931 4635501.294026 1302487433.0
445336.766995 4635499.513904 1302487435.0
445309.199902 4635497.726887 1302487437.0
445280.726757 4635496.835205 1302487439.0
445251.421171 4635495.616934 1302487441.0
445222.699044 4635494.727397 1302487443.0
445194.141174 4635493.614646 1302487445.0
445167.326027 4635492.488594 1302487447.0
445145.404556 4635490.991857 1302487449.0
445124.215421 4635487.601972 1302487452.0
445101.743815 4635490.106822 1302487461.0
445079.130216 4635495.721782 1302487466.0
445058.150707 4635497.993198 1302487469.0
445034.183670 4635500.287728 1302487472.0
445007.126407 4635500.052417 1302487475.0
444980.408807 4635500.813890 1302487478.0
444960.325042 4635500.858002 1302487481.0
444940.203517 4635496.016976 1302487485.0
444917.801243 4635496.745330 1302487490.0
444891.768147 4635500.166654 1302487494.0
444867.462338 4635501.576096 1302487497.0
444839.661617 4635501.791310 1302487500.0
444810.354224 4635500.352798 1302487503.0
444783.135267 4635500.674760 1302487506.0
444761.633822 4635499.842150 1302487511.0
444741.426579 4635494.669246 1302487525.0
444722.208262 4635488.600454 1302487533.0
444701.611013 4635486.650670 1302487551.0
444675.813997 4635488.405443 1302487567.0
444649.742151 4635486.831429 1302487572.0
444625.928213 4635487.460636 1302487588.0
444598.544092 4635487.895620 1302487591.0
444575.548804 4635487.075189 1302487593.0
444553.045384 4635485.473766 1302487595.0
444532.543162 4635485.078204 1302487597.0
444511.453970 4635483.910036 1302487600.0
444490.198795 4635482.743224 1302487605.0
444465.874806 4635481.822466 1302487608.0
444439.484781 4635482.028244 1302487611.0
444411.396203 4635487.910103 1302487614.0
444390.856054 4635493.289009 1302487616.0
444370.817327 4635499.108196 1302487618.0
444345.291065 4635503.637902 1302487621.0
444323.357263 4635500.589313 1302487624.0
444302.496549 4635507.414423 1302487633.0
444274.790108 4635509.074546 1302487636.0
444251.713582 4635508.477864 1302487638.0
444227.970546 4635507.553372 1302487640.0
444205.557038 4635506.840615 1302487642.0
444177.587728 4635506.726631 1302487645.0
444155.652114 4635503.456504 1302487649.0
444132.318755 4635501.862915 1302487652.0
444110.983178 4635501.030966 1302487654.0
444085.834535 4635500.784180 1302487656.0
444059.193860 4635500.771267 1302487658.0
444032.466707 4635500.314996 1302487660.0
444007.728627 4635499.510090 1302487662.0
443985.647882 4635498.906441 1302487664.0
443956.247647 4635496.250795 1302487667.0
443935.789933 4635490.971102 1302487687.0
443911.541861 4635489.163366 1302487692.0
443885.728382 4635488.811485 1302487695.0
443860.167361 4635488.901845 1302487697.0
443829.613958 4635487.366148 1302487699.0
443797.403417 4635486.176759 1302487701.0
443766.108355 4635485.313390 1302487703.0
443734.978382 4635484.337821 1302487705.0
443704.512297 4635483.357141 1302487707.0
443673.796362 4635482.267532 1302487709.0
443643.578340 4635481.174117 1302487711.0
443614.606879 4635480.293031 1302487713.0
443588.294529 4635479.835142 1302487715.0
443567.128287 4635479.447616 1302487717.0
443543.809642 4635479.743415 1302487720.0
443523.865324 4635476.459445 1302487726.0
443498.204522 4635474.442244 1302487754.0
443470.230619 4635473.775901 1302487757.0
443445.660087 4635473.193681 1302487759.0
443417.186481 4635472.309445 1302487761.0
443386.634643 4635470.997701 1302487763.0
443356.666353 4635470.014551 1302487765.0
443329.936344 4635469.227833 1302487767.0
443309.270620 4635469.170193 1302487769.0
443289.177854 4635468.108743 1302487773.0
443267.163099 4635465.397143 1302487801.0
443241.755554 4635463.934018 1302487805.0
443221.499439 4635463.207163 1302487807.0
443199.671861 4635463.159101 1302487809.0
443176.345186 4635462.456857 1302487812.0
443154.680921 4635462.074527 1302487818.0
443126.306157 4635463.189280 1302487822.0
443100.587011 4635464.282934 1302487825.0
443080.341521 4635464.888807 1302487840.0
443066.633397 4635483.874179 1302487848.0
443066.312054 4635505.972572 1302487851.0
443066.385666 4635535.951244 1302487854.0
443066.223205 4635557.160095 1302487856.0
443065.073782 4635579.487177 1302487858.0
443063.705581 4635605.591177 1302487860.0
443062.767409 4635633.579323 1302487862.0
443062.409259 4635661.451801 1302487864.0
443062.545477 4635688.876191 1302487866.0
443061.351274 4635715.978114 1302487868.0
443059.484332 4635741.975072 1302487870.0
443058.029664 4635767.635634 1302487872.0
443056.746303 4635793.961034 1302487874.0
443056.127711 4635820.392155 1302487876.0
443055.336058 4635845.936386 1302487878.0
443054.793363 4635871.478628 1302487880.0
443054.328331 4635896.354044 1302487882.0
443053.275325 4635920.345887 1302487884.0
443052.464174 4635943.447523 1302487886.0
443051.547856 4635963.774140 1302487888.0
443050.158509 4635987.213504 1302487891.0
443055.473811 4636008.489609 1302487896.0
443078.405993 4636011.970437 1302487900.0
443105.888828 4636013.749472 1302487903.0
443129.870470 4636013.557949 1302487905.0
443155.590292 4636012.797462 1302487907.0
443180.060967 4636011.491861 1302487909.0
443202.546291 4636010.979416 1302487911.0
443226.944616 4636011.006966 1302487914.0
443251.756078 4636010.809238 1302487932.0
443276.400692 4636010.501892 1302487935.0
443298.225705 4636010.439145 1302487937.0
443323.953496 4636010.678512 1302487939.0
443351.422129 4636010.682057 1302487941.0
443378.640050 4636010.465633 1302487943.0
443404.532032 4636010.481916 1302487945.0
443425.947423 4636011.089022 1302487947.0
443446.367031 4636011.704098 1302487951.0
443469.281366 4636012.965638 1302487956.0
443499.166129 4636014.171953 1302487959.0
443525.146353 4636014.854181 1302487961.0
443554.028279 4636015.180403 1302487963.0
443583.828272 4636016.165677 1302487965.0
443613.127730 4636016.821935 1302487967.0
443642.428058 4636017.589340 1302487969.0
443672.138895 4636017.798448 1302487971.0
443701.846217 4636017.563571 1302487973.0
443730.970915 4636017.111353 1302487975.0
443759.429134 4636016.331414 1302487977.0
443786.066149 4636016.121132 1302487979.0
443809.391792 4636016.936382 1302487981.0
443835.869844 4636017.615814 1302487984.0
443856.690121 4636005.904114 1302488000.0
443860.393350 4635980.892237 1302488003.0
443861.546041 4635958.676320 1302488005.0
443862.831453 4635932.240061 1302488007.0
443864.018144 4635903.805966 1302488009.0
443864.782933 4635874.486925 1302488011.0
443866.790730 4635844.936021 1302488013.0
443868.804673 4635816.162310 1302488015.0
443871.490380 4635788.382614 1302488017.0
443873.291279 4635764.162985 1302488019.0
443874.240476 4635737.174216 1302488022.0
443890.733321 4635723.831223 1302488027.0
443916.810637 4635726.179643 1302488030.0
443936.898182 4635726.687719 1302488032.0
443962.713413 4635727.372858 1302488035.0
443983.204484 4635736.982685 1302488040.0
443984.863383 4635715.762130 1302488062.0
444011.760941 4635716.883073 1302488065.0
444037.367366 4635722.677691 1302488068.0
444059.271700 4635732.609735 1302488072.0
444081.068583 4635739.433734 1302488075.0
444111.077400 4635745.749227 1302488078.0
444135.497473 4635748.444550 1302488080.0
444161.485526 4635750.017325 1302488082.0
444186.470793 4635750.709779 1302488084.0
444207.466716 4635750.656329 1302488086.0
444232.770873 4635749.680938 1302488089.0
444253.904091 4635745.962427 1302488104.0
444278.289359 4635744.217151 1302488108.0
444305.416598 4635742.894655 1302488111.0
444334.959940 4635742.774755 1302488114.0
444358.022686 4635741.706292 1302488117.0
444381.659393 4635739.745150 1302488122.0
444403.656353 4635740.350666 1302488125.0
444429.294232 4635739.595437 1302488128.0
444449.309948 4635741.548959 1302488132.0
444470.280786 4635738.276494 1302488139.0
444473.844590 4635716.375025 1302488143.0
444475.306098 4635690.936859 1302488146.0
444477.039941 4635668.494489 1302488148.0
