445505.243493 4635489.007302 1301760586.0
445479.279514 4635490.649406 1301760592.0
445451.471973 4635489.974016 1301760595.0
445429.389697 4635489.143839 1301760597.0
445406.732461 4635489.095373 1301760599.0
445383.252159 4635489.941558 1301760601.0
445358.018058 4635489.357835 1301760603.0
445332.121756 4635489.001351 1301760605.0
445305.980750 4635489.202008 1301760607.0
445279.752492 4635488.848263 1301760609.0
445252.782464 4635489.166517 1301760611.0
445225.314513 4635489.488702 1301760613.0
445198.089545 4635489.031888 1301760615.0
445172.521755 4635488.229321 1301760617.0
445150.283711 4635488.733613 1301760619.0
445124.471226 4635488.488272 1301760622.0
445100.818976 4635488.559477 1301760626.0
445078.164285 4635488.845137 1301760629.0
445057.659559 4635488.114983 1301760631.0
445034.914168 4635487.402176 1301760633.0
445011.840251 4635487.136113 1301760635.0
444988.350536 4635486.762302 1301760637.0
444965.363031 4635486.939857 1301760639.0
444944.530623 4635486.767729 1301760641.0
444918.638557 4635486.967883 1301760644.0
444897.055824 4635486.357560 1301760654.0
444873.815056 4635485.982200 1301760658.0
444844.019139 4635485.768702 1301760661.0
444820.115324 4635485.509685 1301760663.0
444795.545025 4635484.922811 1301760665.0
444770.637607 4635483.672433 1301760667.0
444745.985168 4635483.197401 1301760669.0
444722.421039 4635483.935382 1301760671.0
444700.095692 4635483.886587 1301760673.0
444679.098143 4635483.827550 1301760675.0
444659.012591 4635483.650457 1301760677.0
444628.377274 4635482.223008 1301760680.0
444606.378686 4635481.505764 1301760682.0
444583.886485 4635481.347596 1301760684.0
444560.979345 4635481.192729 1301760686.0
444538.820819 4635481.254175 1301760688.0
444513.008247 4635481.011049 1301760691.0
444492.102317 4635482.062188 1301760696.0
444471.848175 4635481.553834 1301760704.0
444444.538360 4635480.878491 1301760707.0
444422.455019 4635479.940407 1301760709.0
444398.547678 4635479.238696 1301760711.0
444374.561678 4635479.092849 1301760713.0
444351.322564 4635478.941248 1301760715.0
444331.236975 4635478.765078 1301760717.0
444307.167981 4635478.620106 1301760720.0
444286.660503 4635477.559089 1301760726.0
444266.036153 4635472.168720 1301760732.0
444241.387517 4635461.591312 1301760736.0
444215.404522 4635460.795427 1301760738.0
444188.522572 4635461.783223 1301760740.0
444163.881297 4635462.753557 1301760742.0
444141.813518 4635463.814832 1301760744.0
444118.265030 4635466.553299 1301760747.0
444093.902365 4635471.296847 1301760755.0
444069.675197 4635472.153224 1301760758.0
444048.680191 4635472.429127 1301760760.0
444025.440157 4635472.167561 1301760762.0
444001.792164 4635472.797551 1301760764.0
443977.802618 4635472.208930 1301760766.0
443954.725059 4635471.502181 1301760768.0
443934.386086 4635470.773953 1301760770.0
443913.473188 4635470.938574 1301760773.0
443890.737185 4635471.450718 1301760777.0
443864.586439 4635470.435365 1301760780.0
443842.589447 4635469.942532 1301760782.0
443817.687879 4635469.472674 1301760784.0
443791.127429 4635469.127026 1301760786.0
443764.236776 4635469.006152 1301760788.0
443737.433493 4635469.439860 1301760790.0
443711.128138 4635469.869734 1301760792.0
443685.069992 4635470.075683 1301760794.0
443659.093955 4635470.170044 1301760796.0
443633.541641 4635471.371488 1301760798.0
443608.562338 4635471.569180 1301760800.0
443585.159801 4635471.754474 1301760802.0
443564.660955 4635471.805805 1301760804.0
443541.008574 4635471.882189 1301760807.0
443520.601517 4635473.043261 1301760813.0
443494.289128 4635472.585719 1301760840.0
443465.818173 4635472.034370 1301760843.0
443442.488924 4635470.998174 1301760845.0
443416.838656 4635470.313592 1301760847.0
443389.945330 4635469.861049 1301760849.0
443362.802152 4635469.299560 1301760851.0
443337.319607 4635468.835999 1301760853.0
443316.320164 4635468.558925 1301760855.0
443294.078553 4635468.624902 1301760858.0
443272.906057 4635467.461059 1301760875.0
443252.065505 4635466.294634 1301760881.0
443225.421990 4635465.951756 1301760884.0
443203.676523 4635465.791993 1301760886.0
443177.445283 4635465.112904 1301760889.0
443157.021414 4635464.165502 1301760896.0
443135.365129 4635464.782476 1301760899.0
443106.822628 4635465.676577 1301760902.0
443085.840009 4635467.509698 1301760905.0
443064.181961 4635467.904834 1301760925.0
443060.307244 4635491.919210 1301760929.0
443061.110016 4635519.671368 1301760932.0
443061.291054 4635542.320919 1301760934.0
443061.567503 4635566.524188 1301760936.0
443060.856103 4635591.734663 1301760938.0
443060.813924 4635617.605996 1301760940.0
443060.937719 4635643.476003 1301760942.0
443061.139177 4635668.679184 1301760944.0
443061.505718 4635693.770013 1301760946.0
443061.543869 4635719.307604 1301760948.0
443060.999355 4635744.627786 1301760950.0
443059.796298 4635770.619439 1301760952.0
443058.674461 4635796.388376 1301760954.0
443058.134409 4635822.263697 1301760956.0
443057.420407 4635847.141101 1301760958.0
443057.284632 4635871.680780 1301760960.0
443057.473690 4635895.329589 1301760962.0
443058.486362 4635918.194573 1301760964.0
443059.309988 4635938.174176 1301760966.0
443059.810557 4635959.266706 1301760969.0
443060.568059 4635981.356492 1301760976.0
443070.673192 4635999.707424 1301760982.0
443096.639346 4635998.611653 1301760986.0
443127.010625 4635998.369075 1301760989.0
443148.504641 4635998.419548 1301760991.0
443169.577546 4635997.696206 1301760993.0
443190.738750 4635997.638427 1301760995.0
443212.230994 4635997.467038 1301760997.0
443235.294580 4635996.616984 1301761000.0
