443060.144230 4635689.561591 1301798066.0
443060.889312 4635710.096987 1301798073.0
443060.978502 4635731.636935 1301798076.0
443060.358995 4635757.957026 1301798079.0
443059.082723 4635785.170643 1301798082.0
443058.803157 4635812.487328 1301798085.0
443058.776983 4635840.357160 1301798088.0
443058.740162 4635866.894667 1301798091.0
443058.530278 4635892.545283 1301798094.0
443057.905484 4635918.199217 1301798097.0
443057.435123 4635942.408471 1301798100.0
443057.429817 4635962.505736 1301798103.0
443057.511933 4635983.157474 1301798118.0
443067.128944 4636002.733682 1301798124.0
443091.388844 4636006.203940 1301798129.0
443118.948472 4636007.205171 1301798133.0
443145.005560 4636007.108159 1301798136.0
443173.133642 4636006.550581 1301798139.0
443201.011896 4636005.884072 1301798142.0
443225.646793 4636004.355250 1301798145.0
443249.296537 4636004.166775 1301798149.0
443271.207204 4636004.436367 1301798152.0
443299.096076 4636005.102569 1301798155.0
443319.678148 4636005.271852 1301798157.0
443341.590572 4636005.763715 1301798159.0
443363.672486 4636006.698434 1301798161.0
443385.252092 4636007.082043 1301798163.0
443406.082214 4636007.138570 1301798165.0
443432.967339 4636006.813963 1301798168.0
443455.039537 4636006.527666 1301798175.0
443478.617738 4636007.783966 1301798179.0
443506.587782 4636008.228267 1301798182.0
443527.749820 4636008.282517 1301798184.0
443550.486744 4636008.102279 1301798186.0
443573.719797 4636007.696115 1301798188.0
443596.379016 4636008.182844 1301798190.0
443618.369984 4636008.119765 1301798192.0
443640.032539 4636008.503489 1301798194.0
443661.944914 4636008.996337 1301798196.0
443683.939387 4636009.377568 1301798198.0
443706.680690 4636009.752965 1301798200.0
443729.917247 4636009.791420 1301798202.0
443752.657667 4636010.055936 1301798204.0
443774.738615 4636010.880902 1301798206.0
443795.158176 4636011.496978 1301798208.0
443823.785010 4636011.049068 1301798211.0
443845.764579 4636009.543336 1301798214.0
443862.689138 4635998.417540 1301798218.0
443865.183541 4635977.967595 1301798221.0
443865.801605 4635951.092458 1301798224.0
443865.998638 4635923.443401 1301798227.0
443865.585190 4635902.572240 1301798230.0
443858.291159 4635882.643582 1301798252.0
443858.510925 4635857.881236 1301798256.0
443859.444293 4635828.893970 1301798259.0
443860.755985 4635805.788532 1301798261.0
443862.984012 4635783.120011 1301798263.0
443864.310602 4635761.902038 1301798265.0
443865.520969 4635736.465687 1301798268.0
443878.669916 4635720.040063 1301798272.0
443901.748433 4635720.968612 1301798275.0
443931.063034 4635723.402624 1301798278.0
443952.895011 4635724.119083 1301798280.0
443976.052119 4635724.492084 1301798282.0
443999.038889 4635724.311329 1301798284.0
444021.040312 4635725.470800 1301798286.0
444042.284399 4635725.303880 1301798288.0
444068.332881 4635723.988957 1301798291.0
444093.305183 4635723.015677 1301798296.0
444120.310932 4635727.356167 1301798300.0
444141.406453 4635729.411389 1301798302.0
444165.978614 4635730.329080 1301798304.0
444190.045899 4635730.362540 1301798306.0
444214.022372 4635729.397486 1301798308.0
444235.260357 4635728.453951 1301798310.0
444255.914847 4635727.181943 1301798313.0
444276.093149 4635728.689571 1301798323.0
444300.524494 4635732.828814 1301798327.0
444324.710327 4635737.414195 1301798330.0
444354.277976 4635740.403137 1301798333.0
444374.451013 4635741.244879 1301798335.0
444395.531673 4635741.413390 1301798337.0
444416.939071 4635740.913210 1301798339.0
444442.005582 4635741.383859 1301798342.0
444463.572890 4635740.105334 1301798347.0
444479.062339 4635725.661205 1301798352.0
444478.973976 4635703.677173 1301798355.0
444478.486173 4635673.035608 1301798358.0
444479.780008 4635647.376684 1301798360.0
444480.733259 4635620.610077 1301798362.0
444481.358901 4635594.401195 1301798364.0
444481.667314 4635570.082363 1301798366.0
444482.151224 4635546.983537 1301798368.0
444481.900369 4635525.444913 1301798370.0
444481.271705 4635498.024437 1301798373.0
444481.519641 4635476.592961 1301798379.0
444503.833733 4635464.538465 1301798384.0
444530.164176 4635467.331306 1301798387.0
444552.171461 4635469.158587 1301798389.0
444575.497035 4635469.754307 1301798391.0
444597.907148 4635470.024121 1301798393.0
444618.905606 4635470.193945 1301798395.0
444645.963884 4635470.538810 1301798398.0
444667.623650 4635470.370538 1301798402.0
444689.891053 4635473.639663 1301798411.0
444714.311802 4635476.336977 1301798415.0
444739.061898 4635478.698717 1301798418.0
444767.039878 4635479.925177 1301798421.0
444796.008534 4635480.477867 1301798424.0
444822.153030 4635480.719447 1301798427.0
444844.643495 4635480.656312 1301798430.0
444865.220091 4635479.941858 1301798434.0
444885.309933 4635480.674669 1301798442.0
444912.390463 4635483.907251 1301798447.0
444937.383409 4635485.490564 1301798450.0
444963.451747 4635486.621521 1301798453.0
444988.103289 4635486.986279 1301798456.0
445010.843545 4635487.032773 1301798459.0
445033.582087 4635486.857286 1301798464.0
445053.849847 4635489.143671 1301798469.0
445075.100601 4635489.757028 1301798472.0
445099.839385 4635490.676667 1301798475.0
445127.653823 4635492.238903 1301798478.0
445148.824134 4635493.186200 1301798480.0
445171.232412 4635493.235762 1301798482.0
445193.223189 4635492.955506 1301798484.0
445214.550068 4635492.680423 1301798486.0
445235.794815 4635492.517069 1301798488.0
445257.787300 4635492.459067 1301798490.0
