446299.235907 4635258.801230 1301700694.0
446291.207062 4635239.652980 1301700709.0
446269.446904 4635237.596393 1301700712.0
446248.613864 4635237.420445 1301700714.0
446223.876095 4635236.718864 1301700716.0
446196.817111 4635236.367999 1301700718.0
446169.261858 4635236.243053 1301700720.0
446141.789593 4635236.117587 1301700722.0
446115.560499 4635235.760756 1301700724.0
446090.741393 4635235.282319 1301700726.0
446067.170498 4635235.238653 1301700728.0
446044.341467 4635234.523245 1301700730.0
446020.349727 4635233.705687 1301700732.0
445996.112375 4635233.334205 1301700734.0
445972.872586 4635233.177307 1301700736.0
445951.456895 4635232.784579 1301700738.0
445926.882516 4635231.749688 1301700741.0
445906.856575 4635228.570709 1301700744.0
445882.951998 4635228.308119 1301700747.0
445861.959672 4635229.022778 1301700749.0
445837.475848 4635228.986809 1301700751.0
445810.670828 4635229.301679 1301700753.0
445783.197662 4635229.066568 1301700755.0
445755.479747 4635229.388594 1301700757.0
445728.089566 4635229.153063 1301700759.0
445701.615659 4635229.354788 1301700761.0
445677.134366 4635229.652451 1301700763.0
445655.138548 4635229.376070 1301700765.0
445627.490065 4635227.921527 1301700768.0
445604.239210 4635226.322479 1301700771.0
445581.991859 4635225.715144 1301700775.0
445560.687788 4635218.216589 1301700788.0
445538.681739 4635216.608242 1301700791.0
445510.210063 4635216.048715 1301700794.0
445489.125384 4635215.543810 1301700796.0
445466.133620 4635215.275632 1301700798.0
445441.728463 4635214.685252 1301700800.0
445417.069225 4635213.430700 1301700802.0
445393.163700 4635213.058725 1301700804.0
445368.433374 4635213.359356 1301700806.0
445343.457484 4635214.106092 1301700808.0
445319.973723 4635214.619396 1301700810.0
445297.399450 4635214.681659 1301700812.0
445275.153726 4635214.297335 1301700814.0
445252.158525 4635213.585740 1301700816.0
445230.240487 4635212.643870 1301700818.0
445209.572425 4635212.358656 1301700820.0
445182.759641 4635211.676645 1301700823.0
445161.849436 4635212.281702 1301700827.0
445141.604014 4635212.992735 1301700840.0
445118.280246 4635212.728236 1301700843.0
445090.391138 4635212.387965 1301700846.0
445060.088450 4635211.178145 1301700849.0
445038.008671 4635210.793282 1301700851.0
445014.851725 4635210.638868 1301700853.0
444991.041138 4635211.821981 1301700855.0
444966.817321 4635213.230433 1301700857.0
444942.753487 4635213.860495 1301700859.0
444917.360090 4635214.278850 1301700861.0
444891.881985 4635214.475884 1301700863.0
444867.730871 4635214.551706 1301700865.0
444844.991455 4635214.727714 1301700867.0
444824.241233 4635214.555288 1301700869.0
444797.598678 4635214.428576 1301700872.0
444776.686773 4635214.812709 1301700876.0
444756.513176 4635214.080842 1301700884.0
444732.454518 4635215.377777 1301700897.0
444704.072604 4635215.709043 1301700900.0
444682.991274 4635215.650632 1301700902.0
444659.420225 4635215.611622 1301700904.0
444633.941254 4635215.698551 1301700906.0
444606.559541 4635216.577603 1301700908.0
444578.353110 4635218.129378 1301700910.0
444552.311356 4635220.552688 1301700912.0
444531.829118 4635222.821772 1301700914.0
444509.264347 4635224.107831 1301700918.0
444487.383405 4635227.942411 1301700946.0
444484.683786 4635254.278472 1301700950.0
444484.426367 4635285.147892 1301700953.0
444484.542372 4635310.684778 1301700955.0
444484.261602 4635338.556469 1301700957.0
444483.647151 4635366.208693 1301700959.0
444482.938470 4635392.418212 1301700961.0
444482.452804 4635415.294978 1301700963.0
444482.749511 4635442.718038 1301700966.0
444483.823315 4635463.361974 1301700971.0
444468.415395 4635477.694406 1301700982.0
444446.408110 4635475.867384 1301700985.0
444419.578003 4635472.856683 1301700988.0
444395.259166 4635472.602329 1301700991.0
444368.449831 4635472.256472 1301700994.0
444340.737169 4635473.139147 1301700997.0
444317.351150 4635475.431551 1301701000.0
444295.872991 4635477.598079 1301701005.0
444272.411828 4635480.890524 1301701024.0
444248.433645 4635481.744346 1301701026.0
444221.045153 4635481.625645 1301701028.0
444196.648558 4635482.038782 1301701030.0
444169.784963 4635485.358220 1301701033.0
444148.466752 4635486.746702 1301701039.0
444118.831512 4635485.868772 1301701043.0
444096.088582 4635485.492043 1301701045.0
444071.183615 4635484.577191 1301701047.0
444044.121837 4635483.790401 1301701049.0
444017.147401 4635483.558197 1301701051.0
443990.591390 4635483.766942 1301701053.0
443963.039530 4635483.983620 1301701055.0
443934.241982 4635484.099174 1301701057.0
443906.766988 4635483.538225 1301701059.0
443880.038876 4635482.971499 1301701061.0
443853.227770 4635482.405527 1301701063.0
443825.919608 4635481.954609 1301701065.0
443797.621722 4635482.288843 1301701067.0
443769.406824 4635482.622535 1301701069.0
443740.858222 4635482.736905 1301701071.0
443711.724320 4635482.300844 1301701073.0
443683.424677 4635482.413477 1301701075.0
443656.778638 4635481.735905 1301701077.0
443630.966860 4635481.607002 1301701079.0
443606.152689 4635481.692362 1301701081.0
443582.332610 4635481.547868 1301701083.0
443560.745276 4635480.386457 1301701085.0
443540.487497 4635479.436641 1301701087.0
443520.396567 4635478.596594 1301701089.0
443490.174972 4635477.059721 1301701092.0
443469.667326 4635476.001054 1301701094.0
443440.364740 4635475.234338 1301701097.0
443420.115743 4635475.395136 1301701099.0
443390.647170 4635474.629943 1301701102.0
443370.557084 4635473.901345 1301701104.0
443341.167952 4635472.691588 1301701107.0
443313.195783 4635472.247915 1301701110.0
443292.279336 4635471.970251 1301701113.0
443268.692247 4635469.826334 1301701124.0
443247.515327 4635468.107430 1301701127.0
443221.285872 4635467.650235 1301701130.0
443197.458633 4635466.618810 1301701133.0
443174.136398 4635466.471710 1301701137.0
443150.388588 4635464.995671 1301701144.0
443126.634563 4635462.742521 1301701147.0
443100.909208 4635463.058984 1301701150.0
443080.583388 4635463.998600 1301701154.0
443067.613276 4635481.867731 1301701170.0
443068.687632 4635502.067386 1301701191.0
443063.447857 4635521.429231 1301701197.0
443058.987831 4635544.893118 1301701201.0
443056.596290 4635567.563234 1301701204.0
443055.968782 4635592.884073 1301701207.0
443057.054700 4635614.527084 1301701210.0
443057.388414 4635635.509903 1301701213.0
443056.401459 4635657.391555 1301701216.0
443053.858205 4635681.839438 1301701219.0
443052.685336 4635711.606016 1301701222.0
443051.859056 4635732.820181 1301701224.0
443051.531576 4635754.141393 1301701226.0
443051.343895 4635782.567686 1301701229.0
443051.760616 4635803.549847 1301701231.0
443052.435163 4635825.640291 1301701233.0
443052.383274 4635850.290333 1301701235.0
443052.824847 4635874.381260 1301701237.0
443053.006819 4635897.141850 1301701239.0
443053.431526 4635919.123260 1301701241.0
443053.739089 4635947.212498 1301701244.0
443055.577152 4635969.515713 1301701248.0
443068.979398 4635985.064424 1301701266.0
443089.899683 4635986.007582 1301701269.0
443117.559218 4635989.117664 1301701272.0
443146.375153 4635991.552416 1301701275.0
443175.111628 4635994.432055 1301701278.0
443201.607574 4635997.329677 1301701281.0
443222.318681 4636003.271436 1301701285.0
443249.618732 4636002.942830 1301701305.0
443279.754304 4636004.368297 1301701308.0
443303.329902 4636005.290934 1301701310.0
443327.400731 4636005.876607 1301701312.0
443351.303826 4636006.241626 1301701314.0
443374.458317 4636006.390608 1301701316.0
443395.371424 4636006.446444 1301701318.0
443418.946111 4636007.258437 1301701321.0
443440.043690 4636009.644658 1301701325.0
443462.205030 4636010.134915 1301701332.0
443488.099650 4636010.484584 1301701335.0
443510.923072 4636010.747670 1301701337.0
443537.400315 4636011.314967 1301701339.0
443565.952088 4636011.865924 1301701341.0
443594.834900 4636012.303339 1301701343.0
443622.640707 4636012.971465 1301701345.0
443649.448972 4636013.425523 1301701347.0
443675.010756 4636013.667471 1301701349.0
443700.656395 4636014.019881 1301701351.0
443726.550974 4636014.370418 1301701353.0
443751.116970 4636014.620506 1301701355.0
443773.773514 4636014.774718 1301701357.0
443801.982800 4636013.996913 1301701360.0
443824.861141 4636010.707478 1301701364.0
443845.184584 4636009.658943 1301701387.0
443862.021785 4635997.978663 1301701394.0
443863.081870 4635974.542100 1301701397.0
443864.408410 4635953.324121 1301701399.0
443865.227440 4635930.888767 1301701401.0
443865.516207 4635904.349330 1301701404.0
