444699.489498 4635683.752244 1303137336.0
444699.680851 4635708.400280 1303137338.0
444700.102195 4635730.603786 1303137340.0
444699.660705 4635759.253957 1303137343.0
444698.537249 4635785.577712 1303137346.0
444697.496787 4635811.900824 1303137349.0
444697.352773 4635836.107334 1303137352.0
444698.112093 4635859.085457 1303137356.0
444696.943841 4635879.635802 1303137373.0
444691.901279 4635903.547247 1303137377.0
444690.089027 4635926.656376 1303137380.0
444688.623374 4635951.650391 1303137383.0
444688.247704 4635978.079384 1303137386.0
444687.668139 4635999.624468 1303137389.0
444697.629776 4636021.420801 1303137393.0
444717.576285 4636025.263176 1303137396.0
444747.266307 4636022.812114 1303137399.0
444768.088553 4636021.873378 1303137401.0
444788.828683 4636021.046374 1303137403.0
444808.906687 4636020.446628 1303137405.0
444839.021979 4636019.325061 1303137408.0
444859.430196 4636018.500833 1303137410.0
444880.497971 4636017.116390 1303137412.0
444901.990106 4636016.950099 1303137414.0
444923.896289 4636016.669637 1303137416.0
444946.214804 4636016.052954 1303137418.0
444969.032924 4636015.654549 1303137420.0
444991.937457 4636015.699684 1303137422.0
445013.848785 4636016.085663 1303137424.0
445034.432410 4636016.481954 1303137426.0
445054.768802 4636017.102281 1303137428.0
445075.022207 4636017.723305 1303137430.0
445095.270473 4636017.678223 1303137432.0
445115.850663 4636017.630641 1303137434.0
445136.928739 4636017.579283 1303137436.0
445158.172777 4636017.526710 1303137438.0
445179.833429 4636017.693062 1303137440.0
445201.996237 4636018.410784 1303137442.0
445223.736449 4636018.132522 1303137444.0
445245.647745 4636018.519213 1303137446.0
445267.640312 4636018.683279 1303137448.0
445289.883525 4636019.067556 1303137450.0
445312.377384 4636019.672045 1303137452.0
445335.284439 4636020.051367 1303137454.0
445357.525938 4636020.213800 1303137456.0
445378.608253 4636020.718294 1303137458.0
445398.854795 4636020.452020 1303137460.0
445427.396047 4636019.678111 1303137463.0
445450.212456 4636019.059192 1303137466.0
445471.287963 4636018.675742 1303137475.0
445491.863885 4636018.074111 1303137479.0
445514.610909 4636019.232469 1303137482.0
445541.919338 4636020.022922 1303137485.0
445570.721419 4636020.802064 1303137488.0
445591.219447 4636020.867517 1303137490.0
445612.966428 4636021.478660 1303137492.0
445635.041939 4636021.643227 1303137494.0
445656.539968 4636022.256404 1303137496.0
445677.627322 4636023.427945 1303137498.0
445699.629152 4636024.814645 1303137500.0
445721.873992 4636025.422325 1303137502.0
445745.031619 4636026.023121 1303137504.0
445768.353512 4636026.400674 1303137506.0
445790.760919 4636026.563196 1303137508.0
445811.922765 4636026.624231 1303137510.0
445840.309866 4636027.407620 1303137513.0
445862.459040 4636026.350961 1303137516.0
445883.612446 4636025.301937 1303137519.0
445906.687069 4636025.903889 1303137522.0
445931.179107 4636027.383425 1303137525.0
445958.234277 4636027.622226 1303137528.0
445987.531612 4636028.066194 1303137531.0
446008.369935 4636029.240602 1303137533.0
446029.368322 4636029.636623 1303137535.0
446049.705381 4636030.370816 1303137537.0
446079.496376 4636030.256254 1303137540.0
446099.825864 4636029.991345 1303137542.0
446120.567737 4636029.390274 1303137544.0
446141.481452 4636029.565199 1303137546.0
446161.650854 4636030.078912 1303137548.0
446189.534122 4636030.090265 1303137551.0
446214.580945 4636028.124542 1303137554.0
446236.052057 4636025.186596 1303137557.0
446257.512294 4636020.805362 1303137561.0
446276.878769 4636013.886214 1303137588.0
446294.592455 4635996.875533 1303137595.0
446296.208759 4635969.104969 1303137599.0
446296.081620 4635941.236519 1303137602.0
446296.011407 4635920.917919 1303137604.0
446296.102975 4635900.042931 1303137606.0
446296.189521 4635878.501782 1303137608.0
446296.363239 4635857.515143 1303137610.0
446296.225227 4635828.203345 1303137613.0
446296.687355 4635801.440793 1303137616.0
446296.436117 4635779.124959 1303137620.0
446298.907451 4635754.678964 1303137634.0
446299.385504 4635730.025932 1303137637.0
446299.326315 4635700.158378 1303137640.0
446299.154727 4635677.397813 1303137642.0
446299.227910 4635654.080237 1303137644.0
446299.303607 4635631.095744 1303137646.0
446300.291313 4635607.993342 1303137648.0
446300.952104 4635585.559607 1303137650.0
446301.204666 4635564.017217 1303137652.0
446300.666830 4635536.707048 1303137655.0
446299.759253 4635515.395472 1303137660.0
446278.185264 4635504.898928 1303137670.0
446253.806344 4635507.636589 1303137675.0
446231.913698 4635509.911433 1303137679.0
446211.163600 4635509.623948 1303137682.0
446186.944821 4635511.583395 1303137686.0
446166.528350 4635511.515587 1303137689.0
446143.452098 4635510.912779 1303137692.0
446117.966699 4635509.995166 1303137695.0
446090.400735 4635508.316156 1303137698.0
446061.423136 4635506.536906 1303137701.0
446030.780732 4635504.104186 1303137704.0
446008.934938 4635501.604921 1303137706.0
445981.109003 4635498.484867 1303137709.0
445959.991526 4635493.537492 1303137715.0
445958.010829 4635473.122352 1303137721.0
445959.889272 4635447.237296 1303137727.0
445959.294935 4635423.591670 1303137730.0
445958.013949 4635396.953349 1303137733.0
445957.476485 4635369.865255 1303137736.0
445958.202382 4635345.210315 1303137739.0
445958.451407 4635323.334830 1303137742.0
445958.298964 4635303.238927 1303137745.0
445958.791067 4635280.584366 1303137749.0
