444674.446912 4635205.501870 1303223631.0
444697.394574 4635210.764358 1303223649.0
444709.320558 4635228.881334 1303223653.0
444710.975514 4635249.631811 1303223656.0
444709.683323 4635275.623749 1303223659.0
444708.498261 4635304.723804 1303223662.0
444708.911814 4635325.928052 1303223664.0
444709.082432 4635347.911423 1303223666.0
444709.085349 4635369.674029 1303223668.0
444707.850334 4635392.334514 1303223670.0
444706.864294 4635414.993069 1303223672.0
444706.294063 4635437.759430 1303223674.0
444706.139638 4635460.633599 1303223676.0
444704.991090 4635483.737553 1303223678.0
444703.843413 4635506.952535 1303223680.0
444703.185049 4635529.053381 1303223682.0
444702.597611 4635549.599204 1303223684.0
444700.574169 4635577.595444 1303223687.0
444698.712409 4635605.035261 1303223690.0
444698.104070 4635633.575688 1303223693.0
444698.899596 4635661.216946 1303223696.0
444698.174665 4635685.427959 1303223699.0
444697.036542 4635709.864250 1303223702.0
444697.225319 4635734.179205 1303223705.0
444697.348352 4635760.715350 1303223708.0
444697.645975 4635788.360479 1303223711.0
444698.104394 4635815.338158 1303223714.0
444697.241114 4635843.103337 1303223717.0
444697.288069 4635870.528348 1303223720.0
444695.828408 4635896.299550 1303223723.0
444694.196761 4635921.294851 1303223726.0
444693.395810 4635946.394737 1303223729.0
444691.831651 4635969.390906 1303223732.0
444689.921782 4635990.613218 1303223735.0
444689.166767 4636010.938292 1303223740.0
444692.401747 4636032.120654 1303223754.0
444714.332017 4636034.948310 1303223758.0
444740.036323 4636032.195055 1303223761.0
444770.544941 4636028.294298 1303223764.0
444791.191744 4636026.135616 1303223766.0
444811.261992 4636024.536632 1303223768.0
444840.788660 4636022.420328 1303223771.0
444870.228925 4636019.860681 1303223774.0
444898.757274 4636017.419244 1303223777.0
444927.123971 4636015.534340 1303223780.0
444954.914103 4636014.209176 1303223783.0
444982.707674 4636013.328228 1303223786.0
445008.187204 4636013.686628 1303223789.0
445035.987634 4636013.694106 1303223793.0
445056.739795 4636014.422264 1303223797.0
445082.226161 4636015.669146 1303223801.0
445105.631142 4636016.043890 1303223804.0
445131.943026 4636016.729419 1303223807.0
445159.164277 4636016.963907 1303223810.0
445186.464233 4636016.642725 1303223813.0
445213.431412 4636016.213173 1303223816.0
445239.815162 4636015.455107 1303223819.0
445265.784864 4636014.811355 1303223822.0
445293.089090 4636015.045718 1303223825.0
445321.302696 4636014.829069 1303223828.0
445350.015042 4636014.719738 1303223831.0
445377.229467 4636014.066842 1303223834.0
445403.618339 4636013.975547 1303223837.0
445428.353540 4636014.674256 1303223840.0
445449.022658 4636015.404192 1303223843.0
445471.105000 4636016.456469 1303223848.0
445495.589540 4636016.935262 1303223876.0
445518.159564 4636016.651548 1303223879.0
445543.401114 4636018.457120 1303223882.0
445569.631635 4636019.366954 1303223885.0
445596.106002 4636019.608819 1303223888.0
445622.000347 4636019.966245 1303223891.0
445648.310439 4636020.431626 1303223894.0
445675.293690 4636022.113340 1303223897.0
445704.182106 4636023.336498 1303223900.0
445724.686040 4636024.179525 1303223902.0
445745.682781 4636024.352655 1303223904.0
445765.932690 4636024.531535 1303223906.0
445795.559453 4636024.639104 1303223909.0
445824.522366 4636024.751846 1303223912.0
445852.740134 4636025.092437 1303223915.0
445880.118807 4636024.218147 1303223918.0
445906.419575 4636023.463181 1303223921.0
445932.572085 4636025.041144 1303223924.0
445960.628089 4636025.938559 1303223927.0
445989.508843 4636026.163629 1303223930.0
446018.476781 4636026.943322 1303223933.0
446047.359207 4636027.390681 1303223936.0
446075.991003 4636027.617987 1303223939.0
446104.212091 4636028.403683 1303223942.0
446132.758378 4636028.298763 1303223945.0
446162.387612 4636028.740940 1303223948.0
446182.636639 4636028.809976 1303223950.0
446211.259192 4636027.816526 1303223953.0
446236.875162 4636024.292115 1303223956.0
446257.017759 4636021.253228 1303223959.0
446277.405966 4636017.768411 1303223964.0
446297.961934 4636003.512137 1303223970.0
446300.993957 4635976.397102 1303223974.0
446300.774647 4635947.307978 1303223977.0
446300.683521 4635924.213698 1303223979.0
446299.919329 4635899.903124 1303223981.0
446299.818159 4635875.476520 1303223983.0
446299.970124 4635851.603175 1303223985.0
446299.967844 4635829.285463 1303223987.0
446299.650373 4635809.190797 1303223989.0
446298.899568 4635786.656663 1303223992.0
