444366.140665 4635463.502825 1303512046.0
444337.819295 4635460.837179 1303512050.0
444309.437481 4635461.059000 1303512053.0
444286.813082 4635465.233127 1303512057.0
444271.414241 4635480.676261 1303512064.0
444268.112912 4635504.241288 1303512068.0
444266.691177 4635534.675718 1303512071.0
444264.384403 4635568.670162 1303512074.0
444261.773098 4635595.560817 1303512077.0
444260.234550 4635621.665843 1303512080.0
444260.708521 4635650.419937 1303512083.0
444259.680937 4635678.186477 1303512086.0
444262.849976 4635701.367785 1303512089.0
444282.549064 4635715.870160 1303512093.0
444307.308915 4635719.562721 1303512096.0
444329.158200 4635722.500877 1303512098.0
444351.415451 4635724.547640 1303512100.0
444371.611077 4635728.276082 1303512104.0
444394.279751 4635729.875630 1303512114.0
444433.130411 4635731.348997 1303512118.0
444456.793141 4635732.718921 1303512121.0
444477.477937 4635735.333508 1303512127.0
444500.720530 4635736.040649 1303512130.0
444521.133861 4635735.770595 1303512132.0
444544.790505 4635736.363621 1303512134.0
444569.446413 4635737.393085 1303512136.0
444595.338444 4635737.302679 1303512138.0
444619.408268 4635737.670671 1303512140.0
444646.889080 4635739.122575 1303512143.0
444668.635327 4635739.508790 1303512156.0
444688.898195 4635741.238996 1303512164.0
444699.406581 4635758.589726 1303512169.0
444696.595861 4635781.373497 1303512172.0
444693.931077 4635812.261611 1303512175.0
444692.301996 4635837.589991 1303512177.0
444691.605571 4635865.464910 1303512179.0
444692.572256 4635893.771053 1303512181.0
444693.615022 4635921.188334 1303512183.0
444693.558326 4635945.949339 1303512185.0
444694.054055 4635967.041937 1303512187.0
444693.093186 4635992.920304 1303512190.0
444694.525850 4636017.114578 1303512194.0
444717.822643 4636024.928162 1303512198.0
444747.022531 4636023.480209 1303512201.0
444771.586676 4636023.511761 1303512203.0
444799.638609 4636023.849468 1303512205.0
444829.423681 4636022.952488 1303512207.0
444859.705786 4636021.940750 1303512209.0
444889.653395 4636020.598628 1303512211.0
444919.933797 4636019.365092 1303512213.0
444951.378518 4636018.455788 1303512215.0
444983.825880 4636018.427148 1303512217.0
445015.862619 4636018.956996 1303512219.0
445046.488671 4636019.497872 1303512221.0
445076.452579 4636020.266053 1303512223.0
445107.244579 4636020.805910 1303512225.0
445139.863867 4636021.553893 1303512227.0
445173.725299 4636021.959362 1303512229.0
445207.753540 4636022.474742 1303512231.0
445240.366827 4636022.445995 1303512233.0
445271.901356 4636022.425686 1303512235.0
445303.354608 4636022.628208 1303512237.0
445334.806152 4636022.608814 1303512239.0
445364.763181 4636022.489990 1303512241.0
445391.903960 4636023.059085 1303512243.0
445415.561229 4636023.877048 1303512245.0
445443.936505 4636023.104476 1303512248.0
445466.676723 4636023.374464 1303512252.0
445490.092682 4636025.193824 1303512272.0
445515.158057 4636025.668240 1303512275.0
445536.667977 4636027.835435 1303512277.0
445558.334509 4636028.780128 1303512279.0
445580.742774 4636029.053016 1303512281.0
445604.311074 4636029.095049 1303512283.0
445629.125782 4636029.349712 1303512285.0
445655.186896 4636029.817018 1303512287.0
445682.821257 4636029.828287 1303512289.0
445710.704558 4636029.837765 1303512291.0
445737.510797 4636030.077626 1303512293.0
445763.654030 4636030.433669 1303512295.0
445789.964911 4636031.010600 1303512297.0
445816.276631 4636031.698656 1303512299.0
445841.754313 4636031.837982 1303512301.0
445866.986425 4636032.423400 1303512303.0
445891.553841 4636032.902923 1303512305.0
445916.202547 4636033.159847 1303512307.0
445942.262767 4636033.517176 1303512309.0
445968.406807 4636033.984998 1303512311.0
445993.390793 4636034.683779 1303512313.0
446017.126693 4636034.947973 1303512315.0
446037.875278 4636035.234879 1303512317.0
446060.862663 4636035.282822 1303512321.0
446081.526582 4636035.348429 1303512329.0
446108.502926 4636036.143565 1303512332.0
446130.745155 4636036.419439 1303512334.0
446154.649516 4636037.015918 1303512336.0
446177.889186 4636037.506466 1303512338.0
446198.800357 4636037.348477 1303512340.0
446222.515271 4636034.837676 1303512343.0
446242.399672 4636030.579327 1303512351.0
446263.873299 4636027.974547 1303512359.0
446285.054457 4636019.598295 1303512374.0
446297.193338 4636000.631061 1303512378.0
446296.660501 4635973.987037 1303512381.0
446296.087374 4635953.006027 1303512383.0
446295.904042 4635928.691073 1303512385.0
446295.619311 4635901.934147 1303512387.0
446295.983375 4635873.173729 1303512389.0
446296.269483 4635845.080100 1303512391.0
446297.077773 4635820.202507 1303512393.0
446297.950638 4635792.881691 1303512396.0
446297.628140 4635772.120864 1303512416.0
446297.184152 4635746.253413 1303512426.0
446298.286736 4635716.377100 1303512429.0
446299.844433 4635691.826963 1303512431.0
446301.295722 4635664.168693 1303512433.0
446302.229025 4635633.849527 1303512435.0
446303.161502 4635603.419335 1303512437.0
446306.016901 4635574.862219 1303512439.0
446308.224334 4635548.419624 1303512441.0
446308.725881 4635526.875360 1303512443.0
446309.965949 4635504.215196 1303512447.0
446326.372455 4635489.768250 1303512474.0
446349.616397 4635490.592456 1303512477.0
446370.462062 4635492.545126 1303512479.0
446391.389867 4635494.386206 1303512481.0
446415.064586 4635497.317017 1303512484.0
