446306.860018 4635081.090390 1301950788.0
446309.609112 4635060.417471 1301950808.0
446311.363988 4635039.974113 1301950812.0
446312.178347 4635015.873743 1301950816.0
446313.510751 4634994.434270 1301950822.0
446315.228849 4634969.105726 1301950829.0
446315.486541 4634948.229520 1301950832.0
446315.797114 4634923.355718 1301950835.0
446316.448869 4634899.700712 1301950838.0
446316.926276 4634874.936687 1301950842.0
446317.345789 4634853.504099 1301950845.0
446318.318667 4634828.403244 1301950848.0
446318.602498 4634799.976582 1301950851.0
446319.278541 4634779.541364 1301950853.0
446319.620097 4634758.775566 1301950855.0
446319.883679 4634738.676556 1301950857.0
446319.794369 4634715.804374 1301950860.0
446315.234124 4634694.409309 1301950869.0
446290.993297 4634693.814753 1301950874.0
446264.021954 4634694.351204 1301950878.0
446241.357216 4634693.633897 1301950881.0
446216.704746 4634693.486833 1301950884.0
446191.639806 4634693.676069 1301950887.0
446167.566630 4634693.302733 1301950891.0
446145.981667 4634692.688606 1301950898.0
446120.085918 4634692.773339 1301950902.0
446099.005644 4634693.043804 1301950906.0
446077.255518 4634692.542168 1301950920.0
446050.690749 4634691.966016 1301950924.0
446026.286407 4634691.706698 1301950927.0
446004.042495 4634691.764192 1301950930.0
445982.236291 4634694.816337 1301950938.0
445979.514912 4634719.042242 1301950944.0
445979.705146 4634744.134341 1301950948.0
445979.129901 4634766.789510 1301950951.0
445978.473350 4634789.667364 1301950954.0
445978.222521 4634811.320775 1301950958.0
445977.576923 4634835.641981 1301950966.0
445976.991598 4634856.964829 1301950969.0
445976.845662 4634881.504316 1301950972.0
445976.539635 4634906.822251 1301950975.0
445976.376869 4634929.141199 1301950978.0
445976.290365 4634950.571302 1301950987.0
445976.118344 4634971.668954 1301950992.0
445975.608460 4634991.991935 1301950995.0
445974.620830 4635014.983341 1301950998.0
445974.053221 4635038.637764 1301951001.0
445973.166279 4635063.960111 1301951004.0
445972.376650 4635091.169290 1301951007.0
445971.677598 4635119.377084 1301951010.0
445971.144538 4635147.583621 1301951013.0
445970.757258 4635173.124250 1301951016.0
445969.426774 4635194.674830 1301951020.0
445967.592462 4635215.451997 1301951046.0
445948.101907 4635228.146627 1301951055.0
445926.772559 4635228.197452 1301951059.0
445905.356849 4635227.804862 1301951063.0
445878.382471 4635227.676630 1301951067.0
445853.566683 4635227.643127 1301951070.0
445826.839583 4635227.291144 1301951073.0
445799.032759 4635226.836441 1301951076.0
445770.973579 4635225.939634 1301951079.0
445741.091139 4635225.389924 1301951082.0
445720.009900 4635225.328444 1301951084.0
445698.347726 4635225.271455 1301951086.0
445677.015819 4635224.989946 1301951088.0
445654.854853 4635224.825859 1301951090.0
445633.521247 4635224.322426 1301951092.0
445612.022503 4635223.931351 1301951094.0
445590.441613 4635223.652002 1301951096.0
445569.110540 4635223.481844 1301951098.0
445548.608520 4635223.194379 1301951100.0
445522.464849 4635223.172178 1301951103.0
445502.017180 4635229.990580 1301951107.0
445498.780204 4635251.666892 1301951111.0
445498.286161 4635273.877390 1301951114.0
445497.908239 4635300.417310 1301951117.0
445498.045245 4635329.173964 1301951120.0
445498.013727 4635357.598808 1301951123.0
445497.553679 4635384.250394 1301951126.0
445496.817489 4635407.351018 1301951129.0
445496.395420 4635428.117534 1301951133.0
445497.135184 4635448.875161 1301951140.0
445498.216238 4635470.851548 1301951144.0
445498.062672 4635494.169785 1301951148.0
445494.658176 4635515.625324 1301951165.0
445493.596020 4635539.505683 1301951169.0
445493.638183 4635566.708603 1301951172.0
445493.629376 4635587.249895 1301951174.0
445493.628216 4635608.790432 1301951176.0
445493.794728 4635630.551754 1301951178.0
445493.793571 4635652.092293 1301951180.0
445493.540062 4635673.190629 1301951182.0
445493.449977 4635693.954613 1301951184.0
445492.773904 4635714.056881 1301951186.0
445491.826221 4635742.044619 1301951189.0
445493.168116 4635765.573490 1301951192.0
445495.394791 4635785.431480 1301951198.0
445497.984822 4635809.394938 1301951204.0
445499.398630 4635831.479824 1301951207.0
445500.597462 4635858.007704 1301951210.0
445502.145208 4635886.753589 1301951213.0
445503.044959 4635906.732771 1301951215.0
445503.616175 4635927.158602 1301951217.0
445504.244305 4635955.023257 1301951220.0
445505.076355 4635977.001566 1301951223.0
445505.150526 4635997.542236 1301951237.0
445515.336506 4636016.451076 1301951244.0
445536.582228 4636016.621686 1301951248.0
445558.491798 4636016.787285 1301951251.0
445581.403925 4636017.833561 1301951254.0
445605.975667 4636018.867236 1301951257.0
445632.870871 4636019.883260 1301951260.0
445661.423993 4636020.664669 1301951263.0
445690.641802 4636021.552158 1301951266.0
445710.807050 4636021.509459 1301951268.0
445740.683619 4636021.725930 1301951271.0
445769.239251 4636022.840853 1301951274.0
445795.566213 4636025.527322 1301951277.0
445819.890631 4636026.785683 1301951280.0
445841.287909 4636025.068476 1301951283.0
445864.523438 4636025.002867 1301951287.0
445885.275440 4636025.733437 1301951313.0
445910.008839 4636026.211763 1301951318.0
445930.342555 4636026.501506 1301951321.0
445953.663583 4636026.768639 1301951324.0
445979.226779 4636027.240909 1301951327.0
446004.961824 4636028.489203 1301951330.0
446027.199038 4636028.098591 1301951333.0
446050.680128 4636027.587593 1301951337.0
446073.340656 4636028.304254 1301951342.0
446093.913210 4636027.260253 1301951353.0
446114.171485 4636028.550394 1301951362.0
446136.766652 4636031.599457 1301951366.0
446162.583786 4636032.736665 1301951370.0
446184.682709 4636036.011697 1301951375.0
