446303.908159 4635284.081623 1302971352.0
446304.399691 4635261.205043 1302971362.0
446297.029761 4635241.385620 1302971367.0
446277.410609 4635237.092203 1302971370.0
446251.598997 4635237.064823 1302971373.0
446223.625449 4635236.498690 1302971376.0
446197.063566 4635236.033038 1302971379.0
446172.989705 4635235.326619 1302971382.0
446152.403944 4635234.927017 1302971386.0
446127.248681 4635233.895827 1302971404.0
446106.498611 4635233.719667 1302971407.0
446080.933425 4635233.357941 1302971410.0
446054.038711 4635232.784308 1302971413.0
446026.897542 4635232.545743 1302971416.0
446001.585522 4635232.737551 1302971419.0
445980.432274 4635234.119283 1302971422.0
445971.533691 4635253.617617 1302971426.0
445972.358433 4635274.818754 1302971429.0
445972.640976 4635301.131544 1302971432.0
445972.527099 4635329.890077 1302971435.0
445972.251458 4635359.205006 1302971438.0
445971.822945 4635379.305316 1302971440.0
445971.217046 4635408.844819 1302971443.0
445970.763657 4635436.606631 1302971446.0
445967.962201 4635461.166281 1302971449.0
445965.882389 4635482.389456 1302971464.0
445948.064115 4635496.625888 1302971469.0
445926.323164 4635497.012951 1302971472.0
445899.584435 4635494.995298 1302971475.0
445871.276524 4635493.988969 1302971478.0
445842.640031 4635493.429384 1302971481.0
445814.832559 4635492.752576 1302971484.0
445787.358718 4635492.295403 1302971487.0
445761.543772 4635491.714673 1302971490.0
445737.973704 4635491.672104 1302971493.0
445716.717971 4635490.390607 1302971498.0
445692.649126 4635490.240955 1302971504.0
445670.901382 4635489.740581 1302971507.0
445647.159398 4635488.922388 1302971510.0
445621.925330 4635488.337730 1302971514.0
445599.764331 4635488.062795 1302971517.0
445575.366913 4635488.360183 1302971520.0
445553.537010 4635487.971828 1302971523.0
445530.967009 4635488.477468 1302971527.0
445506.467919 4635486.333129 1302971540.0
445484.644799 4635486.833202 1302971543.0
445458.913627 4635486.363960 1302971546.0
445432.189153 4635486.235520 1302971549.0
445405.794925 4635485.882582 1302971552.0
445378.151624 4635484.984151 1302971555.0
445348.686000 4635484.543942 1302971558.0
445328.352391 4635484.477898 1302971560.0
445307.437868 4635484.416373 1302971562.0
445286.440356 4635484.355546 1302971564.0
445265.441137 4635484.072727 1302971566.0
445244.443622 4635484.012025 1302971568.0
445223.445251 4635483.840357 1302971570.0
445202.362183 4635483.447335 1302971572.0
445181.861733 4635483.271959 1302971574.0
445152.480772 4635483.053977 1302971577.0
445124.176934 4635482.605751 1302971580.0
445094.798532 4635482.721088 1302971583.0
445064.830656 4635481.730755 1302971586.0
445034.861055 4635480.518493 1302971589.0
445005.889006 4635479.520724 1302971592.0
444979.072049 4635478.173326 1302971595.0
444953.507613 4635477.815653 1302971598.0
444929.276982 4635478.224998 1302971601.0
444907.950914 4635478.611962 1302971605.0
444882.979411 4635479.804430 1302971617.0
444861.972408 4635478.523556 1302971620.0
444836.158998 4635478.168231 1302971623.0
444808.021934 4635477.831003 1302971626.0
444779.303092 4635477.387362 1302971629.0
444750.834068 4635477.052933 1302971632.0
444722.370209 4635477.384780 1302971635.0
444702.204240 4635477.541290 1302971637.0
444681.951836 4635477.254393 1302971639.0
444661.861091 4635476.411128 1302971641.0
444631.807520 4635475.090179 1302971644.0
444611.720214 4635474.691164 1302971646.0
444591.305272 4635474.849924 1302971648.0
444571.053714 4635474.674369 1302971650.0
444542.421273 4635474.675145 1302971653.0
444516.857640 4635474.430067 1302971656.0
444495.525507 4635474.041075 1302971660.0
444474.773417 4635473.536592 1302971666.0
444454.016995 4635472.477034 1302971669.0
444430.184827 4635470.775324 1302971672.0
444403.786095 4635469.870962 1302971675.0
444374.680838 4635473.096086 1302971678.0
444347.289721 4635472.643818 1302971681.0
444321.802108 4635471.510573 1302971684.0
444301.544444 4635470.558595 1302971687.0
444279.128225 4635469.512523 1302971694.0
444255.983354 4635470.803936 1302971698.0
444233.090061 4635472.426558 1302971701.0
444205.367842 4635472.088461 1302971704.0
444175.977165 4635470.653206 1302971707.0
444147.999006 4635469.429066 1302971710.0
444127.716660 4635475.917053 1302971713.0
444105.213951 4635474.428070 1302971718.0
444079.393468 4635473.187270 1302971723.0
444055.990080 4635473.259989 1302971726.0
444029.343194 4635472.469996 1302971729.0
444001.200777 4635471.469791 1302971732.0
443974.469141 4635470.458601 1302971735.0
443949.235641 4635469.990894 1302971738.0
443924.690510 4635472.626812 1302971742.0
443901.848792 4635470.252867 1302971755.0
443874.772058 4635467.579257 1302971759.0
443850.858464 4635466.102193 1302971762.0
443824.133780 4635465.979784 1302971765.0
443795.744083 4635465.204407 1302971768.0
443766.275536 4635464.437660 1302971771.0
443745.772293 4635463.933335 1302971773.0
443724.440045 4635463.546651 1302971775.0
443703.026561 4635463.382742 1302971777.0
443681.861160 4635463.105901 1302971779.0
443660.777866 4635462.717440 1302971781.0
443639.778435 4635462.439411 1302971783.0
443619.194819 4635462.269188 1302971785.0
443590.145563 4635462.055021 1302971788.0
443564.583552 4635462.035413 1302971791.0
443543.422534 4635462.314120 1302971795.0
443518.111245 4635462.514760 1302971802.0
443496.617396 4635462.685210 1302971805.0
443471.968247 4635462.658694 1302971808.0
443445.154361 4635461.761175 1302971811.0
443417.011778 4635460.763277 1302971814.0
443388.788845 4635460.099230 1302971817.0
443361.564407 4635459.760459 1302971820.0
443336.003256 4635459.852698 1302971823.0
443312.679242 4635459.483090 1302971826.0
443291.196868 4635461.097514 1302971831.0
443271.098771 4635459.369952 1302971849.0
443246.355993 4635458.012551 1302971853.0
443223.114951 4635457.642575 1302971856.0
443200.289731 4635457.380393 1302971859.0
443177.965977 4635457.558422 1302971863.0
443155.807314 4635457.624169 1302971869.0
443128.583726 4635457.397315 1302971873.0
443106.760558 4635457.904673 1302971876.0
443080.869209 4635458.222533 1302971880.0
443065.793336 4635472.222292 1302971886.0
443066.981742 4635496.307236 1302971898.0
443066.199745 4635523.072751 1302971902.0
443065.487433 4635548.172197 1302971905.0
443064.875862 4635575.491524 1302971908.0
443064.931739 4635603.249656 1302971911.0
443064.731561 4635630.121560 1302971914.0
443064.286868 4635657.550592 1302971917.0
443063.444115 4635687.092459 1302971920.0
443063.527084 4635707.855216 1302971922.0
443063.196016 4635728.732317 1302971924.0
443062.700758 4635749.832800 1302971926.0
443062.289377 4635771.043648 1302971928.0
443061.959209 4635792.031778 1302971930.0
443061.712028 4635813.019247 1302971932.0
443061.381866 4635834.007379 1302971934.0
443061.215012 4635854.661103 1302971936.0
443060.798324 4635875.205791 1302971938.0
443061.032636 4635904.516990 1302971941.0
443061.001139 4635931.720663 1302971944.0
443061.612199 4635956.254375 1302971947.0
443062.367033 4635978.011079 1302971951.0
443065.696070 4635999.969276 1302971969.0
443091.048046 4636005.096319 1302971974.0
443112.381402 4636005.814172 1302971977.0
443136.627970 4636007.619175 1302971980.0
443162.030064 4636008.637798 1302971983.0
443187.935351 4636010.318704 1302971986.0
443215.660905 4636011.318985 1302971989.0
443244.042339 4636011.314839 1302971992.0
443273.584628 4636011.190525 1302971995.0
443303.541822 4636011.063032 1302971998.0
443333.590830 4636012.045277 1302972001.0
443353.761504 4636012.662069 1302972003.0
443383.059249 4636013.095326 1302972006.0
443410.115608 4636013.435477 1302972009.0
443433.019364 4636013.364573 1302972012.0
443453.759432 4636012.533680 1302972018.0
443476.084962 4636012.800607 1302972022.0
443502.147295 4636013.371065 1302972025.0
443522.564245 4636013.653278 1302972027.0
443543.976970 4636013.927656 1302972029.0
443566.301608 4636014.083839 1302972031.0
443588.627122 4636014.351120 1302972033.0
443610.868774 4636014.508100 1302972035.0
443632.865872 4636015.222255 1302972037.0
443655.275237 4636015.600115 1302972039.0
443677.600738 4636015.867674 1302972041.0
443699.509575 4636015.916528 1302972043.0
443720.591228 4636016.305088 1302972045.0
443740.926046 4636016.699610 1302972047.0
443769.809692 4636017.248762 1302972050.0
443796.285121 4636017.594966 1302972053.0
443820.095510 4636016.740912 1302972056.0
443842.558067 4636013.343779 1302972060.0
443860.912550 4636004.649456 1302972067.0
443864.180759 4635977.087225 1302972071.0
443865.625140 4635949.761439 1302972074.0
443866.639748 4635920.551461 1302972077.0
443867.140861 4635899.895161 1302972079.0
443867.628854 4635877.573452 1302972081.0
443868.363176 4635854.916701 1302972083.0
443868.769946 4635832.817703 1302972085.0
443869.927948 4635811.267956 1302972087.0
443872.088766 4635790.598582 1302972089.0
443873.691328 4635762.272253 1302972092.0
443875.188299 4635741.608112 1302972095.0
443891.931838 4635728.485215 1302972099.0
443913.921034 4635728.089974 1302972102.0
443936.827431 4635728.242753 1302972105.0
443957.824304 4635728.299595 1302972108.0
443978.908527 4635728.910982 1302972130.0
443999.836378 4635730.745036 1302972134.0
444021.331148 4635730.798150 1302972137.0
444043.991191 4635731.286312 1302972140.0
444068.146696 4635731.984871 1302972144.0
444091.645290 4635733.576940 1302972151.0
444111.819261 4635734.528967 1302972154.0
444137.383742 4635734.994638 1302972157.0
444165.524220 4635735.884344 1302972160.0
444195.658058 4635736.980612 1302972163.0
444216.324691 4635737.262871 1302972165.0
444237.406245 4635737.541941 1302972167.0
444258.321826 4635737.822372 1302972169.0
444278.573528 4635738.108058 1302972171.0
444307.705441 4635738.435400 1302972174.0
444336.589263 4635738.875833 1302972177.0
444366.219072 4635739.199523 1302972180.0
444395.017299 4635739.307760 1302972183.0
444422.235351 4635738.984306 1302972186.0
444446.045844 4635738.021328 1302972189.0
444467.377193 4635738.410164 1302972193.0
444479.242061 4635716.777089 1302972200.0
444479.483909 4635694.568415 1302972203.0
444480.193383 4635668.469910 1302972206.0
444481.047204 4635639.594432 1302972209.0
444482.060083 4635609.829446 1302972212.0
444482.746220 4635580.733210 1302972215.0
444482.948291 4635553.417292 1302972218.0
444483.164210 4635527.877809 1302972221.0
444484.052684 4635503.443425 1302972225.0
444485.388117 4635483.113814 1302972234.0
444504.387015 4635471.640324 1302972239.0
444524.727627 4635472.592233 1302972242.0
444547.226774 4635473.638431 1302972245.0
444569.386187 4635473.688039 1302972248.0
444590.804756 4635474.520715 1302972251.0
444614.965361 4635475.776272 1302972255.0
444636.380464 4635476.164976 1302972259.0
