444380.159986 4635483.934629 1303255220.0
444351.939037 4635483.488823 1303255225.0
444329.373380 4635484.553407 1303255228.0
444307.049746 4635484.727898 1303255232.0
444287.105832 4635481.441794 1303255251.0
444269.016687 4635492.464617 1303255265.0
444269.448056 4635515.778375 1303255271.0
444266.548657 4635537.674750 1303255279.0
444266.391310 4635559.993810 1303255288.0
444277.437993 4635582.336253 1303255296.0
444283.242589 4635602.943169 1303255301.0
444282.423048 4635625.489478 1303255305.0
444291.616115 4635644.293354 1303255308.0
444311.417379 4635661.237757 1303255311.0
444329.191327 4635673.645665 1303255313.0
444357.231086 4635682.864468 1303255316.0
444377.520215 4635687.924606 1303255318.0
444399.966059 4635692.856932 1303255320.0
444421.645081 4635695.241532 1303255322.0
444442.009318 4635699.301960 1303255324.0
444457.396291 4635714.282582 1303255328.0
444475.015130 4635728.135499 1303255336.0
444497.359624 4635730.737207 1303255339.0
444529.321663 4635732.153743 1303255342.0
444553.063030 4635732.968204 1303255344.0
444575.888105 4635733.345738 1303255346.0
444597.470135 4635733.955082 1303255348.0
444621.712844 4635735.210008 1303255351.0
444643.965641 4635736.702548 1303255356.0
444664.060830 4635738.211919 1303255368.0
444686.722277 4635749.583434 1303255373.0
444692.728597 4635774.963557 1303255377.0
444692.983997 4635797.168354 1303255380.0
444692.032577 4635824.268014 1303255383.0
444691.614632 4635845.256668 1303255385.0
444691.372140 4635867.465333 1303255387.0
444690.886739 4635890.453123 1303255389.0
444690.662360 4635914.993362 1303255391.0
444689.606438 4635939.317991 1303255393.0
444686.883129 4635962.656264 1303255395.0
444684.645658 4635984.436292 1303255397.0
444683.682240 4636009.981580 1303255400.0
444686.105533 4636033.501956 1303255405.0
444712.202089 4636038.517929 1303255410.0
444737.342744 4636037.989718 1303255412.0
444764.717860 4636036.667029 1303255414.0
444793.168296 4636034.891975 1303255416.0
444821.209000 4636033.786413 1303255418.0
444849.746737 4636032.566078 1303255420.0
444879.355502 4636030.338264 1303255422.0
444908.462103 4636027.559288 1303255424.0
444936.573810 4636024.899157 1303255426.0
444962.286804 4636023.256978 1303255428.0
444985.764462 4636022.298360 1303255430.0
445006.511463 4636022.360207 1303255432.0
445031.823282 4636022.497918 1303255435.0
445052.063827 4636021.453468 1303255439.0
445078.688790 4636019.693640 1303255456.0
445105.495129 4636019.931122 1303255459.0
445127.237048 4636019.874620 1303255461.0
445151.052641 4636019.691180 1303255463.0
445177.692156 4636019.819185 1303255465.0
445205.158063 4636019.496797 1303255467.0
445233.040584 4636019.393379 1303255469.0
445261.836750 4636019.394082 1303255471.0
445291.704847 4636018.498397 1303255473.0
445320.915066 4636018.385125 1303255475.0
445349.550379 4636019.053620 1303255477.0
445376.778411 4636020.177158 1303255479.0
445403.344286 4636021.527943 1303255481.0
445428.993955 4636022.441711 1303255483.0
445453.812105 4636023.139872 1303255485.0
445477.047658 4636023.072999 1303255487.0
445500.205326 4636023.672999 1303255489.0
445524.777914 4636024.817421 1303255491.0
445550.598602 4636026.396521 1303255493.0
445577.247392 4636027.747319 1303255495.0
445604.471100 4636028.316591 1303255497.0
445632.107165 4636028.549717 1303255499.0
445659.830443 4636029.337454 1303255501.0
445687.135421 4636029.684354 1303255503.0
445714.195683 4636030.588391 1303255505.0
445741.504879 4636031.490636 1303255507.0
445768.562588 4636032.061798 1303255509.0
445795.124940 4636032.969934 1303255511.0
445820.939610 4636033.772823 1303255513.0
445845.752593 4636033.806186 1303255515.0
445869.735765 4636033.845941 1303255517.0
445894.044955 4636033.106066 1303255519.0
445919.266096 4636032.248315 1303255521.0
445945.491439 4636032.493369 1303255523.0
445972.793846 4636032.508282 1303255525.0
445999.931131 4636032.635585 1303255527.0
446026.566321 4636032.211628 1303255529.0
446051.959321 4636032.130280 1303255531.0
446076.026308 4636032.281129 1303255533.0
446099.433645 4636032.992220 1303255535.0
446123.088240 4636033.479449 1303255537.0
446147.316981 4636033.074148 1303255539.0
446170.382312 4636032.455654 1303255541.0
446190.537442 4636031.081986 1303255543.0
446215.906125 4636027.781434 1303255546.0
446236.882705 4636025.291360 1303255551.0
