443900.400404 4635465.489808 1302361796.0
443874.262760 4635466.139827 1302361804.0
443850.768475 4635465.214629 1302361807.0
443822.378779 4635464.439147 1302361810.0
443801.791679 4635463.824287 1302361812.0
443780.043622 4635463.329683 1302361814.0
443757.632535 4635462.951415 1302361816.0
443734.639652 4635462.466777 1302361818.0
443711.315691 4635462.095864 1302361820.0
443687.901717 4635460.837466 1302361822.0
443664.406502 4635459.801856 1302361824.0
443641.159363 4635458.653326 1302361826.0
443618.498403 4635458.166437 1302361828.0
443596.834173 4635457.782763 1302361830.0
443575.919468 4635457.726320 1302361832.0
443547.134111 4635459.397818 1302361835.0
443524.984272 4635460.572688 1302361838.0
443503.749066 4635461.962443 1302361859.0
443476.948398 4635462.730212 1302361863.0
443449.718692 4635461.724941 1302361866.0
443429.132415 4635461.222185 1302361868.0
443407.467291 4635460.728059 1302361870.0
443385.552318 4635460.124951 1302361872.0
443364.051396 4635459.407584 1302361874.0
443343.381230 4635458.794708 1302361876.0
443314.245410 4635458.138217 1302361879.0
443290.009405 4635457.886974 1302361882.0
443267.525870 4635458.843234 1302361889.0
443244.204499 4635458.806931 1302361893.0
443220.382544 4635458.441592 1302361896.0
443196.727447 4635458.186037 1302361899.0
443176.637285 4635457.457986 1302361903.0
443154.476849 4635457.301682 1302361909.0
443128.497193 4635456.953869 1302361913.0
443106.336751 4635456.797715 1302361916.0
443086.006478 4635457.182180 1302361919.0
443066.564649 4635464.887865 1302361927.0
443065.839014 4635488.321900 1302361945.0
443064.899032 4635516.087986 1302361949.0
443064.709492 4635544.292214 1302361952.0
443064.277208 4635573.275623 1302361955.0
443063.939023 4635593.264502 1302361957.0
443063.767701 4635613.363082 1302361959.0
443063.330995 4635641.791358 1302361962.0
443063.133490 4635668.996346 1302361965.0
443063.278580 4635697.531009 1302361968.0
443063.027835 4635718.074365 1302361970.0
443062.704758 4635739.950712 1302361972.0
443062.554753 4635762.713951 1302361974.0
443062.159348 4635785.923290 1302361976.0
443061.930804 4635809.242330 1302361978.0
443061.542508 4635833.339888 1302361980.0
443061.227438 4635856.215485 1302361982.0
443061.071237 4635878.201537 1302361984.0
443060.990921 4635899.298709 1302361986.0
443061.068585 4635919.395309 1302361988.0
443061.125396 4635947.264482 1302361991.0
443061.144933 4635970.470511 1302361994.0
443060.897774 4635991.457985 1302362013.0
443080.917198 4636004.288997 1302362018.0
443102.414747 4636004.783439 1302362021.0
443128.397728 4636005.797302 1302362024.0
443156.379346 4636007.683584 1302362027.0
443184.430644 4636007.903904 1302362030.0
443213.808757 4636008.002721 1302362033.0
443234.552366 4636007.615299 1302362035.0
443256.690740 4636005.218207 1302362037.0
443278.846812 4636005.041729 1302362039.0
443301.586406 4636005.193779 1302362041.0
443324.489310 4636005.011499 1302362043.0
443347.228017 4636005.052666 1302362045.0
443369.715130 4636004.762804 1302362047.0
443391.209112 4636004.814009 1302362049.0
443411.702021 4636004.207027 1302362051.0
443436.930172 4636004.228703 1302362054.0
443458.512421 4636004.945616 1302362060.0
443481.828466 4636004.538493 1302362064.0
443506.559602 4636004.675394 1302362067.0
443534.776840 4636004.895778 1302362070.0
443555.026088 4636004.957345 1302362072.0
443576.269355 4636004.789027 1302362074.0
443598.263851 4636005.169994 1302362076.0
443620.671493 4636005.325691 1302362078.0
443643.488770 4636004.812011 1302362080.0
443666.476402 4636004.852228 1302362082.0
443689.629996 4636004.891208 1302362084.0
443712.704116 4636005.375027 1302362086.0
443735.033153 4636006.086876 1302362088.0
443757.192714 4636006.355996 1302362090.0
443778.356494 4636006.633044 1302362092.0
443807.979125 4636006.177211 1302362095.0
443831.446245 4636003.882460 1302362098.0
443853.582173 4636001.154144 1302362115.0
443862.389288 4635981.431677 1302362119.0
443863.941144 4635957.213999 1302362122.0
443865.204690 4635928.002059 1302362125.0
443865.783530 4635906.678940 1302362127.0
443866.187660 4635884.246858 1302362129.0
443866.919351 4635861.257025 1302362131.0
443867.729658 4635837.711403 1302362133.0
443868.292772 4635814.389797 1302362135.0
443869.940806 4635791.836883 1302362137.0
443871.847430 4635770.503307 1302362139.0
443872.723258 4635744.736490 1302362142.0
443886.183154 4635725.643612 1302362147.0
443907.423747 4635725.032180 1302362150.0
443930.323163 4635724.296721 1302362153.0
443951.902689 4635724.571027 1302362156.0
443974.642252 4635724.614207 1302362171.0
443996.968635 4635724.882776 1302362175.0
444021.378359 4635726.245382 1302362178.0
444046.445845 4635726.825667 1302362181.0
444070.270298 4635727.637868 1302362185.0
444092.209625 4635731.462864 1302362192.0
444114.368265 4635731.511049 1302362195.0
444141.926998 4635732.294192 1302362198.0
444170.728753 4635732.845631 1302362201.0
444191.150796 4635733.684904 1302362203.0
444212.068132 4635734.187254 1302362205.0
444233.237025 4635735.020798 1302362207.0
444254.645308 4635734.631157 1302362209.0
444276.373371 4635732.684603 1302362211.0
444297.778188 4635731.850983 1302362213.0
444319.106968 4635731.906294 1302362215.0
444340.519599 4635732.072048 1302362217.0
444361.671132 4635730.685429 1302362219.0
444382.412951 4635729.968276 1302362221.0
444402.655132 4635729.033016 1302362223.0
444431.629759 4635730.472432 1302362226.0
444455.371149 4635731.286568 1302362229.0
444475.654775 4635725.021562 1302362235.0
444477.549385 4635701.911734 1302362239.0
444478.614158 4635678.808375 1302362242.0
444478.703883 4635658.377431 1302362244.0
444480.780074 4635637.264802 1302362246.0
444482.032477 4635616.935832 1302362248.0
444482.365119 4635595.725760 1302362250.0
444482.196384 4635574.075460 1302362252.0
444481.783016 4635552.982238 1302362254.0
444481.624666 4635532.664266 1302362256.0
444481.822412 4635504.793213 1302362259.0
444481.997744 4635484.694710 1302362262.0
444497.130761 4635467.033432 1302362270.0
444517.219830 4635467.654178 1302362273.0
444542.136008 4635470.013943 1302362276.0
444568.776765 4635470.028663 1302362279.0
444596.579346 4635470.034447 1302362282.0
444624.881578 4635470.258523 1302362285.0
444650.108088 4635469.840406 1302362288.0
444671.856019 4635470.337665 1302362293.0
