446016.290778 4635234.735743 1303332117.0
445995.700790 4635233.781458 1303332132.0
445971.875019 4635232.962805 1303332136.0
445946.720555 4635232.043279 1303332139.0
445917.585079 4635231.487162 1303332142.0
445895.586759 4635230.876957 1303332144.0
445872.761063 4635230.606208 1303332146.0
445850.518826 4635230.664197 1303332148.0
445830.096466 4635229.931183 1303332150.0
445808.759518 4635228.983117 1303332152.0
445787.081308 4635226.816344 1303332154.0
445764.579097 4635225.433143 1303332156.0
445742.081950 4635224.716177 1303332158.0
445719.087701 4635224.114102 1303332160.0
445696.677764 4635223.951781 1303332162.0
445675.510987 4635223.557985 1303332164.0
445655.010671 4635223.492268 1303332166.0
445634.429057 4635223.649297 1303332168.0
445613.429949 4635223.476473 1303332170.0
445592.844943 4635223.189514 1303332172.0
445566.445516 4635222.280836 1303332175.0
445545.608137 4635221.551808 1303332179.0
445520.204580 4635220.635690 1303332184.0
445493.148003 4635220.620577 1303332187.0
445470.653347 4635220.237548 1303332189.0
445445.171883 4635219.988495 1303332191.0
445417.452225 4635220.089782 1303332193.0
445387.490122 4635219.986298 1303332195.0
445356.537239 4635220.556742 1303332197.0
445325.663942 4635220.682574 1303332199.0
445295.536705 4635220.691778 1303332201.0
445266.486635 4635220.470767 1303332203.0
445239.512177 4635220.344953 1303332205.0
445215.772636 4635219.972298 1303332207.0
445195.439118 4635220.017653 1303332209.0
445170.618986 4635219.431394 1303332212.0
445149.867948 4635219.146992 1303332216.0
445124.322272 4635221.342321 1303332237.0
445098.182844 4635221.876813 1303332240.0
445074.525427 4635221.392961 1303332242.0
445048.127608 4635220.708258 1303332244.0
445019.738010 4635220.039023 1303332246.0
444991.018157 4635219.594518 1303332248.0
444961.880773 4635218.820254 1303332250.0
444932.828946 4635218.378549 1303332252.0
444903.858386 4635217.714266 1303332254.0
444875.633875 4635216.933294 1303332256.0
444848.489952 4635216.366137 1303332258.0
444823.339515 4635216.005710 1303332260.0
444799.931877 4635215.631869 1303332262.0
444779.346775 4635215.347260 1303332264.0
444754.943242 4635214.981286 1303332267.0
444731.201908 4635214.388190 1303332272.0
444707.055956 4635215.130719 1303332276.0
444679.095027 4635216.236055 1303332279.0
444656.605445 4635216.521758 1303332281.0
444632.537317 4635216.597733 1303332283.0
444607.393763 4635217.126285 1303332285.0
444582.086822 4635217.989299 1303332287.0
444557.024536 4635218.295330 1303332289.0
444533.699866 4635217.921718 1303332291.0
444506.643212 4635217.910351 1303332294.0
444488.809815 4635229.929906 1303332298.0
444487.805402 4635250.145895 1303332301.0
444489.426456 4635277.114492 1303332304.0
444489.017686 4635299.213417 1303332306.0
444488.627088 4635323.643912 1303332308.0
444488.411125 4635349.183386 1303332310.0
444487.771570 4635373.615823 1303332312.0
444486.718809 4635398.273549 1303332314.0
444484.978792 4635419.938717 1303332316.0
444483.682280 4635445.264548 1303332319.0
444481.930173 4635465.375338 1303332325.0
444465.758928 4635477.604081 1303332331.0
444441.224055 4635481.570543 1303332336.0
444413.776849 4635484.560509 1303332340.0
444389.062182 4635486.752011 1303332343.0
444365.726233 4635484.824576 1303332346.0
444345.047605 4635483.098525 1303332349.0
444324.802994 4635483.811887 1303332353.0
444302.886483 4635482.983904 1303332365.0
444277.884663 4635480.292544 1303332374.0
444251.330388 4635480.722371 1303332378.0
444222.620177 4635481.391245 1303332381.0
444201.211133 4635481.780975 1303332383.0
444180.046702 4635481.613682 1303332385.0
444152.570864 4635480.940758 1303332388.0
444132.056396 4635478.991969 1303332391.0
444112.086007 4635482.923771 1303332396.0
444104.019213 4635501.973878 1303332400.0
444103.891121 4635527.956842 1303332403.0
444105.352848 4635555.592842 1303332406.0
444107.226013 4635582.781480 1303332409.0
444107.924295 4635608.313827 1303332412.0
444108.754571 4635629.514812 1303332415.0
444109.826831 4635649.825626 1303332418.0
444110.239560 4635670.696787 1303332421.0
444112.661352 4635693.772866 1303332425.0
444093.668896 4635705.913579 1303332431.0
444101.286529 4635724.840618 1303332438.0
