444285.733798 4635624.353242 1302650982.0
444294.428350 4635600.635008 1302651003.0
444297.964781 4635575.291608 1302651006.0
444298.987330 4635546.858917 1302651009.0
444298.065080 4635524.437268 1302651012.0
444294.008410 4635504.482877 1302651017.0
444311.814750 4635489.132004 1302651024.0
444339.874045 4635490.134084 1302651027.0
444362.200262 4635490.292777 1302651029.0
444385.524926 4635490.776847 1302651031.0
444407.693827 4635492.047250 1302651033.0
444429.109770 4635492.546358 1302651035.0
444455.817855 4635490.561519 1302651038.0
444477.691915 4635485.949642 1302651044.0
444505.011220 4635487.846410 1302651049.0
444530.177159 4635490.315220 1302651052.0
444558.641835 4635490.093631 1302651055.0
444586.676892 4635487.987922 1302651058.0
444613.070343 4635488.226798 1302651061.0
444634.825988 4635489.723188 1302651064.0
444656.649946 4635489.331538 1302651069.0
444676.109732 4635483.739725 1302651087.0
444695.971316 4635487.138586 1302651095.0
444705.656204 4635505.272956 1302651099.0
444705.358222 4635531.035122 1302651102.0
444704.799218 4635555.244841 1302651104.0
444704.923072 4635581.892005 1302651106.0
444704.057128 4635609.324091 1302651108.0
444704.026221 4635637.415899 1302651110.0
444703.396320 4635663.180647 1302651112.0
444702.496786 4635686.282677 1302651114.0
444701.006884 4635708.167917 1302651116.0
444699.716579 4635734.381932 1302651119.0
444711.965033 4635751.386070 1302651124.0
444736.357259 4635750.530580 1302651128.0
444757.605555 4635750.920929 1302651133.0
444781.250925 4635750.071386 1302651139.0
444805.309501 4635748.996651 1302651142.0
444828.369691 4635747.596630 1302651145.0
444850.357969 4635747.093253 1302651149.0
444863.352895 4635764.091866 1302651157.0
444873.529743 4635781.556446 1302651170.0
444875.025039 4635803.196475 1302651176.0
444877.048300 4635828.718604 1302651181.0
444878.868638 4635849.467848 1302651184.0
444881.548867 4635874.096624 1302651187.0
444883.369184 4635894.845871 1302651191.0
444902.053487 4635907.137107 1302651196.0
444926.664380 4635913.164668 1302651199.0
444957.225077 4635915.926350 1302651202.0
444980.061529 4635917.859555 1302651204.0
445003.162345 4635921.789400 1302651206.0
445024.511938 4635924.622498 1302651208.0
445048.350979 4635927.436453 1302651211.0
445060.745134 4635909.686465 1302651225.0
445062.487599 4635888.132464 1302651228.0
445064.313915 4635866.688852 1302651232.0
445065.377982 4635843.252511 1302651236.0
445067.220518 4635813.148140 1302651239.0
445068.286319 4635789.933856 1302651241.0
445068.161240 4635762.953608 1302651243.0
445067.949753 4635735.529892 1302651245.0
445068.164322 4635709.546332 1302651247.0
445068.800670 4635684.447790 1302651249.0
445069.867363 4635661.344538 1302651251.0
445070.609827 4635639.243092 1302651253.0
445070.596007 4635615.926107 1302651255.0
445070.668600 4635593.052592 1302651257.0
445071.046601 4635566.734676 1302651260.0
445076.110387 4635545.377150 1302651264.0
445087.912408 4635526.077325 1302651291.0
445090.384846 4635502.297046 1302651295.0
445091.444804 4635478.305588 1302651298.0
445091.283917 4635457.432486 1302651301.0
445091.761262 4635433.223453 1302651305.0
445091.254733 4635410.576477 1302651310.0
445092.613296 4635382.252407 1302651313.0
445093.331921 4635357.042214 1302651315.0
445094.601529 4635327.941596 1302651317.0
445095.516944 4635295.956834 1302651319.0
445095.366337 4635265.645794 1302651321.0
445095.670043 4635240.438804 1302651323.0
445102.547116 4635217.401834 1302651326.0
445130.968396 4635211.409134 1302651330.0
445153.220127 4635212.570197 1302651332.0
445179.876329 4635214.474673 1302651334.0
445210.511790 4635215.793475 1302651336.0
445242.057573 4635216.772312 1302651338.0
445273.687189 4635217.861677 1302651340.0
445308.464463 4635218.149783 1302651342.0
445345.155624 4635219.089577 1302651344.0
445383.424441 4635220.128499 1302651346.0
445420.615218 4635221.286919 1302651348.0
445472.829794 4635222.663629 1302651351.0
445507.856841 4635223.061830 1302651353.0
445543.222631 4635224.345881 1302651355.0
445578.247116 4635224.411346 1302651357.0
445611.778617 4635224.599415 1302651359.0
445642.407146 4635225.031857 1302651361.0
445669.889656 4635226.487723 1302651363.0
445693.636742 4635227.861135 1302651365.0
445721.384270 4635231.424817 1302651368.0
445742.645001 4635233.261469 1302651372.0
445764.631501 4635232.316822 1302651386.0
445790.692978 4635232.451570 1302651389.0
445814.175843 4635231.828791 1302651391.0
445841.820040 4635232.728922 1302651393.0
445869.131424 4635233.520656 1302651395.0
445893.448407 4635233.446967 1302651397.0
445915.600899 4635232.501526 1302651399.0
445935.681168 4635231.904979 1302651401.0
445956.494875 4635229.526389 1302651404.0
445963.488036 4635210.486622 1302651408.0
445963.377339 4635184.949767 1302651411.0
445964.699387 4635162.288916 1302651413.0
445966.070754 4635135.186354 1302651415.0
445966.667421 4635104.425566 1302651417.0
445967.411556 4635071.220925 1302651419.0
445968.160754 4635038.682449 1302651421.0
445968.127186 4635012.367782 1302651423.0
445969.417299 4634985.487911 1302651426.0
445970.925612 4634965.490459 1302651431.0
445972.906639 4634942.158421 1302651434.0
445973.483520 4634919.725298 1302651436.0
445973.781959 4634893.408119 1302651438.0
445974.341171 4634868.643432 1302651440.0
445975.332200 4634846.096139 1302651443.0
445994.521339 4634837.290063 1302651449.0
446019.430725 4634838.544738 1302651453.0
446044.596653 4634840.796858 1302651457.0
446058.575299 4634856.346722 1302651467.0
