444650.936388 4636025.003488 1302535457.0
444676.643297 4636022.583086 1302535479.0
444697.883030 4636021.974004 1302535482.0
444720.204106 4636021.689694 1302535485.0
444749.251826 4636022.019474 1302535488.0
444771.821845 4636021.733395 1302535490.0
444796.634077 4636021.652076 1302535492.0
444823.270174 4636021.334647 1302535494.0
444850.482841 4636020.457683 1302535496.0
444877.775916 4636019.247100 1302535498.0
444904.654093 4636018.039830 1302535500.0
444931.701674 4636017.275488 1302535502.0
444957.584089 4636016.076117 1302535504.0
444981.646928 4636015.668133 1302535506.0
445003.471847 4636015.610612 1302535508.0
445030.689687 4636015.400500 1302535511.0
445057.491765 4636015.082666 1302535514.0
445087.784191 4636015.404225 1302535517.0
445109.693798 4636015.568444 1302535519.0
445133.098776 4636015.943279 1302535521.0
445157.747612 4636016.197578 1302535523.0
445183.641164 4636016.442383 1302535525.0
445210.697303 4636016.789373 1302535527.0
445238.416433 4636017.020334 1302535529.0
445266.632593 4636017.136550 1302535531.0
445294.930026 4636017.030186 1302535533.0
445323.146181 4636017.146626 1302535535.0
445350.364004 4636016.937736 1302535537.0
445376.166890 4636016.184633 1302535539.0
445399.068842 4636015.897996 1302535541.0
445425.124931 4636015.698298 1302535544.0
445447.528997 4636015.415632 1302535548.0
445469.206634 4636017.803407 1302535576.0
445489.724220 4636020.422194 1302535579.0
445518.192686 4636020.981610 1302535582.0
445540.352035 4636021.256276 1302535584.0
445565.496156 4636021.175098 1302535586.0
445591.886688 4636021.306555 1302535588.0
445618.858933 4636021.544701 1302535590.0
445645.914155 4636021.782317 1302535592.0
445673.465566 4636021.794183 1302535594.0
445702.345519 4636021.907061 1302535596.0
445730.979064 4636022.355034 1302535598.0
445758.281524 4636022.369125 1302535600.0
445784.919289 4636022.277347 1302535602.0
445810.477455 4636022.082848 1302535604.0
445833.210042 4636021.354761 1302535606.0
445859.757230 4636020.264649 1302535609.0
445879.842024 4636020.556140 1302535615.0
445905.330703 4636022.139048 1302535628.0
445932.970976 4636022.928478 1302535631.0
445954.304684 4636023.765867 1302535633.0
445975.885644 4636024.379377 1302535635.0
445999.123694 4636024.647288 1302535637.0
446022.620781 4636026.245715 1302535639.0
446045.285524 4636027.517423 1302535641.0
446065.450739 4636027.475728 1302535643.0
446094.328955 4636027.368140 1302535646.0
446117.565305 4636027.414383 1302535649.0
446138.789120 4636024.700082 1302535653.0
446159.786667 4636024.985460 1302535666.0
446185.434502 4636025.679897 1302535669.0
446206.589619 4636024.853887 1302535671.0
446228.310518 4636022.025065 1302535673.0
446248.372651 4636019.319861 1302535675.0
446271.086005 4636016.039547 1302535678.0
446290.199375 4636008.567178 1302535683.0
446296.756771 4635986.755165 1302535687.0
446296.311100 4635960.665651 1302535690.0
446296.401828 4635939.679636 1302535692.0
446296.720576 4635915.916064 1302535694.0
446297.274883 4635890.374182 1302535696.0
446297.748725 4635865.166008 1302535698.0
446297.829420 4635842.847669 1302535700.0
446296.711519 4635815.652896 1302535703.0
446295.480381 4635795.454085 1302535706.0
446295.890500 4635772.800165 1302535726.0
446297.013161 4635745.588502 1302535730.0
446297.803058 4635718.268315 1302535733.0
446298.229935 4635697.834941 1302535735.0
446298.477454 4635675.626384 1302535737.0
446298.965562 4635652.305680 1302535739.0
446299.117548 4635628.432344 1302535741.0
446299.093520 4635603.227934 1302535743.0
446299.571597 4635578.574907 1302535745.0
446300.054701 4635554.588044 1302535747.0
446300.375185 4635531.046542 1302535749.0
446300.279901 4635507.397141 1302535751.0
446300.845168 4635483.298628 1302535753.0
446300.823670 4635458.427305 1302535755.0
446301.213765 4635433.108747 1302535757.0
446301.515856 4635407.124653 1302535759.0
446301.981418 4635380.806228 1302535761.0
446302.446986 4635354.487804 1302535763.0
446302.581439 4635328.282910 1302535765.0
446302.968212 4635302.520249 1302535767.0
446303.862970 4635278.086161 1302535769.0
446304.112227 4635256.099674 1302535771.0
446304.813404 4635228.002946 1302535774.0
446306.762794 4635200.340945 1302535777.0
446307.171356 4635177.464993 1302535780.0
446307.347684 4635156.811460 1302535783.0
446308.582820 4635133.485147 1302535786.0
446309.311650 4635109.052317 1302535789.0
446310.100888 4635081.621133 1302535792.0
446310.806305 4635054.079549 1302535795.0
446310.875400 4635030.206861 1302535798.0
446310.629259 4635008.557216 1302535802.0
446313.041406 4634987.220641 1302535828.0
446323.762100 4634967.042835 1302535833.0
446347.156175 4634965.534230 1302535837.0
446369.230723 4634965.145967 1302535840.0
446391.887896 4634964.975456 1302535843.0
446412.388912 4634965.043300 1302535846.0
446436.549980 4634966.194020 1302535850.0
446457.595675 4634972.475763 1302535856.0
446469.744369 4634954.508119 1302535865.0
