446295.773505 4635283.920874 1302215901.0
446296.609523 4635262.707196 1302215923.0
446289.805438 4635240.884914 1302215944.0
446264.052544 4635237.637079 1302215948.0
446237.656651 4635237.170024 1302215951.0
446208.354420 4635236.502944 1302215954.0
446179.970107 4635236.495250 1302215957.0
446157.312952 4635236.555416 1302215960.0
446137.221776 4635235.707986 1302215973.0
446116.719002 4635235.307860 1302215978.0
446091.904096 4635235.384554 1302215981.0
446071.154868 4635235.319524 1302215983.0
446047.498458 4635234.943470 1302215985.0
446022.430371 4635234.467156 1302215987.0
445998.025358 4635233.874871 1302215989.0
445973.699963 4635232.837932 1302215991.0
445949.955490 4635231.796668 1302215993.0
445928.869226 4635231.068409 1302215995.0
445907.039416 4635230.789991 1302215998.0
445886.971795 4635233.052024 1302216017.0
445863.231524 4635232.566185 1302216022.0
445839.905356 4635231.966243 1302216025.0
445811.433786 4635231.405513 1302216028.0
445790.352569 4635231.343825 1302216030.0
445769.024069 4635231.506149 1302216032.0
445747.278081 4635231.338616 1302216034.0
445724.952006 4635231.286602 1302216036.0
445702.957043 4635231.121101 1302216038.0
445681.375337 4635230.730450 1302216040.0
445659.699628 4635228.897145 1302216042.0
445636.111740 4635226.634363 1302216044.0
445610.458400 4635225.608795 1302216046.0
445583.644034 4635224.703222 1302216048.0
445557.988980 4635223.455790 1302216050.0
445532.748867 4635222.205277 1302216052.0
445508.091375 4635221.172465 1302216054.0
445483.106161 4635220.697413 1302216056.0
445456.544123 4635220.234521 1302216058.0
445428.983644 4635219.446275 1302216060.0
445402.093037 4635219.430237 1302216062.0
445376.029778 4635219.074856 1302216064.0
445349.880118 4635218.276099 1302216066.0
445323.485740 4635218.034484 1302216068.0
445297.260749 4635218.235800 1302216070.0
445270.780816 4635217.661936 1302216072.0
445244.051052 4635216.979057 1302216074.0
445217.240852 4635216.629998 1302216076.0
445190.679620 4635216.279124 1302216078.0
445164.700171 4635216.034904 1302216080.0
445138.638583 4635215.902446 1302216082.0
445112.574426 4635215.437001 1302216084.0
445087.590853 4635215.185390 1302216086.0
445063.434614 4635214.594386 1302216088.0
445039.362216 4635214.113851 1302216090.0
445014.792727 4635213.748267 1302216092.0
444988.977519 4635213.281353 1302216094.0
444961.337370 4635212.939665 1302216096.0
444932.537065 4635212.829118 1302216098.0
444903.899304 4635212.273296 1302216100.0
444875.015141 4635212.052597 1302216102.0
444844.640583 4635212.287688 1302216104.0
444814.011032 4635211.747647 1302216106.0
444783.298483 4635211.208382 1302216108.0
444751.923724 4635210.896451 1302216110.0
444719.723362 4635211.146234 1302216112.0
444686.362854 4635211.627237 1302216114.0
444653.001486 4635211.997369 1302216116.0
444620.720723 4635212.581326 1302216118.0
444589.851666 4635213.265482 1302216120.0
444560.976980 4635214.267354 1302216122.0
444535.088232 4635215.024029 1302216124.0
444514.505698 4635215.073266 1302216126.0
444494.116825 4635218.674138 1302216129.0
444489.153947 4635242.140949 1302216133.0
444487.288554 4635269.025679 1302216136.0
444486.467436 4635291.460918 1302216138.0
444486.417455 4635316.999097 1302216140.0
444486.715872 4635344.644207 1302216142.0
444486.511165 4635371.627035 1302216144.0
444484.794501 4635396.289934 1302216146.0
444483.804844 4635418.393391 1302216148.0
444483.338214 4635443.712755 1302216151.0
444481.763332 4635465.265604 1302216156.0
444464.294581 4635481.390650 1302216162.0
444443.716277 4635481.884208 1302216165.0
444417.945280 4635486.970730 1302216169.0
444396.945990 4635486.690471 1302216172.0
444374.288682 4635486.645288 1302216175.0
444345.734925 4635486.091071 1302216178.0
444321.764564 4635487.943891 1302216181.0
444304.166364 4635498.074515 1302216191.0
444282.120880 4635491.362805 1302216198.0
444258.207474 4635489.884374 1302216201.0
444235.131754 4635489.398772 1302216203.0
444210.731708 4635489.367752 1302216205.0
444186.833934 4635489.888050 1302216207.0
444164.996924 4635488.615732 1302216209.0
444137.338594 4635485.834652 1302216212.0
444118.173085 4635475.991911 1302216216.0
444109.128711 4635497.381394 1302216221.0
444108.067707 4635520.817894 1302216224.0
444107.703709 4635548.468220 1302216227.0
444107.418348 4635575.562759 1302216230.0
444105.890813 4635603.000149 1302216233.0
444103.044231 4635631.558231 1302216236.0
444102.273184 4635660.211062 1302216239.0
444100.385002 4635683.987164 1302216242.0
444088.815682 4635700.844105 1302216246.0
444092.133811 4635721.803496 1302216251.0
444113.625989 4635721.523808 1302216257.0
444124.110431 4635703.898179 1302216274.0
