446294.686574 4635117.712116 1303407127.0
446291.656640 4635145.160195 1303407140.0
446290.879204 4635174.145764 1303407143.0
446291.468255 4635197.236263 1303407145.0
446291.237445 4635221.665345 1303407147.0
446291.678930 4635247.199692 1303407149.0
446292.789353 4635273.395199 1303407151.0
446293.565302 4635299.260127 1303407153.0
446293.761160 4635325.240464 1303407155.0
446293.703031 4635350.556515 1303407157.0
446294.539365 4635373.423090 1303407159.0
446298.228264 4635400.376398 1303407162.0
446299.624573 4635420.462918 1303407167.0
446302.206975 4635443.760468 1303407189.0
446303.523627 4635464.291724 1303407191.0
446304.358251 4635486.936249 1303407193.0
446304.947258 4635510.026761 1303407195.0
446305.378658 4635534.228795 1303407197.0
446305.237521 4635559.545480 1303407199.0
446306.676471 4635585.294390 1303407201.0
446307.120420 4635611.161834 1303407203.0
446307.478035 4635636.585796 1303407205.0
446307.326022 4635660.459132 1303407207.0
446307.230217 4635680.778975 1303407209.0
446306.799964 4635700.768240 1303407212.0
446308.798025 4635723.626071 1303407232.0
446307.208504 4635743.957175 1303407235.0
446307.525115 4635763.940812 1303407237.0
446307.210496 4635788.259512 1303407239.0
446306.570642 4635813.468934 1303407241.0
446306.267750 4635839.342017 1303407243.0
446304.624582 4635863.559702 1303407245.0
446303.563142 4635887.884037 1303407247.0
446301.737293 4635909.882433 1303407249.0
446300.320508 4635931.100511 1303407251.0
446300.317772 4635952.752064 1303407253.0
446301.344299 4635978.837198 1303407256.0
446301.581299 4635999.265576 1303407260.0
446286.041856 4636018.480513 1303407267.0
446262.201115 4636026.321660 1303407270.0
446241.240454 4636030.921177 1303407272.0
446218.191044 4636033.648958 1303407274.0
446194.468579 4636035.160529 1303407276.0
446170.400772 4636034.898253 1303407278.0
446146.333802 4636034.747085 1303407280.0
446121.930707 4636034.043373 1303407282.0
446096.029748 4636032.795913 1303407284.0
446071.468242 4636033.092875 1303407286.0
446047.655247 4636033.606319 1303407288.0
446024.084466 4636033.229738 1303407290.0
446000.503580 4636031.520909 1303407292.0
445977.917610 4636029.693578 1303407294.0
445949.881002 4636031.349721 1303407297.0
445929.409155 4636034.725079 1303407312.0
445904.502238 4636033.248702 1303407317.0
445876.028815 4636032.021579 1303407321.0
445855.030419 4636031.626010 1303407323.0
445830.048089 4636031.149769 1303407325.0
445805.647467 4636030.780222 1303407327.0
445781.080878 4636030.412022 1303407329.0
445756.764919 4636030.264065 1303407331.0
445733.032363 4636030.444847 1303407333.0
445709.625806 4636029.845988 1303407335.0
445685.722204 4636029.362029 1303407337.0
445662.063306 4636028.321116 1303407339.0
445639.401019 4636027.383708 1303407341.0
445616.820858 4636026.334711 1303407343.0
445595.986684 4636025.716584 1303407345.0
445569.166839 4636023.700820 1303407348.0
445548.251367 4636023.305521 1303407351.0
445526.839703 4636023.136146 1303407369.0
445505.280764 4636025.410704 1303407374.0
445482.051168 4636026.254676 1303407377.0
445459.309261 4636025.762585 1303407380.0
445437.811215 4636025.150004 1303407383.0
445411.499410 4636024.463346 1303407386.0
445381.872613 4636024.357374 1303407389.0
445360.970751 4636025.739061 1303407391.0
445339.240789 4636027.349232 1303407393.0
445316.852955 4636029.741756 1303407395.0
445293.560018 4636033.140607 1303407397.0
445268.768327 4636035.884848 1303407399.0
445242.045898 4636035.757141 1303407401.0
445215.732394 4636034.849152 1303407403.0
445189.830368 4636033.493959 1303407405.0
445165.498987 4636031.349530 1303407407.0
445142.585964 4636030.193565 1303407409.0
445116.932846 4636028.836719 1303407412.0
445095.124235 4636031.003410 1303407416.0
445067.603646 4636034.990762 1303407420.0
445039.701472 4636032.541202 1303407423.0
445018.105837 4636030.043065 1303407425.0
444993.360335 4636028.013454 1303407427.0
444968.460006 4636027.428565 1303407429.0
444943.472400 4636026.289268 1303407431.0
444917.987756 4636025.264937 1303407433.0
444892.088197 4636024.243907 1303407435.0
444866.608692 4636023.885923 1303407437.0
444842.212237 4636024.074812 1303407439.0
444817.902203 4636024.707251 1303407441.0
444794.086617 4636024.891805 1303407443.0
444770.933158 4636024.849236 1303407445.0
444748.944878 4636025.241839 1303407447.0
444728.278267 4636024.847017 1303407449.0
444702.389012 4636025.159003 1303407452.0
