444745.027245 4636033.710809 1302293545.0
444722.286993 4636033.443125 1302293568.0
444700.200243 4636031.838033 1302293571.0
444675.703580 4636029.807592 1302293574.0
444650.216305 4636028.451137 1302293577.0
444630.048442 4636028.163757 1302293579.0
444607.804322 4636027.670514 1302293581.0
444584.975874 4636026.737750 1302293583.0
444560.828362 4636026.925666 1302293585.0
444537.178738 4636027.109787 1302293587.0
444516.257112 4636025.940327 1302293589.0
444493.354312 4636026.118776 1302293592.0
444489.602677 4636002.608807 1302293608.0
444488.764897 4635980.297505 1302293611.0
444488.505392 4635957.648594 1302293612.0
444489.673024 4635937.098207 1302293613.0
444487.995034 4635913.461047 1302293615.0
444482.445403 4635893.518185 1302293620.0
444481.767505 4635870.428402 1302293625.0
444481.995497 4635846.443288 1302293628.0
444480.511032 4635815.698450 1302293631.0
444480.017268 4635794.938948 1302293633.0
444479.244261 4635770.295435 1302293636.0
444478.325186 4635748.206843 1302293642.0
444478.882523 4635723.886064 1302293646.0
444479.980954 4635694.453507 1302293649.0
444480.377527 4635670.800187 1302293651.0
444480.429182 4635645.484048 1302293653.0
444480.640754 4635619.389425 1302293655.0
444481.262935 4635592.736434 1302293657.0
444481.720015 4635566.195765 1302293659.0
444481.865055 4635542.211309 1302293661.0
444481.791423 4635522.114745 1302293663.0
444480.531742 4635498.918475 1302293666.0
444481.036425 4635478.484304 1302293680.0
444458.170704 4635472.999816 1302293685.0
444432.856886 4635472.864125 1302293688.0
444401.730467 4635472.329751 1302293691.0
444379.567572 4635471.836557 1302293693.0
444357.020087 4635475.232622 1302293695.0
444336.105479 4635475.173948 1302293697.0
444311.707126 4635475.364636 1302293700.0
444290.374105 4635474.865231 1302293709.0
444275.630492 4635489.192893 1302293732.0
444252.153736 4635490.486916 1302293734.0
444231.874383 4635486.759457 1302293736.0
444209.796238 4635486.488195 1302293738.0
444183.510087 4635489.358923 1302293740.0
444161.095644 4635488.535277 1302293742.0
444139.416764 4635486.262492 1302293744.0
444118.948715 4635479.649948 1302293748.0
444091.638834 4635478.975958 1302293764.0
444060.915122 4635476.885436 1302293767.0
444036.843483 4635476.408296 1302293769.0
444011.446656 4635476.274754 1302293771.0
443988.288746 4635475.901630 1302293773.0
443967.132141 4635476.734215 1302293775.0
443946.800175 4635476.894168 1302293777.0
443919.008064 4635478.223247 1302293780.0
443894.365117 4635478.972460 1302293784.0
443885.239301 4635500.473915 1302293789.0
443886.590906 4635524.557661 1302293792.0
443887.006911 4635545.761893 1302293794.0
443885.692440 4635568.534233 1302293796.0
443884.733540 4635594.301694 1302293798.0
443883.866382 4635621.178775 1302293800.0
443883.654372 4635646.940355 1302293802.0
443882.590645 4635669.932793 1302293804.0
443881.145240 4635697.147535 1302293807.0
443881.659993 4635720.349608 1302293811.0
443906.599145 4635725.704879 1302293816.0
443928.997155 4635724.529227 1302293819.0
443951.398665 4635723.797755 1302293822.0
443972.065359 4635724.079305 1302293827.0
443991.854137 4635728.809181 1302293846.0
444017.592476 4635730.272362 1302293849.0
444045.380998 4635728.610577 1302293852.0
444067.122111 4635728.328792 1302293855.0
444091.856772 4635728.800816 1302293862.0
444112.184531 4635728.197160 1302293866.0
444134.431389 4635728.910920 1302293894.0
444162.988556 4635730.019416 1302293898.0
444192.868246 4635730.451461 1302293901.0
444214.524628 4635729.948722 1302293903.0
444236.020256 4635730.113512 1302293905.0
444256.765546 4635729.840102 1302293907.0
444277.011191 4635729.348593 1302293909.0
444306.734449 4635731.003714 1302293912.0
444335.702154 4635731.554522 1302293915.0
444364.254061 4635731.997662 1302293918.0
444391.219722 4635731.231926 1302293921.0
444416.377052 4635732.701082 1302293925.0
444440.363927 4635733.069116 1302293929.0
444462.373884 4635735.340222 1302293934.0
444483.373389 4635746.390952 1302293941.0
444485.196620 4635767.362159 1302293944.0
444483.010744 4635795.692854 1302293947.0
444482.321187 4635824.344990 1302293950.0
444481.515770 4635848.778741 1302293953.0
444477.877691 4635871.791130 1302293960.0
444478.864165 4635891.880590 1302293963.0
444479.325147 4635919.080321 1302293966.0
444478.111773 4635944.405528 1302293969.0
444475.140212 4635967.745829 1302293973.0
444470.072493 4635988.326626 1302294000.0
444481.916559 4636006.665938 1302294009.0
444507.016729 4636011.577897 1302294013.0
444527.168220 4636009.755411 1302294015.0
444555.805426 4636010.642770 1302294018.0
444582.043076 4636012.437187 1302294021.0
444605.523332 4636011.810397 1302294024.0
444628.758962 4636011.740756 1302294028.0
444650.827676 4636011.014055 1302294033.0
444669.154291 4636019.976446 1302294041.0
444696.163702 4636024.985270 1302294046.0
444723.710857 4636024.438326 1302294049.0
444745.123439 4636024.716315 1302294051.0
444768.194780 4636024.870470 1302294053.0
444793.428792 4636025.674141 1302294055.0
444819.983613 4636025.579397 1302294057.0
444847.356208 4636023.923944 1302294059.0
444875.392663 4636022.263460 1302294061.0
444904.176819 4636020.708335 1302294063.0
444933.128664 4636019.374099 1302294065.0
444961.914556 4636018.041262 1302294067.0
444990.704744 4636017.263679 1302294069.0
445018.419608 4636016.938648 1302294071.0
445041.826305 4636017.535237 1302294073.0
445064.399759 4636017.694194 1302294076.0
