445793.158187 4635229.212841 1303952877.0
445770.916788 4635229.382105 1303952883.0
445744.522492 4635229.138931 1303952887.0
445720.784728 4635228.986647 1303952890.0
445696.377961 4635228.173341 1303952893.0
445672.049098 4635226.693323 1303952896.0
445646.649819 4635226.331889 1303952899.0
445621.419907 4635226.413388 1303952902.0
445596.932668 4635225.934136 1303952905.0
445572.698636 4635226.008203 1303952908.0
445550.373381 4635226.067763 1303952911.0
445525.063869 4635226.594345 1303952915.0
445504.924389 4635230.301443 1303952923.0
445500.686428 4635251.319209 1303952927.0
445500.351563 4635272.640220 1303952930.0
445499.544246 4635297.295853 1303952933.0
445499.239969 4635322.613842 1303952936.0
445498.685030 4635347.711681 1303952939.0
445498.296924 4635372.919279 1303952942.0
445498.154390 4635397.680865 1303952945.0
445498.005064 4635421.554235 1303952948.0
445498.355367 4635445.645851 1303952951.0
445498.950384 4635469.180427 1303952954.0
445499.047477 4635492.718813 1303952957.0
445498.318948 4635516.818685 1303952960.0
445496.765655 4635541.591071 1303952963.0
445496.215859 4635567.355082 1303952966.0
445496.167382 4635593.559394 1303952969.0
445495.792913 4635620.543436 1303952972.0
445495.166094 4635647.085276 1303952975.0
445494.790786 4635673.958294 1303952978.0
445494.658492 4635700.052218 1303952981.0
445495.350948 4635725.473630 1303952984.0
445496.527715 4635749.114798 1303952987.0
445497.607050 4635770.869140 1303952990.0
445498.096149 4635791.406629 1303952996.0
445499.350788 4635814.381002 1303953001.0
445500.050023 4635840.690636 1303953005.0
445501.045508 4635862.334590 1303953008.0
445503.120613 4635884.081318 1303953011.0
445504.768052 4635904.165813 1303953014.0
445505.088618 4635924.371494 1303953017.0
445504.752123 4635945.470473 1303953020.0
445504.163289 4635966.127248 1303953023.0
445503.938666 4635991.000519 1303953027.0
445504.343067 4636011.316596 1303953032.0
445521.935327 4636022.063320 1303953038.0
445546.501125 4636022.319599 1303953042.0
445568.826430 4636022.593085 1303953045.0
445591.484504 4636022.975132 1303953048.0
445614.472804 4636023.132663 1303953051.0
445638.039427 4636022.952753 1303953054.0
445661.279207 4636023.441616 1303953057.0
445684.848367 4636023.594942 1303953060.0
445708.416679 4636023.637319 1303953063.0
445731.071351 4636023.575702 1303953066.0
445753.144309 4636023.407553 1303953069.0
445773.892952 4636023.693690 1303953072.0
445794.390959 4636023.759727 1303953075.0
445815.137063 4636023.712903 1303953078.0
445835.799341 4636023.555742 1303953081.0
445861.273676 4636023.251030 1303953085.0
445881.693759 4636023.984112 1303953091.0
445902.448292 4636025.047814 1303953106.0
445926.353567 4636025.754554 1303953110.0
445947.600073 4636026.037417 1303953113.0
445970.836436 4636026.083181 1303953116.0
445994.076165 4636026.573130 1303953119.0
446015.488624 4636026.854937 1303953122.0
446035.989132 4636027.254751 1303953125.0
446058.895243 4636027.525372 1303953129.0
446079.063820 4636027.927824 1303953133.0
446105.795450 4636029.279971 1303953137.0
446129.198595 4636029.436023 1303953140.0
446153.014962 4636029.366960 1303953143.0
446177.246234 4636029.294842 1303953146.0
446201.138033 4636028.226069 1303953149.0
446223.031589 4636026.284195 1303953152.0
446248.247746 4636024.761447 1303953156.0
446270.060855 4636023.153425 1303953160.0
446290.195932 4636019.115387 1303953168.0
446297.159852 4635996.189973 1303953172.0
446297.072060 4635973.539800 1303953175.0
446297.304476 4635949.332744 1303953178.0
446297.520154 4635922.905146 1303953181.0
446297.978087 4635895.587454 1303953184.0
446298.520682 4635868.491192 1303953187.0
446298.906526 4635842.617482 1303953190.0
446299.053469 4635818.077975 1303953193.0
446297.643816 4635796.215009 1303953196.0
446298.727857 4635774.888409 1303953212.0
446299.309816 4635753.010429 1303953222.0
446299.690657 4635726.470560 1303953226.0
446300.179599 4635703.260882 1303953229.0
446300.491694 4635678.609102 1303953232.0
446300.632801 4635653.292412 1303953235.0
446300.934861 4635627.308309 1303953238.0
446302.046697 4635598.653301 1303953241.0
446302.475276 4635578.441985 1303953243.0
446302.654900 4635558.232546 1303953245.0
446303.002173 4635538.243912 1303953247.0
446302.786249 4635509.598916 1303953250.0
446302.342287 4635483.731476 1303953253.0
446302.260403 4635461.858511 1303953256.0
446302.855813 4635441.756975 1303953274.0
446303.079942 4635416.439669 1303953278.0
446304.463401 4635390.780526 1303953281.0
446304.843477 4635364.129646 1303953284.0
446305.147263 4635338.367609 1303953287.0
446305.541575 4635313.604192 1303953290.0
446306.274545 4635289.726490 1303953293.0
446306.538870 4635269.738490 1303953296.0
