444280.679240 4635328.265216 1302269786.0
444283.387623 4635303.150366 1302269795.0
444283.874403 4635280.495638 1302269798.0
444283.881482 4635260.176376 1302269801.0
444282.812293 4635240.198633 1302269818.0
444282.820240 4635219.990399 1302269837.0
444291.958914 4635199.932830 1302269845.0
444313.520034 4635197.654624 1302269849.0
444337.759429 4635198.242438 1302269852.0
444368.061481 4635199.338160 1302269855.0
444390.640179 4635199.828088 1302269857.0
444414.961679 4635200.304490 1302269859.0
444440.358592 4635200.328452 1302269861.0
444466.832651 4635200.122041 1302269863.0
444494.300005 4635199.574888 1302269865.0
444521.106029 4635199.366093 1302269867.0
444546.498616 4635198.835298 1302269869.0
444571.399308 4635199.085658 1302269871.0
444596.886976 4635200.108777 1302269873.0
444622.791315 4635201.350815 1302269875.0
444648.361954 4635202.373473 1302269877.0
444674.509209 4635202.836575 1302269879.0
444700.985837 4635202.964116 1302269881.0
444727.877415 4635203.088535 1302269883.0
444754.690304 4635203.768835 1302269885.0
444782.003713 4635204.778458 1302269887.0
444809.394942 4635205.121380 1302269889.0
444836.122241 4635205.469548 1302269891.0
444862.767404 4635205.929485 1302269893.0
444889.082317 4635206.614145 1302269895.0
444914.898422 4635207.191724 1302269897.0
444940.131011 4635207.440806 1302269899.0
444965.781124 4635208.019852 1302269901.0
444991.681917 4635208.819123 1302269903.0
445017.994228 4635209.171177 1302269905.0
445044.886613 4635209.407820 1302269907.0
445072.364209 4635210.195220 1302269909.0
445100.502299 4635210.533502 1302269911.0
445129.632851 4635210.420117 1302269913.0
445160.010824 4635210.630350 1302269915.0
445191.219554 4635210.945354 1302269917.0
445222.428278 4635211.260495 1302269919.0
445252.889229 4635211.470485 1302269921.0
445283.019919 4635211.905210 1302269923.0
445312.735651 4635212.343247 1302269925.0
445342.366682 4635212.559990 1302269927.0
445371.668302 4635213.112483 1302269929.0
445400.554962 4635213.668277 1302269931.0
445428.942822 4635214.116975 1302269933.0
445457.749880 4635215.117745 1302269935.0
445486.223266 4635215.899117 1302269937.0
445515.026908 4635216.456010 1302269939.0
445544.574911 4635216.674228 1302269941.0
445572.296272 4635216.795491 1302269943.0
445595.535298 4635216.840056 1302269945.0
445621.514702 4635217.085846 1302269948.0
445643.341191 4635216.919281 1302269951.0
445665.084690 4635216.753416 1302269954.0
445691.147925 4635217.109855 1302269957.0
445711.320526 4635217.733341 1302269959.0
445733.069095 4635218.233846 1302269961.0
445754.899804 4635218.622758 1302269963.0
445777.146308 4635219.119607 1302269965.0
445800.468303 4635219.164208 1302269967.0
445823.290666 4635218.990618 1302269969.0
445845.948736 4635219.040418 1302269971.0
445869.270728 4635219.085244 1302269973.0
445892.513944 4635219.685913 1302269975.0
445914.513984 4635220.518162 1302269977.0
445934.528990 4635222.253811 1302269979.0
445956.457817 4635224.641198 1302269982.0
445970.447715 4635241.745273 1302269986.0
445971.700882 4635264.719696 1302269989.0
445971.343088 4635294.146278 1302269992.0
445971.015241 4635316.577526 1302269994.0
445970.862638 4635340.228813 1302269996.0
445970.458546 4635363.548909 1302269998.0
445969.547265 4635385.651484 1302270000.0
445968.542056 4635406.311337 1302270002.0
445967.019940 4635435.413657 1302270005.0
445965.558088 4635461.517617 1302270008.0
445964.467393 4635481.845021 1302270011.0
445979.509514 4635495.499092 1302270015.0
446001.991464 4635494.329339 1302270018.0
446031.614523 4635493.660721 1302270021.0
446054.183675 4635493.045641 1302270023.0
446078.249961 4635492.863433 1302270025.0
446102.653236 4635493.344957 1302270027.0
446126.224954 4635493.610787 1302270029.0
446147.141920 4635494.007798 1302270031.0
446175.612392 4635494.569860 1302270034.0
446203.166644 4635494.694821 1302270037.0
446227.911064 4635496.395566 1302270040.0
446248.594129 4635498.793241 1302270043.0
446271.337620 4635499.287867 1302270047.0
446293.258769 4635500.788066 1302270063.0
446310.270975 4635511.652136 1302270069.0
446315.780442 4635537.925534 1302270073.0
446316.820322 4635565.787087 1302270076.0
446316.062266 4635586.333984 1302270078.0
446315.141592 4635607.326242 1302270080.0
446314.888156 4635628.757605 1302270082.0
446314.813246 4635651.853125 1302270084.0
446314.741685 4635675.392755 1302270086.0
446314.329819 4635697.824615 1302270088.0
446313.500525 4635719.926523 1302270090.0
446312.928559 4635743.136826 1302270092.0
446312.277798 4635766.902892 1302270094.0
446311.554103 4635792.001910 1302270096.0
446311.659411 4635816.983647 1302270098.0
446312.009486 4635841.408373 1302270100.0
446311.854132 4635864.837608 1302270102.0
446311.773395 4635887.155946 1302270104.0
446310.767301 4635907.815758 1302270106.0
446307.738552 4635935.374895 1302270109.0
446305.762646 4635959.484059 1302270113.0
446310.563615 4635979.878032 1302270126.0
446308.568465 4636001.433571 1302270129.0
446311.623452 4636021.396574 1302270132.0
446333.679508 4636030.001999 1302270136.0
446360.551107 4636027.912008 1302270139.0
446381.950992 4636026.529508 1302270141.0
446404.679415 4636025.248109 1302270143.0
446428.079209 4636024.961035 1302270145.0
446452.563599 4636025.443117 1302270147.0
446476.631411 4636025.706347 1302270149.0
446500.032870 4636025.641563 1302270151.0
446524.179489 4636025.349194 1302270153.0
446549.401529 4636024.604703 1302270155.0
446575.045139 4636024.745407 1302270157.0
446600.024900 4636024.891180 1302270159.0
446623.427188 4636024.937829 1302270161.0
446643.930132 4636025.672474 1302270163.0
446664.846313 4636026.182017 1302270166.0
