444706.025294 4636033.902454 1303477848.0
444683.613515 4636033.188208 1303477853.0
444659.756545 4636028.043903 1303477858.0
444639.737384 4636025.534661 1303477861.0
444614.955474 4636018.843219 1303477864.0
444590.218493 4636007.266018 1303477867.0
444562.141410 4636003.709345 1303477870.0
444535.182827 4636005.251635 1303477873.0
444510.473400 4636007.886844 1303477876.0
444490.512964 4636012.927874 1303477881.0
444477.270361 4635996.153926 1303477896.0
444474.748672 4635970.746799 1303477899.0
444474.877201 4635944.652810 1303477902.0
444477.025873 4635922.207196 1303477905.0
444477.779433 4635901.771069 1303477910.0
444495.657747 4635885.087667 1303477917.0
444506.338192 4635860.576976 1303477921.0
444503.346352 4635838.726595 1303477923.0
444502.721228 4635811.750214 1303477925.0
444500.242835 4635791.894447 1303477927.0
444493.447526 4635771.850251 1303477931.0
444487.285770 4635747.914936 1303477936.0
444486.071905 4635719.943842 1303477939.0
444485.374980 4635694.411467 1303477941.0
444484.848349 4635669.432935 1303477943.0
444484.839532 4635647.004150 1303477945.0
444484.593873 4635626.131685 1303477947.0
444484.516783 4635605.591010 1303477949.0
444484.540770 4635576.722004 1303477952.0
444484.418689 4635550.407917 1303477955.0
444483.164210 4635527.877809 1303477958.0
444482.903841 4635505.117887 1303477962.0
444479.163190 4635483.051293 1303477970.0
444455.060460 4635478.575762 1303477975.0
444434.314441 4635478.848587 1303477978.0
444408.016922 4635480.275133 1303477982.0
444382.959023 4635481.025894 1303477986.0
444360.868734 4635479.199783 1303477990.0
444337.873376 4635478.380119 1303477995.0
444315.159955 4635481.777614 1303478002.0
444294.655092 4635481.049655 1303478021.0
444272.659922 4635480.777550 1303478032.0
444253.042270 4635487.371012 1303478036.0
444231.379066 4635487.096436 1303478038.0
444208.789084 4635485.052641 1303478040.0
444180.728872 4635483.940050 1303478043.0
444154.928460 4635485.252602 1303478046.0
444129.025912 4635484.123300 1303478049.0
444107.906142 4635479.070375 1303478069.0
444087.126134 4635475.014152 1303478072.0
444056.161287 4635473.924849 1303478075.0
444033.835867 4635473.878141 1303478077.0
444010.760939 4635473.504293 1303478079.0
443986.848274 4635472.137799 1303478081.0
443964.763948 4635471.090106 1303478083.0
443936.959579 4635470.864734 1303478086.0
443914.724997 4635471.816991 1303478089.0
443893.411154 4635473.761372 1303478096.0
443887.437107 4635495.015933 1303478102.0
443887.972826 4635520.882652 1303478105.0
443887.807918 4635542.091459 1303478107.0
443887.394053 4635563.302228 1303478109.0
443887.058806 4635583.957207 1303478111.0
443886.720938 4635604.279106 1303478113.0
443886.708996 4635634.369439 1303478116.0
443885.871473 4635654.473207 1303478118.0
443885.081186 4635680.572446 1303478121.0
443884.494380 4635700.896310 1303478124.0
443886.230279 4635721.090842 1303478130.0
443908.118225 4635728.912905 1303478135.0
443931.091000 4635726.955495 1303478138.0
443953.076705 4635726.116267 1303478141.0
443975.401340 4635726.162714 1303478157.0
444002.557415 4635728.502963 1303478161.0
444031.602925 4635728.385719 1303478164.0
444058.241007 4635728.176467 1303478167.0
444080.067720 4635728.227152 1303478172.0
444101.889204 4635727.611740 1303478176.0
444122.608374 4635724.007123 1303478199.0
444146.507973 4635723.819684 1303478207.0
444172.575616 4635724.947740 1303478211.0
444193.239677 4635724.896850 1303478214.0
444217.479904 4635725.817320 1303478217.0
444240.556600 4635726.524912 1303478221.0
444260.721876 4635726.367088 1303478238.0
444279.051460 4635735.550537 1303478245.0
444279.387658 4635757.310572 1303478249.0
444278.896620 4635779.410181 1303478252.0
444277.180808 4635804.073154 1303478255.0
444276.249210 4635833.504457 1303478258.0
444276.583682 4635855.042441 1303478260.0
444276.752188 4635876.581724 1303478262.0
444276.755598 4635898.233333 1303478264.0
444277.003614 4635919.327859 1303478266.0
444276.388337 4635946.758080 1303478269.0
444275.920790 4635971.855432 1303478273.0
444275.499747 4635992.288990 1303478281.0
444281.292754 4636011.452561 1303478294.0
444304.557920 4636015.156789 1303478299.0
444328.955291 4636015.077086 1303478302.0
444354.930174 4636015.096176 1303478305.0
444377.839082 4636015.694473 1303478308.0
444402.389411 4636013.948316 1303478312.0
444422.539141 4636011.903479 1303478315.0
444444.561236 4636015.839931 1303478318.0
444471.558717 4636019.293524 1303478321.0
444492.737968 4636021.571186 1303478323.0
444514.821349 4636022.731526 1303478325.0
444536.572797 4636023.894520 1303478327.0
444556.907507 4636024.291371 1303478329.0
444587.121290 4636025.166583 1303478332.0
444608.709343 4636026.664170 1303478334.0
444630.881706 4636028.601415 1303478336.0
444652.382442 4636029.544643 1303478338.0
444672.541674 4636028.721814 1303478340.0
444702.414872 4636028.489821 1303478343.0
444724.407449 4636028.652210 1303478345.0
444749.137540 4636028.682396 1303478347.0
444774.776977 4636028.261483 1303478349.0
444800.579797 4636027.506293 1303478351.0
444826.624683 4636025.861051 1303478353.0
444852.670440 4636024.326931 1303478355.0
444878.962571 4636022.457899 1303478357.0
444905.589216 4636020.919478 1303478359.0
444931.883946 4636019.383722 1303478361.0
444957.186343 4636018.299868 1303478363.0
444981.580242 4636017.778292 1303478365.0
445004.064717 4636017.160508 1303478367.0
445031.940404 4636016.168085 1303478370.0
445053.009923 4636015.006206 1303478373.0
445074.159860 4636013.510669 1303478394.0
445102.044979 4636013.739820 1303478399.0
445122.210274 4636013.695454 1303478401.0
445145.526289 4636013.293778 1303478403.0
445170.587476 4636013.211845 1303478405.0
445195.981441 4636013.238474 1303478407.0
445221.458386 4636013.264555 1303478409.0
445246.770219 4636013.403030 1303478411.0
445271.913529 4636013.209788 1303478413.0
445296.724913 4636013.019185 1303478415.0
445322.034185 4636012.824845 1303478417.0
445347.343457 4636012.630596 1303478419.0
445371.491842 4636012.556374 1303478421.0
445393.403139 4636012.943520 1303478423.0
445420.703106 4636012.623236 1303478426.0
445442.102053 4636011.126884 1303478429.0
445463.414625 4636009.187123 1303478433.0
