444718.065197 4635478.750593 1303699039.0
444697.077976 4635480.023829 1303699045.0
444674.101650 4635481.645677 1303699049.0
444653.444668 4635482.694409 1303699067.0
444628.377274 4635482.223008 1303699072.0
444602.975336 4635481.421195 1303699075.0
444574.245251 4635479.535027 1303699078.0
444545.609372 4635479.091682 1303699081.0
444520.213460 4635479.067354 1303699084.0
444499.274653 4635475.899441 1303699089.0
444474.868520 4635475.090325 1303699094.0
444451.038964 4635473.721628 1303699097.0
444422.313995 4635472.502235 1303699100.0
444401.728734 4635472.107697 1303699102.0
444381.306844 4635471.378841 1303699104.0
444351.505611 4635470.501238 1303699107.0
444323.613952 4635469.719869 1303699110.0
444301.704342 4635469.780107 1303699113.0
444281.454864 4635480.486686 1303699128.0
444254.724189 4635479.585473 1303699131.0
444225.677677 4635479.701796 1303699134.0
444196.042423 4635478.823545 1303699137.0
444168.633031 4635476.040393 1303699140.0
444143.382166 4635473.351455 1303699143.0
444121.898818 4635474.852345 1303699147.0
444097.832408 4635475.041162 1303699151.0
444072.765788 4635474.682742 1303699154.0
444052.515063 4635474.619688 1303699156.0
444029.353662 4635473.802323 1303699158.0
444007.111228 4635473.755047 1303699160.0
443985.697796 4635473.590288 1303699162.0
443965.442696 4635472.972346 1303699164.0
443942.117921 4635472.489651 1303699167.0
443921.183178 4635469.878569 1303699183.0
443899.262183 4635468.496691 1303699189.0
443878.582496 4635466.660965 1303699192.0
443851.846441 4635465.095099 1303699195.0
443831.176359 4635464.480809 1303699197.0
443809.264083 4635464.209479 1303699199.0
443786.848621 4635463.275982 1303699201.0
443763.854867 4635462.680223 1303699203.0
443741.030590 4635462.527337 1303699205.0
443719.286030 4635462.477027 1303699207.0
443689.492528 4635462.601437 1303699210.0
443661.168219 4635459.605397 1303699213.0
443640.844979 4635460.876496 1303699215.0
443619.433238 4635460.934892 1303699217.0
443599.349301 4635460.982839 1303699219.0
443571.300290 4635461.316000 1303699222.0
443548.229670 4635461.498785 1303699225.0
443525.577509 4635462.122464 1303699230.0
443467.230010 4635461.696987 1303699247.0
443436.763772 4635460.717451 1303699250.0
443415.011250 4635459.668825 1303699252.0
443393.669249 4635458.061832 1303699254.0
443372.996437 4635457.115789 1303699256.0
443344.028356 4635456.679911 1303699259.0
443317.055515 4635456.672412 1303699262.0
443293.569932 4635456.859323 1303699265.0
443272.657858 4635457.136852 1303699272.0
443246.680869 4635457.121689 1303699277.0
443224.350037 4635456.411354 1303699280.0
443201.607800 4635456.148507 1303699283.0
443181.528260 4635456.752768 1303699287.0
443160.208332 4635457.922155 1303699293.0
443139.629984 4635458.419480 1303699296.0
443118.875024 4635457.585864 1303699299.0
443093.575232 4635459.231366 1303699303.0
443072.142581 4635467.063974 1303699308.0
443067.986931 4635487.083356 1303699316.0
443067.320325 4635507.518994 1303699333.0
443066.242338 4635528.402057 1303699336.0
443065.380913 4635555.612347 1303699339.0
443064.713439 4635575.936960 1303699341.0
443064.294929 4635596.259584 1303699343.0
443064.113388 4635625.463060 1303699346.0
443063.749907 4635652.669374 1303699349.0
443063.228448 4635680.876260 1303699352.0
443062.223285 4635710.863564 1303699355.0
443061.728027 4635731.964047 1303699357.0
443061.238099 4635753.730694 1303699359.0
443061.002454 4635776.161515 1303699361.0
443060.600844 4635798.593663 1303699363.0
443060.447302 4635820.912795 1303699365.0
443060.292875 4635843.120901 1303699367.0
443060.218771 4635864.995262 1303699369.0
443059.970716 4635885.871706 1303699371.0
443059.622379 4635914.965495 1303699374.0
443059.254520 4635941.616685 1303699377.0
443059.282050 4635965.821959 1303699380.0
443059.448918 4635986.695089 1303699385.0
443076.332802 4636001.771843 1303699396.0
443101.138093 4636000.796400 1303699400.0
443126.039669 4636001.485791 1303699403.0
443156.417137 4636002.020530 1303699406.0
443179.327142 4636002.726001 1303699408.0
443203.646942 4636003.309269 1303699410.0
443229.209691 4636003.660645 1303699412.0
443254.525259 4636004.236150 1303699414.0
443279.671322 4636004.368957 1303699416.0
443304.650536 4636004.392147 1303699418.0
443328.968546 4636004.753789 1303699420.0
443352.620933 4636004.898739 1303699422.0
443375.276658 4636004.940656 1303699424.0
443396.022923 4636004.886786 1303699426.0
443420.505120 4636005.025366 1303699429.0
443442.498750 4636005.294826 1303699434.0
443466.734642 4636005.768624 1303699440.0
443490.635959 4636005.912056 1303699443.0
443520.680547 4636006.339954 1303699446.0
443542.923109 4636006.607749 1303699448.0
443565.909862 4636006.536615 1303699450.0
443589.062577 4636006.464240 1303699452.0
443611.637058 4636006.729621 1303699454.0
443633.961713 4636006.886016 1303699456.0
443656.122159 4636007.265849 1303699458.0
443678.447687 4636007.533410 1303699460.0
443701.021278 4636007.688047 1303699462.0
443724.010652 4636007.950505 1303699464.0
443746.006876 4636008.553983 1303699466.0
443766.672763 4636008.834929 1303699468.0
443795.967840 4636008.936803 1303699471.0
443821.349650 4636007.404149 1303699474.0
443842.832217 4636006.013362 1303699478.0
443861.892424 4635992.094872 1303699505.0
443865.572054 4635964.085263 1303699509.0
443866.009282 4635935.323972 1303699512.0
443866.253568 4635913.670387 1303699514.0
443866.243659 4635891.352602 1303699516.0
443866.400593 4635869.144537 1303699518.0
443866.974197 4635847.155258 1303699520.0
443867.714647 4635825.275698 1303699522.0
443868.786165 4635803.282497 1303699524.0
443869.943299 4635781.621724 1303699526.0
443870.781628 4635761.628976 1303699528.0
443871.850545 4635739.302696 1303699531.0
443886.653949 4635722.197846 1303699536.0
443908.217748 4635720.473530 1303699540.0
443932.779496 4635720.058091 1303699544.0
443953.782510 4635720.892111 1303699547.0
443976.357861 4635721.158657 1303699550.0
443999.852152 4635722.195288 1303699553.0
444021.017627 4635722.584093 1303699556.0
444047.235574 4635721.711897 1303699560.0
444068.318060 4635722.101494 1303699565.0
444093.962090 4635722.122249 1303699571.0
444117.203044 4635722.606085 1303699574.0
444144.426390 4635722.947734 1303699577.0
444174.141884 4635723.603056 1303699580.0
444194.226795 4635723.778776 1303699582.0
444214.311704 4635723.954553 1303699584.0
444243.773014 4635723.945953 1303699587.0
444271.574627 4635723.950459 1303699590.0
444308.004043 4635723.554510 1303699594.0
444335.971623 4635723.557970 1303699597.0
444362.860400 4635723.569965 1303699600.0
444387.680626 4635724.375450 1303699603.0
444409.838403 4635724.313526 1303699606.0
444435.395952 4635723.892049 1303699610.0
444457.563252 4635725.051573 1303699616.0
444474.474715 4635712.039789 1303699622.0
444477.455921 4635689.920797 1303699626.0
444481.026698 4635668.907551 1303699629.0
444483.392435 4635642.352002 1303699632.0
444484.744189 4635613.472646 1303699635.0
444485.356869 4635585.598357 1303699638.0
444487.319837 4635560.600428 1303699641.0
444488.382944 4635537.275022 1303699644.0
444489.056214 4635517.172638 1303699647.0
444489.550537 4635495.406140 1303699651.0
444494.707742 4635475.601921 1303699660.0
444520.139098 4635469.519019 1303699665.0
444542.205166 4635468.236862 1303699668.0
444568.175117 4635467.368532 1303699671.0
444597.057412 4635467.476950 1303699674.0
444626.105680 4635467.584195 1303699677.0
444651.664150 4635467.163503 1303699680.0
444673.240077 4635466.884866 1303699685.0
