443063.945641 4635625.242332 1302483968.0
443064.335244 4635653.219867 1302483970.0
443064.150161 4635681.979236 1302483972.0
443063.465397 4635710.520533 1302483974.0
443063.700574 4635739.942752 1302483976.0
443063.769782 4635769.366299 1302483978.0
443063.835444 4635798.345739 1302483980.0
443064.055538 4635825.880499 1302483982.0
443063.844741 4635851.420086 1302483984.0
443063.954344 4635875.513666 1302483986.0
443063.053066 4635897.727743 1302483988.0
443062.642591 4635919.049623 1302483990.0
443062.296023 4635948.365468 1302483993.0
443061.499049 4635973.243540 1302483996.0
443067.796794 4635992.846283 1302484002.0
443090.894983 4635996.325826 1302484008.0
443117.373228 4635997.002589 1302484011.0
443137.709051 4635997.506417 1302484013.0
443159.288709 4635997.889342 1302484015.0
443180.526694 4635997.053680 1302484017.0
443201.679046 4635995.885661 1302484019.0
443228.138689 4635994.231263 1302484022.0
443249.870157 4635992.836703 1302484033.0
443274.385124 4635997.082791 1302484037.0
443301.898004 4636002.637509 1302484040.0
443324.410746 4636005.567295 1302484042.0
443350.473127 4636006.137199 1302484044.0
443377.775813 4636006.142165 1302484046.0
443403.996207 4636005.711700 1302484048.0
443426.803779 4636003.976026 1302484050.0
443447.944677 4636001.365384 1302484053.0
443469.112907 4636002.196650 1302484058.0
443496.097765 4636003.981142 1302484061.0
443520.833304 4636004.673229 1302484063.0
443548.386688 4636004.898930 1302484065.0
443577.514078 4636004.779166 1302484067.0
443606.478141 4636004.993917 1302484069.0
443635.356583 4636004.876361 1302484071.0
443664.152920 4636004.870606 1302484073.0
443692.287159 4636005.092269 1302484075.0
443719.426494 4636005.432940 1302484077.0
443745.569169 4636005.670551 1302484079.0
443770.883780 4636006.136863 1302484081.0
443795.365066 4636006.165705 1302484083.0
443817.937777 4636006.209685 1302484085.0
443844.391357 4636003.780386 1302484088.0
443863.918985 4635996.520266 1302484103.0
443866.184428 4635968.077667 1302484107.0
443867.130926 4635940.755805 1302484110.0
443868.363130 4635918.095128 1302484113.0
443869.607593 4635896.988834 1302484116.0
443870.870304 4635867.665870 1302484119.0
443871.847465 4635844.229967 1302484121.0
443871.986923 4635819.801359 1302484123.0
443872.060024 4635797.482924 1302484125.0
443873.466122 4635775.820190 1302484127.0
443874.550791 4635755.492400 1302484129.0
443876.451317 4635733.381636 1302484132.0
443895.387463 4635724.682836 1302484136.0
443919.884568 4635726.599578 1302484139.0
443948.182355 4635726.376847 1302484142.0
443969.332976 4635724.878036 1302484145.0
443990.336842 4635725.823191 1302484150.0
444015.561576 4635725.291790 1302484153.0
444044.856053 4635725.172644 1302484156.0
444071.494146 4635724.963442 1302484159.0
444093.048386 4635722.018386 1302484164.0
444116.641314 4635725.053241 1302484168.0
444146.964684 4635729.145736 1302484171.0
444170.221273 4635731.628234 1302484173.0
444193.469145 4635733.000536 1302484175.0
444215.223285 4635734.384612 1302484177.0
444241.701452 4635734.954535 1302484180.0
444262.020510 4635733.241035 1302484184.0
444285.408271 4635731.281522 1302484210.0
444310.417021 4635734.972146 1302484213.0
444341.387617 4635736.950760 1302484216.0
444363.875560 4635736.664046 1302484218.0
444385.949449 4635736.491669 1302484220.0
444408.438260 4635736.316122 1302484222.0
444430.425699 4635735.700421 1302484224.0
444454.796317 4635732.068288 1302484227.0
444473.919021 4635725.923364 1302484233.0
444477.154365 4635704.468594 1302484236.0
444478.998796 4635674.919189 1302484239.0
444480.227820 4635651.592483 1302484241.0
444481.931405 4635625.264164 1302484243.0
444483.628948 4635598.158656 1302484245.0
444484.329803 4635570.949884 1302484247.0
444484.209452 4635544.857852 1302484249.0
444483.435589 4635520.103321 1302484251.0
444483.111270 4635499.786643 1302484253.0
444483.521725 4635477.909765 1302484257.0
444503.485349 4635462.431535 1302484263.0
444529.898787 4635465.223729 1302484266.0
444549.920425 4635467.843702 1302484268.0
444570.358713 4635470.682557 1302484270.0
444593.606472 4635471.945145 1302484272.0
444617.675466 4635472.091084 1302484274.0
444639.494301 4635471.033219 1302484276.0
444662.383356 4635468.856769 1302484279.0
