445970.801841 4635474.468764 1301846572.0
445958.480911 4635491.328281 1301846590.0
445936.357870 4635496.048520 1301846594.0
445910.782647 4635494.244061 1301846597.0
445889.034098 4635493.631994 1301846599.0
445865.454764 4635492.367704 1301846601.0
445842.795032 4635491.984770 1301846603.0
445819.969322 4635491.603170 1301846605.0
445796.892112 4635490.890456 1301846607.0
445774.806518 4635489.615101 1301846609.0
445754.484784 4635491.102221 1301846611.0
445730.332957 4635490.953073 1301846614.0
445710.268657 4635493.548695 1301846620.0
445685.861948 4635492.624405 1301846624.0
445663.042998 4635493.131525 1301846627.0
445638.880156 4635491.539335 1301846630.0
445614.958636 4635488.946082 1301846633.0
445592.134587 4635488.787266 1301846636.0
445569.905021 4635490.400518 1301846640.0
445546.597478 4635492.133114 1301846645.0
445520.053442 4635493.890537 1301846649.0
445498.884900 4635493.164191 1301846652.0
445475.981268 4635493.450491 1301846655.0
445446.192245 4635494.122691 1301846658.0
445425.116036 4635494.617227 1301846660.0
445403.205702 4635494.563051 1301846662.0
445381.211527 4635494.398550 1301846664.0
445359.711868 4635493.786190 1301846666.0
445338.212204 4635493.173895 1301846668.0
445316.548265 4635492.784993 1301846670.0
445295.050297 4635492.394882 1301846672.0
445273.634460 4635491.893171 1301846674.0
445252.222032 4635491.835633 1301846676.0
445231.302404 4635491.108169 1301846678.0
445211.046670 4635490.375660 1301846680.0
445183.661709 4635490.697367 1301846683.0
445159.268567 4635491.551315 1301846686.0
445132.698090 4635489.868341 1301846689.0
445105.381569 4635488.302249 1301846692.0
445080.585469 4635490.714044 1301846695.0
445056.981178 4635497.002915 1301846698.0
445031.255985 4635497.312407 1301846701.0
445009.177947 4635497.038669 1301846704.0
444984.538447 4635498.228219 1301846708.0
444960.538832 4635496.303965 1301846712.0
444938.451344 4635494.809147 1301846716.0
444914.909567 4635498.433197 1301846725.0
444888.034580 4635500.306571 1301846729.0
444861.485539 4635501.400287 1301846732.0
444835.176868 4635501.381903 1301846735.0
444808.853572 4635499.476154 1301846738.0
444783.284030 4635498.452930 1301846741.0
444761.783439 4635497.731347 1301846744.0
444741.398158 4635491.005350 1301846749.0
444721.331864 4635482.611428 1301846769.0
444699.370353 4635486.668064 1301846773.0
444675.501018 4635490.850618 1301846776.0
444645.819146 4635494.634282 1301846779.0
444625.002272 4635496.461577 1301846781.0
444595.899630 4635500.018879 1301846784.0
444575.544425 4635497.179306 1301846786.0
444555.683669 4635493.891806 1301846788.0
444531.100394 4635491.640438 1301846791.0
444510.248076 4635488.915955 1301846796.0
444488.576248 4635487.530326 1301846804.0
444469.736469 4635498.114347 1301846808.0
444451.239083 4635510.028157 1301846811.0
444430.476857 4635518.850733 1301846814.0
444402.399497 4635515.516727 1301846817.0
444381.120988 4635511.352508 1301846819.0
444353.375521 4635508.016103 1301846822.0
444331.871422 4635506.851708 1301846825.0
444311.242853 4635500.906074 1301846831.0
444291.978010 4635510.161487 1301846845.0
444274.545011 4635520.179860 1301846849.0
444251.158296 4635522.361456 1301846853.0
444225.441872 4635523.784131 1301846858.0
444203.038849 4635524.403708 1301846860.0
444173.974245 4635522.188673 1301846862.0
444145.308886 4635517.972015 1301846864.0
444110.306850 4635510.030027 1301846866.0
444081.803017 4635505.257185 1301846868.0
444054.212005 4635500.477288 1301846870.0
444030.123871 4635497.890655 1301846872.0
444009.447800 4635496.498658 1301846874.0
443980.486950 4635496.948412 1301846877.0
443949.777251 4635496.634805 1301846880.0
443916.730789 4635494.674215 1301846883.0
443892.239883 4635493.645695 1301846885.0
443870.830001 4635493.925391 1301846887.0
443848.350035 4635495.323926 1301846889.0
443823.710653 4635496.517493 1301846891.0
443798.232644 4635496.607421 1301846893.0
443773.170447 4635496.805192 1301846895.0
443748.686533 4635496.665383 1301846897.0
443724.779142 4635495.965932 1301846899.0
443700.366800 4635494.382280 1301846901.0
443676.283763 4635492.463005 1301846903.0
443655.199677 4635491.963534 1301846905.0
443625.817718 4635491.640820 1301846908.0
443596.589421 4635489.762534 1301846911.0
443572.494022 4635486.289228 1301846914.0
443550.521963 4635478.468846 1301846919.0
443528.720231 4635471.202351 1301846934.0
443504.405706 4635471.506173 1301846938.0
443477.756954 4635470.496189 1301846941.0
443447.699524 4635468.736124 1301846944.0
443425.279600 4635467.248628 1301846946.0
443402.279633 4635465.876846 1301846948.0
443380.107768 4635464.276488 1301846950.0
443358.846111 4635462.335858 1301846952.0
443329.371291 4635460.793727 1301846955.0
443302.970542 4635459.671388 1301846958.0
443279.732164 4635459.634309 1301846962.0
443258.753913 4635462.022056 1301846975.0
443234.041223 4635464.439623 1301846979.0
443209.475935 4635464.524381 1301846982.0
443187.552977 4635462.922637 1301846985.0
443167.319881 4635465.082643 1301846992.0
443141.214156 4635469.732331 1301846996.0
443116.084813 4635471.931565 1301846999.0
443092.600161 4635472.230166 1301847003.0
443073.421525 4635481.710279 1301847011.0
443071.472355 4635507.818915 1301847015.0
443069.931038 4635533.036018 1301847018.0
443068.244169 4635560.808075 1301847021.0
443067.228307 4635589.463046 1301847024.0
443067.122641 4635617.777640 1301847027.0
443065.377674 4635648.659127 1301847030.0
443064.896596 4635671.536043 1301847032.0
443064.173668 4635695.303168 1301847034.0
443063.200017 4635718.850229 1301847036.0
443062.640410 4635742.282947 1301847038.0
443062.492181 4635765.268241 1301847040.0
443062.427826 4635788.363899 1301847042.0
443062.288477 4635812.459467 1301847044.0
443062.469528 4635835.109028 1301847046.0
443062.816546 4635857.757263 1301847048.0
443062.169542 4635880.635513 1301847050.0
443061.850926 4635903.067002 1301847052.0
443061.603757 4635924.054474 1301847054.0
443060.992272 4635951.373818 1301847057.0
443061.078814 4635972.580693 1301847061.0
443062.580485 4635994.331427 1301847081.0
443082.221835 4636001.391677 1301847085.0
443109.608425 4636001.505980 1301847089.0
443133.681954 4636002.424080 1301847092.0
443160.736610 4636002.541230 1301847095.0
443190.692962 4636002.302235 1301847098.0
443211.441013 4636002.469882 1301847100.0
443234.104718 4636003.510596 1301847102.0
443258.092581 4636004.096695 1301847104.0
443283.901613 4636004.113202 1301847106.0
443308.631883 4636004.138388 1301847108.0
443332.613550 4636003.947548 1301847110.0
443356.594334 4636003.645761 1301847112.0
443380.912341 4636004.007580 1301847114.0
443403.316475 4636003.718484 1301847116.0
443431.356300 4636002.496421 1301847119.0
443454.095008 4636002.537931 1301847124.0
443480.813305 4636002.103795 1301847128.0
443506.120037 4636001.569921 1301847131.0
443530.228938 4635996.493230 1301847134.0
443554.843681 4635992.411920 1301847137.0
443576.245912 4635991.354069 1301847139.0
443602.301276 4635991.036676 1301847141.0
443628.368943 4635992.273760 1301847143.0
443654.357131 4635993.955705 1301847145.0
443680.006355 4635994.752151 1301847147.0
443704.737508 4635994.889740 1301847149.0
443728.396039 4635995.813129 1301847151.0
443751.725266 4635997.072299 1301847153.0
443774.391508 4635998.447813 1301847155.0
443794.643389 4635998.843144 1301847157.0
443817.038775 4635997.445076 1301847160.0
443840.864115 4635998.478557 1301847165.0
443856.584066 4635981.921570 1301847170.0
443860.316188 4635960.573594 1301847173.0
443863.118903 4635937.123298 1301847176.0
443865.024580 4635915.678688 1301847179.0
443866.504857 4635892.905022 1301847182.0
443868.043630 4635867.021940 1301847185.0
443869.554419 4635837.585989 1301847188.0
443870.956999 4635815.479144 1301847190.0
443872.605916 4635793.037257 1301847192.0
443874.176236 4635771.151162 1301847194.0
443876.122999 4635744.376600 1301847197.0
443886.755301 4635724.528763 1301847201.0
443906.645409 4635721.041082 1301847204.0
443929.699446 4635718.860960 1301847207.0
443957.405887 4635717.310512 1301847210.0
443978.655239 4635717.809566 1301847212.0
443999.903714 4635718.197656 1301847214.0
444020.914574 4635720.031119 1301847216.0
444048.972149 4635720.921018 1301847219.0
444071.057429 4635722.191019 1301847222.0
444093.671978 4635727.454161 1301847227.0
444113.788243 4635731.626633 1301847232.0
444136.352226 4635730.450332 1301847236.0
444158.651594 4635727.277563 1301847239.0
444186.773830 4635725.835782 1301847242.0
444207.521742 4635725.895311 1301847244.0
444229.683869 4635726.387963 1301847246.0
444250.027280 4635727.783191 1301847249.0
444271.395164 4635732.834583 1301847259.0
444291.485251 4635733.676740 1301847270.0
444313.893694 4635733.834626 1301847273.0
444334.892263 4635734.114633 1301847275.0
444358.628454 4635734.262283 1301847277.0
444382.038772 4635735.189795 1301847279.0
444405.696304 4635735.893386 1301847281.0
444428.192912 4635736.717146 1301847283.0
444450.444889 4635738.098055 1301847285.0
444473.034853 4635740.253636 1301847288.0
444486.747897 4635721.493049 1301847297.0
444486.740812 4635699.286316 1301847300.0
444486.011009 4635669.534908 1301847303.0
444486.330677 4635646.659427 1301847305.0
444486.395334 4635623.008696 1301847307.0
444486.453938 4635598.580776 1301847309.0
444486.351762 4635574.820314 1301847311.0
444486.017932 4635553.282335 1301847313.0
444486.110285 4635533.184478 1301847315.0
444486.070334 4635506.758719 1301847318.0
444488.484609 4635486.420701 1301847323.0
444507.569950 4635475.390681 1301847328.0
444528.644471 4635474.671376 1301847331.0
444555.439088 4635473.130374 1301847334.0
444583.070501 4635472.471234 1301847337.0
444607.466265 4635471.948394 1301847340.0
444628.708501 4635471.450149 1301847343.0
444652.768868 4635470.485936 1301847347.0
444676.166201 4635469.637987 1301847354.0
444696.404837 4635468.148434 1301847358.0
444720.711598 4635466.849436 1301847361.0
444748.769172 4635467.631072 1301847364.0
444776.736005 4635467.414218 1301847367.0
444803.128653 4635467.542772 1301847370.0
444825.709027 4635468.367152 1301847373.0
444851.121288 4635470.502085 1301847377.0
444872.233645 4635474.668991 1301847383.0
444895.484755 4635476.376672 1301847393.0
444923.444681 4635475.272176 1301847397.0
444952.831702 4635476.266403 1301847400.0
444975.160488 4635476.760099 1301847402.0
444997.070046 4635476.701933 1301847404.0
445018.069311 4635476.983961 1301847406.0
445038.160851 4635477.939257 1301847408.0
445058.409796 4635477.783058 1301847410.0
445078.646758 4635476.072537 1301847412.0
445099.384220 4635474.691317 1301847414.0
445120.465615 4635474.861980 1301847416.0
445142.130484 4635475.361314 1301847418.0
445163.961324 4635475.859436 1301847420.0
445185.627894 4635476.580956 1301847422.0
445207.290189 4635476.747406 1301847424.0
445229.614673 4635476.686764 1301847426.0
445252.018732 4635476.181445 1301847428.0
445273.919749 4635475.013859 1301847430.0
445296.824296 4635474.837937 1301847432.0
445319.646708 4635474.773753 1301847434.0
445342.796809 4635474.151960 1301847436.0
445366.279715 4635473.638723 1301847438.0
445389.433226 4635473.461190 1301847440.0
445412.087110 4635473.065493 1301847442.0
445433.913672 4635473.009306 1301847444.0
445454.079633 4635472.854868 1301847446.0
445479.732116 4635473.879864 1301847449.0
445498.893137 4635483.393169 1301847453.0
445501.867598 4635503.356466 1301847457.0
445500.861221 4635523.683320 1301847460.0
445497.969093 4635547.022511 1301847463.0
445497.243126 4635571.455467 1301847466.0
445496.220052 4635600.443077 1301847469.0
445495.977574 4635622.984764 1301847471.0
445495.733400 4635645.304397 1301847473.0
445494.821949 4635667.185002 1301847475.0
445493.907957 4635688.732527 1301847477.0
445493.151445 4635709.168510 1301847479.0
445492.780402 4635736.596667 1301847482.0
445493.523565 4635757.798412 1301847485.0
445495.094865 4635778.771754 1301847492.0
445494.749886 4635798.760457 1301847495.0
445495.723576 4635828.399001 1301847498.0
445497.222071 4635850.705307 1301847500.0
445499.059286 4635873.897292 1301847502.0
445499.392610 4635895.768380 1301847504.0
445499.979978 4635918.303728 1301847506.0
445499.865531 4635946.729233 1301847509.0
445500.284386 4635968.932770 1301847512.0
445502.199454 4635991.457961 1301847516.0
445511.712257 4636009.150576 1301847534.0
445533.814134 4636012.756673 1301847538.0
445558.136960 4636013.792087 1301847541.0
445578.314112 4636015.303394 1301847543.0
445600.481105 4636016.577492 1301847545.0
445623.898740 4636018.619347 1301847547.0
445647.393411 4636019.883455 1301847549.0
445671.132780 4636020.590606 1301847551.0
445694.867911 4636020.742699 1301847553.0
445718.845214 4636020.004757 1301847555.0
445742.990174 4636019.487686 1301847557.0
445766.637249 4636018.974487 1301847559.0
445789.208107 4636018.802659 1301847561.0
445810.623988 4636019.527959 1301847563.0
445830.792614 4636019.929709 1301847565.0
445858.524330 4636021.828491 1301847568.0
445881.181532 4636022.100433 1301847572.0
445902.884279 4636027.820343 1301847587.0
445926.295873 4636029.086001 1301847591.0
445948.862482 4636028.359543 1301847594.0
445978.491740 4636028.800954 1301847597.0
446000.066789 4636028.637347 1301847599.0
446022.141407 4636028.692086 1301847601.0
446043.961193 4636027.971590 1301847603.0
446065.286459 4636027.699039 1301847605.0
446087.200156 4636028.421400 1301847607.0
446109.941977 4636028.915495 1301847609.0
446132.015748 4636028.859548 1301847611.0
446156.085257 4636029.343749 1301847613.0
446177.919310 4636030.511125 1301847615.0
446206.709496 4636029.738457 1301847618.0
446234.726876 4636025.529700 1301847621.0
446261.668047 4636021.662274 1301847624.0
446284.015980 4636013.943417 1301847627.0
446293.175913 4635996.108979 1301847630.0
446293.021970 4635964.687658 1301847634.0
446292.316456 4635937.156669 1301847637.0
446292.183444 4635908.511030 1301847640.0
446297.048647 4635882.381476 1301847643.0
446301.091591 4635857.257428 1301847646.0
446301.154720 4635832.607519 1301847649.0
446300.202798 4635805.411494 1301847652.0
446300.312084 4635775.875767 1301847655.0
446301.824572 4635745.330162 1301847658.0
446302.151733 4635722.676870 1301847660.0
446302.805816 4635699.354913 1301847662.0
446303.879014 4635676.584965 1301847664.0
446304.783740 4635653.483188 1301847666.0
446304.613009 4635630.833653 1301847668.0
446304.370172 4635609.628096 1301847670.0
446303.220347 4635589.206611 1301847672.0
446300.630457 4635564.909813 1301847675.0
446298.728717 4635543.827797 1301847680.0
446303.061858 4635524.142217 1301847704.0
446304.932330 4635497.035963 1301847708.0
446305.375295 4635467.719803 1301847711.0
446306.047842 4635446.840452 1301847713.0
446306.055655 4635425.855080 1301847715.0
446305.751741 4635396.544552 1301847718.0
446305.457034 4635368.455324 1301847721.0
446304.932607 4635342.921596 1301847724.0
446303.105457 4635320.728690 1301847727.0
446301.347896 4635296.758727 1301847731.0
446303.022195 4635276.649065 1301847747.0
