444709.842540 4635477.926137 1303653987.0
444686.446956 4635478.996030 1303654015.0
444663.289991 4635478.731739 1303654018.0
444637.054719 4635477.492142 1303654021.0
444610.324101 4635476.589595 1303654024.0
444583.258069 4635475.245622 1303654027.0
444556.530025 4635474.676357 1303654030.0
444532.053877 4635475.533099 1303654033.0
444505.327556 4635475.186082 1303654037.0
444480.836703 4635474.155538 1303654044.0
444454.765615 4635472.693264 1303654048.0
444431.354449 4635471.765506 1303654051.0
444405.782130 4635470.410554 1303654054.0
444378.979723 4635470.952875 1303654057.0
444351.519488 4635472.277673 1303654060.0
444326.294721 4635472.918902 1303654063.0
444305.128537 4635472.529183 1303654066.0
444284.352975 4635469.027521 1303654072.0
444263.699932 4635459.973263 1303654077.0
444239.761213 4635455.275106 1303654082.0
444213.288963 4635455.593397 1303654085.0
444186.566010 4635455.691683 1303654088.0
444161.173472 4635456.112743 1303654091.0
444137.853891 4635456.295569 1303654094.0
444115.960780 4635458.465893 1303654098.0
444092.796513 4635467.863471 1303654104.0
444072.542283 4635467.356252 1303654107.0
444048.885552 4635466.875813 1303654110.0
444024.066989 4635466.404582 1303654113.0
443998.664015 4635465.493895 1303654116.0
443973.178045 4635464.583952 1303654119.0
443949.773750 4635464.545992 1303654122.0
443929.363130 4635465.261784 1303654125.0
443907.624710 4635465.988090 1303654130.0
443886.384219 4635466.710540 1303654143.0
443865.055494 4635466.767544 1303654146.0
443839.483890 4635465.525651 1303654149.0
443811.840207 4635464.633295 1303654152.0
443783.536995 4635464.301422 1303654155.0
443755.565729 4635463.967039 1303654158.0
443727.597090 4635463.965848 1303654161.0
443700.121988 4635463.405696 1303654164.0
443672.728112 4635462.622939 1303654167.0
443645.580556 4635461.505237 1303654170.0
443618.770214 4635461.051173 1303654173.0
443593.454527 4635460.696410 1303654176.0
443570.310592 4635462.101079 1303654179.0
443550.157746 4635463.926258 1303654182.0
443528.006160 4635464.879065 1303654186.0
443506.433733 4635465.605279 1303654195.0
443482.453782 4635466.239625 1303654199.0
443460.219222 4635467.193302 1303654202.0
443436.479425 4635466.715554 1303654205.0
443411.658137 4635465.913375 1303654208.0
443376.954231 4635464.301553 1303654212.0
443350.558804 4635463.845201 1303654215.0
443326.412876 4635464.481392 1303654218.0
443306.090576 4635465.864473 1303654221.0
443285.187369 4635467.252238 1303654236.0
443264.754683 4635465.194255 1303654242.0
443239.756768 4635463.061669 1303654246.0
443217.500977 4635461.351451 1303654249.0
443196.915556 4635460.960393 1303654252.0
443176.664739 4635460.899829 1303654257.0
443153.674435 4635460.750148 1303654262.0
443130.266530 4635460.270772 1303654265.0
443105.957280 4635461.242117 1303654268.0
443085.223612 4635463.073251 1303654271.0
443068.070386 4635476.756500 1303654277.0
443068.577138 4635498.626206 1303654281.0
443068.429751 4635521.722517 1303654284.0
443067.648641 4635548.599061 1303654287.0
443067.061483 4635568.589929 1303654289.0
443066.620320 4635596.463066 1303654292.0
443066.404162 4635621.336481 1303654295.0
443066.006063 4635644.212732 1303654298.0
443065.801450 4635670.529502 1303654301.0
443065.283535 4635699.180498 1303654304.0
443064.697295 4635719.282398 1303654306.0
443064.279691 4635739.716054 1303654308.0
443063.946851 4635760.371102 1303654310.0
443063.608689 4635780.359987 1303654312.0
443063.096128 4635809.677152 1303654315.0
443063.093459 4635830.107494 1303654317.0
443063.079695 4635859.531709 1303654320.0
443062.813437 4635888.513806 1303654323.0
443062.289360 4635916.387622 1303654326.0
443061.744877 4635941.707811 1303654329.0
443062.751320 4635963.795607 1303654332.0
443063.165347 4635984.444692 1303654347.0
443077.574865 4636001.428813 1303654353.0
443103.302710 4636001.667383 1303654357.0
443126.877464 4636002.478410 1303654360.0
443152.940772 4636003.158618 1303654363.0
443180.580723 4636003.826344 1303654366.0
443208.800652 4636004.378518 1303654369.0
443238.591916 4636004.252075 1303654372.0
443259.331113 4636003.309588 1303654374.0
443280.238931 4636002.698922 1303654376.0
443301.155589 4636003.198591 1303654378.0
443321.987495 4636003.476926 1303654380.0
443342.652551 4636003.645615 1303654382.0
443372.192217 4636003.188630 1303654385.0
443400.322081 4636002.854004 1303654388.0
443425.469019 4636003.098353 1303654391.0
443447.377029 4636003.035405 1303654395.0
443472.192036 4636003.282555 1303654401.0
443494.930739 4636003.324195 1303654404.0
443522.154846 4636003.885510 1303654407.0
443551.535585 4636004.318802 1303654410.0
443581.658756 4636004.191163 1303654413.0
443602.406772 4636004.359949 1303654415.0
443623.237768 4636004.528138 1303654417.0
443644.065248 4636004.252279 1303654419.0
443664.647297 4636004.422559 1303654421.0
443685.063380 4636004.594210 1303654423.0
443705.481217 4636004.987975 1303654425.0
443725.903436 4636005.936934 1303654427.0
443755.199405 4636006.149668 1303654430.0
443781.674877 4636006.495817 1303654433.0
443805.741254 4636006.527969 1303654436.0
443826.723305 4636004.807981 1303654439.0
443847.126245 4636003.314688 1303654450.0
443861.188317 4635986.992850 1303654455.0
443864.878447 4635960.315568 1303654459.0
443865.920174 4635934.547435 1303654462.0
443866.450016 4635907.006790 1303654465.0
443866.889882 4635878.578583 1303654468.0
443867.572579 4635849.371225 1303654471.0
443868.674578 4635820.715734 1303654474.0
443871.030971 4635793.271736 1303654477.0
443873.229291 4635766.828293 1303654480.0
443874.044012 4635743.837811 1303654483.0
443888.664825 4635724.624755 1303654488.0
443914.466084 4635723.533284 1303654492.0
443935.046302 4635723.371272 1303654495.0
443959.616775 4635724.066197 1303654499.0
443983.354775 4635724.434652 1303654517.0
444006.766942 4635725.582985 1303654521.0
444027.103431 4635726.089359 1303654524.0
444048.103794 4635726.590576 1303654527.0
444070.678247 4635726.746393 1303654531.0
444092.594049 4635727.573655 1303654537.0
444120.151930 4635728.245687 1303654541.0
444145.625612 4635727.712794 1303654544.0
444173.090058 4635727.053355 1303654547.0
444201.476905 4635727.608170 1303654550.0
444228.363938 4635727.397604 1303654553.0
444249.353844 4635726.567087 1303654556.0
