446187.636232 4635240.545576 1303876863.0
446160.733169 4635238.861270 1303876865.0
446138.308203 4635236.699073 1303876867.0
446117.204348 4635233.638688 1303876870.0
446090.291156 4635230.622322 1303876896.0
446065.646415 4635231.252987 1303876899.0
446038.419729 4635230.681926 1303876902.0
446010.775562 4635229.781031 1303876905.0
445981.972889 4635229.333162 1303876908.0
445961.636903 4635229.043251 1303876910.0
445940.805501 4635229.090256 1303876912.0
445919.144195 4635229.143623 1303876914.0
445897.064564 4635228.756098 1303876916.0
445874.896878 4635227.703110 1303876918.0
445854.554972 4635226.636314 1303876920.0
445829.151492 4635225.719095 1303876923.0
445804.500830 4635225.573474 1303876927.0
445777.537421 4635226.888975 1303876931.0
445750.397049 4635226.762491 1303876934.0
445728.483373 4635226.374225 1303876936.0
445704.823512 4635225.555200 1303876938.0
445681.079807 4635224.625859 1303876940.0
445657.423320 4635224.251099 1303876942.0
445633.358655 4635224.767801 1303876944.0
445607.541023 4635223.965565 1303876946.0
445580.147413 4635223.286495 1303876948.0
445553.000223 4635222.272545 1303876950.0
445526.352663 4635221.476946 1303876952.0
445500.372417 4635221.120476 1303876954.0
445474.300678 4635219.654465 1303876956.0
445447.312631 4635217.751431 1303876958.0
445419.670001 4635217.074883 1303876960.0
445391.612411 4635216.401624 1303876962.0
445363.887627 4635215.836956 1303876964.0
445336.250939 4635215.937921 1303876966.0
445309.113046 4635216.146199 1303876968.0
445282.219007 4635215.686505 1303876970.0
445254.667011 4635216.009204 1303876972.0
445226.450238 4635216.226086 1303876974.0
445198.311331 4635215.776280 1303876976.0
445171.251295 4635215.318282 1303876978.0
445145.024579 4635215.298104 1303876980.0
445119.377939 4635215.162521 1303876982.0
445093.568739 4635215.472418 1303876984.0
445067.257316 4635215.231112 1303876986.0
445039.695891 4635214.333344 1303876988.0
445011.135144 4635212.999261 1303876990.0
444981.577639 4635211.561957 1303876992.0
444951.523035 4635210.239649 1303876994.0
444921.060330 4635209.808893 1303876996.0
444891.181990 4635209.817881 1303876998.0
444862.300394 4635209.930315 1303877000.0
444834.163134 4635209.704000 1303877002.0
444807.266429 4635208.913017 1303877004.0
444782.031250 4635208.331325 1303877006.0
444760.119135 4635208.168091 1303877008.0
444734.229496 4635208.813014 1303877011.0
444712.416740 4635210.758797 1303877016.0
444685.297769 4635213.412047 1303877039.0
444657.989548 4635213.068958 1303877042.0
444635.328797 4635212.689855 1303877044.0
444609.429682 4635212.113934 1303877046.0
444582.126630 4635212.437298 1303877048.0
444555.493551 4635213.532790 1303877050.0
444532.929612 4635214.929801 1303877052.0
444511.697854 4635216.871676 1303877055.0
444489.137392 4635218.712935 1303877070.0
444484.151170 4635239.182018 1303877075.0
444486.998057 4635263.698317 1303877078.0
444488.510169 4635287.336747 1303877080.0
444490.050822 4635314.639074 1303877082.0
444490.459032 4635345.725378 1303877084.0
444490.698669 4635376.479895 1303877086.0
444490.346143 4635405.795588 1303877088.0
444489.723894 4635432.448570 1303877090.0
444487.495468 4635455.338917 1303877092.0
444480.190974 4635476.492283 1303877095.0
444458.901259 4635481.543731 1303877098.0
444428.031639 4635482.006546 1303877101.0
444401.639880 4635481.990410 1303877103.0
444372.349625 4635482.774242 1303877105.0
444343.898792 4635484.773009 1303877107.0
444320.499793 4635485.399996 1303877109.0
444299.001696 4635485.012890 1303877112.0
444276.995249 4635483.297418 1303877124.0
444255.117825 4635487.465804 1303877127.0
444225.344452 4635490.141599 1303877130.0
444196.586081 4635495.252315 1303877132.0
444168.978260 4635498.910689 1303877134.0
444143.096658 4635500.445989 1303877136.0
444106.246803 4635500.290890 1303877139.0
444081.669481 4635498.818261 1303877141.0
444054.766758 4635497.141911 1303877143.0
444025.280942 4635494.153550 1303877145.0
443995.949727 4635489.720653 1303877147.0
443968.867869 4635486.380524 1303877149.0
443945.619137 4635485.008947 1303877151.0
443920.540298 4635483.096683 1303877154.0
443899.530459 4635481.485564 1303877157.0
443868.883550 4635478.618026 1303877160.0
443843.486716 4635478.485083 1303877162.0
443814.771252 4635478.489438 1303877164.0
443782.820144 4635478.630476 1303877166.0
443749.288763 4635478.340000 1303877168.0
443714.594673 4635477.947834 1303877170.0
443679.234920 4635477.339031 1303877172.0
443643.878670 4635477.174512 1303877174.0
443610.345508 4635476.662635 1303877176.0
443580.289906 4635475.124066 1303877178.0
443554.622080 4635472.218445 1303877180.0
443528.369797 4635468.873412 1303877183.0
443506.873326 4635468.710750 1303877192.0
443480.070040 4635469.145426 1303877195.0
443455.751982 4635469.005306 1303877197.0
443427.363994 4635468.453451 1303877199.0
443396.312450 4635466.923565 1303877201.0
443365.425101 4635465.170441 1303877203.0
443337.444959 4635463.727428 1303877205.0
443314.033553 4635462.803340 1303877207.0
443289.044486 4635461.780854 1303877210.0
