445186.493185 4636031.187931 1303920461.0
445162.427835 4636031.262141 1303920463.0
445142.094064 4636030.974590 1303920465.0
445115.120097 4636030.516195 1303920468.0
445095.032695 4636029.893777 1303920470.0
445071.875846 4636029.406122 1303920472.0
445045.402320 4636029.277232 1303920474.0
445017.681504 4636028.824968 1303920476.0
444988.216365 4636028.164216 1303920478.0
444956.680124 4636027.963727 1303920480.0
444923.245616 4636029.110463 1303920482.0
444889.395351 4636030.149539 1303920484.0
444856.460464 4636031.514791 1303920486.0
444824.434939 4636032.429014 1303920488.0
444794.808984 4636032.436512 1303920490.0
444769.579301 4636032.187973 1303920492.0
444742.690855 4636032.063426 1303920495.0
444719.534831 4636031.687943 1303920501.0
444692.228025 4636031.122697 1303920505.0
444670.557027 4636029.625502 1303920508.0
444646.311015 4636027.815283 1303920511.0
444618.342061 4636027.477534 1303920514.0
444593.354378 4636026.339466 1303920517.0
444570.199183 4636026.075495 1303920520.0
444545.214942 4636025.381704 1303920523.0
444521.814255 4636025.563938 1303920526.0
444501.400024 4636025.611943 1303920529.0
444480.261464 4636028.552537 1303920535.0
444472.149858 4636009.962060 1303920553.0
444473.613870 4635984.856963 1303920555.0
444474.480576 4635957.646879 1303920557.0
444474.775936 4635931.662623 1303920560.0
444475.284002 4635911.672546 1303920564.0
444473.038930 4635889.816354 1303920578.0
444477.448063 4635869.906901 1303920583.0
444481.072296 4635845.118076 1303920586.0
444483.583156 4635815.896573 1303920589.0
444482.034750 4635787.594982 1303920592.0
444478.055655 4635766.862647 1303920596.0
444462.228810 4635748.665427 1303920609.0
444461.860276 4635722.686356 1303920612.0
444462.190247 4635701.143197 1303920614.0
444462.330879 4635676.603599 1303920616.0
444462.620173 4635649.842164 1303920618.0
444462.988995 4635622.635974 1303920620.0
444463.704483 4635597.314660 1303920622.0
444464.366421 4635575.768918 1303920624.0
444464.089544 4635550.899478 1303920627.0
444463.015690 4635530.255541 1303920643.0
444468.672448 4635510.669473 1303920658.0
444449.739990 4635498.714387 1303920670.0
444428.895452 4635496.989387 1303920673.0
444401.088631 4635496.429123 1303920676.0
444380.743730 4635494.922431 1303920678.0
444356.139579 4635490.007014 1303920681.0
444336.129201 4635488.830938 1303920684.0
444316.180973 4635484.989617 1303920691.0
444294.667247 4635482.604036 1303920713.0
444269.349107 4635481.913790 1303920723.0
444241.203301 4635480.468529 1303920726.0
444219.376708 4635480.528370 1303920728.0
444195.553195 4635479.937717 1303920730.0
444170.734695 4635479.465975 1303920732.0
444146.828184 4635478.876136 1303920734.0
444120.672293 4635477.193680 1303920737.0
444100.736104 4635474.907342 1303920743.0
444076.318567 4635472.656238 1303920757.0
444050.090981 4635472.418046 1303920760.0
444028.262610 4635472.256419 1303920762.0
444004.853980 4635471.663143 1303920764.0
443981.864649 4635471.621817 1303920766.0
443961.198971 4635471.562285 1303920768.0
443934.563421 4635472.216000 1303920771.0
443910.424499 4635473.738429 1303920775.0
443889.925672 4635473.788825 1303920784.0
443882.160897 4635499.498858 1303920789.0
443883.293289 4635527.359490 1303920792.0
443883.127521 4635548.457270 1303920794.0
443882.987120 4635572.774840 1303920796.0
443883.097431 4635597.312503 1303920798.0
443883.038272 4635621.407367 1303920800.0
443883.116223 4635641.837026 1303920802.0
443884.043273 4635664.702746 1303920805.0
443884.702120 4635685.127830 1303920815.0
443885.131253 4635707.997475 1303920821.0
443890.850414 4635728.160631 1303920826.0
443916.262963 4635730.403251 1303920831.0
443941.313847 4635728.873649 1303920835.0
443962.049536 4635727.378081 1303920839.0
443983.239447 4635730.875536 1303920860.0
444009.892357 4635732.553565 1303920865.0
444037.367248 4635733.225929 1303920868.0
444060.760192 4635731.931841 1303920871.0
444081.250424 4635730.882684 1303920880.0
444104.738562 4635731.142470 1303920884.0
444128.323617 4635733.178118 1303920905.0
444151.579329 4635735.549528 1303920908.0
444182.552588 4635737.860534 1303920911.0
444206.788425 4635738.225831 1303920913.0
444233.434286 4635739.016478 1303920915.0
444262.069162 4635739.458559 1303920917.0
444292.277265 4635739.444314 1303920919.0
444323.065389 4635739.314630 1303920921.0
444352.202496 4635740.308317 1303920923.0
444379.430949 4635741.317026 1303920925.0
444405.585794 4635743.000422 1303920927.0
444428.915689 4635744.261817 1303920929.0
444456.118138 4635741.940003 1303920932.0
444475.416405 4635747.674346 1303920938.0
444479.188104 4635773.737926 1303920942.0
444478.997326 4635802.497208 1303920945.0
444479.166948 4635824.258542 1303920947.0
444479.798220 4635852.012113 1303920950.0
444480.389680 4635874.658433 1303920955.0
444478.447622 4635902.321031 1303920960.0
444478.093495 4635931.414694 1303920963.0
444477.894953 4635959.174738 1303920966.0
444479.489988 4635982.812544 1303920970.0
444478.823746 4636003.803163 1303920976.0
444499.882066 4636011.855556 1303921000.0
444523.377887 4636013.226986 1303921003.0
444552.904537 4636011.109488 1303921006.0
444573.660236 4636012.280348 1303921008.0
444602.371769 4636012.056976 1303921011.0
444626.974059 4636006.313968 1303921014.0
444647.745287 4636009.483534 1303921019.0
444667.607152 4636013.104360 1303921028.0
444691.850620 4636014.581571 1303921031.0
444722.729992 4636015.674258 1303921034.0
444746.799723 4636016.153698 1303921036.0
444773.276766 4636016.725587 1303921038.0
444801.241442 4636016.508808 1303921040.0
444829.366060 4636015.513663 1303921042.0
444858.810648 4636013.509104 1303921044.0
444889.505983 4636012.272227 1303921046.0
444920.203044 4636011.257537 1303921048.0
444950.741013 4636011.132480 1303921050.0
444982.527989 4636011.553074 1303921052.0
445015.318448 4636012.965369 1303921054.0
445048.437389 4636013.931145 1303921056.0
445080.723083 4636014.459363 1303921058.0
445112.675988 4636014.879259 1303921060.0
445145.211466 4636015.516879 1303921062.0
445178.744419 4636016.369038 1303921064.0
445212.857375 4636017.105859 1303921066.0
445246.883073 4636017.288345 1303921068.0
445280.333869 4636018.252646 1303921070.0
445312.703341 4636018.892306 1303921072.0
445344.481713 4636018.204244 1303921074.0
445373.872369 4636019.977378 1303921076.0
445401.514447 4636020.986801 1303921078.0
445426.073454 4636020.354447 1303921080.0
445452.700189 4636018.818072 1303921083.0
445473.590185 4636015.882274 1303921100.0
445500.234785 4636016.677649 1303921104.0
445529.948831 4636017.338615 1303921107.0
445553.518870 4636017.602534 1303921109.0
445579.500449 4636018.514307 1303921111.0
445607.392281 4636019.633654 1303921113.0
445637.107144 4636020.406094 1303921115.0
445668.485008 4636021.610106 1303921117.0
445701.436113 4636022.358128 1303921119.0
445734.299998 4636022.551799 1303921121.0
445765.506794 4636023.091340 1303921123.0
445794.230067 4636024.427154 1303921125.0
445821.620563 4636025.107019 1303921127.0
445847.094892 4636024.802256 1303921129.0
445867.417648 4636023.648466 1303921131.0
445887.825077 4636022.716158 1303921149.0
