445530.647722 4636032.766956 1302115060.0
445504.179343 4636033.302525 1302115078.0
445481.108937 4636033.257013 1302115081.0
445459.365374 4636033.090382 1302115084.0
445439.217159 4636035.354338 1302115088.0
445416.397400 4636035.529183 1302115106.0
445393.227841 4636033.375074 1302115109.0
445373.134524 4636031.974683 1302115111.0
445350.140271 4636031.040741 1302115113.0
445324.991913 4636030.567543 1302115115.0
445298.266911 4636030.106543 1302115117.0
445271.538492 4636029.201535 1302115119.0
445244.726229 4636028.186237 1302115121.0
445218.582929 4636027.832098 1302115123.0
445194.097537 4636027.243229 1302115125.0
445172.185408 4636026.745670 1302115127.0
445143.551807 4636026.299942 1302115130.0
445120.891984 4636025.697265 1302115133.0
445099.638555 4636024.528650 1302115138.0
445074.591960 4636026.498296 1302115158.0
445048.284385 4636026.368116 1302115161.0
445026.956531 4636026.310630 1302115163.0
445003.386471 4636026.048453 1302115165.0
444978.657245 4636026.128411 1302115167.0
444953.597811 4636026.433074 1302115169.0
444928.708631 4636027.291678 1302115171.0
444904.233503 4636028.036133 1302115173.0
444880.091161 4636028.889130 1302115175.0
444856.445851 4636029.627327 1302115177.0
444833.549094 4636030.581873 1302115179.0
444811.315330 4636031.420321 1302115181.0
444789.909660 4636032.030352 1302115183.0
444760.695162 4636031.590666 1302115186.0
444736.627208 4636031.333234 1302115189.0
444715.458417 4636030.387175 1302115192.0
444693.537618 4636028.780815 1302115195.0
444672.550298 4636029.832086 1302115198.0
444651.146353 4636030.664588 1302115201.0
444626.992815 4636030.075090 1302115204.0
444597.277810 4636029.306863 1302115207.0
444573.699943 4636028.046863 1302115209.0
444548.295617 4636026.690127 1302115211.0
444524.227626 4636026.433412 1302115213.0
444502.566951 4636026.269054 1302115215.0
444480.092040 4636028.109722 1302115218.0
444491.691057 4636004.369075 1302115242.0
444496.891047 4635979.456938 1302115245.0
444490.869470 4635952.189504 1302115248.0
444490.526125 4635929.430214 1302115252.0
444492.634185 4635901.766325 1302115256.0
444490.626782 4635867.805574 1302115259.0
444484.423555 4635838.540952 1302115261.0
444471.523594 4635801.889263 1302115263.0
444467.949874 4635779.932399 1302115265.0
444471.189499 4635759.032759 1302115269.0
444473.920853 4635736.804677 1302115276.0
444474.813578 4635712.925419 1302115279.0
444475.653616 4635692.932762 1302115281.0
444476.478949 4635671.052642 1302115283.0
444476.951576 4635646.510459 1302115285.0
444477.246121 4635620.415189 1302115287.0
444477.625388 4635594.541328 1302115289.0
444478.019371 4635570.554930 1302115291.0
444478.756555 4635548.009299 1302115293.0
444478.782257 4635519.362350 1302115296.0
444478.841709 4635495.045460 1302115300.0
444467.410024 4635476.480871 1302115309.0
444443.246789 4635474.892733 1302115313.0
444416.339753 4635472.659881 1302115316.0
444394.262448 4635472.499075 1302115318.0
444371.272277 4635472.345465 1302115320.0
444349.778483 4635472.513341 1302115322.0
444329.694610 4635472.559230 1302115324.0
444306.710510 4635473.183019 1302115327.0
444285.883223 4635473.678979 1302115334.0
444264.780914 4635470.846134 1302115338.0
444242.801785 4635462.024379 1302115341.0
444222.222560 4635462.407549 1302115343.0
444197.239766 4635462.159069 1302115345.0
444172.343438 4635462.354134 1302115347.0
444150.940430 4635463.521204 1302115349.0
444124.697142 4635461.284248 1302115352.0
444104.732805 4635465.993261 1302115375.0
444084.239194 4635466.709261 1302115380.0
444047.383053 4635465.777274 1302115384.0
444024.394578 4635465.846838 1302115386.0
444000.160413 4635465.815234 1302115388.0
443976.505414 4635465.557090 1302115390.0
443955.509514 4635465.722240 1302115392.0
443930.786156 4635466.805061 1302115395.0
443909.572767 4635470.969284 1302115400.0
443889.431245 4635474.236856 1302115418.0
443882.060417 4635497.278968 1302115423.0
443883.016340 4635523.808581 1302115426.0
443883.259384 4635544.125902 1302115428.0
443882.538951 4635568.559075 1302115431.0
443882.139975 4635591.657308 1302115436.0
443881.582903 4635615.756093 1302115440.0
443882.165770 4635637.070047 1302115443.0
443883.035419 4635684.252688 1302115449.0
443882.569216 4635709.350068 1302115453.0
443893.081381 4635726.921682 1302115457.0
443932.859896 4635730.272595 1302115463.0
443954.172978 4635728.328323 1302115466.0
443974.334764 4635727.725580 1302115472.0
443994.587394 4635728.121486 1302115498.0
444021.152091 4635729.134046 1302115502.0
444043.310742 4635729.182010 1302115505.0
444065.873853 4635727.894458 1302115509.0
444089.334988 4635724.712350 1302115516.0
444113.563040 4635724.078085 1302115522.0
