445974.735171 4635205.182751 1302350528.0
445974.843303 4635230.386526 1302350554.0
445975.181041 4635253.034790 1302350557.0
445975.223024 4635280.459737 1302350560.0
445974.696713 4635309.554498 1302350563.0
445974.102208 4635329.656065 1302350565.0
445973.677896 4635350.311509 1302350567.0
445973.422091 4635371.298777 1302350569.0
445973.415254 4635392.284158 1302350571.0
445973.322063 4635412.826060 1302350573.0
445972.812250 4635433.149055 1302350575.0
445970.202024 4635461.038260 1302350578.0
445968.615918 4635481.702521 1302350581.0
445984.482852 4635494.684145 1302350585.0
446011.932255 4635491.922291 1302350589.0
446037.815013 4635490.504812 1302350592.0
446067.939376 4635490.276682 1302350595.0
446089.355121 4635490.780780 1302350597.0
446111.517746 4635491.279292 1302350599.0
446133.929329 4635491.775991 1302350601.0
446156.336712 4635491.717624 1302350603.0
446177.998887 4635491.887026 1302350605.0
446198.914175 4635492.062134 1302350607.0
446219.163887 4635492.020261 1302350609.0
446247.384557 4635492.473462 1302350612.0
446272.700670 4635492.948681 1302350615.0
446293.038386 4635493.572555 1302350620.0
446302.447167 4635475.625246 1302350625.0
446302.288155 4635454.530096 1302350628.0
446302.587736 4635428.212920 1302350631.0
446302.941019 4635398.009172 1302350634.0
446302.778665 4635376.469916 1302350636.0
446302.442801 4635353.932669 1302350638.0
446301.443025 4635331.400426 1302350640.0
446300.785244 4635310.198007 1302350642.0
446300.565979 4635281.108914 1302350645.0
446300.793467 4635256.235722 1302350648.0
446285.965291 4635237.915965 1302350652.0
446263.627544 4635236.307884 1302350655.0
446236.901361 4635236.065390 1302350658.0
446206.936881 4635235.625380 1302350661.0
446186.520459 4635235.668535 1302350663.0
446157.634843 4635235.220582 1302350666.0
446133.394993 4635234.515552 1302350669.0
446109.738588 4635234.139291 1302350673.0
446087.993475 4635234.081745 1302350676.0
446061.679695 4635233.503687 1302350679.0
446032.957511 4635232.721902 1302350682.0
446006.311758 4635232.146563 1302350685.0
445983.319253 4635231.765690 1302350688.0
445970.250950 4635248.630840 1302350692.0
445972.155405 4635269.934822 1302350695.0
445972.930834 4635295.577672 1302350698.0
445972.647609 4635323.893355 1302350701.0
445972.294030 4635353.875076 1302350704.0
445972.199997 4635374.305950 1302350706.0
445971.687655 4635394.295863 1302350708.0
445971.317250 4635422.057044 1302350711.0
445970.345727 4635447.157982 1302350714.0
445967.516488 4635468.053739 1302350718.0
445962.105398 4635487.747714 1302350744.0
445936.683078 4635495.157783 1302350748.0
445912.110442 4635494.233979 1302350751.0
445884.219154 4635493.446502 1302350754.0
445855.834997 4635493.329082 1302350757.0
445830.095453 4635491.748229 1302350760.0
445805.274669 4635490.937713 1302350763.0
445777.971865 4635491.145477 1302350766.0
445752.161986 4635491.230943 1302350769.0
445730.083995 4635490.954970 1302350772.0
445709.505695 4635491.444871 1302350778.0
445686.505529 4635489.954692 1302350782.0
445662.429905 4635488.916925 1302350785.0
445634.709610 4635488.795322 1302350788.0
445605.833425 4635489.459888 1302350791.0
445585.677692 4635490.946222 1302350793.0
445564.852129 4635491.660498 1302350795.0
445543.858049 4635492.043021 1302350797.0
445522.446487 4635492.095698 1302350799.0
445500.702975 4635492.150979 1302350801.0
445478.702852 4635491.208988 1302350803.0
445456.619735 4635490.267700 1302350805.0
445434.455325 4635489.549170 1302350807.0
445412.291760 4635488.941737 1302350809.0
445390.212879 4635488.555790 1302350811.0
445367.962911 4635487.505022 1302350813.0
445345.467381 4635486.900342 1302350815.0
445322.976959 4635486.961896 1302350817.0
445300.401844 4635486.802103 1302350819.0
445277.663310 4635486.976739 1302350821.0
445254.590267 4635486.820917 1302350823.0
445232.100694 4635486.993784 1302350825.0
445210.358861 4635487.272006 1302350827.0
445189.277511 4635487.101077 1302350829.0
445169.110728 4635487.145238 1302350831.0
445148.612850 4635487.303040 1302350833.0
445127.543468 4635488.686673 1302350835.0
445106.300418 4635489.072404 1302350837.0
445085.136934 4635489.013450 1302350839.0
445064.059004 4635489.287000 1302350841.0
445042.727830 4635489.007398 1302350843.0
445021.324805 4635490.171853 1302350845.0
445000.006487 4635491.557785 1302350847.0
444978.924276 4635491.276452 1302350849.0
444958.593237 4635491.544545 1302350851.0
444930.209853 4635491.541840 1302350854.0
444907.384901 4635491.274191 1302350857.0
444883.809624 4635490.568285 1302350864.0
444858.157078 4635489.545434 1302350868.0
444837.409377 4635489.595031 1302350871.0
444816.984164 4635488.420818 1302350875.0
