446303.557239 4635259.545892 1301866214.0
446307.302124 4635238.865459 1301866242.0
446288.947198 4635226.123946 1301866256.0
446266.633700 4635227.735640 1301866259.0
446236.348120 4635228.741362 1301866262.0
446213.607953 4635228.801975 1301866264.0
446190.039560 4635229.090983 1301866266.0
446167.384899 4635229.484198 1301866268.0
446146.971815 4635229.971574 1301866270.0
446124.731268 4635230.250761 1301866273.0
446103.738935 4635230.964708 1301866294.0
446078.839342 4635230.820021 1301866298.0
446054.106568 4635230.785192 1301866301.0
446028.797907 4635231.421012 1301866304.0
446004.652795 4635232.270170 1301866307.0
445980.018165 4635234.233456 1301866311.0
445969.783323 4635252.631591 1301866319.0
445971.110218 4635274.384087 1301866323.0
445970.883884 4635299.257300 1301866326.0
445970.881259 4635320.797814 1301866328.0
445970.566048 4635344.894469 1301866330.0
445970.426922 4635370.322191 1301866332.0
445970.122666 4635395.862201 1301866334.0
445969.809150 4635420.180913 1301866336.0
445969.071437 4635443.281475 1301866338.0
445967.650462 4635463.833450 1301866340.0
445965.170874 4635487.058260 1301866343.0
445948.019038 4635501.622738 1301866347.0
445924.267027 4635499.471297 1301866350.0
445903.259479 4635498.076327 1301866352.0
445879.193205 4635498.259126 1301866354.0
445841.008142 4635497.105898 1301866357.0
445816.510037 4635495.071521 1301866359.0
445792.593673 4635493.143835 1301866361.0
445769.349644 4635492.321446 1301866363.0
445748.845033 4635491.589303 1301866365.0
445726.278424 4635492.538433 1301866368.0
445701.383946 4635492.950210 1301866374.0
445676.392936 4635491.586272 1301866377.0
445655.799392 4635490.077840 1301866379.0
445634.048254 4635489.133470 1301866381.0
445612.801814 4635489.073582 1301866383.0
445591.885625 4635488.789167 1301866385.0
445571.551194 4635488.611403 1301866387.0
445545.247615 4635489.256558 1301866390.0
445524.583779 4635489.414547 1301866394.0
445499.784169 4635491.380773 1301866412.0
445476.624771 4635490.780759 1301866415.0
445446.407197 4635489.679699 1301866418.0
445425.405456 4635489.063328 1301866420.0
445404.324127 4635488.891762 1301866422.0
445371.372203 4635488.367146 1301866425.0
445348.878380 4635487.984509 1301866427.0
445325.802790 4635487.495375 1301866429.0
445302.813592 4635487.449787 1301866431.0
445280.403598 4635487.177757 1301866433.0
445258.324698 4635486.792219 1301866435.0
445237.076521 4635486.511396 1301866437.0
445216.161145 4635486.339112 1301866439.0
445195.988383 4635485.606007 1301866441.0
445167.434743 4635485.048498 1301866444.0
445143.366692 4635485.011728 1301866447.0
445120.543450 4635484.965450 1301866450.0
445094.559839 4635484.055333 1301866453.0
445067.414396 4635483.154269 1301866456.0
445036.948591 4635482.167893 1301866459.0
445015.615679 4635481.666317 1301866461.0
444994.114216 4635480.833005 1301866463.0
444973.197090 4635480.439380 1301866465.0
444952.616200 4635480.598386 1301866467.0
444924.811108 4635480.258131 1301866470.0
444902.485762 4635480.208702 1301866474.0
444878.166138 4635479.841672 1301866481.0
444850.769096 4635478.610279 1301866485.0
444822.795431 4635477.938626 1301866488.0
444801.464200 4635477.659746 1301866490.0
444779.136256 4635477.277621 1301866492.0
444755.981017 4635477.235084 1301866494.0
444732.414283 4635477.639950 1301866496.0
444709.346338 4635478.152056 1301866498.0
444688.604631 4635478.979276 1301866500.0
444665.029279 4635478.274093 1301866503.0
444641.516202 4635474.903692 1301866520.0
444615.603366 4635472.440296 1301866524.0
444586.642423 4635472.887584 1301866527.0
444565.144317 4635472.499674 1301866529.0
444544.146726 4635472.441035 1301866531.0
444523.813034 4635472.377288 1301866533.0
444500.827197 4635472.778396 1301866536.0
444479.921244 4635473.829571 1301866542.0
444459.583224 4635473.210871 1301866545.0
444428.859623 4635471.118764 1301866548.0
444404.948788 4635469.972922 1301866550.0
444379.878717 4635469.169313 1301866552.0
444354.818179 4635469.587091 1301866554.0
444331.507324 4635470.879555 1301866556.0
444304.129214 4635472.092861 1301866559.0
444282.397743 4635473.706240 1301866565.0
444264.809176 4635463.850773 1301866571.0
444234.188441 4635464.312480 1301866574.0
444209.379457 4635465.061902 1301866576.0
444183.903965 4635465.483531 1301866578.0
444161.167939 4635465.994811 1301866580.0
444137.698957 4635468.288455 1301866583.0
444108.934457 4635472.622335 1301866590.0
444080.801644 4635472.843114 1301866593.0
444058.391491 4635472.574927 1301866595.0
444034.409803 4635472.985360 1301866597.0
444009.424411 4635472.404457 1301866599.0
443985.355369 4635472.260572 1301866601.0
443964.190894 4635472.093920 1301866603.0
443940.703636 4635472.056644 1301866606.0
443920.372529 4635472.327700 1301866617.0
443895.805554 4635472.188038 1301866621.0
443868.407373 4635470.849393 1301866624.0
443846.992171 4635470.462997 1301866626.0
443824.740960 4635469.306018 1301866628.0
443801.498267 4635468.712102 1301866630.0
443777.346209 4635468.569574 1301866632.0
443752.781840 4635468.763486 1301866634.0
443728.384323 4635469.067199 1301866636.0
443704.069794 4635469.370339 1301866638.0
443680.248804 4635469.114490 1301866640.0
443657.172943 4635468.630759 1301866642.0
443634.017605 4635468.591868 1301866644.0
443611.528803 4635468.880879 1301866646.0
443590.203589 4635469.382815 1301866648.0
443570.040205 4635469.875611 1301866650.0
443545.895172 4635470.622086 1301866653.0
443523.981128 4635470.129579 1301866676.0
443500.336665 4635471.205342 1301866680.0
443472.533131 4635471.092809 1301866683.0
443450.280077 4635469.714946 1301866685.0
443426.700091 4635468.458723 1301866687.0
443403.953502 4635467.640095 1301866689.0
443381.704833 4635466.817581 1301866691.0
443360.203048 4635465.989198 1301866693.0
443339.448147 4635465.154940 1301866695.0
443310.059855 4635464.056338 1301866698.0
443287.985973 4635464.343068 1301866701.0
443265.480352 4635462.523654 1301866710.0
443238.273603 4635464.405898 1301866715.0
443214.466712 4635465.928041 1301866718.0
443192.145642 4635466.439107 1301866721.0
443168.313963 4635464.852644 1301866731.0
443141.353547 4635466.400190 1301866735.0
443115.130278 4635466.720576 1301866738.0
443094.798259 4635466.882961 1301866741.0
443072.316542 4635468.061892 1301866753.0
