443901.135053 4635463.929546 1302363252.0
443880.477220 4635464.869493 1302363273.0
443857.822435 4635465.159034 1302363276.0
443830.104522 4635465.377532 1302363279.0
443809.934992 4635465.092459 1302363281.0
443788.602754 4635464.705584 1302363283.0
443766.193425 4635464.549342 1302363285.0
443743.036326 4635464.288043 1302363287.0
443719.382175 4635464.141779 1302363289.0
443695.893997 4635463.994282 1302363291.0
443672.739524 4635464.066293 1302363293.0
443649.826987 4635463.248191 1302363295.0
443627.253424 4635463.315754 1302363297.0
443604.766364 4635463.826841 1302363299.0
443582.607740 4635463.891260 1302363301.0
443561.280752 4635464.171228 1302363303.0
443535.309087 4635464.821176 1302363306.0
443514.063329 4635464.878573 1302363329.0
443493.149520 4635464.933401 1302363333.0
443468.748461 4635464.793894 1302363336.0
443439.358434 4635463.472704 1302363339.0
443418.022624 4635462.642829 1302363341.0
443396.105893 4635461.817634 1302363343.0
443374.691496 4635461.543684 1302363345.0
443354.271185 4635461.039825 1302363347.0
443325.221897 4635460.826738 1302363350.0
443299.580410 4635461.252850 1302363353.0
443277.496795 4635460.318313 1302363357.0
443251.683140 4635459.968729 1302363364.0
443229.609245 4635460.255639 1302363367.0
443205.373239 4635460.004685 1302363370.0
443184.287228 4635459.284552 1302363373.0
443160.963196 4635458.915440 1302363380.0
443135.646563 4635458.451276 1302363384.0
443112.160094 4635458.527758 1302363387.0
443090.338703 4635459.257221 1302363390.0
443068.526190 4635461.097023 1302363412.0
443063.383568 4635482.234638 1302363416.0
443062.982797 4635504.777804 1302363419.0
443062.295341 4635532.986010 1302363422.0
443062.042805 4635553.307307 1302363424.0
443062.210530 4635574.291450 1302363426.0
443063.132232 4635596.157843 1302363428.0
443064.065467 4635619.467590 1302363430.0
443064.332149 4635642.449562 1302363432.0
443064.349875 4635665.433525 1302363434.0
443064.449700 4635688.305799 1302363436.0
443064.306784 4635711.957254 1302363438.0
443064.079111 4635735.387318 1302363440.0
443063.771120 4635759.151129 1302363442.0
443063.379261 4635782.804577 1302363444.0
443062.903535 4635806.347661 1302363446.0
443062.429590 4635830.112801 1302363448.0
443062.036858 4635853.655224 1302363450.0
443062.053721 4635876.528168 1302363452.0
443062.059935 4635898.068785 1302363454.0
443061.970743 4635918.055684 1302363456.0
443062.107870 4635945.591113 1302363459.0
443061.893545 4635970.686595 1302363462.0
443061.486634 4635992.452587 1302363465.0
443082.013703 4636006.500922 1302363470.0
443103.328431 4636004.887175 1302363473.0
443129.211586 4636003.792185 1302363476.0
443157.922325 4636003.451964 1302363479.0
443188.124961 4636002.877890 1302363482.0
443208.786488 4636002.602081 1302363484.0
443229.867348 4636002.878162 1302363486.0
443251.777137 4636003.036667 1302363488.0
443274.017966 4636003.081568 1302363490.0
443296.591603 4636003.234924 1302363492.0
443319.245569 4636003.054608 1302363494.0
443341.819203 4636003.208107 1302363496.0
443364.309853 4636003.362337 1302363498.0
443385.972450 4636003.745289 1302363500.0
443406.472420 4636004.026510 1302363502.0
443433.859855 4636004.253087 1302363505.0
443453.943149 4636004.315685 1302363510.0
443478.180804 4636005.011576 1302363515.0
443502.083004 4636005.266074 1302363518.0
443529.469544 4636005.381991 1302363521.0
443558.600452 4636005.706259 1302363524.0
443578.934438 4636005.989291 1302363526.0
443599.684208 4636006.380123 1302363528.0
443620.848003 4636006.656704 1302363530.0
443642.510562 4636007.040436 1302363532.0
443664.671885 4636007.531322 1302363534.0
443686.666363 4636007.912563 1302363536.0
443708.826801 4636008.292559 1302363538.0
443730.904253 4636008.673280 1302363540.0
443752.651530 4636009.278745 1302363542.0
443773.399518 4636009.448029 1302363544.0
443802.364418 4636009.774604 1302363547.0
443827.906936 4636007.574500 1302363550.0
443848.229513 4636006.414946 1302363557.0
443864.685798 4635988.519763 1302363566.0
443866.057695 4635962.526958 1302363570.0
443866.876729 4635940.091604 1302363574.0
443867.861735 4635917.654943 1302363584.0
443868.642286 4635890.334392 1302363588.0
443869.177395 4635863.459913 1302363591.0
443869.431324 4635843.027631 1302363593.0
443869.923707 4635821.261061 1302363595.0
443871.912429 4635799.815803 1302363597.0
443873.576227 4635779.261380 1302363599.0
443874.597907 4635750.939630 1302363602.0
443876.761386 4635730.603340 1302363605.0
443898.932197 4635721.656997 1302363609.0
443921.997593 4635720.920203 1302363612.0
443944.493457 4635721.631410 1302363615.0
443968.564279 4635722.108230 1302363619.0
443990.154285 4635723.714979 1302363632.0
444010.411288 4635724.666067 1302363635.0
444035.062112 4635725.027518 1302363638.0
444058.218336 4635725.289759 1302363641.0
444080.460853 4635725.448214 1302363647.0
444107.516481 4635725.568970 1302363652.0
444132.912412 4635725.702846 1302363655.0
444162.791255 4635726.023738 1302363658.0
444183.373198 4635726.084497 1302363660.0
444212.421316 4635726.301072 1302363663.0
444238.731806 4635726.650231 1302363666.0
444261.719430 4635726.581350 1302363670.0
444285.619015 4635726.394377 1302363699.0
444309.187530 4635726.321107 1302363702.0
444338.482854 4635726.314196 1302363705.0
444358.899684 4635726.487786 1302363707.0
444379.236128 4635726.995164 1302363709.0
444408.782997 4635727.319680 1302363712.0
444437.655592 4635726.317170 1302363715.0
444459.818555 4635726.921565 1302363718.0
444479.242061 4635716.777089 1302363725.0
444481.199768 4635691.112989 1302363729.0
444482.238595 4635664.678816 1302363732.0
444482.745856 4635644.577720 1302363734.0
444483.577276 4635623.474794 1302363736.0
444484.323987 4635602.150461 1302363738.0
444484.321230 4635580.498868 1302363740.0
444484.741196 4635559.843286 1302363742.0
444484.742770 4635538.746830 1302363744.0
444484.835121 4635518.648973 1302363746.0
444485.139230 4635493.775008 1302363749.0
444491.184198 4635470.743885 1302363756.0
444515.715675 4635466.333487 1302363760.0
444541.708969 4635468.462793 1302363763.0
444569.769160 4635469.576806 1302363766.0
444596.052062 4635466.263397 1302363769.0
444622.694555 4635466.500373 1302363772.0
444647.674704 4635466.417264 1302363775.0
444673.155364 4635466.663456 1302363779.0
444695.483353 4635467.045249 1302363782.0
444722.549387 4635468.389649 1302363785.0
444752.521698 4635469.933679 1302363788.0
444773.273764 4635470.438971 1302363790.0
444793.858991 4635470.834583 1302363792.0
444814.193531 4635471.010128 1302363794.0
444842.827687 4635471.232498 1302363797.0
444866.236200 4635471.828527 1302363800.0
444895.110722 4635470.938909 1302363808.0
444916.109155 4635471.109610 1302363811.0
444942.583050 4635471.015984 1302363814.0
444972.470583 4635472.339526 1302363817.0
445002.019295 4635472.777539 1302363820.0
445029.578014 4635473.453098 1302363823.0
445053.729955 4635473.599871 1302363826.0
445074.886639 4635472.770515 1302363839.0
445098.294259 4635473.256279 1302363843.0
445122.618158 4635474.179195 1302363846.0
445152.340511 4635475.615797 1302363849.0
445174.003665 4635475.893174 1302363851.0
445196.496692 4635476.164231 1302363853.0
445219.736602 4635476.429617 1302363855.0
445243.308460 4635476.692526 1302363857.0
445266.632205 4635477.068453 1302363859.0
445289.706131 4635477.335342 1302363861.0
445312.117007 4635477.718429 1302363863.0
445334.112943 4635478.104771 1302363865.0
445356.024183 4635478.269763 1302363867.0
445378.017558 4635478.323159 1302363869.0
445399.679832 4635478.490194 1302363871.0
445420.679907 4635478.884436 1302363873.0
445441.018629 4635479.616906 1302363875.0
445468.507012 4635481.960204 1302363878.0
445493.581945 4635483.433805 1302363882.0
445502.025078 4635502.244925 1302363890.0
445501.182126 4635522.237428 1302363894.0
445500.468885 4635548.335790 1302363897.0
445499.698998 4635577.876629 1302363900.0
445499.529299 4635599.085354 1302363902.0
445499.532369 4635621.181027 1302363904.0
445499.040077 4635643.613592 1302363906.0
445498.466503 4635666.268847 1302363908.0
445497.972522 4635688.479359 1302363910.0
445498.378634 4635709.017480 1302363912.0
445499.760438 4635737.764628 1302363915.0
445501.372497 4635764.067275 1302363918.0
445501.950515 4635785.381320 1302363923.0
445502.773235 4635806.138324 1302363928.0
445503.610392 4635828.782791 1302363931.0
445504.478126 4635855.424238 1302363934.0
445506.110538 4635884.391543 1302363937.0
445507.078232 4635913.252902 1302363940.0
445507.297383 4635941.897921 1302363943.0
445506.847586 4635969.881857 1302363946.0
445506.622105 4635994.644101 1302363949.0
445511.116359 4636018.037832 1302363953.0
445535.622113 4636021.292444 1302363957.0
445558.847485 4636019.893510 1302363960.0
445580.998351 4636019.058031 1302363964.0
445602.414263 4636019.782705 1302363976.0
445623.992741 4636020.062068 1302363979.0
445650.220699 4636020.639116 1302363982.0
445679.850875 4636021.190313 1302363985.0
445701.016129 4636021.695128 1302363987.0
445722.762247 4636022.195579 1302363989.0
445744.093455 4636022.699257 1302363991.0
445765.091889 4636023.094499 1302363993.0
445785.674570 4636023.381934 1302363995.0
445815.304715 4636023.933695 1302363998.0
445845.262556 4636023.927918 1302364001.0
445874.309292 4636024.151259 1302364004.0
445903.195121 4636025.042142 1302364007.0
445923.697332 4636025.663687 1302364009.0
445945.030190 4636026.390021 1302364011.0
445967.026048 4636027.000356 1302364013.0
445989.021060 4636027.499731 1302364015.0
446010.931403 4636027.777748 1302364017.0
446033.008547 4636028.165603 1302364019.0
446055.249967 4636028.330215 1302364021.0
446077.576047 4636028.716322 1302364023.0
446098.988493 4636028.998380 1302364025.0
446125.628735 4636029.240957 1302364028.0
446151.944604 4636030.485388 1302364031.0
446180.587284 4636032.156468 1302364034.0
446200.659436 4636030.783456 1302364036.0
446220.802001 4636027.744466 1302364038.0
446249.814330 4636023.417222 1302364041.0
446274.763972 4636019.564875 1302364044.0
446295.495938 4636006.639669 1302364048.0
446296.495269 4635985.091634 1302364051.0
446296.802293 4635959.773680 1302364054.0
446297.743041 4635930.453743 1302364057.0
446298.748256 4635909.682901 1302364059.0
446299.413177 4635887.804290 1302364061.0
446300.579348 4635866.366035 1302364063.0
446301.329776 4635844.819882 1302364065.0
446301.749951 4635823.498287 1302364067.0
446302.177663 4635803.175937 1302364069.0
446302.432715 4635781.966621 1302364071.0
446303.008826 4635759.311451 1302364073.0
446303.418137 4635736.546505 1302364075.0
446303.489655 4635713.006873 1302364077.0
446303.558664 4635689.134160 1302364079.0
446303.713172 4635665.593904 1302364081.0
446303.870194 4635642.386730 1302364083.0
446303.782446 4635619.736570 1302364085.0
446303.870714 4635598.417484 1302364087.0
446303.881020 4635577.765188 1302364089.0
446303.839439 4635550.229210 1302364092.0
446304.256312 4635528.463517 1302364096.0
446303.933002 4635507.591671 1302364110.0
446304.519204 4635486.268836 1302364113.0
446305.393844 4635459.170090 1302364116.0
446305.823288 4635439.069806 1302364118.0
446306.246877 4635418.192333 1302364120.0
446306.582461 4635396.649324 1302364122.0
446306.754582 4635375.440648 1302364124.0
446306.514273 4635354.568181 1302364126.0
446305.200963 4635334.481036 1302364128.0
446303.918753 4635307.509587 1302364131.0
446303.903138 4635283.415461 1302364135.0
