446301.028768 4635276.442023 1303318842.0
446302.760956 4635253.000924 1303318853.0
446290.022600 4635236.664009 1303318858.0
446270.161996 4635233.371732 1303318861.0
446242.772718 4635233.245250 1303318864.0
446221.942179 4635233.402461 1303318866.0
446200.114918 4635233.456226 1303318868.0
446178.203827 4635233.399658 1303318870.0
446157.454598 4635233.334377 1303318872.0
446132.306047 4635233.191385 1303318875.0
446109.145899 4635232.589307 1303318888.0
446083.328378 4635231.785348 1303318892.0
446055.278520 4635232.108719 1303318895.0
446028.138190 4635231.981177 1303318898.0
446006.404846 4635233.478259 1303318901.0
445985.902052 4635233.078509 1303318922.0
445959.493473 4635230.947078 1303318926.0
445929.607712 4635229.952469 1303318929.0
445906.615191 4635229.571843 1303318931.0
445882.376970 4635229.089721 1303318933.0
445857.227538 4635228.836673 1303318935.0
445831.744453 4635228.364183 1303318937.0
445806.513712 4635228.333999 1303318939.0
445782.026503 4635227.854112 1303318941.0
445758.036385 4635227.259491 1303318943.0
445734.292696 4635226.329973 1303318945.0
445710.223807 4635226.291280 1303318947.0
445685.822108 4635226.144172 1303318949.0
445661.837052 4635226.216037 1303318951.0
445640.173184 4635225.937170 1303318953.0
445614.192119 4635225.469258 1303318956.0
445590.035141 4635224.765442 1303318960.0
445569.706742 4635225.475893 1303318982.0
445542.571439 4635226.016362 1303318987.0
445518.920884 4635226.419252 1303318990.0
445490.871842 4635226.855873 1303318993.0
445469.453532 4635226.131512 1303318995.0
445446.292418 4635225.420561 1303318997.0
445421.139529 4635224.724944 1303318999.0
445395.072888 4635223.925385 1303319001.0
445369.007091 4635223.236949 1303319003.0
445343.108120 4635222.658361 1303319005.0
445317.044014 4635222.192169 1303319007.0
445290.811365 4635221.394266 1303319009.0
445264.575296 4635220.152350 1303319011.0
445238.177502 4635219.466943 1303319013.0
445212.446187 4635219.109609 1303319015.0
445189.202020 4635218.400131 1303319017.0
445161.309524 4635217.615474 1303319020.0
445137.984919 4635217.239884 1303319024.0
445114.001517 4635217.535647 1303319049.0
445090.179819 4635217.275076 1303319052.0
445060.132972 4635216.951554 1303319055.0
445037.639115 4635216.680919 1303319057.0
445013.484588 4635216.312139 1303319059.0
444987.919217 4635215.954334 1303319061.0
444961.778055 4635216.267272 1303319063.0
444935.714735 4635215.913502 1303319065.0
444909.070477 4635215.564319 1303319067.0
444882.758177 4635215.212667 1303319069.0
444856.691407 4635214.415077 1303319071.0
444831.293712 4635214.278604 1303319073.0
444808.052910 4635214.014478 1303319075.0
444786.886870 4635213.734348 1303319077.0
444762.068380 4635213.371565 1303319080.0
444741.065731 4635212.757202 1303319085.0
444720.566190 4635212.805201 1303319114.0
444696.500638 4635213.214041 1303319117.0
444666.126940 4635213.560920 1303319120.0
444642.808305 4635213.964140 1303319122.0
444618.326078 4635214.154414 1303319124.0
444594.178403 4635214.675271 1303319126.0
444570.945355 4635215.411163 1303319128.0
444549.703219 4635216.020600 1303319130.0
444525.311767 4635217.209791 1303319133.0
444503.488705 4635217.823890 1303319150.0
444485.242956 4635230.179767 1303319157.0
444484.862744 4635255.942586 1303319161.0
444485.920183 4635285.136252 1303319164.0
444485.671348 4635306.456694 1303319166.0
444486.173746 4635328.326452 1303319168.0
444486.096949 4635350.422791 1303319170.0
444486.431637 4635372.071790 1303319172.0
444486.094630 4635392.726718 1303319174.0
444485.158612 4635421.713857 1303319177.0
444484.922772 4635444.699711 1303319180.0
444485.999165 4635465.676730 1303319190.0
444468.921110 4635478.689769 1303319196.0
444445.524686 4635479.649426 1303319199.0
444416.709821 4635477.542486 1303319202.0
444391.147053 4635477.408886 1303319205.0
444369.489034 4635477.800053 1303319208.0
444343.514795 4635478.113973 1303319212.0
444320.098419 4635476.520417 1303319216.0
444297.440205 4635476.364451 1303319226.0
444284.481867 4635496.118799 1303319236.0
444261.422218 4635508.290858 1303319241.0
444233.963010 4635509.727138 1303319244.0
444206.040672 4635515.608511 1303319247.0
444182.372468 4635524.232509 1303319250.0
444159.352856 4635520.304661 1303319253.0
444140.924778 4635509.234705 1303319270.0
444131.355466 4635527.186223 1303319276.0
444129.882945 4635551.070083 1303319280.0
444130.748860 4635576.823183 1303319283.0
444132.046247 4635604.682546 1303319286.0
444129.983266 4635627.349666 1303319295.0
444130.807380 4635647.773464 1303319311.0
444130.670241 4635683.194395 1303319318.0
