446323.760628 4635209.206561 1301929526.0
446323.769478 4635232.412468 1301929546.0
446323.561148 4635259.839280 1301929549.0
446322.818913 4635282.495680 1301929551.0
446322.252702 4635306.483156 1301929553.0
446323.011812 4635330.127546 1301929555.0
446324.437339 4635354.100017 1301929557.0
446325.444570 4635377.631506 1301929559.0
446325.948847 4635400.500586 1301929561.0
446325.863005 4635422.152745 1301929563.0
446325.310191 4635447.916660 1301929566.0
446325.466626 4635468.678728 1301929570.0
446324.545900 4635489.670979 1301929590.0
446323.897567 4635513.770115 1301929593.0
446323.644094 4635535.201475 1301929595.0
446323.657153 4635558.962529 1301929597.0
446323.261976 4635583.614927 1301929599.0
446322.872660 4635609.044516 1301929601.0
446321.982927 4635634.144777 1301929603.0
446321.416775 4635658.132266 1301929605.0
446321.244638 4635679.340951 1301929607.0
446321.930798 4635704.318306 1301929610.0
446321.109848 4635727.530484 1301929638.0
446320.030749 4635749.523241 1301929642.0
446319.319574 4635776.287664 1301929645.0
446319.227091 4635797.051619 1301929647.0
446318.747306 4635821.482598 1301929649.0
446318.854265 4635846.686391 1301929651.0
446318.872385 4635871.113619 1301929653.0
446318.381734 4635894.101248 1301929655.0
446317.962356 4635915.533872 1301929657.0
446314.780173 4635944.759664 1301929660.0
446309.185695 4635973.226409 1301929663.0
446307.294452 4635997.557003 1301929666.0
446305.155955 4636022.111529 1301929670.0
446285.765946 4636036.914157 1301929674.0
446260.895152 4636040.210704 1301929677.0
446239.173459 4636042.928400 1301929679.0
446216.457689 4636045.875736 1301929681.0
446193.481252 4636047.270644 1301929683.0
446169.915567 4636047.559744 1301929685.0
446145.929941 4636047.185897 1301929687.0
446121.197485 4636046.817779 1301929689.0
446095.550556 4636046.234601 1301929691.0
446069.491240 4636045.987739 1301929693.0
446043.096633 4636045.299378 1301929695.0
446017.286251 4636045.050821 1301929697.0
445993.051658 4636044.679374 1301929699.0
445972.383550 4636044.058889 1301929701.0
445951.552846 4636043.883831 1301929704.0
445925.567216 4636042.415566 1301929731.0
445897.665424 4636039.962648 1301929734.0
445873.263151 4636039.370816 1301929736.0
445845.712665 4636039.469205 1301929738.0
445817.411128 4636039.018245 1301929740.0
445788.612545 4636038.682215 1301929742.0
445759.647149 4636038.236538 1301929744.0
445730.763884 4636037.679320 1301929746.0
445702.044034 4636036.787871 1301929748.0
445674.158218 4636036.445345 1301929750.0
445646.602627 4636035.878341 1301929752.0
445619.878534 4636035.527162 1301929754.0
445595.646409 4636035.490149 1301929756.0
445574.399899 4636035.208336 1301929758.0
445548.916266 4636034.292776 1301929761.0
445526.091411 4636033.801106 1301929766.0
445503.108237 4636034.310024 1301929780.0
445477.808396 4636035.725020 1301929784.0
445456.818471 4636036.440898 1301929792.0
445434.972372 4636033.721350 1301929800.0
445413.891804 4636033.438744 1301929803.0
445393.144860 4636033.375711 1301929805.0
445367.999070 4636033.235443 1301929807.0
445339.450207 4636033.010347 1301929809.0
445310.735377 4636032.786639 1301929811.0
445281.856287 4636032.786376 1301929813.0
445252.477603 4636032.568003 1301929815.0
445223.593386 4636031.901813 1301929817.0
445196.292634 4636032.111826 1301929819.0
445171.311932 4636031.859949 1301929821.0
445149.480230 4636031.028739 1301929823.0
445125.159091 4636030.216775 1301929826.0
445104.490823 4636029.598806 1301929831.0
445082.660815 4636028.989855 1301929847.0
445055.850225 4636028.197322 1301929850.0
445032.859328 4636027.708513 1301929852.0
445007.960718 4636027.345541 1301929854.0
444982.066332 4636026.990347 1301929856.0
444955.923856 4636026.748199 1301929858.0
444930.618055 4636027.387949 1301929860.0
444905.479937 4636028.248559 1301929862.0
444880.920972 4636028.882709 1301929864.0
444857.111419 4636029.844242 1301929866.0
444832.885246 4636030.587015 1301929868.0
444808.492254 4636031.220129 1301929870.0
444784.094100 4636031.187163 1301929872.0
444761.684046 4636030.694725 1301929874.0
444732.715898 4636029.920142 1301929877.0
444704.907753 4636028.914602 1301929880.0
444677.770346 4636028.792233 1301929883.0
444649.548142 4636027.901160 1301929886.0
444628.638626 4636028.285751 1301929888.0
444605.488622 4636028.687829 1301929890.0
444579.350435 4636029.002199 1301929892.0
444552.046191 4636028.770573 1301929894.0
444525.728205 4636027.309996 1301929896.0
444501.734544 4636025.942438 1301929898.0
444477.653564 4636024.020472 1301929901.0
