446796.422458 4636565.264553 1302818575.0
446777.469398 4636571.846121 1302818578.0
446750.262049 4636573.159850 1302818581.0
446727.527858 4636573.440917 1302818584.0
446707.458823 4636575.034514 1302818591.0
446686.553401 4636575.746160 1302818606.0
446662.894856 4636574.479885 1302818609.0
446635.342321 4636574.020102 1302818612.0
446609.780337 4636573.434469 1302818615.0
446587.205432 4636572.826521 1302818618.0
446560.570600 4636573.026346 1302818622.0
446535.680734 4636573.546270 1302818625.0
446506.721782 4636573.652712 1302818628.0
446485.727551 4636573.588380 1302818630.0
446464.150828 4636573.306422 1302818632.0
446442.322673 4636572.693320 1302818634.0
446420.414045 4636572.413991 1302818636.0
446398.346150 4636573.024197 1302818638.0
446376.019302 4636572.304018 1302818640.0
446353.190418 4636571.032523 1302818642.0
446330.782256 4636570.535165 1302818644.0
446308.793984 4636570.700914 1302818646.0
446287.052962 4636570.642799 1302818648.0
446265.304398 4636569.585504 1302818650.0
446243.143467 4636568.864489 1302818652.0
446220.820775 4636568.699933 1302818654.0
446198.414266 4636568.425046 1302818656.0
446177.005128 4636568.364759 1302818658.0
446156.833054 4636567.295880 1302818660.0
446132.181180 4636566.371977 1302818663.0
446112.021694 4636566.968635 1302818667.0
446086.877846 4636566.825847 1302818677.0
446061.306507 4636565.020881 1302818680.0
446035.413352 4636564.550849 1302818683.0
446015.177623 4636566.036628 1302818687.0
445990.283530 4636566.003322 1302818696.0
445968.201309 4636564.727396 1302818699.0
445947.868289 4636564.326532 1302818702.0
445927.539482 4636564.480862 1302818710.0
445906.795801 4636564.638401 1302818714.0
445885.469610 4636564.578360 1302818717.0
445860.574660 4636564.434479 1302818720.0
445832.520755 4636563.537478 1302818723.0
445804.296667 4636562.086713 1302818726.0
445778.483907 4636561.283902 1302818729.0
445754.912304 4636560.575146 1302818732.0
445729.769251 4636560.544646 1302818736.0
445707.521850 4636559.381820 1302818740.0
445687.122749 4636561.202879 1302818751.0
445662.309898 4636560.948031 1302818755.0
445632.765786 4636560.507322 1302818758.0
445611.105122 4636560.117554 1302818760.0
445589.109163 4636559.286279 1302818762.0
445567.776996 4636558.449998 1302818764.0
445539.979578 4636558.551491 1302818767.0
445517.903175 4636558.054152 1302818770.0
445497.494762 4636558.654454 1302818776.0
445472.095960 4636557.738550 1302818801.0
445445.704003 4636557.163447 1302818804.0
445425.287933 4636556.764710 1302818806.0
445403.797441 4636556.929437 1302818808.0
445381.888670 4636556.653302 1302818810.0
445360.312646 4636556.485715 1302818812.0
445331.769288 4636556.704778 1302818815.0
445310.106875 4636556.093871 1302818818.0
445289.948242 4636556.803883 1302818824.0
445263.143941 4636556.565726 1302818829.0
445234.183143 4636556.455287 1302818832.0
445213.186224 4636556.061624 1302818834.0
445192.774398 4636556.218690 1302818836.0
445162.975294 4636555.004653 1302818839.0
445135.423344 4636554.661700 1302818842.0
445115.015790 4636555.374125 1302818846.0
445093.937593 4636555.203508 1302818861.0
445070.282888 4636554.497657 1302818864.0
445040.156131 4636553.841831 1302818867.0
445018.578359 4636553.453224 1302818869.0
444996.829488 4636552.399801 1302818871.0
444974.667451 4636551.571705 1302818873.0
444952.590099 4636550.965090 1302818875.0
444931.841200 4636550.459305 1302818877.0
444908.769856 4636550.082581 1302818880.0
444886.025252 4636549.037199 1302818889.0
444861.373075 4636548.117693 1302818893.0
444832.158122 4636547.344652 1302818896.0
444811.161133 4636546.952174 1302818898.0
444791.076867 4636546.552682 1302818900.0
444764.686492 4636546.202156 1302818903.0
444742.935825 4636544.927453 1302818906.0
444722.605206 4636544.863168 1302818911.0
444697.544143 4636544.724640 1302818919.0
444675.754641 4636538.453912 1302818923.0
444674.006461 4636516.371720 1302818927.0
444674.566927 4636492.384016 1302818930.0
444674.823959 4636472.062792 1302818932.0
444674.989392 4636450.631940 1302818934.0
444674.739945 4636429.204312 1302818936.0
444674.820681 4636407.552052 1302818938.0
444674.738052 4636386.234163 1302818940.0
444675.108437 4636359.138988 1302818943.0
444675.522815 4636337.706206 1302818948.0
