444481.824845 4635238.867044 1303996520.0
444483.812153 4635216.977888 1303996532.0
444504.047116 4635204.273410 1303996537.0
444525.628164 4635204.549470 1303996540.0
444551.267977 4635203.794699 1303996543.0
444579.152862 4635203.577725 1303996546.0
444605.130687 4635203.597755 1303996549.0
444629.616403 4635203.851545 1303996553.0
444650.447074 4635203.689679 1303996564.0
444675.259575 4635203.274884 1303996568.0
444701.235671 4635203.073210 1303996571.0
444731.363025 4635203.061494 1303996574.0
444753.193889 4635203.447338 1303996576.0
444776.020637 4635203.825529 1303996578.0
444798.764392 4635204.204437 1303996580.0
444821.837525 4635204.247764 1303996582.0
444845.741424 4635204.395769 1303996584.0
444870.806330 4635204.423836 1303996586.0
444896.454746 4635204.780578 1303996588.0
444923.182895 4635205.240100 1303996590.0
444950.242143 4635205.586130 1303996592.0
444976.719595 4635205.825722 1303996594.0
445002.285003 4635206.183486 1303996596.0
445026.605548 4635206.550949 1303996598.0
445049.264563 4635206.709242 1303996600.0
445069.519415 4635207.219244 1303996602.0
445098.996490 4635208.990635 1303996605.0
445120.493623 4635209.158108 1303996607.0
445142.903650 4635209.318616 1303996609.0
445166.311272 4635209.693585 1303996611.0
445190.796059 4635209.838275 1303996613.0
445215.944768 4635209.977945 1303996615.0
445241.508428 4635210.114513 1303996617.0
445267.405753 4635210.470678 1303996619.0
445293.803576 4635211.156194 1303996621.0
445320.862759 4635211.503631 1303996623.0
445348.668001 4635211.734414 1303996625.0
445377.055025 4635212.071878 1303996627.0
445405.442044 4635212.409455 1303996629.0
445433.746918 4635212.858808 1303996631.0
445461.801115 4635213.088126 1303996633.0
445489.608036 4635213.541513 1303996635.0
445517.249820 4635214.107304 1303996637.0
445545.390389 4635214.780425 1303996639.0
445573.204926 4635216.233381 1303996641.0
445600.849230 4635217.132579 1303996643.0
445628.569738 4635217.143033 1303996645.0
445655.458645 4635216.937872 1303996647.0
445681.687014 4635217.181982 1303996649.0
445707.499581 4635217.318324 1303996651.0
445732.731213 4635217.459185 1303996653.0
445757.636798 4635218.379852 1303996655.0
445782.455159 4635218.746102 1303996657.0
445807.437809 4635218.889122 1303996659.0
445832.171484 4635219.034123 1303996661.0
445855.826282 4635219.187409 1303996663.0
445877.241181 4635219.468823 1303996665.0
445901.726721 4635219.726983 1303996668.0
445927.056487 4635221.866389 1303996672.0
445948.154572 4635224.149023 1303996676.0
445970.038288 4635231.533300 1303996690.0
445974.446760 4635254.705860 1303996694.0
445973.955445 4635277.471446 1303996697.0
445972.899207 4635302.350953 1303996700.0
445972.189249 4635329.115405 1303996703.0
445971.736685 4635356.988240 1303996706.0
445971.289180 4635385.527239 1303996709.0
445971.161845 4635412.509343 1303996712.0
445970.581682 4635434.498374 1303996715.0
445969.820390 4635454.490178 1303996737.0
445967.172290 4635477.383164 1303996743.0
445982.557308 4635492.478076 1303996749.0
446005.859883 4635490.080745 1303996753.0
446031.079590 4635488.779300 1303996756.0
446060.045501 4635489.004047 1303996759.0
446089.925108 4635489.333031 1303996762.0
446118.807184 4635489.447618 1303996765.0
446145.535786 4635490.133769 1303996768.0
446167.861025 4635490.187093 1303996771.0
446190.355592 4635490.683342 1303996790.0
446213.848515 4635491.505225 1303996795.0
446240.577094 4635492.191732 1303996799.0
446265.892372 4635492.555900 1303996803.0
446287.302226 4635492.283403 1303996808.0
446303.121946 4635477.063594 1303996819.0
446301.707241 4635454.534475 1303996824.0
446303.276746 4635431.538729 1303996839.0
446303.932556 4635408.438838 1303996842.0
446305.044460 4635379.783840 1303996845.0
446304.635657 4635358.579543 1303996847.0
446303.816929 4635338.044536 1303996849.0
446301.857410 4635309.301658 1303996852.0
446301.118314 4635288.321920 1303996855.0
446302.106938 4635265.330559 1303996872.0
446293.480438 4635243.966144 1303996876.0
446273.773276 4635239.007199 1303996879.0
446248.208966 4635238.755901 1303996882.0
446218.578135 4635238.535391 1303996885.0
446197.659589 4635238.027138 1303996887.0
446176.409918 4635237.632480 1303996889.0
446155.742852 4635237.455550 1303996891.0
446135.408584 4635237.387197 1303996893.0
446115.071795 4635236.985820 1303996895.0
446094.318372 4635236.365587 1303996897.0
446073.233824 4635235.858954 1303996899.0
446043.851935 4635235.637287 1303996902.0
446020.040479 4635236.705933 1303996905.0
445999.461439 4635237.194989 1303996910.0
