446300.785081 4635992.720602 1303302904.0
446297.054896 4636015.288528 1303302919.0
446283.310935 4636030.492728 1303302923.0
446254.806556 4636036.148405 1303302927.0
446234.496364 4636038.966497 1303302929.0
446214.350472 4636041.561340 1303302931.0
446186.404402 4636044.215171 1303302934.0
446160.849686 4636044.852430 1303302937.0
446140.269620 4636044.896993 1303302942.0
446116.788587 4636045.407696 1303302959.0
446095.209390 4636045.015814 1303302965.0
446075.038341 4636044.280235 1303302976.0
446054.784306 4636043.545342 1303302979.0
446018.024663 4636043.934888 1303302983.0
445992.298937 4636043.907847 1303302986.0
445969.146457 4636043.972411 1303302989.0
445945.910995 4636044.037680 1303302993.0
445924.332619 4636043.757343 1303303013.0
445900.931192 4636043.824019 1303303016.0
445871.965833 4636043.377885 1303303019.0
445844.912403 4636043.361467 1303303022.0
445815.779384 4636042.694769 1303303025.0
445794.537140 4636042.967436 1303303027.0
445772.377036 4636042.580952 1303303029.0
445749.302448 4636041.979436 1303303031.0
445726.062739 4636041.490286 1303303033.0
445702.991526 4636041.333029 1303303035.0
445680.336909 4636041.394736 1303303037.0
445658.676367 4636041.226863 1303303039.0
445638.175860 4636040.828135 1303303041.0
445609.705795 4636040.046186 1303303044.0
445584.473673 4636039.461680 1303303047.0
445564.222945 4636039.172290 1303303050.0
445541.817257 4636039.232535 1303303055.0
445516.999178 4636038.534067 1303303077.0
445490.689135 4636038.069172 1303303080.0
445470.353713 4636037.558630 1303303082.0
445448.444200 4636037.393302 1303303084.0
445425.370401 4636036.903862 1303303086.0
445400.887623 4636036.647365 1303303088.0
445375.077147 4636036.401134 1303303090.0
445348.021954 4636036.164548 1303303092.0
445320.544181 4636034.932005 1303303094.0
445292.572774 4636034.258528 1303303096.0
445264.687755 4636034.028632 1303303098.0
445237.211661 4636033.018464 1303303100.0
445210.645786 4636031.668299 1303303102.0
445184.909710 4636030.311846 1303303104.0
445159.343004 4636029.398318 1303303106.0
445133.778856 4636028.817963 1303303108.0
445108.550048 4636028.679251 1303303110.0
445083.651451 4636028.316014 1303303112.0
445058.340513 4636028.289146 1303303114.0
445032.778060 4636027.931208 1303303116.0
445006.385792 4636027.579769 1303303118.0
444979.164566 4636027.345864 1303303120.0
444951.531864 4636027.559380 1303303122.0
444924.148964 4636027.882105 1303303124.0
444897.433348 4636028.643908 1303303126.0
444871.796491 4636029.397462 1303303128.0
444847.238391 4636030.142755 1303303130.0
444823.841170 4636030.768106 1303303132.0
444802.846960 4636030.930774 1303303134.0
444775.627449 4636030.919703 1303303137.0
444754.464693 4636030.750719 1303303140.0
444733.715978 4636030.467551 1303303147.0
444709.228803 4636029.658295 1303303161.0
444687.062505 4636028.497996 1303303164.0
444662.989358 4636027.574649 1303303167.0
444635.184641 4636027.013491 1303303170.0
444607.201867 4636024.899350 1303303173.0
444580.130140 4636022.556162 1303303176.0
444553.420569 4636024.096447 1303303179.0
444533.276895 4636026.918104 1303303182.0
444512.136597 4636029.636549 1303303188.0
444492.153724 4636031.790866 1303303205.0
444463.830693 4635986.043578 1303303227.0
444455.833013 4635960.790191 1303303230.0
444455.537905 4635933.589164 1303303233.0
444461.010148 4635911.672797 1303303236.0
444469.472403 4635890.066226 1303303241.0
444485.443850 4635873.619734 1303303245.0
444503.713813 4635853.935385 1303303248.0
444512.337912 4635831.772439 1303303251.0
444520.691495 4635806.835764 1303303254.0
444522.249099 4635783.062368 1303303258.0
444514.211675 4635763.360930 1303303263.0
444509.441691 4635736.972010 1303303267.0
444507.152569 4635709.453426 1303303270.0
444506.812744 4635687.138253 1303303272.0
444506.796210 4635663.710222 1303303274.0
444506.363020 4635640.063371 1303303276.0
444506.265232 4635616.858043 1303303278.0
444506.255622 4635594.318232 1303303280.0
444505.591636 4635573.004894 1303303282.0
444502.505464 4635549.711815 1303303285.0
444498.609300 4635528.978829 1303303294.0
444498.754402 4635504.994376 1303303302.0
444497.590737 4635483.462865 1303303320.0
444479.176086 4635474.057447 1303303324.0
444453.524264 4635473.147079 1303303327.0
444433.270958 4635472.749861 1303303329.0
444411.100271 4635471.257324 1303303331.0
444390.348163 4635470.753087 1303303333.0
444363.619206 4635470.073519 1303303336.0
444341.050903 4635470.804983 1303303340.0
444320.905732 4635473.627224 1303303349.0
444300.164038 4635474.455576 1303303360.0
444277.014838 4635475.191785 1303303371.0
444255.178673 4635474.030218 1303303375.0
444234.667695 4635472.525242 1303303378.0
444211.427679 4635472.263069 1303303381.0
444182.219509 4635472.936006 1303303384.0
444153.501435 4635472.605914 1303303387.0
444129.269914 4635472.906952 1303303390.0
444109.039222 4635475.397363 1303303394.0
444085.134431 4635475.029784 1303303411.0
444064.205857 4635473.195474 1303303414.0
444039.802256 4635472.720930 1303303417.0
444011.245776 4635471.834972 1303303420.0
443990.496240 4635471.664981 1303303422.0
443961.281085 4635471.450605 1303303425.0
443937.472359 4635472.748277 1303303428.0
443913.902987 4635472.822769 1303303432.0
443892.412679 4635473.436134 1303303459.0
443880.029360 4635492.298436 1303303466.0
443882.625791 4635516.372375 1303303469.0
443883.506595 4635543.901887 1303303472.0
443883.807365 4635571.547003 1303303475.0
443883.526356 4635599.085670 1303303478.0
443883.247977 4635626.957419 1303303481.0
443882.639409 4635655.053839 1303303484.0
443882.916572 4635679.701226 1303303487.0
443882.994527 4635700.130887 1303303491.0
443884.567085 4635720.659808 1303303501.0
443905.717789 4635729.709047 1303303507.0
443927.776856 4635727.647788 1303303510.0
443950.996846 4635725.466428 1303303513.0
443971.503678 4635726.526473 1303303517.0
443991.520452 4635728.589737 1303303543.0
