446279.845102 4635493.894102 1303345760.0
446296.844202 4635480.997087 1303345769.0
446297.802638 4635454.008742 1303345773.0
446299.989165 4635424.790473 1303345776.0
446300.722932 4635401.023793 1303345778.0
446301.028373 4635375.483809 1303345780.0
446300.581061 4635349.172266 1303345782.0
446299.392704 4635323.643544 1303345784.0
446298.719852 4635300.442638 1303345786.0
446298.213814 4635277.351509 1303345789.0
446302.701398 4635256.110308 1303345806.0
446294.167923 4635236.077591 1303345814.0
446266.455072 4635237.063791 1303345818.0
446246.292653 4635237.771059 1303345820.0
446222.061207 4635238.175998 1303345822.0
446195.003066 4635237.936167 1303345824.0
446164.950564 4635236.830798 1303345826.0
446133.233210 4635235.071943 1303345828.0
446100.602946 4635233.320135 1303345830.0
446067.470519 4635231.017111 1303345832.0
446033.674987 4635228.830297 1303345834.0
446001.124286 4635226.634208 1303345836.0
445970.069073 4635224.648992 1303345838.0
445939.685345 4635223.658116 1303345840.0
445910.547305 4635222.768947 1303345842.0
445883.235044 4635221.866027 1303345844.0
445856.590916 4635221.513301 1303345846.0
445831.354243 4635220.705839 1303345848.0
445808.435383 4635219.103601 1303345850.0
445787.419377 4635216.709722 1303345852.0
445759.102730 4635214.704585 1303345855.0
445732.797289 4635215.238011 1303345858.0
445704.663521 4635215.452368 1303345861.0
445678.543535 4635218.538352 1303345864.0
445653.410139 4635220.395538 1303345867.0
445625.020638 4635219.723892 1303345870.0
445596.378768 4635218.610151 1303345873.0
445567.150015 4635216.723775 1303345876.0
445546.723328 4635215.436438 1303345878.0
445525.548870 4635214.043843 1303345880.0
445503.551291 4635213.545875 1303345882.0
445480.722954 4635212.943299 1303345884.0
445456.569312 4635212.684044 1303345886.0
445429.760821 4635212.556239 1303345888.0
445402.380754 4635213.654285 1303345890.0
445374.836414 4635214.975763 1303345892.0
445347.369963 4635215.630548 1303345894.0
445319.900958 4635215.952358 1303345896.0
445292.510682 4635215.718501 1303345898.0
445265.284678 4635215.261420 1303345900.0
445237.973970 4635214.583027 1303345902.0
445210.415138 4635214.017680 1303345904.0
445183.107834 4635213.783605 1303345906.0
445155.966508 4635213.548358 1303345908.0
445129.655939 4635213.417849 1303345910.0
445103.265798 4635213.732185 1303345912.0
445076.292157 4635213.718016 1303345914.0
445048.150651 4635212.935721 1303345916.0
445019.263079 4635212.270328 1303345918.0
444989.794565 4635211.609539 1303345920.0
444959.661261 4635210.842973 1303345922.0
444930.362145 4635210.625255 1303345924.0
444902.223177 4635210.176618 1303345926.0
444875.411195 4635209.606790 1303345928.0
444849.263131 4635209.031923 1303345930.0
444823.607846 4635207.787134 1303345932.0
444798.374386 4635207.427438 1303345934.0
444773.393337 4635207.510010 1303345936.0
444749.158341 4635207.475850 1303345938.0
444725.009781 4635207.885236 1303345940.0
444700.611388 4635208.185611 1303345942.0
444675.546483 4635208.158143 1303345944.0
444650.314733 4635208.021025 1303345946.0
444625.086432 4635208.328106 1303345948.0
444600.107104 4635208.633340 1303345950.0
444575.879012 4635209.487986 1303345952.0
444552.398703 4635210.447929 1303345954.0
444531.568914 4635210.721109 1303345956.0
444509.827093 4635211.112487 1303345959.0
444488.106900 4635214.279610 1303345986.0
444482.722165 4635236.861442 1303345992.0
444482.663540 4635261.289349 1303345996.0
444481.822608 4635291.830215 1303345999.0
444481.274707 4635317.372275 1303346001.0
444481.166851 4635346.130890 1303346003.0
444480.644920 4635375.003766 1303346005.0
444480.107421 4635401.878156 1303346007.0
444480.545884 4635426.191161 1303346009.0
444481.170224 4635453.056498 1303346012.0
444484.146689 4635472.908369 1303346020.0
444466.141079 4635484.041068 1303346028.0
444448.978386 4635496.832750 1303346035.0
444426.404264 4635507.446009 1303346039.0
444397.214432 4635510.449636 1303346042.0
444369.143090 4635507.892951 1303346045.0
444349.032430 4635504.496944 1303346048.0
444334.555910 4635489.287367 1303346065.0
444313.050347 4635498.560231 1303346071.0
444305.845895 4635521.822650 1303346075.0
444292.396645 4635542.469096 1303346078.0
444276.144648 4635554.920979 1303346080.0
444252.055480 4635562.770802 1303346083.0
444226.819735 4635561.969033 1303346086.0
444194.771253 4635560.221415 1303346089.0
444159.152587 4635558.279859 1303346091.0
444124.846010 4635554.329576 1303346093.0
444091.619090 4635550.482018 1303346095.0
444062.378114 4635546.936416 1303346097.0
444041.694344 4635544.545083 1303346099.0
444019.900320 4635538.165308 1303346101.0
443999.818433 4635527.885949 1303346104.0
