446312.881619 4635076.159545 1304079621.0
446315.129433 4635055.046272 1304079633.0
446314.932833 4635028.954920 1304079637.0
446313.827495 4635003.425583 1304079640.0
446313.631729 4634977.445260 1304079643.0
446315.768984 4634952.668725 1304079646.0
446315.911060 4634927.463092 1304079649.0
446315.272730 4634897.822007 1304079652.0
446315.766865 4634875.278523 1304079654.0
446316.926634 4634852.952091 1304079656.0
446318.582708 4634830.399854 1304079658.0
446318.821186 4634806.970032 1304079660.0
446319.234859 4634784.760257 1304079662.0
446317.942616 4634756.456505 1304079665.0
446316.190032 4634733.152720 1304079669.0
446313.628389 4634712.630864 1304079694.0
446298.084816 4634698.646767 1304079700.0
446273.610918 4634700.163660 1304079704.0
446250.549642 4634701.892047 1304079707.0
446224.311053 4634700.535555 1304079710.0
446197.822624 4634699.070013 1304079713.0
446176.899139 4634698.117698 1304079717.0
446154.377738 4634694.401686 1304079724.0
446130.074038 4634696.472952 1304079727.0
446100.710086 4634698.915677 1304079730.0
446077.548199 4634698.313686 1304079732.0
446053.962918 4634696.604642 1304079734.0
446026.154054 4634696.149034 1304079737.0
446006.004124 4634687.752126 1304079744.0
445991.769423 4634704.181909 1304079750.0
445989.297005 4634728.405923 1304079754.0
445984.916543 4634752.755436 1304079758.0
445980.589648 4634773.218379 1304079763.0
445979.515591 4634795.766298 1304079771.0
445980.668100 4634816.409769 1304079774.0
445980.362050 4634841.727701 1304079777.0
445980.203475 4634864.601781 1304079779.0
445982.854923 4634885.900091 1304079781.0
445981.189826 4634907.120094 1304079785.0
445981.633255 4634932.765447 1304079791.0
445981.227388 4634955.863473 1304079794.0
445981.219656 4634976.737812 1304079796.0
445982.051956 4634998.938185 1304079798.0
445982.221153 4635021.254619 1304079800.0
445982.002326 4635047.127065 1304079802.0
445980.540305 4635073.231005 1304079804.0
445979.296966 4635095.336085 1304079806.0
445978.136628 4635117.440537 1304079810.0
445980.036034 4635138.078354 1304079822.0
445977.070105 4635162.861301 1304079827.0
445971.422394 4635184.222551 1304079831.0
445948.866145 4635197.606627 1304079835.0
445922.779713 4635205.132797 1304079838.0
445893.101134 4635209.577407 1304079841.0
445865.639711 4635210.896356 1304079844.0
445845.063130 4635211.718939 1304079847.0
445823.918285 4635214.211405 1304079851.0
445801.957908 4635218.597708 1304079868.0
445771.024455 4635221.719973 1304079873.0
445747.956510 4635222.339735 1304079876.0
445725.216300 4635222.401907 1304079879.0
445695.080635 4635221.299151 1304079882.0
445673.725857 4635218.019920 1304079884.0
445651.217662 4635215.859888 1304079886.0
445628.551943 4635214.811464 1304079888.0
445600.571435 4635213.359559 1304079891.0
445577.729540 4635210.980239 1304079895.0
445555.736200 4635211.037246 1304079899.0
445534.499961 4635212.420935 1304079902.0
445512.452505 4635216.253631 1304079907.0
445508.578743 4635241.487882 1304079914.0
445507.541954 4635268.699041 1304079917.0
445506.626993 4635290.135523 1304079919.0
445504.468048 4635311.692555 1304079921.0
445503.368687 4635341.569003 1304079924.0
445502.695075 4635362.004339 1304079926.0
445502.184898 4635382.105325 1304079928.0
445501.482668 4635409.647033 1304079931.0
445501.658489 4635432.629647 1304079935.0
445502.485472 4635453.941775 1304079954.0
445502.353125 4635480.035690 1304079958.0
445500.795560 4635504.252937 1304079961.0
445499.096669 4635531.691242 1304079964.0
445498.368147 4635555.791116 1304079966.0
445498.062208 4635580.887060 1304079968.0
445497.671589 4635605.761586 1304079970.0
445496.863498 4635630.306206 1304079972.0
445495.969032 4635654.407354 1304079974.0
445495.487799 4635678.283274 1304079976.0
445493.840537 4635701.612948 1304079978.0
445491.849455 4635723.390783 1304079980.0
445490.805199 4635749.602722 1304079983.0
445491.738125 4635773.911959 1304079987.0
445493.476245 4635794.995058 1304079997.0
445494.487895 4635818.748526 1304080000.0
445495.055738 4635838.730245 1304080002.0
445496.806580 4635861.478755 1304080004.0
445498.892743 4635884.668835 1304080006.0
445500.482698 4635908.084780 1304080008.0
445500.989629 4635930.953845 1304080010.0
445501.532238 4635958.486053 1304080013.0
445501.717434 4635982.689986 1304080017.0
445500.709460 4636002.794802 1304080023.0
445512.723577 4636022.022750 1304080035.0
445540.202203 4636023.367062 1304080039.0
445571.000907 4636024.797142 1304080042.0
445593.829177 4636025.733064 1304080044.0
445617.985136 4636026.658923 1304080046.0
445642.473011 4636027.582330 1304080048.0
445667.130229 4636028.948664 1304080050.0
445692.276009 4636029.089987 1304080052.0
445717.413325 4636028.121127 1304080054.0
445741.966396 4636026.712672 1304080056.0
445766.273914 4636025.750306 1304080058.0
445789.508599 4636025.573425 1304080060.0
445811.504481 4636026.183279 1304080062.0
445839.719713 4636026.190737 1304080065.0
445860.277903 4636023.258599 1304080068.0
445881.013882 4636021.879639 1304080073.0
445902.369527 4636025.603580 1304080091.0
445930.268845 4636027.723436 1304080094.0
445953.516998 4636029.323524 1304080096.0
445977.668667 4636029.695466 1304080098.0
446002.320743 4636030.396796 1304080100.0
446025.730622 4636031.440726 1304080102.0
446053.287016 4636032.120224 1304080105.0
446075.178846 4636029.955841 1304080119.0
446101.107547 4636034.867123 1304080123.0
446132.160028 4636036.963906 1304080126.0
446156.887481 4636036.665899 1304080128.0
446182.688652 4636035.693663 1304080130.0
446207.066576 4636033.066767 1304080132.0
446229.443754 4636029.233689 1304080134.0
446249.249383 4636025.531122 1304080136.0
446270.468222 4636022.151051 1304080139.0
446291.768386 4636018.548362 1304080150.0
446293.553146 4635991.109627 1304080154.0
446293.892808 4635970.121733 1304080156.0
446294.132748 4635946.913922 1304080158.0
446294.697086 4635922.704364 1304080160.0
446295.258082 4635898.050699 1304080162.0
446296.069706 4635873.617212 1304080164.0
446298.950053 4635848.390895 1304080166.0
446302.994701 4635823.488903 1304080168.0
446304.484463 4635800.937877 1304080170.0
446305.098366 4635772.286614 1304080173.0
446304.735716 4635746.196484 1304080176.0
446304.676547 4635716.328930 1304080179.0
446304.672619 4635693.789168 1304080181.0
446305.157396 4635670.024355 1304080183.0
446305.882766 4635645.147396 1304080185.0
446306.681087 4635618.937486 1304080187.0
446306.647882 4635592.511778 1304080189.0
446306.123456 4635566.978042 1304080191.0
446306.277148 4635543.326763 1304080193.0
446306.274074 4635520.898035 1304080195.0
446305.620496 4635500.250745 1304080197.0
446305.051576 4635479.824885 1304080199.0
446305.470137 4635458.281248 1304080201.0
446305.550056 4635435.851897 1304080203.0
446304.714597 4635413.096346 1304080205.0
446303.464193 4635390.343924 1304080207.0
446302.471954 4635368.810924 1304080209.0
446302.070676 4635348.605871 1304080211.0
446302.941989 4635321.063022 1304080214.0
446305.741316 4635296.059412 1304080217.0
446308.472737 4635273.054916 1304080221.0
446309.807573 4635251.948515 1304080227.0
446309.630185 4635228.410777 1304080235.0
446310.761403 4635202.309411 1304080238.0
446312.785450 4635173.536517 1304080241.0
446314.967969 4635143.763132 1304080244.0
446316.926633 4635117.322435 1304080247.0
446317.185150 4635096.557252 1304080250.0
446315.954833 4635076.469487 1304080263.0
