443867.835207 4635893.227640 1303659903.0
443869.204518 4635866.901758 1303659907.0
443870.654201 4635840.242141 1303659910.0
443873.322407 4635810.241901 1303659913.0
443875.488484 4635790.238691 1303659915.0
443877.590715 4635762.130495 1303659918.0
443879.164559 4635740.688510 1303659921.0
443896.330902 4635728.561599 1303659925.0
443917.400272 4635727.285342 1303659928.0
443940.214949 4635726.328513 1303659931.0
443960.803892 4635727.276847 1303659934.0
443981.341278 4635732.222872 1303659947.0
444001.742406 4635730.396949 1303659951.0
444022.900876 4635729.897542 1303659954.0
444045.158209 4635731.943349 1303659957.0
444069.325917 4635734.196293 1303659961.0
444093.119842 4635731.122618 1303659968.0
444120.933631 4635732.680917 1303659972.0
444146.339983 4635734.147166 1303659975.0
444172.978909 4635734.049370 1303659978.0
444199.456213 4635734.508109 1303659981.0
444223.360991 4635734.987090 1303659984.0
444246.771332 4635735.914157 1303659987.0
444273.329868 4635736.150467 1303659990.0
444301.537673 4635735.041571 1303659993.0
444330.505361 4635735.592359 1303659996.0
444360.639163 4635736.689325 1303659999.0
444389.856657 4635737.349436 1303660002.0
444417.582154 4635738.243377 1303660005.0
444443.381680 4635736.931767 1303660008.0
444465.377774 4635737.426447 1303660012.0
444478.846176 4635719.222921 1303660018.0
444480.473671 4635693.783463 1303660022.0
444482.446102 4635670.006827 1303660025.0
444484.146228 4635643.234399 1303660028.0
444485.418460 4635614.799799 1303660031.0
444485.945560 4635586.593075 1303660034.0
444486.060329 4635558.722667 1303660037.0
444486.352324 4635532.294320 1303660040.0
444486.662493 4635508.197545 1303660043.0
444487.164597 4635487.430292 1303660047.0
444501.892197 4635470.993556 1303660053.0
444526.868013 4635470.354888 1303660057.0
444550.189265 4635470.395389 1303660060.0
444574.755329 4635470.426281 1303660063.0
444600.068280 4635470.451449 1303660066.0
444624.629163 4635469.816350 1303660069.0
444646.950245 4635469.309773 1303660072.0
444668.032552 4635469.590125 1303660075.0
444692.515624 4635469.622068 1303660078.0
444719.996587 4635470.963236 1303660081.0
444749.470101 4635472.400090 1303660084.0
444769.563425 4635473.576684 1303660086.0
444798.947904 4635474.237195 1303660089.0
444825.510800 4635474.919682 1303660092.0
444849.406055 4635474.068445 1303660095.0
444869.814977 4635473.133236 1303660098.0
444894.050778 4635473.389852 1303660105.0
444919.362840 4635473.305127 1303660109.0
444942.772193 4635474.012434 1303660112.0
444968.585606 4635474.368145 1303660115.0
444995.802087 4635473.713812 1303660118.0
445023.438650 4635473.722543 1303660121.0
445050.498580 4635474.290998 1303660124.0
445076.566079 4635475.311342 1303660127.0
445104.711677 4635476.759902 1303660130.0
445134.687262 4635478.749648 1303660133.0
445155.358833 4635479.589773 1303660135.0
445176.928734 4635478.535471 1303660137.0
445198.832299 4635477.700736 1303660139.0
445220.657149 4635477.421841 1303660141.0
445242.563280 4635476.920321 1303660143.0
445264.561784 4635477.639530 1303660145.0
445286.310468 4635478.249691 1303660147.0
445307.892319 4635478.750166 1303660149.0
445328.563009 4635479.479766 1303660151.0
445349.563939 4635479.984826 1303660153.0
445370.401445 4635480.824301 1303660155.0
445400.202435 4635481.706165 1303660158.0
445428.261531 4635482.712530 1303660161.0
445454.998770 4635484.506362 1303660164.0
445477.919427 4635486.440538 1303660167.0
445498.377632 4635491.946702 1303660172.0
445497.735490 4635516.490048 1303660177.0
445495.739233 4635537.601713 1303660180.0
445495.700950 4635565.138349 1303660183.0
445495.360192 4635585.682181 1303660185.0
445494.778125 4635607.227163 1303660187.0
445494.698226 4635629.323471 1303660189.0
445494.700464 4635651.308118 1303660191.0
445494.866125 4635672.958415 1303660193.0
445494.693901 4635693.834061 1303660195.0
445494.835200 4635723.145869 1303660198.0
445496.285559 4635750.004920 1303660201.0
445497.209121 4635773.092859 1303660204.0
445498.049695 4635796.181433 1303660211.0
445499.639665 4635819.597375 1303660215.0
445500.741922 4635844.349454 1303660218.0
445502.276927 4635871.429931 1303660221.0
445504.225986 4635898.396208 1303660224.0
445506.171634 4635924.918377 1303660227.0
445506.278927 4635949.789106 1303660230.0
445506.534347 4635972.326995 1303660233.0
445506.649287 4635998.196972 1303660237.0
445511.709967 4636019.698796 1303660241.0
445536.539150 4636021.840600 1303660245.0
445560.103233 4636021.327350 1303660248.0
445587.232113 4636020.342809 1303660251.0
445616.173019 4636017.567996 1303660254.0
445645.712607 4636017.120440 1303660257.0
445675.422392 4636017.226877 1303660260.0
445695.585960 4636016.962080 1303660262.0
445715.922259 4636017.584293 1303660264.0
445736.668385 4636017.537240 1303660266.0
445757.414510 4636017.490247 1303660268.0
445777.996362 4636017.666633 1303660270.0
445807.376744 4636018.109229 1303660273.0
445835.013673 4636018.454170 1303660276.0
445861.148498 4636017.700300 1303660279.0
445883.721888 4636017.861853 1303660282.0
445905.716938 4636018.360971 1303660285.0
445930.789870 4636019.836094 1303660288.0
445960.082187 4636019.613786 1303660291.0
445980.829980 4636019.789498 1303660293.0
446002.079866 4636020.516633 1303660295.0
446023.577849 4636021.130917 1303660297.0
446045.158807 4636021.744637 1303660299.0
446066.242716 4636022.473220 1303660301.0
446086.746592 4636023.317289 1303660303.0
446107.493525 4636023.382343 1303660305.0
446128.486041 4636023.001466 1303660307.0
446149.727500 4636022.618768 1303660309.0
446171.050264 4636022.013453 1303660311.0
446191.880177 4636022.078125 1303660313.0
446212.113290 4636020.037729 1303660315.0
446240.714093 4636016.157691 1303660318.0
446266.413936 4636012.743787 1303660321.0
446286.549041 4636008.705739 1303660324.0
446298.275550 4635990.074718 1303660328.0
446298.156788 4635963.316539 1303660332.0
446298.452938 4635936.555233 1303660335.0
446298.643509 4635906.796820 1303660338.0
446299.072876 4635886.696521 1303660340.0
446299.498898 4635866.152114 1303660342.0
446299.924923 4635845.607708 1303660344.0
446301.016494 4635825.280352 1303660346.0
446301.778648 4635805.288581 1303660348.0
446302.454477 4635784.853327 1303660350.0
446303.124452 4635763.640884 1303660352.0
446303.708938 4635742.095986 1303660354.0
446304.208770 4635720.329660 1303660356.0
446304.707770 4635698.452308 1303660358.0
446304.958656 4635676.687860 1303660360.0
446305.209546 4635654.923413 1303660362.0
446305.378290 4635633.270620 1303660364.0
446305.635045 4635612.283364 1303660366.0
446305.578403 4635582.748898 1303660369.0
446305.878816 4635556.542744 1303660372.0
446305.716463 4635535.003483 1303660376.0
446306.886084 4635514.009350 1303660398.0
446306.781618 4635489.138652 1303660402.0
446307.747622 4635463.149552 1303660405.0
446308.515024 4635432.831648 1303660408.0
446308.606670 4635411.956677 1303660410.0
446308.865967 4635391.302510 1303660412.0
446308.398601 4635362.326316 1303660415.0
446306.538829 4635335.803353 1303660418.0
446304.613631 4635311.612585 1303660421.0
446304.027970 4635288.966189 1303660425.0
