443888.423747 4635441.156641 1303411789.0
443880.604711 4635459.982990 1303411794.0
443879.438720 4635480.533477 1303411797.0
443879.291327 4635503.962827 1303411800.0
443879.787716 4635524.833322 1303411803.0
443880.561928 4635549.365754 1303411807.0
443881.273268 4635576.452466 1303411811.0
443880.793060 4635599.773407 1303411814.0
443880.468332 4635621.760715 1303411817.0
443883.075222 4635647.166985 1303411820.0
443883.097304 4635671.039142 1303411823.0
443888.585908 4635693.535828 1303411827.0
443908.216729 4635699.266025 1303411831.0
443929.907284 4635703.092483 1303411834.0
443952.986719 4635704.132226 1303411837.0
443974.416926 4635706.517424 1303411841.0
443997.940944 4635711.328974 1303411869.0
444018.546499 4635714.386992 1303411872.0
444044.304942 4635718.403896 1303411875.0
444067.812305 4635721.106159 1303411878.0
444088.172330 4635724.610442 1303411884.0
444110.159795 4635723.993753 1303411889.0
444130.861307 4635728.716852 1303411910.0
444151.421481 4635726.001839 1303411915.0
444172.913646 4635725.722329 1303411918.0
444198.715797 4635724.742915 1303411921.0
444222.359482 4635723.669463 1303411924.0
444244.031527 4635725.165303 1303411929.0
444265.810003 4635729.658295 1303411942.0
444285.981348 4635730.277733 1303411945.0
444311.801719 4635731.630300 1303411948.0
444342.176688 4635731.725997 1303411951.0
444363.835670 4635731.556794 1303411953.0
444385.831790 4635732.051228 1303411955.0
444407.494236 4635732.326267 1303411957.0
444436.215564 4635733.212508 1303411960.0
444458.794294 4635733.924691 1303411963.0
444479.068490 4635737.097654 1303411968.0
444487.104309 4635756.576998 1303411972.0
444486.601378 4635777.233233 1303411975.0
444480.209197 4635798.268471 1303411980.0
444487.418573 4635818.198394 1303411987.0
444483.613625 4635841.101046 1303411993.0
444481.750197 4635868.207858 1303411996.0
444479.836591 4635888.875093 1303411998.0
444477.760495 4635909.987731 1303412000.0
444475.613548 4635932.655400 1303412002.0
444482.379439 4635959.583918 1303412005.0
444491.154926 4635978.169232 1303412008.0
444496.550622 4635999.667777 1303412013.0
444496.712415 4636020.429873 1303412024.0
444513.739187 4636032.955084 1303412029.0
444531.177345 4636045.032995 1303412032.0
444549.428828 4636054.994970 1303412036.0
444566.515914 4636075.292214 1303412040.0
444587.442567 4636077.127983 1303412044.0
444604.530597 4636065.558558 1303412048.0
444622.865121 4636054.201551 1303412055.0
444644.966636 4636047.034606 1303412062.0
444665.249514 4636040.770130 1303412069.0
444691.375585 4636038.901693 1303412075.0
444717.945874 4636040.805058 1303412079.0
444745.744496 4636040.589348 1303412082.0
444766.484569 4636039.762278 1303412084.0
444791.782576 4636038.122700 1303412086.0
444819.737705 4636036.684693 1303412088.0
444847.937488 4636034.689732 1303412090.0
444875.890920 4636033.029891 1303412092.0
444903.843504 4636031.259133 1303412094.0
444931.637005 4636030.377985 1303412096.0
444959.353536 4636030.274778 1303412098.0
444985.494284 4636030.294885 1303412100.0
445009.978837 4636030.772009 1303412102.0
445034.129749 4636031.029724 1303412104.0
445058.446618 4636031.286241 1303412106.0
445082.594955 4636031.211040 1303412108.0
445107.325869 4636031.353497 1303412110.0
445131.982353 4636032.606952 1303412112.0
445156.880930 4636032.970358 1303412114.0
445181.693958 4636033.001407 1303412116.0
445207.414651 4636032.359358 1303412118.0
445233.551106 4636031.825238 1303412120.0
445259.440327 4636031.515182 1303412122.0
445285.245714 4636031.094831 1303412124.0
445310.969827 4636030.897264 1303412126.0
445336.695644 4636030.921845 1303412128.0
445361.839740 4636030.839948 1303412130.0
445385.242938 4636030.993555 1303412132.0
445407.317585 4636031.046389 1303412134.0
445428.148367 4636031.219856 1303412136.0
445454.124819 4636031.465008 1303412139.0
445474.373029 4636031.421003 1303412144.0
445497.283428 4636032.244954 1303412170.0
445522.926246 4636032.270843 1303412173.0
445543.091471 4636032.227668 1303412175.0
445565.166954 4636032.392018 1303412177.0
445588.569282 4636032.435267 1303412179.0
445612.383969 4636032.142342 1303412181.0
445635.618638 4636031.964958 1303412183.0
445659.430785 4636031.339110 1303412185.0
445683.993151 4636031.151754 1303412187.0
445708.885747 4636030.739898 1303412189.0
445733.693673 4636030.106708 1303412191.0
445757.757309 4636029.812373 1303412193.0
445780.329823 4636029.862571 1303412195.0
445802.241023 4636030.250974 1303412197.0
445822.739854 4636030.428120 1303412199.0
445851.206543 4636030.766812 1303412202.0
445872.036449 4636030.830549 1303412205.0
