445805.613488 4635230.006350 1302905160.0
445783.046045 4635230.955291 1302905169.0
445755.899771 4635230.051597 1302905172.0
445733.818434 4635229.442524 1302905174.0
445708.332797 4635228.637394 1302905176.0
445681.851270 4635227.839949 1302905178.0
445655.537408 4635227.263390 1302905180.0
445629.887464 4635226.681862 1302905182.0
445604.819294 4635226.207017 1302905184.0
445582.820915 4635225.597778 1302905186.0
445554.847224 4635225.034269 1302905189.0
445530.107605 4635224.113042 1302905193.0
445502.793577 4635222.989526 1302905198.0
445474.903704 4635222.536723 1302905201.0
445452.493744 4635222.375170 1302905203.0
445428.008170 4635222.118554 1302905205.0
445402.110054 4635221.650779 1302905207.0
445376.296626 4635221.404516 1302905209.0
445350.400205 4635221.158984 1302905211.0
445323.591737 4635221.031578 1302905213.0
445294.707653 4635220.809178 1302905215.0
445265.491603 4635220.589445 1302905217.0
445237.685533 4635220.247960 1302905219.0
445212.454725 4635220.219880 1302905221.0
445190.377554 4635220.167626 1302905223.0
445163.814622 4635219.594798 1302905226.0
445143.726652 4635219.194277 1302905229.0
445119.241893 4635219.049748 1302905234.0
445096.167115 4635218.783404 1302905237.0
445068.941952 4635218.438100 1302905240.0
445037.893226 4635217.345161 1302905243.0
445013.988529 4635217.085485 1302905245.0
444988.173333 4635216.618574 1302905247.0
444961.608643 4635215.824446 1302905249.0
444935.375908 4635215.027851 1302905251.0
444909.809665 4635214.559299 1302905253.0
444885.403568 4635213.859797 1302905255.0
444861.996788 4635213.596778 1302905257.0
444839.337781 4635213.439081 1302905259.0
444810.452757 4635213.107616 1302905262.0
444789.699946 4635212.602209 1302905265.0
444767.957269 4635212.881773 1302905271.0
444747.464619 4635213.817911 1302905291.0
444720.493538 4635214.138170 1302905295.0
444691.943913 4635214.248719 1302905298.0
444669.612545 4635213.533848 1302905300.0
444646.873120 4635213.710489 1302905302.0
444623.222523 4635214.116352 1302905304.0
444598.410060 4635214.531329 1302905306.0
444572.603439 4635215.176195 1302905308.0
444549.285674 4635215.690748 1302905310.0
444522.484036 4635216.454574 1302905313.0
444501.331815 4635217.951726 1302905328.0
444487.865837 4635236.599293 1302905335.0
444487.626507 4635259.141032 1302905338.0
444487.279165 4635289.122881 1302905341.0
444487.133215 4635312.996301 1302905343.0
444486.344117 4635339.539545 1302905345.0
444486.059018 4635366.856101 1302905347.0
444485.842204 4635392.284550 1302905349.0
444485.357394 4635415.272343 1302905351.0
444485.234824 4635442.143500 1302905354.0
444483.665992 4635464.473539 1302905360.0
444463.422293 4635475.956788 1302905367.0
444439.106069 4635476.035366 1302905370.0
444407.823221 4635476.723559 1302905373.0
444384.584101 4635476.571849 1302905375.0
444362.920877 4635476.296873 1302905377.0
444333.712720 4635476.969188 1302905380.0
444311.243050 4635479.698588 1302905383.0
444290.119431 4635484.749245 1302905391.0
444262.480254 4635484.410277 1302905396.0
444231.773143 4635484.428536 1302905399.0
444207.456067 4635484.396877 1302905401.0
444182.640194 4635484.258176 1302905403.0
444159.564446 4635483.772818 1302905405.0
444131.087539 4635482.441621 1302905408.0
444109.278602 4635474.174111 1302905412.0
444097.040653 4635490.481102 1302905416.0
444095.313175 4635513.589733 1302905419.0
444092.809867 4635543.588564 1302905422.0
444091.920128 4635567.689929 1302905424.0
444090.810196 4635595.457147 1302905426.0
444089.776289 4635622.335498 1302905428.0
444088.884834 4635646.214813 1302905430.0
444088.134086 4635666.873037 1302905432.0
444085.846715 4635692.650890 1302905435.0
444080.939769 4635712.453470 1302905439.0
444100.524855 4635722.959017 1302905444.0
444117.032085 4635711.392988 1302905468.0
444139.527679 4635722.653046 1302905473.0
444168.946915 4635727.863066 1302905476.0
444192.777433 4635729.452867 1302905478.0
444217.260512 4635729.594195 1302905480.0
444242.067706 4635728.733764 1302905482.0
444267.881144 4635729.197954 1302905484.0
444294.268523 4635728.769477 1302905486.0
444318.493964 4635727.802828 1302905488.0
444347.452137 4635727.132385 1302905491.0
444371.025849 4635727.725483 1302905494.0
444391.344953 4635726.012352 1302905510.0
444412.746525 4635735.394228 1302905515.0
444433.218754 4635742.673772 1302905519.0
444454.079758 4635735.960064 1302905527.0
444462.600095 4635711.133057 1302905530.0
444465.692703 4635682.018052 1302905533.0
444466.510216 4635659.138687 1302905535.0
444467.388219 4635633.371969 1302905537.0
444468.180647 4635607.272817 1302905539.0
444468.816631 4635582.396260 1302905541.0
444469.720623 4635559.960361 1302905543.0
444470.476824 4635539.857327 1302905545.0
444471.041958 4635516.535800 1302905548.0
444473.943725 4635494.861569 1302905561.0
444477.174000 4635472.740644 1302905571.0
444478.498172 4635450.967679 1302905574.0
444479.351168 4635421.981184 1302905577.0
444479.764218 4635400.437390 1302905579.0
444480.093418 4635378.783217 1302905581.0
444480.519378 4635348.245579 1302905584.0
444481.288551 4635319.148709 1302905587.0
444482.067251 4635291.273139 1302905590.0
444482.616889 4635265.953134 1302905593.0
444483.537429 4635245.626764 1302905596.0
