446011.925599 4634855.811775 1302052119.0
446009.608732 4634834.844022 1302052136.0
445988.483430 4634829.119360 1302052143.0
445975.159476 4634845.209181 1302052162.0
445974.813040 4634865.197819 1302052166.0
445974.265612 4634891.516884 1302052170.0
445974.007230 4634912.171056 1302052173.0
445973.786735 4634937.821444 1302052177.0
445972.635638 4634961.147189 1302052184.0
445971.802209 4634982.582957 1302052188.0
445971.707304 4635002.902792 1302052191.0
445971.545405 4635025.332771 1302052194.0
445970.980335 4635049.320275 1302052197.0
445970.504156 4635074.084341 1302052200.0
445970.286219 4635100.067817 1302052203.0
445969.906514 4635126.607689 1302052206.0
445969.279525 4635153.371503 1302052209.0
445968.394307 4635178.915910 1302052212.0
445967.325434 4635202.130008 1302052215.0
445961.093485 4635223.051566 1302052219.0
445936.910856 4635229.897045 1302052223.0
445914.170678 4635229.958614 1302052226.0
445889.767322 4635229.588753 1302052229.0
445866.526669 4635229.321175 1302052232.0
445845.031341 4635229.373506 1302052235.0
445821.541712 4635229.107967 1302052239.0
445798.386575 4635229.173061 1302052261.0
445773.570787 4635229.139837 1302052265.0
445750.330122 4635228.872637 1302052268.0
445724.268629 4635228.738037 1302052271.0
445695.966395 4635228.620612 1302052274.0
445666.251629 4635228.292005 1302052277.0
445645.913918 4635227.780940 1302052279.0
445624.997813 4635227.607448 1302052281.0
445604.330677 4635227.432117 1302052283.0
445574.781876 4635227.102623 1302052286.0
445547.805772 4635226.753588 1302052289.0
445525.231547 4635226.815130 1302052292.0
445504.170682 4635229.418939 1302052300.0
445500.919261 4635249.207789 1302052304.0
445500.165199 4635269.976839 1302052307.0
445499.185108 4635293.745526 1302052310.0
445498.706359 4635317.954513 1302052313.0
445498.486774 4635343.493921 1302052316.0
445498.009734 4635367.924964 1302052319.0
445497.592752 4635389.357641 1302052322.0
445497.452771 4635414.452309 1302052326.0
445497.958858 4635437.210329 1302052331.0
445498.290474 4635458.859348 1302052344.0
445498.136057 4635482.066558 1302052348.0
445496.928295 4635508.612836 1302052352.0
445496.028705 4635532.047816 1302052355.0
445494.834557 4635560.370531 1302052358.0
445494.150230 4635590.243818 1302052361.0
445493.890767 4635610.564962 1302052363.0
445493.634704 4635631.330215 1302052365.0
445493.462479 4635652.205860 1302052367.0
445493.201325 4635672.304951 1302052369.0
445492.505134 4635700.623864 1302052372.0
445491.708124 4635726.611841 1302052375.0
445492.974684 4635751.140592 1302052378.0
445494.140412 4635773.338407 1302052381.0
445495.145265 4635796.203657 1302052388.0
445495.987544 4635819.514286 1302052392.0
445497.229443 4635840.823252 1302052395.0
445498.137706 4635861.912704 1302052398.0
445499.230620 4635885.443486 1302052401.0
445500.829069 4635909.969703 1302052404.0
445502.085387 4635933.166135 1302052407.0
445502.661703 4635954.258130 1302052410.0
445502.260926 4635977.800344 1302052414.0
445502.512112 4635999.783098 1302052419.0
445513.924128 4636016.239813 1302052427.0
445536.005605 4636017.181264 1302052431.0
445562.400398 4636017.867747 1302052435.0
445584.317596 4636019.032671 1302052438.0
445607.562483 4636020.187522 1302052441.0
445631.300163 4636020.672486 1302052444.0
445655.455285 4636021.487444 1302052447.0
445680.356383 4636022.185761 1302052450.0
445704.840876 4636022.665274 1302052453.0
445729.242384 4636023.145503 1302052456.0
445753.645578 4636023.847870 1302052459.0
445776.969167 4636024.447506 1302052462.0
445798.880384 4636024.835898 1302052465.0
445820.458829 4636025.115856 1302052468.0
445841.208305 4636025.513216 1302052471.0
445865.858729 4636025.992020 1302052475.0
445888.850372 4636026.594545 1302052494.0
445910.016428 4636027.211008 1302052498.0
445930.101197 4636027.502641 1302052501.0
445952.844726 4636028.218289 1302052504.0
445976.581493 4636028.593376 1302052507.0
446000.402922 4636029.189967 1302052510.0
446024.640091 4636029.894520 1302052513.0
446047.464055 4636030.276760 1302052516.0
446068.794358 4636030.670383 1302052519.0
446092.860508 4636030.710261 1302052523.0
446117.010476 4636030.860621 1302052527.0
446139.665107 4636030.800303 1302052530.0
446164.398456 4636031.279512 1302052533.0
446190.044590 4636031.751911 1302052536.0
446214.921253 4636029.232307 1302052539.0
446237.056209 4636026.289352 1302052542.0
446262.675546 4636023.209142 1302052546.0
