446199.982083 4635479.618323 1303185498.0
446222.617499 4635487.774918 1303185509.0
446245.388675 4635491.933356 1303185512.0
446271.045951 4635493.627362 1303185515.0
446292.620102 4635493.131575 1303185542.0
446304.246946 4635472.169644 1303185549.0
446304.307611 4635447.186669 1303185552.0
446304.394222 4635425.645536 1303185554.0
446305.204297 4635400.990014 1303185556.0
446306.664899 4635374.553057 1303185558.0
446307.129648 4635348.123606 1303185560.0
446306.197813 4635323.592250 1303185562.0
446305.042110 4635302.393585 1303185564.0
446303.385116 4635280.754564 1303185568.0
446301.476634 4635258.784340 1303185597.0
446293.368153 4635240.080822 1303185616.0
446271.612183 4635238.579364 1303185620.0
446251.197448 4635238.844387 1303185623.0
446229.198359 4635238.122126 1303185626.0
446204.618186 4635236.309089 1303185629.0
446175.305042 4635234.198792 1303185632.0
446153.719200 4635233.251575 1303185634.0
446131.306806 4635232.754807 1303185636.0
446107.901885 4635232.709751 1303185638.0
446084.081172 4635232.556884 1303185640.0
446059.511862 4635232.187699 1303185642.0
446034.527598 4635231.821741 1303185644.0
446008.546604 4635231.352392 1303185646.0
445982.149813 4635230.775256 1303185648.0
445955.419370 4635229.978682 1303185650.0
445928.530524 4635230.182711 1303185652.0
445900.475597 4635229.840530 1303185654.0
445871.592450 4635229.726818 1303185656.0
445842.626310 4635229.613855 1303185658.0
445814.992234 4635230.046045 1303185660.0
445788.268518 4635230.138315 1303185662.0
445761.538039 4635229.342468 1303185664.0
445734.060639 4635228.552411 1303185666.0
445705.091945 4635228.106925 1303185668.0
445675.623609 4635227.443300 1303185670.0
445647.151997 4635226.883226 1303185672.0
445619.924386 4635226.202736 1303185674.0
445594.025462 4635225.623237 1303185676.0
445570.288522 4635225.582481 1303185678.0
445549.620528 4635225.296282 1303185680.0
445527.627231 4635225.353376 1303185683.0
445507.763659 4635221.730139 1303185693.0
445487.164196 4635219.556025 1303185697.0
445459.687560 4635218.878053 1303185700.0
445436.447683 4635218.722904 1303185702.0
445411.799517 4635218.911722 1303185704.0
445387.562899 4635218.653337 1303185706.0
445363.740379 4635218.280824 1303185708.0
445340.082983 4635217.796091 1303185710.0
445316.089361 4635216.758849 1303185712.0
445291.100696 4635215.840362 1303185714.0
445265.119550 4635215.373722 1303185716.0
445238.394044 4635215.246000 1303185718.0
445211.171445 4635215.233234 1303185720.0
445184.947294 4635215.545991 1303185722.0
445161.460122 4635215.615709 1303185724.0
445135.484943 4635215.926731 1303185727.0
445114.653466 4635215.976153 1303185732.0
445093.159776 4635216.252806 1303185760.0
445064.948991 4635217.247518 1303185763.0
445042.708389 4635217.530083 1303185765.0
445018.473445 4635217.495007 1303185767.0
444992.320287 4635216.253453 1303185769.0
444965.587901 4635215.238537 1303185771.0
444938.191580 4635214.228852 1303185773.0
444910.213457 4635213.112738 1303185775.0
444882.325186 4635212.884308 1303185777.0
444855.179529 4635212.095071 1303185779.0
444829.275285 4635210.852188 1303185781.0
444804.451628 4635209.823095 1303185783.0
444781.043107 4635209.338288 1303185785.0
444760.709539 4635209.384885 1303185787.0
444737.143642 4635210.011780 1303185790.0
444716.389090 4635209.284532 1303185818.0
444691.650120 4635208.477242 1303185823.0
444662.942251 4635209.588439 1303185826.0
444639.540613 4635209.992314 1303185828.0
444614.562154 4635210.408524 1303185830.0
444589.087480 4635211.050749 1303185832.0
444563.616264 4635212.137174 1303185834.0
444539.384728 4635212.547836 1303185836.0
444517.729362 4635213.382653 1303185838.0
444492.676574 4635214.910208 1303185841.0
444478.784412 4635232.117673 1303185846.0
444480.907770 4635259.637523 1303185850.0
444482.054272 4635289.607732 1303185853.0
444481.907474 4635313.370125 1303185855.0
444482.031277 4635339.906256 1303185857.0
444482.585600 4635368.437643 1303185859.0
444482.718923 4635396.195075 1303185861.0
444483.076985 4635420.841808 1303185863.0
444482.573152 4635441.387005 1303185865.0
444481.817765 4635461.601061 1303185870.0
444463.572688 4635473.957006 1303185877.0
444437.016659 4635474.164086 1303185881.0
444408.915922 4635478.491575 1303185884.0
444385.533370 4635481.227863 1303185886.0
444359.573019 4635483.318159 1303185888.0
444335.007853 4635483.399037 1303185890.0
444307.104089 4635481.063352 1303185893.0
444284.595365 4635478.796614 1303185896.0
444262.907761 4635496.620669 1303185901.0
444246.157784 4635509.076514 1303185903.0
444223.588338 4635520.245556 1303185905.0
444199.829316 4635527.870901 1303185907.0
444177.842112 4635528.598334 1303185909.0
444156.331075 4635526.546253 1303185911.0
444134.790419 4635520.719312 1303185913.0
444111.593469 4635515.349565 1303185915.0
444085.662262 4635510.556525 1303185917.0
444058.914224 4635507.435504 1303185919.0
444030.994743 4635503.102412 1303185921.0
444004.572490 4635499.201796 1303185923.0
443980.650305 4635496.614025 1303185925.0
443954.483074 4635493.488826 1303185928.0
443940.500106 4635477.832016 1303185942.0
443918.919832 4635477.557737 1303185946.0
443889.363998 4635476.235999 1303185949.0
443864.785661 4635474.653090 1303185951.0
443835.484892 4635474.106803 1303185953.0
443802.369311 4635473.923832 1303185955.0
443766.757083 4635472.872450 1303185957.0
443731.144843 4635471.821246 1303185959.0
443696.359833 4635470.430579 1303185961.0
443662.657159 4635469.475659 1303185963.0
443615.094640 4635468.519552 1303185966.0
443585.628712 4635468.086633 1303185968.0
443560.146191 4635467.622276 1303185970.0
443536.157446 4635467.146169 1303185973.0
443518.242009 4635458.072357 1303185999.0
443492.921016 4635457.051787 1303186003.0
443472.585456 4635456.768985 1303186005.0
443449.175815 4635456.066507 1303186007.0
443423.367455 4635456.382464 1303186009.0
443396.647992 4635456.927822 1303186011.0
443370.171317 4635456.694110 1303186013.0
443344.596910 4635455.120911 1303186015.0
443321.766393 4635454.192177 1303186017.0
443296.287323 4635454.172871 1303186020.0
443275.781341 4635453.336816 1303186040.0
443249.456465 4635451.325796 1303186045.0
443223.466179 4635449.645310 1303186048.0
443201.340247 4635453.818921 1303186051.0
443181.025904 4635456.201604 1303186057.0
443159.350990 4635454.486933 1303186060.0
443130.134793 4635454.164938 1303186063.0
443103.248462 4635454.601695 1303186066.0
443082.113141 4635458.101560 1303186073.0
443081.812150 4635482.753576 1303186077.0
443080.895655 4635503.080174 1303186079.0
443079.174134 4635526.522166 1303186081.0
443077.568440 4635554.071503 1303186083.0
443075.565573 4635583.844701 1303186085.0
443074.063304 4635613.947004 1303186087.0
443072.541531 4635641.606710 1303186089.0
443071.396546 4635664.488931 1303186091.0
443068.818636 4635684.606747 1303186094.0
443061.530118 4635707.204972 1303186118.0
443061.195506 4635727.637964 1303186120.0
443060.483251 4635752.737419 1303186122.0
443059.289074 4635779.839345 1303186124.0
443058.426843 4635806.938618 1303186126.0
443057.882356 4635832.258804 1303186128.0
