446792.198218 4636566.295416 1303912991.0
446794.346477 4636542.851301 1303912998.0
446798.258797 4636522.280880 1303913001.0
446800.674266 4636501.277510 1303913004.0
446800.674334 4636479.070816 1303913033.0
446802.663338 4636456.516166 1303913048.0
446804.961039 4636430.850275 1303913051.0
446806.229869 4636400.750733 1303913054.0
446807.231490 4636379.313796 1303913056.0
446808.151799 4636358.099535 1303913058.0
446807.745308 4636337.006219 1303913060.0
446807.581115 4636315.022825 1303913062.0
446807.335603 4636293.262107 1303913064.0
446807.344830 4636272.276721 1303913066.0
446809.086652 4636249.945994 1303913068.0
446810.077533 4636227.065710 1303913070.0
446812.321397 4636205.286403 1303913072.0
446815.553563 4636182.500418 1303913075.0
446814.197843 4636156.528725 1303913079.0
446811.580008 4636128.234758 1303913082.0
446811.878065 4636101.473484 1303913085.0
446813.050701 4636080.701483 1303913088.0
446814.717912 4636059.481657 1303913094.0
446805.851554 4636039.006694 1303913103.0
446782.531475 4636038.847799 1303913107.0
446756.209976 4636036.823849 1303913110.0
446727.072926 4636035.598289 1303913113.0
446697.611419 4636035.374577 1303913116.0
446668.978054 4636034.922718 1303913119.0
446640.925549 4636034.466623 1303913122.0
446618.181315 4636033.637751 1303913125.0
446597.675059 4636032.459072 1303913131.0
446576.751394 4636030.950481 1303913158.0
446555.249351 4636029.779393 1303913161.0
446528.683799 4636028.424314 1303913164.0
446500.871853 4636026.856629 1303913167.0
446480.041138 4636026.680026 1303913169.0
446457.379832 4636025.851043 1303913171.0
446434.223140 4636025.358959 1303913173.0
446411.734467 4636025.417092 1303913175.0
446389.577718 4636025.472796 1303913177.0
446368.082307 4636025.190490 1303913179.0
446340.857861 4636024.507273 1303913182.0
446318.111033 4636023.346277 1303913185.0
446297.268574 4636021.615828 1303913212.0
446293.127256 4636000.661720 1303913217.0
446294.267430 4635975.781617 1303913220.0
446294.943209 4635955.346357 1303913222.0
446294.780801 4635933.807083 1303913224.0
446295.447380 4635912.150525 1303913226.0
446296.483673 4635884.495372 1303913229.0
446297.367405 4635858.617907 1303913232.0
446298.141376 4635829.188199 1303913235.0
446297.928760 4635800.987300 1303913238.0
446298.767198 4635780.106686 1303913241.0
446299.834506 4635756.559544 1303913265.0
446300.653707 4635733.125308 1303913268.0
446301.249070 4635713.023764 1303913270.0
446301.744714 4635690.702303 1303913272.0
446302.228646 4635666.826463 1303913274.0
446302.624575 4635642.285086 1303913276.0
446303.101822 4635617.521031 1303913278.0
446303.663733 4635592.978406 1303913280.0
446303.903748 4635569.770609 1303913282.0
446304.411138 4635549.003533 1303913284.0
446305.460944 4635523.124832 1303913287.0
446298.254733 4635502.971070 1303913291.0
446272.103764 4635501.835857 1303913295.0
446245.051656 4635502.262008 1303913298.0
446216.005345 4635502.370217 1303913301.0
446189.939858 4635501.567760 1303913304.0
446163.298489 4635501.435952 1303913307.0
446142.801519 4635501.701920 1303913309.0
446121.057224 4635501.644281 1303913311.0
446098.566043 4635501.592359 1303913313.0
446075.655724 4635500.988514 1303913315.0
446052.991838 4635500.049776 1303913317.0
446030.239070 4635498.334548 1303913319.0
446007.903750 4635496.949330 1303913321.0
445986.731082 4635495.666400 1303913323.0
445966.308659 4635494.821975 1303913325.0
445936.257188 4635493.717580 1303913328.0
445914.760131 4635493.436626 1303913330.0
445892.932810 4635493.380313 1303913332.0
445870.935295 4635492.770193 1303913334.0
445848.689657 4635492.273060 1303913336.0
445826.355962 4635491.110464 1303913338.0
445804.523560 4635490.388259 1303913340.0
445783.189077 4635489.662331 1303913342.0
445762.935113 4635489.150308 1303913344.0
445736.621382 4635488.462431 1303913347.0
445714.448549 4635486.632759 1303913352.0
445687.895997 4635487.279285 1303913357.0
445662.504424 4635487.806021 1303913360.0
445635.446328 4635487.457297 1303913363.0
445608.883609 4635486.771792 1303913366.0
445585.399895 4635487.173202 1303913370.0
445564.725025 4635485.887721 1303913374.0
445541.074484 4635486.179519 1303913378.0
445519.653564 4635485.010906 1303913390.0
445493.594688 4635485.099212 1303913394.0
445467.701786 4635485.186344 1303913397.0
445439.647810 4635484.845986 1303913400.0
445411.424451 4635484.062902 1303913403.0
445381.622622 4635483.069965 1303913406.0
445360.955357 4635482.784319 1303913408.0
445340.205954 4635482.610398 1303913410.0
445319.127156 4635482.772166 1303913412.0
445298.376045 4635482.376311 1303913414.0
445277.626636 4635482.202572 1303913416.0
445256.960213 4635482.028255 1303913418.0
445236.455494 4635481.297587 1303913420.0
445206.653616 4635480.305381 1303913423.0
445178.517458 4635480.077717 1303913426.0
445150.049346 4635479.852720 1303913429.0
445122.079155 4635479.624000 1303913432.0
445093.861710 4635479.619364 1303913435.0
445064.809251 4635478.955076 1303913438.0
445035.005613 4635477.741534 1303913441.0
445005.789733 4635477.411849 1303913444.0
444979.066046 4635477.396136 1303913447.0
444954.102253 4635479.587599 1303913450.0
444929.868194 4635479.552833 1303913453.0
444905.051504 4635479.300588 1303913457.0
444883.143668 4635479.581091 1303913463.0
444862.226527 4635479.187792 1303913466.0
444838.661519 4635479.814360 1303913469.0
444816.408833 4635478.432232 1303913472.0
444790.923926 4635477.630392 1303913476.0
444770.002465 4635476.682227 1303913483.0
444749.336848 4635476.620409 1303913495.0
444727.593254 4635476.678050 1303913498.0
444702.773949 4635476.093428 1303913501.0
444676.879250 4635475.961379 1303913504.0
444650.236797 4635475.724200 1303913507.0
444623.502722 4635474.377495 1303913510.0
444597.189618 4635473.804852 1303913513.0
444572.461047 4635474.219283 1303913516.0
444548.390328 4635473.851442 1303913519.0
444524.157089 4635473.929083 1303913523.0
444503.990241 4635473.975127 1303913548.0
444480.673324 4635474.489913 1303913559.0
444460.004222 4635473.984826 1303913562.0
444435.605003 4635474.064063 1303913565.0
444411.865353 4635473.583066 1303913568.0
444386.223050 4635473.894240 1303913572.0
