446593.356183 4636009.840634 1303129643.0
446572.182978 4636019.326238 1303129651.0
446550.787209 4636021.263301 1303129654.0
446523.976849 4636020.465244 1303129657.0
446495.780825 4636023.008700 1303129660.0
446474.706162 4636023.500146 1303129662.0
446452.965983 4636023.774590 1303129664.0
446431.718681 4636023.379192 1303129666.0
446403.673618 4636023.923276 1303129669.0
446379.526992 4636024.216053 1303129672.0
446358.691243 4636023.373641 1303129675.0
446338.022287 4636022.641067 1303129678.0
446316.356717 4636021.805031 1303129681.0
446296.811917 4636005.075278 1303129685.0
446295.631132 4635980.545775 1303129688.0
446295.560078 4635960.116146 1303129690.0
446294.313047 4635937.807816 1303129692.0
446292.805342 4635913.946982 1303129694.0
446291.791338 4635889.527260 1303129696.0
446290.612201 4635865.219817 1303129698.0
446288.690396 4635841.473143 1303129700.0
446286.865797 4635819.613306 1303129702.0
446285.679939 4635794.417649 1303129705.0
446278.065708 4635775.155247 1303129727.0
446279.146346 4635753.384537 1303129732.0
446280.856537 4635727.056707 1303129735.0
446281.943893 4635706.174216 1303129737.0
446282.602936 4635683.518420 1303129739.0
446282.421248 4635659.425531 1303129741.0
446283.145703 4635634.437541 1303129743.0
446284.119123 4635609.447676 1303129745.0
446284.766469 4635585.237504 1303129747.0
446284.599026 4635563.032080 1303129749.0
446283.855701 4635541.497199 1303129751.0
446282.181936 4635517.637633 1303129754.0
446257.800609 4635509.049889 1303129759.0
446237.377431 4635508.093661 1303129762.0
446214.364046 4635504.825345 1303129765.0
446193.530945 4635504.538538 1303129768.0
446170.326454 4635508.933116 1303129787.0
446141.778088 4635509.037866 1303129791.0
446112.072103 4635509.706654 1303129794.0
446091.326195 4635509.974654 1303129796.0
446069.994336 4635509.580950 1303129798.0
446048.824242 4635508.630916 1303129800.0
446026.657457 4635507.577464 1303129802.0
446005.077464 4635507.296867 1303129804.0
445983.747271 4635507.125475 1303129806.0
445960.587150 4635506.412861 1303129808.0
445935.931570 4635505.489604 1303129810.0
445910.196308 4635504.463597 1303129812.0
445883.462661 4635503.112166 1303129814.0
445857.049137 4635500.203933 1303129816.0
445831.300332 4635497.401777 1303129818.0
445807.129106 4635494.698745 1303129820.0
445784.865721 4635491.870242 1303129822.0
445763.936877 4635489.919916 1303129824.0
445737.623995 4635489.343062 1303129827.0
445717.528385 4635487.830659 1303129833.0
445695.540139 4635488.442378 1303129838.0
445671.718554 4635488.068845 1303129842.0
445650.406067 4635490.230020 1303129845.0
445621.695861 4635490.893255 1303129848.0
445600.772896 4635489.720597 1303129850.0
445571.793369 4635487.721284 1303129853.0
445547.964130 4635486.348919 1303129856.0
445530.044171 4635498.033415 1303129878.0
445508.714764 4635497.974472 1303129882.0
445485.397911 4635498.485970 1303129885.0
445457.176315 4635497.924760 1303129888.0
445428.287413 4635496.924639 1303129891.0
445407.947887 4635496.081178 1303129893.0
445386.040110 4635496.360136 1303129895.0
445362.721550 4635496.649981 1303129897.0
445338.984647 4635496.498978 1303129899.0
445314.748114 4635496.129822 1303129901.0
445290.011095 4635495.431491 1303129903.0
445264.277370 4635494.629870 1303129905.0
445238.294675 4635493.830256 1303129907.0
445212.228986 4635493.031375 1303129909.0
445186.742492 4635492.006066 1303129911.0
445162.168849 4635490.973820 1303129913.0
445140.170370 4635490.254928 1303129915.0
445111.949546 4635489.806111 1303129918.0
445085.390175 4635489.566667 1303129921.0
445057.253185 4635489.228455 1303129924.0
445027.297323 4635489.792659 1303129927.0
445005.885731 4635489.846889 1303129929.0
444984.136186 4635489.126557 1303129931.0
444963.462898 4635488.064874 1303129933.0
444934.817665 4635486.398667 1303129936.0
444913.885954 4635484.117754 1303129939.0
444893.375177 4635482.610883 1303129944.0
444869.888012 4635482.570543 1303129948.0
444841.851150 4635484.453082 1303129951.0
444821.106013 4635484.835808 1303129953.0
444799.612270 4635485.002328 1303129955.0
444778.115944 4635484.835830 1303129957.0
444757.362198 4635484.108470 1303129959.0
444734.443022 4635482.398665 1303129962.0
444713.199954 4635482.785568 1303129983.0
444691.990506 4635487.502594 1303129987.0
444667.028544 4635489.917118 1303129990.0
444637.488487 4635490.590767 1303129993.0
444615.572913 4635489.872849 1303129995.0
444592.656303 4635488.496582 1303129997.0
444570.490026 4635487.558685 1303129999.0
444549.572875 4635487.166303 1303130001.0
444521.008770 4635485.279058 1303130004.0
444499.482149 4635481.227451 1303130008.0
444472.522461 4635482.880985 1303130015.0
444446.556035 4635484.193774 1303130018.0
444426.305359 4635484.129658 1303130020.0
444397.990163 4635482.240964 1303130023.0
444374.146741 4635479.096089 1303130027.0
