446300.590811 4635306.424338 1303774215.0
446296.672162 4635282.026532 1303774230.0
446292.755999 4635257.961810 1303774234.0
446283.483121 4635238.933981 1303774242.0
446262.811042 4635238.090577 1303774245.0
446241.979679 4635238.136703 1303774247.0
446217.326578 4635237.656573 1303774249.0
446191.262639 4635237.187183 1303774251.0
446166.194578 4635236.710364 1303774253.0
446144.109122 4635235.544885 1303774255.0
446124.089176 4635233.142486 1303774258.0
446100.342216 4635231.767640 1303774276.0
446072.123016 4635231.648092 1303774279.0
446049.546308 4635231.374892 1303774281.0
446027.133896 4635230.878451 1303774283.0
446000.903086 4635230.299988 1303774286.0
445980.742346 4635231.230062 1303774291.0
445958.504328 4635231.842849 1303774304.0
445930.206339 4635232.279628 1303774307.0
445905.224590 4635232.247206 1303774309.0
445879.163122 4635232.112039 1303774311.0
445855.006208 4635231.407325 1303774313.0
445834.580473 4635230.230190 1303774315.0
445812.742208 4635228.841790 1303774318.0
445792.081847 4635229.554131 1303774336.0
445768.099344 4635229.958719 1303774339.0
445746.681930 4635229.344553 1303774341.0
445721.611247 4635228.536216 1303774343.0
445692.889829 4635227.866829 1303774345.0
445661.596550 4635227.328207 1303774347.0
445628.061677 4635226.695796 1303774349.0
445593.114263 4635225.852262 1303774351.0
445559.326159 4635224.666941 1303774353.0
445526.869282 4635223.915735 1303774355.0
445493.753570 4635223.835918 1303774357.0
445460.221202 4635223.537378 1303774359.0
445425.195001 4635223.250439 1303774361.0
445388.427698 4635223.199086 1303774363.0
445350.495119 4635222.712726 1303774365.0
445312.811502 4635222.224657 1303774367.0
445276.123762 4635221.729138 1303774369.0
445240.182928 4635221.228067 1303774371.0
445205.403098 4635220.607213 1303774373.0
445171.619999 4635220.089892 1303774375.0
445138.918334 4635219.897504 1303774377.0
445106.881443 4635219.811178 1303774379.0
445075.256934 4635219.388715 1303774381.0
445043.550285 4635219.078060 1303774383.0
445011.511668 4635218.770108 1303774385.0
444979.556037 4635218.461660 1303774387.0
444948.509864 4635217.702192 1303774389.0
444917.963342 4635217.161063 1303774391.0
444886.505636 4635216.849182 1303774393.0
444854.382281 4635216.320525 1303774395.0
444821.845685 4635216.017280 1303774397.0
444789.392936 4635215.824568 1303774399.0
444757.190014 4635215.741100 1303774401.0
444725.818718 4635215.873393 1303774403.0
444695.277326 4635215.999382 1303774405.0
444664.818062 4635216.013830 1303774407.0
444633.362908 4635216.036147 1303774409.0
444601.081300 4635216.509166 1303774411.0
444569.218101 4635217.423210 1303774413.0
444540.094462 4635218.427104 1303774415.0
444517.440632 4635218.936594 1303774417.0
444496.783768 4635220.096800 1303774421.0
444480.718283 4635235.322584 1303774428.0
444481.216369 4635256.637204 1303774431.0
444481.709262 4635277.285662 1303774433.0
444481.651510 4635301.824597 1303774435.0
444481.785696 4635329.693053 1303774437.0
444481.516188 4635359.008097 1303774439.0
444481.074650 4635387.547246 1303774441.0
444480.616679 4635413.976881 1303774443.0
444480.790602 4635436.293338 1303774445.0
444481.467643 4635459.272078 1303774448.0
444468.843315 4635479.356579 1303774455.0
444447.696214 4635481.409034 1303774458.0
444426.035609 4635481.466948 1303774461.0
444404.706086 4635481.411310 1303774464.0
444384.027459 4635479.685145 1303774467.0
444362.279522 4635479.188765 1303774470.0
444337.547499 4635479.159902 1303774473.0
444315.313779 4635480.221936 1303774476.0
444294.713770 4635477.940246 1303774500.0
444274.034233 4635476.103373 1303774506.0
444258.045843 4635490.440809 1303774510.0
444234.249312 4635493.291869 1303774512.0
444205.937567 4635491.848047 1303774514.0
444179.286427 4635490.502358 1303774516.0
444156.623895 4635489.791704 1303774518.0
444135.277838 4635487.627357 1303774522.0
444114.411400 4635483.127596 1303774536.0
444089.985183 4635479.766174 1303774539.0
444068.818994 4635479.377158 1303774541.0
444045.249651 4635479.451215 1303774543.0
444020.012703 4635478.539149 1303774545.0
443995.937573 4635477.618038 1303774547.0
443966.870952 4635475.181792 1303774550.0
443944.199602 4635473.361542 1303774578.0
443919.312919 4635474.778791 1303774583.0
443899.207175 4635472.050214 1303774596.0
443873.628600 4635469.919982 1303774599.0
443850.873341 4635467.989655 1303774601.0
443824.056046 4635466.646602 1303774603.0
443794.670498 4635465.879082 1303774605.0
443764.540681 4635465.450662 1303774607.0
443734.244882 4635465.023680 1303774609.0
443704.281907 4635464.705230 1303774611.0
443676.479242 4635464.702928 1303774613.0
443651.247441 4635464.458331 1303774615.0
443627.176587 4635464.093601 1303774617.0
443606.177157 4635463.815672 1303774619.0
443583.185137 4635463.442551 1303774622.0
443557.626649 4635463.867077 1303774626.0
443535.311727 4635465.154257 1303774629.0
443509.422174 4635465.692615 1303774632.0
443460.528262 4635464.303960 1303774637.0
443430.804515 4635462.763386 1303774640.0
443410.537843 4635460.703667 1303774642.0
443390.355909 4635458.865401 1303774644.0
443362.387224 4635458.865643 1303774647.0
443337.325763 4635459.175974 1303774650.0
443315.002020 4635459.353573 1303774653.0
443291.861654 4635461.203256 1303774657.0
443264.806723 4635461.307642 1303774676.0
443243.383466 4635459.923815 1303774682.0
443222.225092 4635460.536557 1303774686.0
443198.906380 4635460.833485 1303774689.0
443178.567262 4635460.107413 1303774692.0
443158.405631 4635460.823429 1303774698.0
443129.951419 4635462.382938 1303774702.0
443106.543516 4635461.903640 1303774705.0
