443083.720959 4635461.974914 1302307663.0
443064.513025 4635467.791153 1302307691.0
443062.444510 4635489.348339 1302307713.0
443061.708244 4635511.450049 1302307717.0
443061.435729 4635539.654939 1302307720.0
443060.040019 4635562.317094 1302307722.0
443058.729969 4635585.311668 1302307724.0
443057.850835 4635610.301416 1302307726.0
443057.707933 4635633.952869 1302307728.0
443056.423648 4635660.167235 1302307731.0
443055.769530 4635682.157262 1302307736.0
443056.552791 4635707.466828 1302307740.0
443055.804157 4635728.014165 1302307742.0
443055.324898 4635751.113139 1302307744.0
443054.038879 4635777.105457 1302307746.0
443053.190871 4635805.981168 1302307748.0
443052.940622 4635836.961754 1302307750.0
443053.113284 4635868.938270 1302307752.0
443052.541767 4635901.253840 1302307754.0
443052.206777 4635932.013040 1302307756.0
443051.594441 4635959.221358 1302307758.0
443051.210641 4635983.874060 1302307760.0
443052.119929 4636004.186083 1302307762.0
443069.482153 4636016.816239 1302307766.0
443089.823249 4636017.986093 1302307769.0
443117.693476 4636016.320012 1302307772.0
443141.253111 4636015.243622 1302307774.0
443167.142434 4636014.925961 1302307776.0
443192.449116 4636014.390972 1302307778.0
443216.514619 4636014.310106 1302307780.0
443239.088226 4636014.463279 1302307782.0
443261.491444 4636014.062709 1302307784.0
443285.388330 4636013.650315 1302307786.0
443311.111693 4636013.334499 1302307788.0
443338.249274 4636013.451663 1302307790.0
443365.468068 4636013.346215 1302307792.0
443391.688436 4636012.915703 1302307794.0
443413.840951 4636012.295537 1302307796.0
443436.168249 4636012.784394 1302307799.0
443459.822364 4636013.151754 1302307805.0
443483.058926 4636013.189403 1302307808.0
443504.889204 4636013.793453 1302307810.0
443530.619604 4636014.366648 1302307812.0
443559.172245 4636015.028605 1302307814.0
443588.551176 4636015.239995 1302307816.0
443617.176238 4636014.569200 1302307818.0
443644.805528 4636013.906399 1302307820.0
443671.441678 4636013.584662 1302307822.0
443697.007847 4636014.381825 1302307824.0
443721.743317 4636015.074609 1302307826.0
443745.395639 4636015.220862 1302307828.0
443768.132534 4636015.041319 1302307830.0
443788.798400 4636015.322329 1302307832.0
443813.963649 4636017.899623 1302307835.0
443835.937942 4636015.727696 1302307839.0
443856.989826 4636012.341733 1302307845.0
443863.088145 4635985.867535 1302307849.0
443863.919415 4635964.986561 1302307851.0
443865.297442 4635939.770948 1302307853.0
443866.812571 4635910.890128 1302307855.0
443867.726711 4635879.460261 1302307857.0
443868.467021 4635847.032459 1302307859.0
443869.297325 4635815.492223 1302307861.0
443871.393398 4635786.606833 1302307863.0
443872.862360 4635762.389819 1302307865.0
443875.247663 4635738.609723 1302307868.0
443896.656719 4635727.781794 1302307872.0
443924.377979 4635728.118680 1302307875.0
443944.709229 4635727.958655 1302307877.0
443968.272515 4635727.218093 1302307880.0
443988.614242 4635728.390520 1302307900.0
444016.338107 4635729.060846 1302307904.0
444042.092138 4635732.522605 1302307907.0
444063.302044 4635738.573923 1302307910.0
444087.631334 4635740.270490 1302307917.0
444109.216895 4635741.322463 1302307921.0
444133.565320 4635745.461784 1302307943.0
444162.788037 4635746.787127 1302307946.0
444188.105253 4635747.476986 1302307948.0
444215.911995 4635748.147437 1302307950.0
444244.543361 4635748.145337 1302307952.0
444271.589333 4635747.045417 1302307954.0
444296.975624 4635745.958577 1302307956.0
444321.037641 4635745.326315 1302307958.0
444343.936143 4635744.481158 1302307960.0
444365.258812 4635743.759416 1302307962.0
444394.041419 4635741.869159 1302307965.0
444418.517509 4635741.122961 1302307968.0
444439.048452 4635745.293113 1302307988.0
444459.398684 4635747.577155 1302307993.0
444472.378663 4635730.598798 1302308005.0
444473.182341 4635705.942997 1302308008.0
444474.416531 4635683.282452 1302308010.0
444476.122680 4635657.287211 1302308012.0
444478.385514 4635628.178683 1302308014.0
444479.652536 4635599.077919 1302308016.0
444480.024026 4635572.204815 1302308018.0
444480.003087 4635548.221652 1302308020.0
444479.755687 4635527.127137 1302308022.0
444479.739078 4635503.699111 1302308025.0
444481.863705 4635478.144755 1302308033.0
444483.817182 4635451.925530 1302308036.0
444484.212072 4635428.050166 1302308038.0
444485.160198 4635400.617406 1302308040.0
444485.829086 4635369.300638 1302308042.0
444485.816766 4635335.768503 1302308044.0
444485.737034 4635304.235504 1302308046.0
444486.113782 4635278.028576 1302308048.0
444486.484480 4635251.044459 1302308051.0
