446300.537802 4635255.349382 1303247919.0
446287.287274 4635237.128765 1303247944.0
446264.798618 4635237.520419 1303247947.0
446234.331180 4635236.417887 1303247950.0
446211.918806 4635235.920865 1303247952.0
446190.420998 4635235.639073 1303247954.0
446170.251029 4635235.347312 1303247956.0
446145.510723 4635234.312922 1303247959.0
446125.174766 4635234.022543 1303247963.0
446099.845114 4635231.882434 1303247976.0
446078.841863 4635231.153103 1303247979.0
446055.177034 4635229.666752 1303247982.0
446028.110433 4635228.317284 1303247985.0
446007.517905 4635227.029883 1303247987.0
445985.600891 4635226.196718 1303247989.0
445963.021632 4635225.590710 1303247991.0
445940.275545 4635224.875006 1303247993.0
445918.029080 4635224.377649 1303247995.0
445896.441474 4635223.209156 1303247997.0
445868.299308 4635222.312596 1303248000.0
445846.467777 4635221.812309 1303248003.0
445823.467623 4635220.432708 1303248008.0
445797.968455 4635217.850825 1303248020.0
445775.964161 4635216.463800 1303248023.0
445751.971468 4635215.536117 1303248026.0
445722.003453 4635214.654037 1303248029.0
445700.414929 4635213.375111 1303248031.0
445678.163319 4635212.212340 1303248033.0
445655.403595 4635209.721112 1303248035.0
445630.658858 4635208.133372 1303248037.0
445604.008715 4635207.004401 1303248039.0
445577.025753 4635205.767038 1303248041.0
445551.037818 4635204.411139 1303248043.0
445525.217550 4635203.276119 1303248045.0
445498.984019 4635202.366422 1303248047.0
445471.670750 4635201.354051 1303248049.0
445444.525154 4635200.562569 1303248051.0
445417.213569 4635199.772461 1303248053.0
445389.649599 4635198.540258 1303248055.0
445361.585971 4635197.089926 1303248057.0
445333.113339 4635196.420079 1303248059.0
445304.058061 4635195.532750 1303248061.0
445274.588671 4635194.759755 1303248063.0
445245.862778 4635193.537033 1303248065.0
445218.218313 4635192.639212 1303248067.0
445193.064418 4635191.833372 1303248069.0
445169.476233 4635189.572132 1303248071.0
445144.399325 4635187.988635 1303248073.0
445117.259608 4635187.975588 1303248075.0
445089.373826 4635188.079428 1303248077.0
445062.232392 4635187.844536 1303248079.0
445035.835303 4635187.270904 1303248081.0
445009.770172 4635186.694808 1303248083.0
444983.954007 4635186.116884 1303248085.0
444958.218254 4635185.205331 1303248087.0
444932.814457 4635184.291305 1303248089.0
444906.996555 4635183.491606 1303248091.0
444880.181896 4635182.588678 1303248093.0
444851.707409 4635181.698699 1303248095.0
444821.822926 4635180.930788 1303248097.0
444791.525201 4635180.388272 1303248099.0
444762.056518 4635179.728423 1303248101.0
444733.169625 4635179.175216 1303248103.0
444704.867110 4635179.061725 1303248105.0
444675.816811 4635178.843121 1303248107.0
444646.521848 4635179.181704 1303248109.0
444616.895785 4635179.634016 1303248111.0
444588.268207 4635180.411786 1303248113.0
444561.297860 4635180.843674 1303248115.0
444539.799735 4635180.566860 1303248117.0
444516.667726 4635183.633851 1303248121.0
444507.297592 4635206.024633 1303248141.0
444506.913836 4635231.343339 1303248144.0
444505.504800 4635252.894883 1303248146.0
444505.189345 4635276.325484 1303248148.0
444505.054576 4635301.642254 1303248150.0
444505.012314 4635328.179678 1303248152.0
444504.713303 4635353.719797 1303248154.0
444501.429299 4635379.616273 1303248156.0
444499.269098 4635400.618506 1303248158.0
444497.534234 4635422.949834 1303248161.0
444495.629946 4635444.838347 1303248174.0
444473.199065 4635452.563456 1303248179.0
444451.349022 4635449.624852 1303248182.0
444426.270226 4635447.710808 1303248185.0
444399.109784 4635444.924827 1303248188.0
444372.209554 4635443.580358 1303248191.0
444346.902564 4635444.333189 1303248194.0
444326.096884 4635447.604710 1303248197.0
444305.442441 4635448.987533 1303248203.0
444281.043130 4635449.067297 1303248208.0
444255.922121 4635452.372778 1303248211.0
444235.174285 4635452.424128 1303248213.0
444213.093425 4635451.819773 1303248215.0
444191.099028 4635451.658946 1303248217.0
444170.509332 4635450.709939 1303248219.0
444143.788970 4635451.141467 1303248222.0
444121.881036 4635451.424311 1303248226.0
444106.762840 4635470.862829 1303248232.0
444104.957564 4635494.638271 1303248235.0
444104.835566 4635521.398425 1303248238.0
444104.061874 4635549.718169 1303248241.0
444102.127253 4635578.158059 1303248244.0
444100.017094 4635605.377954 1303248247.0
444099.401569 4635632.697156 1303248250.0
444098.429713 4635656.910203 1303248253.0
444087.133710 4635676.873953 1303248257.0
444092.596393 4635696.151000 1303248261.0
444108.795675 4635708.792792 1303248269.0
