444121.166908 4635730.680474 1302626962.0
444143.426816 4635733.059669 1302626969.0
444170.485020 4635733.513746 1302626972.0
444199.356703 4635732.399242 1302626975.0
444223.581255 4635731.321243 1302626978.0
444246.389860 4635729.588204 1302626982.0
444266.699379 4635726.653418 1302627006.0
444289.117397 4635728.032525 1302627010.0
444316.351118 4635729.707157 1302627013.0
444336.439471 4635730.327387 1302627015.0
444364.076819 4635730.555605 1302627018.0
444390.296490 4635729.906726 1302627021.0
444416.947548 4635731.364223 1302627024.0
444443.088562 4635731.271322 1302627027.0
444463.577967 4635730.112238 1302627031.0
444481.395338 4635716.205136 1302627052.0
444481.066682 4635695.333316 1302627055.0
444481.571251 4635664.239881 1302627058.0
444481.545983 4635639.701579 1302627060.0
444482.007383 4635613.716044 1302627062.0
444482.634762 4635587.729216 1302627064.0
444483.189544 4635563.075362 1302627066.0
444482.926578 4635539.982357 1302627068.0
444482.189053 4635519.890967 1302627070.0
444481.035723 4635499.691785 1302627074.0
444483.114575 4635478.912243 1302627089.0
444484.718801 4635450.475063 1302627093.0
444485.547669 4635429.039062 1302627095.0
444486.105948 4635404.829324 1302627097.0
444486.397099 4635378.289957 1302627099.0
444486.593152 4635350.196857 1302627101.0
444486.617176 4635321.327862 1302627103.0
444486.808912 4635292.679630 1302627105.0
444486.689456 4635266.698636 1302627107.0
444486.266590 4635244.384125 1302627109.0
444486.081448 4635220.624322 1302627112.0
444500.993757 4635206.517873 1302627116.0
444523.479915 4635205.787570 1302627119.0
444544.557827 4635205.401401 1302627121.0
444569.123078 4635205.210228 1302627123.0
444596.095059 4635205.000423 1302627125.0
444624.560873 4635204.779109 1302627127.0
444653.274796 4635204.444947 1302627129.0
444680.328906 4635204.123789 1302627131.0
444705.891768 4635204.147409 1302627133.0
444730.624722 4635204.177559 1302627135.0
444755.609229 4635204.538946 1302627137.0
444781.591341 4635205.114756 1302627139.0
444808.732737 4635205.348577 1302627141.0
444836.455063 4635205.578005 1302627143.0
444863.844564 4635205.699082 1302627145.0
444890.568420 4635205.603345 1302627147.0
444916.382810 4635205.958876 1302627149.0
444941.366432 4635206.209887 1302627151.0
444966.431326 4635206.238290 1302627153.0
444992.578526 4635206.702559 1302627155.0
445019.886733 4635207.046931 1302627157.0
445048.275526 4635207.605140 1302627159.0
445076.246792 4635207.833580 1302627161.0
445103.224733 4635208.402884 1302627163.0
445129.287206 4635208.646240 1302627165.0
445154.935578 4635209.003913 1302627167.0
445181.827096 4635209.130046 1302627169.0
445209.881333 4635209.358372 1302627171.0
445238.932307 4635209.690180 1302627173.0
445268.229688 4635209.687112 1302627175.0
445297.280654 4635210.019158 1302627177.0
445326.082643 4635210.353234 1302627179.0
445355.383423 4635210.794633 1302627181.0
445385.017010 4635211.344635 1302627183.0
445414.564197 4635211.451288 1302627185.0
445442.952915 4635212.011069 1302627187.0
445472.087691 4635212.454219 1302627189.0
445501.470583 4635212.784557 1302627191.0
445530.603651 4635213.005892 1302627193.0
445557.993065 4635213.129637 1302627195.0
445583.805657 4635213.265531 1302627197.0
445609.287980 4635213.626107 1302627199.0
445635.099719 4635213.651160 1302627201.0
445661.162121 4635213.896462 1302627203.0
445686.396308 4635214.370240 1302627205.0
445711.049557 4635214.848534 1302627207.0
445736.282888 4635215.211462 1302627209.0
445762.263975 4635215.679819 1302627211.0
445788.660854 4635216.256141 1302627213.0
445814.972203 4635216.500111 1302627215.0
445839.456915 4635216.647030 1302627217.0
445859.622747 4635216.382720 1302627219.0
445882.283354 4635216.765716 1302627223.0
445902.455087 4635217.278716 1302627248.0
445924.123171 4635218.113515 1302627252.0
445945.884349 4635220.280076 1302627255.0
445966.142423 4635221.236735 1302627260.0
445976.564569 4635238.478915 1302627282.0
445976.754002 4635263.460008 1302627285.0
445976.412663 4635284.114820 1302627287.0
445975.580127 4635305.661627 1302627289.0
445974.549991 4635333.982974 1302627292.0
445973.895236 4635357.082903 1302627295.0
445974.177778 4635383.395696 1302627298.0
445973.766945 4635405.827576 1302627300.0
445973.372115 4635430.368972 1302627302.0
445972.308336 4635454.249241 1302627304.0
445970.519574 4635481.021882 1302627307.0
445991.026212 4635492.969030 1302627312.0
446016.091712 4635493.223171 1302627315.0
446037.591283 4635493.837511 1302627317.0
446061.826063 4635493.987072 1302627319.0
446087.466581 4635493.459875 1302627321.0
446112.529550 4635493.381274 1302627323.0
446135.675418 4635492.206922 1302627325.0
446155.665262 4635490.723398 1302627327.0
446177.979593 4635489.333402 1302627330.0
