445956.498244 4635229.970498 1303233853.0
445928.024998 4635229.187247 1303233856.0
445906.775271 4635228.793394 1303233858.0
445886.439277 4635228.503696 1303233860.0
445860.954507 4635227.809048 1303233863.0
445838.545437 4635227.757309 1303233867.0
445815.811160 4635228.596381 1303233877.0
445788.006030 4635228.363776 1303233881.0
445760.943583 4635227.570457 1303233884.0
445732.388147 4635226.899647 1303233887.0
445711.888690 4635226.944794 1303233889.0
445691.132644 4635225.992654 1303233891.0
445669.882036 4635225.488479 1303233893.0
445648.047102 4635224.544692 1303233895.0
445625.630382 4635223.494379 1303233897.0
445602.637808 4635223.114734 1303233899.0
445580.391296 4635222.618430 1303233901.0
445559.635213 4635221.666673 1303233903.0
445534.314650 4635220.749870 1303233906.0
445511.655717 4635220.590035 1303233909.0
445483.265345 4635219.807926 1303233912.0
445461.515900 4635219.197157 1303233914.0
445437.860221 4635218.934153 1303233916.0
445413.209504 4635218.789885 1303233918.0
445387.978702 4635218.761183 1303233920.0
445362.583621 4635218.955897 1303233922.0
445337.018299 4635218.596840 1303233924.0
445311.369982 4635218.238512 1303233926.0
445285.635261 4635217.436805 1303233928.0
445259.571982 4635217.081850 1303233930.0
445232.594096 4635216.511954 1303233932.0
445204.621172 4635216.060847 1303233934.0
445176.316280 4635215.612404 1303233936.0
445147.846257 4635215.276379 1303233938.0
445119.210248 4635214.941745 1303233940.0
445090.491243 4635214.607867 1303233942.0
445061.523263 4635214.276024 1303233944.0
445032.225028 4635214.168915 1303233946.0
445002.759096 4635213.841153 1303233948.0
444973.542130 4635213.511590 1303233950.0
444945.487028 4635213.173168 1303233952.0
444918.845336 4635213.157030 1303233954.0
444893.942150 4635212.572375 1303233956.0
444870.449799 4635211.976889 1303233958.0
444847.955050 4635211.595826 1303233960.0
444826.291062 4635211.319434 1303233962.0
444798.152083 4635210.871207 1303233965.0
444777.650818 4635210.696987 1303233968.0
444757.400245 4635210.742950 1303233974.0
444735.989524 4635211.020037 1303233978.0
444711.508152 4635211.321017 1303233981.0
444682.460571 4635211.435468 1303233984.0
444660.385064 4635211.606910 1303233986.0
444637.313670 4635211.786160 1303233988.0
444613.746058 4635212.191410 1303233990.0
444590.595991 4635212.926592 1303233992.0
444568.359688 4635213.765773 1303233994.0
444540.894117 4635214.534695 1303233997.0
444516.333221 4635215.281101 1303234002.0
444495.022802 4635217.778808 1303234006.0
444485.331203 4635241.504533 1303234011.0
444486.010828 4635264.816348 1303234014.0
444485.635809 4635291.245331 1303234017.0
444485.360223 4635319.783183 1303234020.0
444485.888577 4635344.983755 1303234023.0
444485.900827 4635367.856639 1303234026.0
444484.491026 4635389.297165 1303234031.0
444482.512431 4635412.296599 1303234042.0
444481.610964 4635435.065572 1303234045.0
444481.109734 4635455.943851 1303234050.0
444473.287429 4635474.547480 1303234065.0
444447.723790 4635474.302649 1303234070.0
444424.053270 4635472.044530 1303234073.0
444401.716603 4635470.553317 1303234076.0
444375.993035 4635471.087229 1303234080.0
444355.910894 4635471.355098 1303234083.0
444335.169191 4635472.183348 1303234086.0
444315.007537 4635472.896090 1303234089.0
444293.100541 4635473.289435 1303234094.0
444270.992434 4635458.583803 1303234108.0
444260.417415 4635432.906661 1303234110.0
444252.676961 4635408.872862 1303234112.0
444240.690130 4635383.095763 1303234114.0
444222.306573 4635367.139752 1303234116.0
444193.353896 4635368.698907 1303234119.0
444165.514022 4635374.579782 1303234122.0
444140.822540 4635379.769875 1303234125.0
444121.277260 4635385.030721 1303234128.0
444103.017783 4635395.500130 1303234135.0
444091.130831 4635414.247121 1303234140.0
444083.895634 4635433.512790 1303234144.0
444079.294983 4635460.641200 1303234147.0
444079.375847 4635481.514959 1303234149.0
444078.427558 4635508.725737 1303234152.0
444076.873965 4635532.832315 1303234155.0
444071.426985 4635557.857734 1303234159.0
444064.440085 4635577.010447 1303234163.0
444063.404529 4635603.666747 1303234168.0
444063.980749 4635624.203520 1303234171.0
444067.038526 4635654.269735 1303234175.0
444074.177547 4635675.643254 1303234178.0
444086.060619 4635698.756083 1303234183.0
444095.164163 4635716.672146 1303234186.0
444122.333291 4635720.678260 1303234199.0
444148.973139 4635720.691401 1303234228.0
444175.126389 4635722.151898 1303234231.0
444203.598849 4635723.039154 1303234234.0
444230.657084 4635723.493459 1303234237.0
444253.984477 4635724.421200 1303234240.0
444278.724339 4635725.560036 1303234243.0
444306.291747 4635727.454087 1303234246.0
444360.982105 4635727.470826 1303234252.0
444382.475997 4635727.414003 1303234255.0
