443904.453690 4635463.792378 1303647407.0
443879.969672 4635463.652117 1303647419.0
443858.137761 4635463.046901 1303647422.0
443832.487531 4635462.360823 1303647425.0
443803.854112 4635462.253540 1303647428.0
443783.772816 4635462.634049 1303647430.0
443763.524669 4635462.904898 1303647432.0
443733.811528 4635462.695386 1303647435.0
443704.016273 4635462.597681 1303647438.0
443674.304002 4635462.499445 1303647441.0
443645.835668 4635462.280457 1303647444.0
443619.525892 4635462.155534 1303647447.0
443594.877628 4635462.239620 1303647450.0
443571.246325 4635464.980555 1303647453.0
443546.447050 4635466.953585 1303647457.0
443524.381983 4635468.349855 1303647473.0
443498.078384 4635469.002570 1303647478.0
443475.083726 4635468.296716 1303647481.0
443449.014108 4635467.060175 1303647484.0
443420.871547 4635466.062261 1303647487.0
443392.315802 4635465.289810 1303647490.0
443363.927790 4635464.738208 1303647493.0
443337.531479 4635464.170877 1303647496.0
443313.794308 4635464.026620 1303647499.0
443293.458751 4635463.744330 1303647502.0
443273.285632 4635463.016667 1303647508.0
443252.535130 4635462.737798 1303647512.0
443230.953862 4635462.354575 1303647515.0
443208.296403 4635462.313099 1303647518.0
443183.394728 4635461.845458 1303647522.0
443158.493048 4635461.377903 1303647529.0
443133.753794 4635460.465002 1303647533.0
443112.098385 4635461.193073 1303647536.0
443086.543435 4635462.063398 1303647540.0
443068.612258 4635471.866661 1303647545.0
443067.279973 4635492.085549 1303647562.0
443066.456268 4635513.632786 1303647566.0
443066.142029 4635536.619397 1303647569.0
443065.768765 4635562.604408 1303647572.0
443064.907350 4635589.814699 1303647575.0
443064.453775 4635616.133456 1303647578.0
443063.743262 4635641.454960 1303647581.0
443063.298574 4635668.883992 1303647584.0
443062.863654 4635697.534326 1303647587.0
443062.685683 4635727.181915 1303647590.0
443062.010697 4635756.944514 1303647593.0
443060.671847 4635786.712420 1303647596.0
443059.830914 4635816.476349 1303647599.0
443059.647646 4635845.457781 1303647602.0
443059.707118 4635873.660033 1303647605.0
443059.430225 4635901.309804 1303647608.0
443058.810755 4635927.629902 1303647611.0
443058.513457 4635952.726047 1303647614.0
443058.769521 4635974.375704 1303647617.0
443060.027579 4635996.794592 1303647625.0
443082.981090 4636002.940091 1303647630.0
443103.063522 4636002.890672 1303647633.0
443125.806682 4636003.486270 1303647636.0
443150.297768 4636004.734195 1303647639.0
443175.450924 4636005.754852 1303647642.0
443200.512236 4636005.665988 1303647645.0
443222.998464 4636005.264635 1303647648.0
443243.587619 4636006.321917 1303647653.0
443264.410677 4636005.489811 1303647662.0
443284.742922 4636005.549949 1303647665.0
443309.143028 4636005.799835 1303647668.0
443335.457889 4636006.811811 1303647671.0
443363.263759 4636007.478925 1303647674.0
443391.483647 4636008.031822 1303647677.0
443418.042134 4636008.375961 1303647680.0
443439.620848 4636008.648707 1303647683.0
443460.127849 4636009.818300 1303647689.0
443483.956745 4636011.294696 1303647693.0
443507.947188 4636012.214718 1303647696.0
443534.338804 4636012.449580 1303647699.0
443561.726193 4636012.676648 1303647702.0
443590.276198 4636013.005648 1303647705.0
443620.141597 4636011.769871 1303647708.0
443640.473803 4636011.831024 1303647710.0
443660.971970 4636011.890922 1303647712.0
443681.388910 4636012.173590 1303647714.0
443701.474800 4636012.569968 1303647716.0
443730.940215 4636013.225398 1303647719.0
443759.487568 4636013.221995 1303647722.0
443785.381267 4636013.461717 1303647725.0
443808.706044 4636014.165937 1303647728.0
443833.914871 4636011.746419 1303647732.0
443856.205360 4636007.573447 1303647740.0
443863.836730 4635986.083703 1303647744.0
443864.825216 4635964.091149 1303647747.0
443865.626746 4635939.435250 1303647750.0
443866.419533 4635913.669079 1303647753.0
443867.200954 4635886.459556 1303647756.0
443868.042618 4635856.362671 1303647759.0
443868.460760 4635835.707027 1303647761.0
443869.289451 4635814.492977 1303647763.0
443870.706910 4635794.273597 1303647765.0
443872.638778 4635765.611570 1303647768.0
443873.613342 4635741.842590 1303647771.0
443891.746629 4635726.043923 1303647776.0
443912.500677 4635726.879783 1303647779.0
443935.659528 4635727.474707 1303647782.0
443960.807386 4635727.720955 1303647785.0
443987.614934 4635727.954242 1303647788.0
444014.837402 4635728.184368 1303647791.0
444041.401223 4635729.085977 1303647794.0
444065.057956 4635729.677410 1303647797.0
444087.967822 4635730.274784 1303647803.0
444109.208408 4635729.663954 1303647807.0
444132.234601 4635723.931617 1303647810.0
444155.303483 4635723.639688 1303647813.0
444177.628982 4635723.797796 1303647816.0
444200.206913 4635724.398132 1303647819.0
444222.283452 4635724.558330 1303647822.0
444247.021583 4635725.475001 1303647826.0
444268.760965 4635724.971778 1303647831.0
444289.998099 4635723.917379 1303647835.0
444312.336608 4635725.741317 1303647838.0
444337.498317 4635727.765331 1303647841.0
444363.399934 4635728.895382 1303647844.0
444389.381058 4635729.580771 1303647847.0
444414.367228 4635730.385052 1303647850.0
444438.025636 4635731.199778 1303647853.0
444462.847553 4635732.227578 1303647857.0
444479.354469 4635720.551367 1303647864.0
444479.759691 4635698.008318 1303647868.0
444480.081065 4635675.354889 1303647871.0
444480.887377 4635651.032173 1303647874.0
444481.678986 4635624.821996 1303647877.0
444481.807579 4635598.728021 1303647880.0
444481.774529 4635573.190477 1303647883.0
444482.095061 4635550.426026 1303647886.0
444482.187403 4635530.328168 1303647889.0
444482.156956 4635505.123708 1303647893.0
444481.904373 4635483.363031 1303647898.0
444498.216521 4635467.913244 1303647904.0
444524.867664 4635469.260126 1303647908.0
444549.272080 4635469.847359 1303647911.0
444577.219908 4635467.187123 1303647914.0
444603.607393 4635466.648775 1303647917.0
444628.589268 4635466.787654 1303647920.0
444651.412599 4635466.832356 1303647923.0
444671.829287 4635466.895823 1303647926.0
444694.909335 4635467.937976 1303647929.0
444720.984684 4635469.956264 1303647932.0
444748.965287 4635471.515735 1303647935.0
444778.105119 4635472.733228 1303647938.0
444806.830001 4635473.954054 1303647941.0
444833.476744 4635474.746954 1303647944.0
444857.216338 4635475.229356 1303647947.0
444877.550861 4635475.405082 1303647951.0
444901.053506 4635477.443935 1303647957.0
444922.055354 4635478.058762 1303647960.0
444947.365681 4635477.752082 1303647963.0
444975.086077 4635477.871012 1303647966.0
445003.477227 4635478.873141 1303647969.0
445032.781229 4635479.868339 1303647972.0
445061.996239 4635480.087107 1303647975.0
445090.881864 4635480.641636 1303647978.0
445120.022431 4635481.971553 1303647981.0
445140.116503 4635483.260218 1303647983.0
445160.786351 4635483.878304 1303647985.0
445182.117530 4635484.158260 1303647987.0
445203.366573 4635484.549946 1303647989.0
445224.447930 4635484.720916 1303647991.0
445245.697820 4635485.223755 1303647993.0
445267.278802 4635485.613080 1303647995.0
445288.781910 4635486.669270 1303647997.0
445310.200318 4635487.504108 1303647999.0
445331.692334 4635487.117074 1303648001.0
445353.186908 4635487.063187 1303648003.0
445374.514654 4635486.899611 1303648005.0
445395.258936 4635486.407470 1303648007.0
445415.428263 4635486.697030 1303648009.0
445443.733747 4635487.368467 1303648012.0
445468.971243 4635488.396601 1303648015.0
445489.144806 4635489.241506 1303648018.0
445499.993720 4635507.923181 1303648023.0
445498.951931 4635534.468191 1303648027.0
445497.565465 4635559.350334 1303648030.0
445496.612630 4635586.671901 1303648033.0
445495.840219 4635615.879661 1303648036.0
445495.486992 4635645.639383 1303648039.0
445495.045688 4635674.733579 1303648042.0
445494.104784 4635703.609532 1303648045.0
445493.643955 4635730.150106 1303648048.0
445494.820727 4635753.791274 1303648051.0
445496.138824 4635774.211385 1303648054.0
445496.635573 4635795.748119 1303648061.0
445497.662505 4635821.500076 1303648066.0
445498.482687 4635841.924000 1303648069.0
445499.653487 4635864.787982 1303648072.0
445501.163008 4635888.537644 1303648075.0
445502.593786 4635912.843077 1303648078.0
445502.697693 4635937.269697 1303648081.0
445502.543311 4635960.476924 1303648084.0
445502.198333 4635980.465632 1303648087.0
445501.952481 4636002.563223 1303648091.0
