446316.106925 4635449.096343 1302282207.0
446315.267537 4635469.865915 1302282218.0
446316.195151 4635493.842142 1302282222.0
446316.486476 4635521.487267 1302282225.0
446316.319360 4635543.362111 1302282227.0
446316.336628 4635567.678301 1302282229.0
446315.936457 4635591.664537 1302282231.0
446315.359442 4635614.208673 1302282233.0
446314.910602 4635642.747649 1302282236.0
446314.583391 4635665.400937 1302282239.0
446314.242794 4635686.277792 1302282243.0
446316.314614 4635707.913701 1302282250.0
446315.897727 4635729.679400 1302282279.0
446314.058399 4635749.901352 1302282296.0
446313.346409 4635776.554749 1302282301.0
446312.486871 4635805.651996 1302282304.0
446312.166382 4635829.193508 1302282306.0
446311.524844 4635854.180875 1302282308.0
446309.876641 4635877.732397 1302282310.0
446307.872251 4635898.066634 1302282312.0
446305.255908 4635925.289562 1302282315.0
446302.864260 4635949.290827 1302282318.0
446301.110534 4635969.845246 1302282321.0
446300.024855 4635990.949797 1302282327.0
446299.350742 4636011.607113 1302282353.0
446287.118009 4636029.131615 1302282358.0
446259.191137 4636034.338784 1302282362.0
446238.963919 4636037.156238 1302282364.0
446216.328596 4636039.769866 1302282366.0
446192.775468 4636041.724299 1302282368.0
446168.388348 4636043.129945 1302282370.0
446143.907341 4636043.092949 1302282372.0
446117.597396 4636042.625738 1302282374.0
446089.962274 4636042.501756 1302282376.0
446061.996067 4636042.491422 1302282378.0
446033.862214 4636042.260400 1302282380.0
446007.307517 4636042.350619 1302282382.0
445984.568252 4636042.189934 1302282384.0
445958.266708 4636042.833584 1302282387.0
445937.436842 4636042.769595 1302282414.0
445915.837384 4636039.713603 1302282418.0
445888.024463 4636038.037283 1302282421.0
445865.695860 4636037.318688 1302282423.0
445840.879514 4636036.841147 1302282425.0
445814.318875 4636036.154895 1302282427.0
445787.593957 4636035.692060 1302282429.0
445761.781824 4636035.222373 1302282431.0
445737.545478 4636034.629742 1302282433.0
445714.970437 4636034.246598 1302282435.0
445692.891585 4636033.637674 1302282437.0
445669.903325 4636033.479891 1302282439.0
445645.753330 4636033.331047 1302282441.0
445621.190123 4636033.407508 1302282443.0
445597.129041 4636034.035386 1302282445.0
445574.232240 4636034.987550 1302282447.0
445547.517473 4636035.857942 1302282450.0
445526.037302 4636037.576666 1302282454.0
445500.077021 4636039.440770 1302282479.0
445475.924483 4636038.959420 1302282482.0
445453.676250 4636037.908400 1302282485.0
445428.843690 4636035.322777 1302282504.0
445405.917972 4636032.500556 1302282507.0
445375.205643 4636031.514663 1302282510.0
445351.717762 4636031.139671 1302282512.0
445326.737923 4636030.998275 1302282514.0
445301.091676 4636030.528984 1302282516.0
445274.284543 4636030.179739 1302282518.0
445247.226756 4636029.610454 1302282520.0
445219.843015 4636029.821014 1302282522.0
445193.451630 4636029.579909 1302282524.0
445169.383710 4636029.321015 1302282526.0
445148.471632 4636029.370999 1302282528.0
445124.319871 4636029.001868 1302282531.0
445102.654115 4636028.169523 1302282537.0
445076.841867 4636027.702318 1302282541.0
445046.549492 4636027.380806 1302282544.0
445022.813475 4636027.119845 1302282546.0
444996.918232 4636026.653571 1302282548.0
444968.868907 4636026.648169 1302282550.0
444940.906852 4636027.197372 1302282552.0
444913.033792 4636028.523233 1302282554.0
444885.575645 4636029.845994 1302282556.0
444858.286048 4636031.500657 1302282558.0
444831.736411 4636032.261422 1302282560.0
444806.098709 4636032.904185 1302282562.0
444783.692966 4636032.966815 1302282564.0
444756.222796 4636032.735693 1302282567.0
444735.469780 4636031.897384 1302282570.0
444715.306244 4636032.164900 1302282593.0
444692.636896 4636030.342285 1302282598.0
444669.804160 4636028.854113 1302282602.0
444644.541662 4636024.386981 1302282606.0
444618.288536 4636020.593845 1302282609.0
444596.702195 4636019.318283 1302282611.0
444574.679339 4636015.270335 1302282613.0
444553.176818 4636014.105286 1302282615.0
444526.946083 4636013.199194 1302282618.0
444505.292288 4636013.923046 1302282621.0
444484.573790 4636017.526558 1302282641.0
444475.159471 4635991.506954 1302282658.0
444475.469543 4635967.410160 1302282661.0
444476.427897 4635941.309702 1302282663.0
444476.161430 4635917.772575 1302282667.0
444477.622021 4635892.223374 1302282670.0
444479.015220 4635868.673312 1302282672.0
444482.471762 4635843.663727 1302282674.0
444485.178017 4635818.215856 1302282676.0
444486.915311 4635796.217593 1302282678.0
444486.301374 4635770.684568 1302282681.0
444483.723498 4635748.719937 1302282687.0
444483.069832 4635728.738921 1302282692.0
444483.283134 4635702.866349 1302282695.0
444483.448068 4635681.435514 1302282697.0
444484.007164 4635657.336792 1302282699.0
444484.799648 4635631.237642 1302282701.0
444485.516076 4635606.027358 1302282703.0
444485.919602 4635583.262259 1302282705.0
444486.450170 4635555.499645 1302282708.0
444486.771584 4635532.846222 1302282712.0
444487.517456 4635511.410866 1302282720.0
444487.106700 4635490.650726 1302282731.0
444470.816842 4635477.009483 1302282741.0
444446.158281 4635475.758298 1302282744.0
444426.071824 4635475.470834 1302282746.0
444403.155121 4635474.095175 1302282748.0
444378.497401 4635472.955252 1302282750.0
444354.752536 4635471.808282 1302282752.0
444334.500084 4635471.522373 1302282754.0
444312.168599 4635470.697603 1302282757.0
444291.494255 4635469.526842 1302282763.0
444270.091255 4635470.693554 1302282768.0
444243.604290 4635469.124271 1302282771.0
444221.430064 4635467.188215 1302282773.0
444197.605636 4635466.486528 1302282775.0
444175.115967 4635466.662732 1302282777.0
444154.948212 4635466.598736 1302282779.0
444132.294308 4635466.998431 1302282782.0
444110.650194 4635469.166820 1302282786.0
444089.883896 4635477.435255 1302282810.0
444065.219144 4635475.408198 1302282814.0
444040.402357 4635475.158964 1302282817.0
444011.680784 4635474.385335 1302282820.0
443984.368248 4635473.378674 1302282823.0
443962.455140 4635472.995846 1302282826.0
443940.714120 4635473.388970 1302282830.0
443917.570178 4635474.792511 1302282844.0
443897.488917 4635475.172700 1302282848.0
443879.551446 4635484.307748 1302282857.0
443881.021046 4635512.831926 1302282861.0
443881.926347 4635543.470199 1302282864.0
443881.869811 4635567.898142 1302282866.0
443881.587060 4635595.214754 1302282868.0
443880.981992 4635623.755282 1302282870.0
443880.544652 4635652.516558 1302282872.0
443879.922105 4635678.836544 1302282874.0
443879.503908 4635699.492182 1302282876.0
443879.829954 4635719.808855 1302282879.0
443901.003402 4635731.744788 1302282888.0
443924.895990 4635730.668387 1302282891.0
443948.542251 4635729.927106 1302282894.0
443969.880664 4635731.202671 1302282899.0
