446316.933835 4634721.710688 1302097230.0
446315.783965 4634701.289229 1302097234.0
446297.854391 4634690.098941 1302097246.0
446276.597237 4634688.926782 1302097251.0
446249.352598 4634686.245383 1302097255.0
446224.934010 4634684.097926 1302097258.0
446200.191803 4634683.063329 1302097261.0
446177.278868 4634682.459133 1302097264.0
446156.523000 4634681.727678 1302097270.0
446135.603652 4634681.330618 1302097274.0
446113.512272 4634679.610083 1302097277.0
446089.846464 4634678.234629 1302097280.0
446065.434515 4634676.975934 1302097283.0
446039.445618 4634675.729264 1302097286.0
446012.798625 4634675.264908 1302097289.0
445991.450794 4634673.094984 1302097294.0
445981.399592 4634693.934414 1302097300.0
445981.245207 4634717.363624 1302097304.0
445980.077197 4634738.468818 1302097307.0
445979.512893 4634762.567338 1302097310.0
445979.024014 4634785.665987 1302097313.0
445978.857861 4634807.540823 1302097319.0
445977.804021 4634832.753391 1302097324.0
445977.128124 4634853.077626 1302097327.0
445977.208441 4634874.617495 1302097330.0
445977.045670 4634896.936441 1302097333.0
445977.044681 4634918.698995 1302097336.0
445977.373142 4634940.125952 1302097341.0
445976.137356 4634963.230271 1302097347.0
445975.981332 4634986.437437 1302097350.0
445975.680372 4635012.421539 1302097353.0
445975.315788 4635040.959892 1302097356.0
445975.040095 4635070.274808 1302097359.0
445974.672155 4635098.369056 1302097362.0
445974.442419 4635122.798154 1302097365.0
445974.599860 4635143.560214 1302097368.0
445972.877976 4635168.222696 1302097372.0
445970.705789 4635188.225190 1302097401.0
445968.796901 4635210.113257 1302097429.0
445945.313525 4635221.616809 1302097434.0
445919.834640 4635221.699139 1302097437.0
445890.281636 4635220.813202 1302097440.0
445861.808341 4635220.030216 1302097443.0
445837.242340 4635220.105905 1302097446.0
445813.846649 4635221.283112 1302097450.0
445791.789792 4635223.893644 1302097476.0
445768.372988 4635222.295324 1302097480.0
445742.800114 4635220.935568 1302097483.0
445722.210882 4635220.093100 1302097485.0
445700.049058 4635219.817845 1302097487.0
445677.218228 4635218.881558 1302097489.0
445654.793027 4635216.720882 1302097491.0
445631.295713 4635215.456726 1302097493.0
445606.556923 4635214.646260 1302097495.0
445580.657107 4635213.955782 1302097497.0
445555.836160 4635213.257153 1302097499.0
445534.752328 4635212.863140 1302097501.0
445514.600068 4635214.904804 1302097504.0
445507.970637 4635237.939459 1302097510.0
445506.090362 4635263.380532 1302097514.0
445502.881419 4635288.720738 1302097517.0
445502.525565 4635318.147363 1302097520.0
445502.496576 4635346.905287 1302097523.0
445502.257446 4635369.891073 1302097526.0
445502.129338 4635396.540119 1302097530.0
445501.406726 4635421.417177 1302097533.0
445501.885871 4635451.503623 1302097536.0
445502.023723 4635480.371311 1302097539.0
445501.234279 4635507.358522 1302097542.0
445499.620073 4635535.018247 1302097545.0
445498.777983 4635555.121778 1302097547.0
445498.440612 4635576.109718 1302097549.0
445498.521574 4635597.538593 1302097551.0
445498.110568 4635619.748468 1302097553.0
445497.459105 4635643.070520 1302097555.0
445497.308957 4635666.832872 1302097557.0
445497.076677 4635690.706887 1302097559.0
445496.589500 4635713.805617 1302097561.0
445496.661131 4635734.013197 1302097563.0
445497.746413 4635756.544730 1302097566.0
445498.823195 4635777.965991 1302097574.0
445499.270933 4635803.944447 1302097581.0
445500.128490 4635829.253566 1302097584.0
445501.921792 4635857.553436 1302097587.0
445503.404123 4635877.750228 1302097589.0
445505.144740 4635899.166414 1302097591.0
445505.726143 4635920.924572 1302097593.0
445505.132205 4635940.915183 1302097595.0
445504.895684 4635964.234072 1302097598.0
445505.235789 4635986.993381 1302097602.0
445507.891723 4636008.735669 1302097609.0
445533.074096 4636013.650602 1302097614.0
445557.723751 4636014.017313 1302097618.0
445577.988125 4636016.083121 1302097640.0
445597.606447 4636020.485628 1302097644.0
445618.947848 4636022.321258 1302097647.0
445644.524659 4636024.568763 1302097650.0
445664.779657 4636025.413517 1302097652.0
445686.944060 4636026.354803 1302097654.0
445708.447146 4636027.634299 1302097656.0
445729.367664 4636028.696231 1302097658.0
445753.062909 4636034.511539 1302097661.0
445777.996065 4636039.429231 1302097664.0
445805.720120 4636040.328562 1302097667.0
445831.927711 4636038.241626 1302097670.0
445852.564625 4636034.753698 1302097675.0
445875.825433 4636038.018941 1302097691.0
445901.911782 4636041.817966 1302097694.0
445931.620600 4636041.814443 1302097697.0
445952.436989 4636040.101979 1302097699.0
445973.007813 4636038.835574 1302097701.0
445993.414365 4636037.792541 1302097703.0
446013.575346 4636037.195563 1302097705.0
446040.482172 4636039.767505 1302097708.0
446070.120618 4636041.430597 1302097711.0
446093.931066 4636040.584146 1302097713.0
446114.523747 4636042.204857 1302097715.0
446137.012380 4636042.145786 1302097717.0
446158.097893 4636043.096695 1302097719.0
446179.418078 4636042.158322 1302097721.0
446202.208441 4636038.099969 1302097723.0
446224.165667 4636033.603846 1302097725.0
446250.510017 4636027.631246 1302097728.0
