445976.557340 4635500.184887 1302265644.0
445952.662104 4635501.032342 1302265659.0
445929.007407 4635500.767716 1302265662.0
445902.272908 4635499.305188 1302265665.0
445875.297027 4635498.843896 1302265668.0
445848.736076 4635498.379551 1302265671.0
445821.430770 4635498.254068 1302265674.0
445794.291435 4635498.127426 1302265677.0
445769.634105 4635496.982690 1302265680.0
445749.043984 4635495.918097 1302265683.0
445725.725428 4635496.206754 1302265687.0
445704.651759 4635497.033544 1302265694.0
445682.154612 4635496.205747 1302265697.0
445652.268210 4635494.990257 1302265700.0
445623.468256 4635494.765901 1302265703.0
445597.730348 4635493.407941 1302265706.0
445577.559359 4635492.895811 1302265709.0
445552.661488 4635492.863998 1302265712.0
445532.493039 4635492.685077 1302265714.0
445511.914748 4635493.175549 1302265716.0
445491.587119 4635493.886230 1302265718.0
445471.500806 4635493.595819 1302265720.0
445443.032778 4635493.369652 1302265723.0
445415.978932 4635493.576897 1302265726.0
445388.180754 4635494.123052 1302265729.0
445368.085918 4635492.722661 1302265731.0
445346.090032 4635492.336215 1302265733.0
445322.932320 4635491.958754 1302265735.0
445299.358815 4635491.473527 1302265737.0
445275.040979 4635491.327197 1302265739.0
445249.562171 4635491.300907 1302265741.0
445223.998667 4635491.053292 1302265743.0
445198.516439 4635490.583076 1302265745.0
445173.283168 4635490.111034 1302265747.0
445148.300563 4635489.859220 1302265749.0
445124.315514 4635489.821876 1302265751.0
445101.992777 4635490.104903 1302265753.0
445072.858231 4635489.552250 1302265756.0
445044.878649 4635488.102535 1302265759.0
445016.491829 4635487.655377 1302265762.0
444988.603785 4635487.315515 1302265765.0
444962.546606 4635487.627818 1302265768.0
444938.897778 4635488.143670 1302265771.0
444916.329505 4635488.873312 1302265776.0
444893.589248 4635488.827119 1302265787.0
444872.755122 4635488.433146 1302265791.0
444849.682912 4635488.389663 1302265794.0
444824.867965 4635488.359751 1302265797.0
444798.727799 4635488.673297 1302265800.0
444769.596645 4635488.565992 1302265803.0
444748.431417 4635488.285984 1302265805.0
444726.688719 4635488.454655 1302265807.0
444704.777462 4635488.291598 1302265809.0
444682.613791 4635487.686434 1302265811.0
444660.364541 4635486.748902 1302265813.0
444638.362520 4635485.587451 1302265815.0
444616.280956 4635484.870821 1302265817.0
444594.951455 4635484.814613 1302265819.0
444566.233476 4635484.482858 1302265822.0
444543.740418 4635484.213790 1302265825.0
444521.336396 4635484.721337 1302265830.0
444500.437396 4635486.660670 1302265840.0
444477.353907 4635485.175039 1302265848.0
444452.612389 4635483.924479 1302265852.0
444426.707304 4635482.461013 1302265856.0
444403.386084 4635482.420917 1302265860.0
444381.711610 4635480.702531 1302265888.0
444359.876352 4635479.651670 1302265892.0
444332.672056 4635481.862814 1302265895.0
444308.109488 4635482.276866 1302265898.0
444287.935707 4635481.435304 1302265903.0
444280.228394 4635461.620507 1302265908.0
444281.959093 4635438.845010 1302265911.0
444282.148254 4635409.974704 1302265914.0
444281.895932 4635388.325059 1302265916.0
444281.469818 4635365.677468 1302265918.0
444281.373922 4635342.805228 1302265920.0
444281.940206 4635319.705741 1302265922.0
444281.929909 4635297.165935 1302265924.0
444282.102093 4635276.734346 1302265926.0
444282.392501 4635250.194968 1302265929.0
444282.889706 4635228.872568 1302265932.0
444287.532978 4635207.073610 1302265936.0
444309.886664 4635200.014736 1302265940.0
444335.383057 4635202.147191 1302265943.0
444365.355732 4635203.578576 1302265946.0
444386.443183 4635204.413238 1302265948.0
444408.109831 4635205.021375 1302265950.0
444430.191428 4635205.626341 1302265952.0
444452.602386 4635205.895705 1302265954.0
444475.924508 4635205.935971 1302265956.0
444499.577726 4635205.862701 1302265958.0
444523.892275 4635205.451257 1302265960.0
444548.289817 4635205.039251 1302265962.0
444572.692542 4635205.293491 1302265964.0
444597.014864 4635205.881541 1302265966.0
444620.513315 4635207.253315 1302265968.0
444642.767758 4635208.745866 1302265970.0
444670.250601 4635210.197879 1302265973.0
444691.681150 4635212.474218 1302265985.0
444702.789306 4635232.152006 1302265990.0
444700.987134 4635256.593430 1302265993.0
444700.231095 4635276.807452 1302265995.0
444699.991098 4635299.349178 1302265997.0
444699.504722 4635322.225919 1302265999.0
444699.765252 4635345.096863 1302266001.0
444699.607391 4635367.526920 1302266003.0
444699.526488 4635389.179144 1302266005.0
444699.681625 4635409.164029 1302266007.0
444699.707846 4635433.924370 1302266010.0
444698.873164 4635454.694177 1302266014.0
444698.784514 4635475.347160 1302266018.0
444698.982752 4635500.883405 1302266021.0
444698.725546 4635521.204596 1302266023.0
444698.560811 4635542.746442 1302266025.0
444698.737506 4635565.507011 1302266027.0
444699.082759 4635588.599374 1302266029.0
444699.263765 4635611.915080 1302266031.0
444698.706519 4635636.346857 1302266033.0
444697.731767 4635660.448775 1302266035.0
444696.590190 4635684.440956 1302266037.0
444695.940499 4635707.652081 1302266039.0
444695.447301 4635729.640620 1302266041.0
444695.358684 4635750.293612 1302266043.0
444694.766993 4635770.284307 1302266045.0
444693.996182 4635799.270139 1302266048.0
444693.881489 4635827.251573 1302266051.0
444694.981375 4635851.337391 1302266054.0
444698.122208 4635871.077041 1302266058.0
444696.324580 4635896.073629 1302266078.0
444692.839731 4635917.530235 1302266081.0
444689.549321 4635942.649452 1302266084.0
444685.904592 4635964.884542 1302266087.0
444685.344001 4635988.872226 1302266091.0
444692.066802 4636010.360602 1302266097.0
444713.104167 4636015.748970 1302266100.0
444740.985006 4636015.421571 1302266103.0
444762.389864 4636014.700367 1302266105.0
444785.543357 4636014.742908 1302266107.0
444809.027052 4636014.560898 1302266109.0
444833.089036 4636014.041385 1302266111.0
444857.068901 4636013.633623 1302266113.0
444881.375537 4636012.557209 1302266115.0
444905.187726 4636011.928839 1302266117.0
444928.999060 4636011.189521 1302266119.0
444952.974643 4636010.226945 1302266121.0
444976.126423 4636010.048052 1302266123.0
444998.367123 4636010.098337 1302266125.0
445018.786519 4636010.717920 1302266127.0
445045.348237 4636011.512234 1302266130.0
445067.660778 4636010.118741 1302266134.0
445087.919338 4636011.405966 1302266157.0
445111.912901 4636012.775497 1302266160.0
445132.662488 4636013.170794 1302266162.0
445154.901459 4636012.999513 1302266164.0
445177.717880 4636012.379722 1302266166.0
445201.527516 4636011.419261 1302266168.0
445225.761456 4636011.676988 1302266170.0
445250.731982 4636010.596730 1302266172.0
445275.877007 4636010.625557 1302266174.0
445301.439495 4636010.984368 1302266176.0
445327.169646 4636011.564052 1302266178.0
445353.231716 4636012.141281 1302266180.0
445379.129520 4636012.941933 1302266182.0
445405.023062 4636013.187543 1302266184.0
445430.590630 4636014.212981 1302266186.0
445455.159864 4636014.913054 1302266188.0
445478.485224 4636015.733768 1302266190.0
445500.654788 4636017.340637 1302266192.0
445524.060567 4636017.827783 1302266194.0
445547.882095 4636018.422861 1302266196.0
445573.279410 4636018.894944 1302266198.0
445599.336330 4636018.806910 1302266200.0
445625.393248 4636018.718971 1302266202.0
445651.286745 4636018.965476 1302266204.0
445676.687432 4636019.882036 1302266206.0
445701.671514 4636020.579795 1302266208.0
445726.238991 4636021.058749 1302266210.0
445750.472848 4636021.318261 1302266212.0
445774.456914 4636021.468723 1302266214.0
445797.694992 4636021.735977 1302266216.0
445820.020276 4636022.010250 1302266218.0
445841.602104 4636022.734381 1302266220.0
445863.682657 4636023.565820 1302266222.0
445886.178953 4636024.505202 1302266224.0
445908.836144 4636024.777232 1302266226.0
445931.493332 4636025.049333 1302266228.0
445953.490039 4636025.770653 1302266230.0
445975.402917 4636026.381643 1302266232.0
445997.234493 4636027.215384 1302266234.0
446024.958552 4636028.115569 1302266237.0
446048.362548 4636028.382383 1302266240.0
446069.612398 4636029.109718 1302266243.0
446094.176438 4636029.145832 1302266246.0
446120.980122 4636029.054054 1302266249.0
446148.701633 4636029.621638 1302266252.0
446177.014071 4636031.517268 1302266255.0
446201.158160 4636030.890722 1302266258.0
446223.131335 4636028.504113 1302266263.0
446244.594907 4636024.566948 1302266285.0
446269.474962 4636022.491644 1302266289.0
446292.532797 4636020.874302 1302266292.0
446317.926661 4636020.904930 1302266295.0
446347.981679 4636022.788105 1302266298.0
446373.722504 4636024.814921 1302266301.0
446398.959579 4636026.068387 1302266304.0
446426.013872 4636026.197938 1302266307.0
446451.076620 4636026.342564 1302266310.0
446475.229078 4636026.827220 1302266314.0
