446029.949992 4634868.555096 1302955136.0
446010.456934 4634859.153905 1302955164.0
446006.463341 4634835.978191 1302955170.0
445986.752320 4634830.686950 1302955177.0
445974.255794 4634846.437401 1302955185.0
445975.158488 4634866.971734 1302955189.0
445974.114777 4634893.516629 1302955193.0
445974.368671 4634916.054484 1302955196.0
445974.556409 4634940.813510 1302955200.0
445974.411333 4634965.464027 1302955207.0
445974.283939 4634992.446112 1302955211.0
445973.899994 4635018.430843 1302955214.0
445973.372801 4635047.414565 1302955217.0
445972.600006 4635076.844283 1302955220.0
445971.907687 4635105.940293 1302955223.0
445970.703115 4635133.152621 1302955226.0
445970.562282 4635158.358280 1302955229.0
445970.988916 4635181.783102 1302955232.0
445971.145528 4635202.434137 1302955236.0
445970.898134 4635224.531671 1302955258.0
445971.055590 4635245.293733 1302955261.0
445971.083274 4635270.831220 1302955264.0
445970.303800 4635299.372733 1302955267.0
445969.867238 4635329.355082 1302955270.0
445969.442096 4635349.899500 1302955272.0
445968.849296 4635370.223123 1302955274.0
445968.673128 4635390.765654 1302955276.0
445969.158341 4635410.970069 1302955278.0
445968.714223 4635439.953179 1302955281.0
445967.828227 4635465.386571 1302955284.0
445967.488622 4635486.263445 1302955291.0
445988.435931 4635490.656966 1302955295.0
446011.084713 4635489.597011 1302955298.0
446037.635582 4635488.729635 1302955301.0
446065.429584 4635487.630880 1302955304.0
446093.147327 4635487.421078 1302955307.0
446121.199538 4635487.541954 1302955310.0
446146.849313 4635488.236270 1302955313.0
446167.774682 4635489.743612 1302955336.0
446189.601998 4635489.800767 1302955341.0
446217.245123 4635490.702346 1302955345.0
446239.656694 4635491.199377 1302955348.0
446263.815180 4635492.238468 1302955352.0
446288.145492 4635494.053579 1302955365.0
446300.957579 4635476.191642 1302955369.0
446301.108753 4635452.207285 1302955372.0
446301.890356 4635423.776841 1302955375.0
446302.413798 4635394.126977 1302955378.0
446302.342800 4635373.697367 1302955380.0
446301.940684 4635353.381286 1302955382.0
446300.808540 4635324.299072 1302955385.0
446300.523860 4635297.542172 1302955388.0
446300.840193 4635273.445543 1302955391.0
446301.173268 4635251.569457 1302955395.0
446285.205823 4635236.256191 1302955406.0
446258.887892 4635235.122269 1302955410.0
446231.078642 4635234.332800 1302955413.0
446200.864345 4635233.783667 1302955416.0
446180.031289 4635233.607919 1302955418.0
446158.699451 4635233.324969 1302955420.0
446137.449761 4635232.930427 1302955422.0
446116.200068 4635232.535949 1302955424.0
446095.195141 4635231.584516 1302955426.0
446074.605999 4635230.741030 1302955428.0
446054.435166 4635230.338570 1302955430.0
446026.208386 4635229.219961 1302955433.0
446002.222515 4635229.179653 1302955436.0
445982.054195 4635229.110479 1302955441.0
445971.433861 4635251.397705 1302955448.0
445972.170561 4635271.933309 1302955451.0
445971.860391 4635296.696125 1302955454.0
445970.980247 4635322.906699 1302955457.0
445970.434594 4635349.447839 1302955460.0
445969.809327 4635376.433717 1302955463.0
445969.687049 4635404.081983 1302955466.0
445969.721488 4635430.507693 1302955469.0
445969.330043 4635455.493198 1302955472.0
445967.082565 4635476.495577 1302955477.0
445950.692748 4635493.052871 1302955488.0
445923.058852 4635493.373625 1302955492.0
445897.906983 4635492.676333 1302955495.0
445870.680428 4635491.994895 1302955498.0
445843.370878 4635491.314191 1302955501.0
445815.897881 4635490.967936 1302955504.0
445787.927800 4635490.736603 1302955507.0
445761.282975 4635490.162189 1302955510.0
445736.381723 4635489.685626 1302955513.0
445715.627292 4635488.844448 1302955518.0
445690.557516 4635488.036229 1302955523.0
445666.566567 4635487.219869 1302955526.0
445638.343259 4635486.435887 1302955529.0
445609.048736 4635486.659497 1302955532.0
445580.497707 4635486.433414 1302955535.0
445553.854533 4635486.081829 1302955538.0
445529.539246 4635486.267712 1302955541.0
445503.979148 4635486.463201 1302955545.0
445480.908670 4635486.639727 1302955548.0
445454.582984 4635484.398512 1302955551.0
445425.693175 4635483.287374 1302955554.0
445395.736435 4635483.739002 1302955557.0
445375.487515 4635483.894242 1302955559.0
445354.823659 4635484.052723 1302955561.0
445334.241086 4635483.988572 1302955563.0
445313.324857 4635483.704975 1302955565.0
445292.743134 4635483.751972 1302955567.0
445263.858405 4635483.307653 1302955570.0
445236.385310 4635482.963632 1302955573.0
445208.828369 4635482.509328 1302955576.0
445182.018309 4635482.049383 1302955579.0
445156.787570 4635481.910482 1302955582.0
445130.396715 4635482.002672 1302955585.0
445102.594216 4635481.994805 1302955588.0
445074.872135 4635481.653326 1302955591.0
445047.309173 4635480.422457 1302955594.0
445019.001883 4635479.530540 1302955597.0
444990.779286 4635478.860149 1302955600.0
444963.390845 4635478.738594 1302955603.0
444937.248072 4635478.718550 1302955606.0
444913.841309 4635478.344342 1302955609.0
444893.003719 4635477.506202 1302955615.0
444869.845050 4635477.019186 1302955619.0
444847.936347 4635477.188770 1302955622.0
444827.101322 4635476.683904 1302955625.0
444805.381818 4635479.850067 1302955630.0
