446302.874626 4635279.092911 1303833805.0
446304.128963 4635258.320215 1303833827.0
446290.400598 4635242.767995 1303833835.0
446263.485013 4635239.417894 1303833839.0
446236.509871 4635239.177280 1303833842.0
446206.547080 4635238.959325 1303833845.0
446184.631814 4635238.347603 1303833847.0
446162.882522 4635237.734693 1303833849.0
446134.742983 4635237.170162 1303833852.0
446114.237695 4635236.436962 1303833856.0
446088.583648 4635235.298647 1303833877.0
446065.840974 4635235.026651 1303833880.0
446037.702251 4635234.573530 1303833883.0
446016.618532 4635234.178092 1303833885.0
445994.289957 4635233.792153 1303833887.0
445971.631101 4635233.630856 1303833889.0
445949.053548 4635233.246946 1303833891.0
445926.143188 4635232.754601 1303833893.0
445903.646932 4635232.148151 1303833895.0
445882.231231 4635231.755632 1303833897.0
445856.085081 4635231.399126 1303833900.0
445834.172275 4635231.121562 1303833905.0
445810.764797 4635230.744400 1303833909.0
445786.442732 4635230.152208 1303833912.0
445758.305644 4635229.922245 1303833915.0
445737.718978 4635229.412814 1303833917.0
445716.303251 4635229.020793 1303833919.0
445695.637819 4635229.067251 1303833921.0
445675.466941 4635228.665863 1303833923.0
445646.413554 4635227.999195 1303833926.0
445621.098115 4635227.748246 1303833929.0
445596.279767 4635227.382558 1303833932.0
445573.287202 4635227.003008 1303833935.0
445551.042395 4635226.728851 1303833939.0
445525.975914 4635226.476338 1303833943.0
445502.321963 4635226.435174 1303833946.0
445474.681075 4635225.980468 1303833949.0
445453.930083 4635225.695181 1303833951.0
445431.767401 4635225.309733 1303833953.0
445408.695224 4635225.375458 1303833955.0
445385.704335 4635225.218567 1303833957.0
445362.047817 4635224.844788 1303833959.0
445337.644382 4635224.476819 1303833961.0
445312.908981 4635224.111481 1303833963.0
445288.173576 4635223.746229 1303833965.0
445263.437314 4635223.270036 1303833967.0
445238.369939 4635222.907507 1303833969.0
445213.717512 4635222.541875 1303833971.0
445189.727297 4635221.949167 1303833973.0
445166.651680 4635221.571567 1303833975.0
445144.239983 4635221.188930 1303833977.0
445122.410071 4635220.912916 1303833979.0
445100.746992 4635220.746716 1303833981.0
445078.668103 4635220.472754 1303833983.0
445056.174259 4635220.202061 1303833985.0
445033.100335 4635220.046948 1303833987.0
445010.110256 4635220.002296 1303833989.0
444987.284442 4635219.734382 1303833991.0
444964.623748 4635219.354233 1303833993.0
444941.880061 4635218.974796 1303833995.0
444918.968671 4635218.374662 1303833997.0
444896.475664 4635218.215499 1303833999.0
444874.397608 4635218.053198 1303834001.0
444852.900483 4635217.886467 1303834003.0
444832.148551 4635217.491964 1303834005.0
444803.261822 4635216.938474 1303834008.0
444779.440092 4635216.678942 1303834011.0
444758.692453 4635216.839788 1303834016.0
444737.773666 4635216.335819 1303834024.0
444717.687365 4635216.158553 1303834027.0
444682.250393 4635216.433621 1303834031.0
444661.750860 4635216.481789 1303834033.0
444640.089459 4635216.539044 1303834035.0
444617.184061 4635216.717069 1303834037.0
444593.947564 4635217.008777 1303834039.0
444571.376720 4635217.517449 1303834041.0
444549.220831 4635218.022963 1303834043.0
444528.558774 4635218.516915 1303834045.0
444504.245999 4635219.150397 1303834048.0
444485.726191 4635228.288426 1303834053.0
444484.830732 4635251.834582 1303834058.0
444484.544761 4635279.040107 1303834062.0
444484.320155 4635303.469308 1303834065.0
444484.100744 4635328.564673 1303834068.0
444483.803539 4635354.326849 1303834071.0
444483.495955 4635378.756700 1303834074.0
444483.103657 4635402.965144 1303834077.0
444482.550579 4635427.841046 1303834080.0
444482.969133 4635449.600428 1303834083.0
444480.313684 4635470.939631 1303834091.0
444459.809794 4635480.981478 1303834096.0
444439.462266 4635479.141537 1303834099.0
444416.467788 4635478.432646 1303834102.0
444393.889109 4635477.831617 1303834105.0
444373.223474 4635477.770891 1303834108.0
444346.740901 4635476.756361 1303834112.0
444320.858324 4635478.179987 1303834116.0
444298.872698 4635479.129099 1303834121.0
444277.211210 4635479.076438 1303834148.0
444250.638683 4635477.174697 1303834153.0
444225.559918 4635475.261359 1303834156.0
444195.515796 4635475.163549 1303834159.0
444175.096494 4635474.768365 1303834161.0
444146.957598 4635474.211693 1303834164.0
444124.126421 4635473.169362 1303834167.0
444102.631751 4635473.226957 1303834172.0
444090.498587 4635492.308988 1303834179.0
444088.454868 4635517.418715 1303834183.0
444088.220320 4635540.404598 1303834186.0
444087.923702 4635566.055785 1303834189.0
444087.450660 4635590.375950 1303834192.0
444087.132265 4635613.251460 1303834195.0
444085.505083 4635649.128226 1303834200.0
444085.518643 4635672.001132 1303834203.0
444084.289173 4635695.105865 1303834208.0
444087.446576 4635716.732721 1303834213.0
444108.426699 4635725.228726 1303834221.0
