445523.836730 4636042.812082 1303416244.0
445500.825549 4636039.657109 1303416271.0
445474.910863 4636036.635471 1303416275.0
445453.828607 4636036.130693 1303416278.0
445432.086752 4636036.186200 1303416291.0
445409.173803 4636035.029377 1303416295.0
445381.277729 4636033.355671 1303416298.0
445358.869460 4636033.083409 1303416300.0
445334.715178 4636032.380484 1303416302.0
445309.647246 4636031.573622 1303416304.0
445284.830809 4636031.098018 1303416306.0
445260.846738 4636030.949204 1303416308.0
445237.360550 4636030.796643 1303416310.0
445214.373954 4636030.862384 1303416312.0
445192.713344 4636030.695928 1303416314.0
445172.542118 4636029.962904 1303416316.0
445144.817901 4636029.066036 1303416319.0
445120.585724 4636029.030639 1303416322.0
445096.601632 4636028.882379 1303416325.0
445070.468593 4636029.861110 1303416328.0
445039.016206 4636029.770644 1303416331.0
445014.946557 4636029.290216 1303416333.0
444989.220714 4636029.266798 1303416335.0
444962.498237 4636029.140139 1303416337.0
444935.283022 4636029.683593 1303416339.0
444908.151648 4636030.337537 1303416341.0
444881.520742 4636031.320813 1303416343.0
444856.794108 4636031.734275 1303416345.0
444834.564646 4636033.127787 1303416347.0
444813.826269 4636034.176713 1303416349.0
444784.777745 4636033.735643 1303416352.0
444756.298027 4636031.735804 1303416355.0
444735.372154 4636030.010565 1303416357.0
444714.779056 4636028.393838 1303416359.0
444685.733945 4636028.397280 1303416362.0
444660.429883 4636029.260044 1303416365.0
444634.577018 4636023.576161 1303416368.0
444609.442449 4636014.222665 1303416371.0
444582.805508 4636003.770605 1303416374.0
444563.914288 4635996.922474 1303416376.0
444539.614531 4635988.228927 1303416379.0
444521.708708 4636001.359351 1303416384.0
444510.820087 4636020.430984 1303416390.0
444493.784876 4636038.773296 1303416394.0
444475.994806 4636024.144437 1303416401.0
444472.412537 4636001.077292 1303416404.0
444468.565721 4635976.013600 1303416406.0
444464.644555 4635952.060830 1303416408.0
444460.417408 4635931.441468 1303416410.0
444457.248231 4635908.149044 1303416413.0
444459.738315 4635886.922136 1303416417.0
444460.043154 4635862.159182 1303416421.0
444457.458297 4635839.306339 1303416425.0
444443.454596 4635820.761843 1303416429.0
444447.444446 4635800.300474 1303416432.0
444459.684368 4635784.216133 1303416434.0
444470.451296 4635760.148854 1303416439.0
444477.301583 4635734.002476 1303416443.0
444483.535636 4635713.967776 1303416445.0
444489.249319 4635691.050255 1303416447.0
444493.548830 4635667.699625 1303416449.0
444498.590916 4635643.788042 1303416451.0
444501.969860 4635619.445287 1303416453.0
444502.701921 4635596.233494 1303416455.0
444502.375060 4635575.583733 1303416457.0
444500.284719 4635552.282897 1303416460.0
444503.109625 4635531.386514 1303416463.0
444506.430742 4635510.264200 1303416472.0
444502.031457 4635488.868929 1303416479.0
444479.069819 4635481.719614 1303416483.0
444453.835558 4635481.139093 1303416486.0
444424.780402 4635480.144334 1303416489.0
444394.988747 4635480.487848 1303416492.0
444366.853375 4635480.374417 1303416495.0
444343.866697 4635480.665004 1303416499.0
444323.713743 4635482.487993 1303416519.0
444302.746550 4635486.316017 1303416542.0
444281.423981 4635487.148965 1303416550.0
444257.182086 4635486.117243 1303416554.0
444232.934968 4635484.419441 1303416556.0
444209.031960 4635484.273501 1303416558.0
444187.527759 4635483.109541 1303416560.0
444164.597651 4635490.617474 1303416564.0
444145.836110 4635500.535543 1303416584.0
444120.249888 4635497.405182 1303416589.0
444091.862112 4635496.850681 1303416592.0
444070.365768 4635496.686320 1303416594.0
444046.124734 4635495.766343 1303416596.0
444019.795048 4635493.086317 1303416598.0
443994.537194 4635489.509690 1303416600.0
443971.695557 4635487.135521 1303416602.0
443946.126672 4635486.226328 1303416605.0
443924.097401 4635481.625239 1303416617.0
443903.166245 4635490.006555 1303416622.0
443899.222350 4635516.130618 1303416626.0
443897.048316 4635545.682803 1303416629.0
443895.552975 4635566.568986 1303416631.0
443893.219911 4635586.462462 1303416633.0
443891.818073 4635608.680320 1303416635.0
443889.844965 4635632.124054 1303416637.0
443888.026473 4635654.123129 1303416639.0
443888.031048 4635675.774742 1303416641.0
443889.493597 4635703.410713 1303416644.0
443898.687615 4635722.214093 1303416648.0
443919.944826 4635723.712217 1303416652.0
443944.325740 4635721.410662 1303416655.0
443966.563038 4635720.902598 1303416658.0
443984.986490 4635731.416968 1303416683.0
443992.609626 4635751.010057 1303416689.0
444011.223366 4635764.631951 1303416697.0
444031.710009 4635763.138542 1303416701.0
444052.503307 4635758.422796 1303416715.0
444084.337041 4635754.064572 1303416718.0
444109.040249 4635750.539675 1303416720.0
444132.926697 4635748.686780 1303416722.0
444155.909032 4635747.951395 1303416724.0
444176.579117 4635748.677646 1303416726.0
444203.628561 4635748.021576 1303416729.0
444225.443903 4635746.629352 1303416733.0
444246.017961 4635745.691047 1303416753.0
444269.613343 4635749.059488 1303416757.0
444293.421186 4635747.762918 1303416759.0
444318.727963 4635747.120914 1303416761.0
444344.109052 4635745.368079 1303416763.0
444369.822090 4635743.612743 1303416765.0
444394.045753 4635742.424295 1303416767.0
444418.021335 4635741.348901 1303416769.0
444441.240536 4635739.058113 1303416771.0
444467.352957 4635735.301403 1303416774.0
444487.412802 4635742.917418 1303416779.0
444488.323196 4635763.895740 1303416782.0
444486.638670 4635792.666662 1303416785.0
444486.640570 4635814.207235 1303416787.0
444487.047871 4635834.523276 1303416789.0
444487.982490 4635858.610362 1303416792.0
444486.737052 4635879.827557 1303416797.0
444487.857537 4635906.466978 1303416801.0
444487.516264 4635926.566788 1303416803.0
444486.773064 4635948.335241 1303416805.0
444485.029762 4635969.556319 1303416807.0
444482.350407 4635998.446041 1303416810.0
444492.128546 4636017.911813 1303416817.0
444508.762917 4636033.326954 1303416822.0
444531.323393 4636031.818813 1303416826.0
444553.530337 4636038.196908 1303416830.0
444572.482806 4636052.927946 1303416837.0
444593.336907 4636056.096706 1303416840.0
444616.333811 4636057.361287 1303416843.0
444644.383040 4636057.365299 1303416846.0
444667.197577 4636056.521817 1303416848.0
444693.822339 4636054.760547 1303416850.0
444721.777389 4636053.322155 1303416852.0
444750.395435 4636051.767696 1303416854.0
444779.263294 4636050.322449 1303416856.0
444810.282643 4636048.083410 1303416858.0
444842.287462 4636044.504468 1303416860.0
444879.508081 4636039.330829 1303416862.0
444901.968437 4636035.603959 1303416863.0
444924.757304 4636031.430485 1303416864.0
444960.981413 4636026.153946 1303416866.0
444993.650244 4636022.570556 1303416868.0
445023.597009 4636021.117969 1303416870.0
445055.117856 4636019.320265 1303416872.0
445084.906385 4636018.868462 1303416874.0
445114.864300 4636018.859614 1303416876.0
445145.319245 4636018.736030 1303416878.0
445175.940151 4636018.611299 1303416880.0
445207.312156 4636019.036090 1303416882.0
445239.428426 4636019.122196 1303416884.0
445269.967196 4636019.109534 1303416886.0
445300.423837 4636019.208668 1303416888.0
445330.626417 4636018.643679 1303416890.0
445360.331965 4636018.193665 1303416892.0
445388.216186 4636018.312909 1303416894.0
445414.521209 4636018.111263 1303416896.0
445437.754229 4636017.711180 1303416898.0
445462.636671 4636015.966137 1303416901.0
