444683.678639 4635453.812843 1301840173.0
444707.636002 4635460.955086 1301840197.0
444733.215169 4635463.199338 1301840200.0
444753.808170 4635464.594078 1301840202.0
444776.305574 4635465.418946 1301840204.0
444798.145954 4635467.137246 1301840206.0
444818.982730 4635467.864082 1301840208.0
444847.698167 4635467.863775 1301840211.0
444868.270504 4635466.594194 1301840214.0
444890.125455 4635470.200238 1301840221.0
444910.881797 4635471.261066 1301840224.0
444939.354258 4635472.040244 1301840227.0
444961.014869 4635471.983891 1301840229.0
444983.173405 4635471.923759 1301840231.0
445004.833157 4635471.756512 1301840233.0
445026.075401 4635471.259452 1301840235.0
445052.465446 4635471.055848 1301840238.0
445072.884666 4635471.453546 1301840243.0
445096.985284 4635475.709109 1301840258.0
445119.835928 4635479.308180 1301840261.0
445149.407674 4635482.744537 1301840264.0
445172.233485 4635483.123989 1301840266.0
445195.970445 4635483.274437 1301840268.0
445220.037645 4635483.200357 1301840270.0
445243.857589 4635483.350327 1301840272.0
445267.928199 4635483.720518 1301840274.0
445292.077529 4635483.535016 1301840276.0
445315.729787 4635483.464446 1301840278.0
445339.384600 4635483.727037 1301840280.0
445363.036854 4635483.656624 1301840282.0
445385.945627 4635484.036124 1301840284.0
445408.604583 4635484.306579 1301840286.0
445430.843496 4635483.914121 1301840288.0
445451.923987 4635483.974738 1301840290.0
445477.566233 4635483.667400 1301840293.0
445497.915127 4635485.732358 1301840297.0
445502.879582 4635505.458363 1301840303.0
445499.904452 4635528.798188 1301840306.0
445497.557820 4635558.351089 1301840309.0
445496.731031 4635580.453111 1301840311.0
445496.239591 4635602.996701 1301840313.0
445495.996263 4635625.427361 1301840315.0
445495.913813 4635647.190589 1301840317.0
445495.412190 4635668.401856 1301840319.0
445494.822491 4635688.947596 1301840321.0
445494.317480 4635709.714756 1301840323.0
445493.977592 4635730.369620 1301840325.0
445495.277277 4635759.228431 1301840328.0
445497.360068 4635781.974398 1301840331.0
445494.776224 4635802.202300 1301840338.0
445495.050364 4635827.182782 1301840342.0
445496.064556 4635851.269333 1301840345.0
445498.197448 4635880.565908 1301840348.0
445500.184478 4635901.647107 1301840350.0
445500.846330 4635923.071548 1301840352.0
445500.261751 4635944.283459 1301840354.0
445499.925273 4635965.382439 1301840356.0
445499.147831 4635993.924053 1301840359.0
445504.706423 4636015.422063 1301840363.0
445526.074192 4636020.699259 1301840367.0
445550.628111 4636019.401172 1301840370.0
445579.498753 4636018.292252 1301840373.0
445600.243186 4636018.022748 1301840375.0
445621.738688 4636018.302737 1301840377.0
445643.402692 4636018.914607 1301840379.0
445665.399462 4636019.635038 1301840381.0
445687.973708 4636019.906998 1301840383.0
445710.718145 4636020.732901 1301840385.0
445733.794499 4636021.556347 1301840387.0
445757.115562 4636021.822837 1301840389.0
445780.102162 4636021.758847 1301840391.0
445803.083692 4636021.028769 1301840393.0
445826.068604 4636020.742874 1301840395.0
445848.724968 4636020.903685 1301840397.0
445870.715794 4636020.847559 1301840399.0
445891.385670 4636021.689805 1301840401.0
445911.637262 4636022.091153 1301840403.0
445932.131895 4636021.713478 1301840405.0
445953.546060 4636022.217153 1301840407.0
445975.628280 4636023.270993 1301840409.0
445997.545372 4636024.437187 1301840411.0
446018.711419 4636025.053973 1301840413.0
446039.299959 4636026.119331 1301840415.0
446068.685316 4636027.229167 1301840418.0
446092.589716 4636027.825438 1301840421.0
446113.911623 4636027.108924 1301840435.0
446140.136965 4636027.354694 1301840440.0
446162.725410 4636029.515621 1301840443.0
446188.539190 4636030.208815 1301840446.0
446214.665603 4636028.345970 1301840449.0
446239.196115 4636023.941495 1301840452.0
446260.413279 4636020.339339 1301840455.0
446280.629666 4636016.078593 1301840462.0
446292.185160 4635996.782651 1301840480.0
446292.586032 4635972.907424 1301840483.0
446292.434500 4635952.811503 1301840485.0
446291.521061 4635930.722724 1301840487.0
446291.178447 4635907.297240 1301840489.0
446291.746130 4635883.531792 1301840491.0
446291.990259 4635860.879120 1301840493.0
446295.541161 4635836.536013 1301840495.0
446299.927783 4635812.963844 1301840497.0
446306.151794 4635790.932296 1301840499.0
446312.142793 4635771.012147 1301840502.0
