445930.446226 4636040.157854 1304079016.0
445904.800932 4636039.797417 1304079019.0
445881.562079 4636039.418787 1304079021.0
445855.086969 4636039.064834 1304079023.0
445828.362068 4636038.601846 1304079025.0
445801.054605 4636037.921323 1304079027.0
445773.001998 4636037.468646 1304079029.0
445744.785116 4636037.239398 1304079031.0
445716.985672 4636037.340181 1304079033.0
445689.350496 4636037.217753 1304079035.0
445661.794910 4636036.650690 1304079037.0
445634.408670 4636036.526575 1304079039.0
445607.355198 4636036.511059 1304079041.0
445581.877514 4636036.372571 1304079043.0
445560.133120 4636036.094605 1304079045.0
445537.060179 4636035.715830 1304079048.0
445516.400476 4636036.206939 1304079069.0
445495.071829 4636036.037025 1304079073.0
445470.835448 4636035.445300 1304079076.0
445444.443257 4636035.092238 1304079079.0
445421.951167 4636034.709387 1304079081.0
445397.302420 4636034.454174 1304079083.0
445372.318339 4636033.757483 1304079085.0
445346.506998 4636033.400328 1304079087.0
445319.117309 4636032.833317 1304079089.0
445289.819051 4636032.281071 1304079091.0
445260.272697 4636031.841886 1304079093.0
445231.059115 4636031.511299 1304079095.0
445203.340895 4636031.391394 1304079097.0
445178.444881 4636031.360908 1304079099.0
445156.535327 4636031.196478 1304079101.0
445130.476720 4636031.064078 1304079104.0
445108.232671 4636030.569272 1304079108.0
445085.656693 4636030.077094 1304079130.0
445062.419431 4636029.923191 1304079134.0
445039.342989 4636029.101919 1304079137.0
445008.215662 4636028.120809 1304079140.0
444983.057817 4636026.427519 1304079142.0
444957.326812 4636025.738052 1304079144.0
444930.446942 4636026.723069 1304079146.0
444901.409569 4636027.724877 1304079148.0
444870.297675 4636028.742860 1304079150.0
444839.847057 4636029.422756 1304079152.0
444810.558177 4636030.093781 1304079154.0
444783.421644 4636030.082037 1304079156.0
444758.855801 4636029.828389 1304079158.0
444734.038426 4636029.243676 1304079160.0
444711.132197 4636028.977316 1304079162.0
444690.300492 4636028.694919 1304079164.0
444669.626122 4636027.301021 1304079166.0
444646.884117 4636026.811523 1304079168.0
444621.235178 4636026.011598 1304079170.0
444593.017271 4636025.675884 1304079172.0
444564.383589 4636025.232485 1304079174.0
444537.420765 4636026.219631 1304079176.0
444513.786705 4636028.402320 1304079178.0
444488.307172 4636028.045689 1304079181.0
444468.972448 4636017.537144 1304079185.0
444457.106720 4635996.422171 1304079189.0
444441.978654 4635972.001645 1304079192.0
444433.635094 4635944.974435 1304079195.0
444437.285979 4635923.627427 1304079198.0
444450.462570 4635899.985446 1304079203.0
444465.562572 4635878.216073 1304079205.0
444477.944995 4635859.132733 1304079207.0
444491.009522 4635842.375813 1304079209.0
444497.526998 4635816.121010 1304079212.0
444499.113935 4635796.122533 1304079214.0
444499.109478 4635774.248879 1304079217.0
444497.909503 4635748.054218 1304079222.0
444498.191135 4635720.293537 1304079225.0
444499.017396 4635698.524448 1304079227.0
444499.739918 4635674.091353 1304079229.0
444500.293015 4635649.215443 1304079231.0
444500.923049 4635623.561698 1304079233.0
444500.715443 4635596.915174 1304079235.0
444499.509405 4635569.943329 1304079237.0
444498.077757 4635545.971159 1304079239.0
444496.206944 4635518.893462 1304079242.0
444496.377126 4635498.128796 1304079246.0
444485.363890 4635480.005053 1304079260.0
444460.934398 4635476.198252 1304079263.0
444430.378517 4635474.326899 1304079266.0
444405.968901 4635473.073911 1304079268.0
444380.070698 4635472.498832 1304079270.0
444357.245634 4635472.232944 1304079272.0
444330.437161 4635471.998258 1304079275.0
444307.615562 4635472.176638 1304079279.0
444285.962737 4635473.234222 1304079285.0
444263.888030 4635473.406901 1304079288.0
444243.809370 4635474.119195 1304079290.0
444219.909806 4635474.417327 1304079292.0
444193.594034 4635473.513094 1304079294.0
444168.447042 4635473.488069 1304079296.0
444146.706024 4635473.880564 1304079298.0
444120.989438 4635475.303614 1304079301.0
444100.325522 4635475.465734 1304079316.0
444071.997108 4635471.912927 1304079320.0
444050.744418 4635471.080506 1304079322.0
444026.918232 4635470.157335 1304079324.0
444003.510468 4635469.675091 1304079326.0
443979.689507 4635469.418241 1304079328.0
443955.955025 4635469.604926 1304079330.0
443933.556210 4635470.780485 1304079332.0
443906.594827 4635472.214107 1304079335.0
443885.706420 4635475.487570 1304079339.0
443882.151276 4635498.277559 1304079343.0
443883.534379 4635526.358284 1304079346.0
443883.716300 4635549.451939 1304079348.0
443883.434519 4635587.427814 1304079351.0
443883.137770 4635612.967992 1304079353.0
443882.913516 4635637.175191 1304079355.0
443882.997592 4635658.382040 1304079357.0
443883.682682 4635682.137941 1304079360.0
443883.438317 4635703.791516 1304079368.0
443889.416060 4635725.174008 1304079374.0
443909.929026 4635727.011066 1304079377.0
443937.221382 4635725.574834 1304079380.0
443960.787296 4635725.167329 1304079383.0
443981.707305 4635726.002085 1304079405.0
444009.688861 4635727.780699 1304079409.0
444038.657495 4635728.441327 1304079412.0
444063.968693 4635728.353555 1304079415.0
444088.041220 4635729.052833 1304079421.0
444116.951241 4635732.823192 1304079425.0
444138.701917 4635733.762926 1304079427.0
444163.853214 4635734.454000 1304079429.0
444190.331388 4635735.023732 1304079431.0
444217.051554 4635734.703396 1304079433.0
444242.450051 4635735.170743 1304079435.0
444267.266783 4635735.531699 1304079437.0
444293.157099 4635735.218141 1304079439.0
444320.213540 4635735.450732 1304079441.0
444346.273295 4635735.580178 1304079443.0
444370.090730 4635735.505164 1304079445.0
444392.332325 4635735.553565 1304079447.0
444412.839040 4635736.614880 1304079449.0
444439.153799 4635737.519914 1304079452.0
444459.810020 4635736.470552 1304079455.0
444480.906265 4635738.637805 1304079462.0
444484.398709 4635760.817375 1304079466.0
444484.863126 4635788.461210 1304079469.0
444485.936032 4635808.994130 1304079471.0
444486.017458 4635830.089948 1304079473.0
444486.094558 4635850.630631 1304079475.0
444486.688594 4635873.610032 1304079481.0
444488.686412 4635895.690222 1304079485.0
444488.830136 4635924.780004 1304079488.0
444488.672999 4635947.210093 1304079490.0
444487.635946 4635973.866332 1304079493.0
444480.663083 4635994.906105 1304079497.0
444497.777251 4636007.985768 1304079511.0
444522.433960 4636009.237115 1304079514.0
444553.068771 4636010.886142 1304079517.0
444575.897276 4636011.818804 1304079519.0
444604.203402 4636012.819968 1304079522.0
444624.629750 4636014.326639 1304079525.0
444644.412084 4636018.392155 1304079535.0
444667.870581 4636025.649150 1304079541.0
444690.946236 4636026.358191 1304079544.0
444718.748361 4636026.586486 1304079547.0
444739.576624 4636026.424857 1304079549.0
444760.736811 4636026.260715 1304079551.0
444790.113850 4636026.255006 1304079554.0
444818.986119 4636025.365057 1304079557.0
444839.060673 4636024.321287 1304079559.0
444859.882922 4636023.382820 1304079561.0
444882.447780 4636022.430927 1304079563.0
444906.505444 4636021.356526 1304079565.0
444929.569057 4636020.511959 1304079567.0
444950.393899 4636019.906838 1304079569.0
444978.105324 4636019.137541 1304079572.0
445002.420525 4636019.171813 1304079575.0
445024.580785 4636019.555902 1304079579.0
445046.242298 4636019.832874 1304079593.0
445071.802210 4636019.857779 1304079596.0
445101.347783 4636020.185156 1304079599.0
445121.930531 4636020.470673 1304079601.0
445143.011164 4636020.752415 1304079603.0
445164.671808 4636020.918720 1304079605.0
445187.411204 4636021.076789 1304079607.0
445210.479960 4636020.899296 1304079609.0
445234.048310 4636020.940103 1304079611.0
445257.535384 4636021.203681 1304079613.0
445282.597390 4636021.233169 1304079615.0
445310.979492 4636021.348285 1304079617.0
445340.939085 4636021.562442 1304079619.0
445369.571827 4636021.897936 1304079621.0
