445924.987193 4636042.531003 1302107663.0
445900.501952 4636041.939708 1302107682.0
445872.367237 4636041.598297 1302107685.0
445849.956506 4636040.991409 1302107687.0
445825.553386 4636040.288713 1302107689.0
445799.825100 4636039.929285 1302107691.0
445773.184021 4636039.576900 1302107693.0
445745.959534 4636038.895957 1302107695.0
445718.652905 4636038.326778 1302107697.0
445690.600289 4636037.874425 1302107699.0
445662.049782 4636037.425981 1302107701.0
445633.001385 4636036.981452 1302107703.0
445603.951285 4636036.314987 1302107705.0
445575.150969 4636035.757765 1302107707.0
445546.516609 4636035.199391 1302107709.0
445518.962693 4636034.854935 1302107711.0
445492.650938 4636034.167978 1302107713.0
445467.168135 4636033.363737 1302107715.0
445440.530396 4636033.456705 1302107717.0
445413.227956 4636033.443832 1302107719.0
445384.761227 4636033.106891 1302107721.0
445355.382555 4636032.888093 1302107723.0
445325.587269 4636032.450547 1302107725.0
445295.462612 4636032.348757 1302107727.0
445265.005174 4636032.138618 1302107729.0
445233.966011 4636031.822048 1302107731.0
445204.088578 4636031.496676 1302107733.0
445176.036722 4636031.157376 1302107735.0
445151.553901 4636030.901736 1302107737.0
445131.220128 4636030.614215 1302107739.0
445109.724618 4636030.335706 1302107742.0
445088.474624 4636029.611233 1302107747.0
445064.567519 4636028.685250 1302107750.0
445044.063486 4636027.844122 1302107752.0
445020.411309 4636027.693557 1302107754.0
444994.347533 4636026.895491 1302107756.0
444966.128815 4636026.447272 1302107758.0
444936.837345 4636026.784696 1302107760.0
444907.381631 4636027.345578 1302107762.0
444878.595783 4636028.678635 1302107764.0
444850.802279 4636029.559990 1302107766.0
444823.752168 4636029.991558 1302107768.0
444797.446307 4636030.084359 1302107770.0
444773.045566 4636029.718349 1302107772.0
444751.300216 4636029.331824 1302107774.0
444728.143322 4636028.845285 1302107777.0
444705.646825 4636027.909559 1302107805.0
444682.651572 4636026.866744 1302107809.0
444661.895076 4636025.584540 1302107812.0
444636.998144 4636025.444919 1302107815.0
444616.336701 4636025.716584 1302107817.0
444593.026772 4636026.897184 1302107819.0
444570.557029 4636029.403729 1302107821.0
444549.152225 4636030.125511 1302107823.0
444521.530760 4636031.784049 1302107826.0
444500.890097 4636034.720704 1302107851.0
444479.900114 4636024.780198 1302107866.0
444477.751911 4636004.699790 1302107869.0
444476.455911 4635976.840360 1302107872.0
444475.217893 4635956.419757 1302107874.0
444474.809691 4635935.992686 1302107876.0
444475.774973 4635910.780447 1302107879.0
444476.672861 4635887.567346 1302107884.0
444477.564698 4635863.577056 1302107888.0
444478.083069 4635834.260047 1302107891.0
444478.250570 4635813.162289 1302107893.0
444477.258030 4635792.295641 1302107895.0
444477.954496 4635764.531723 1302107898.0
444479.451486 4635743.645672 1302107902.0
444480.996856 4635718.317887 1302107915.0
444481.414198 4635697.329219 1302107932.0
444482.716691 4635672.780567 1302107936.0
444483.573116 4635644.238171 1302107939.0
444484.233376 4635622.470375 1302107941.0
444485.230777 4635601.366157 1302107943.0
444485.647282 4635580.266466 1302107945.0
444484.984964 4635559.175183 1302107947.0
444484.745366 4635539.079912 1302107949.0
444484.793589 4635513.319669 1302107952.0
444485.529940 4635490.663014 1302107956.0
444473.596879 4635471.658186 1302107966.0
444445.537539 4635470.655579 1302107970.0
444417.401266 4635470.430920 1302107973.0
444389.266723 4635470.428427 1302107976.0
444362.383063 4635471.193513 1302107979.0
444338.397901 4635471.158814 1302107982.0
444314.923681 4635472.785711 1302107986.0
444294.779393 4635475.719054 1302107992.0
444274.222789 4635478.988781 1302108006.0
444250.310209 4635477.621403 1302108009.0
444224.980743 4635475.487962 1302108011.0
444198.745355 4635474.249978 1302108013.0
444172.925764 4635473.119867 1302108016.0
444149.019232 4635472.530019 1302108036.0
444122.802103 4635473.623886 1302108040.0
444100.136895 4635472.580330 1302108060.0
444079.296536 4635471.411487 1302108063.0
444050.410724 4635470.861059 1302108066.0
444029.409608 4635470.359828 1302108068.0
444008.325500 4635469.859312 1302108070.0
443986.744335 4635469.473800 1302108072.0
443965.578105 4635469.085089 1302108074.0
443936.944724 4635468.977272 1302108077.0
443916.537614 4635470.137210 1302108080.0
443896.369854 4635470.073946 1302108086.0
