445970.836299 4635205.434385 1303505784.0
445959.276119 4635224.175686 1303505794.0
445930.411493 4635226.504331 1303505798.0
445909.662229 4635226.439771 1303505800.0
445887.088863 4635226.611193 1303505802.0
445863.268955 4635226.570092 1303505804.0
445838.452318 4635226.425615 1303505806.0
445814.051474 4635226.389095 1303505808.0
445790.399231 4635226.569029 1303505810.0
445767.325385 4635226.411539 1303505812.0
445744.834160 4635226.471753 1303505814.0
445722.008435 4635226.201486 1303505816.0
445698.271506 4635226.160304 1303505818.0
445673.952796 4635226.012604 1303505820.0
445649.468103 4635225.866254 1303505822.0
445625.560950 4635225.271445 1303505824.0
445602.987573 4635225.443768 1303505826.0
445582.736229 4635225.376358 1303505828.0
445559.992627 4635224.994949 1303505831.0
445538.161916 4635224.606633 1303505840.0
445515.086345 4635224.227905 1303505844.0
445498.442050 4635240.010952 1303505849.0
445498.623817 4635263.770750 1303505853.0
445499.217984 4635287.194292 1303505856.0
445499.391257 4635309.843820 1303505859.0
445499.383264 4635330.496131 1303505862.0
445499.707228 4635351.145903 1303505865.0
445499.823846 4635377.237908 1303505869.0
445500.169044 4635400.663360 1303505874.0
445501.167105 4635422.640380 1303505880.0
445500.407977 4635442.743273 1303505885.0
445499.833518 4635465.287493 1303505889.0
445500.587710 4635487.932583 1303505892.0
445499.798273 4635514.919795 1303505895.0
445499.030081 4635544.682687 1303505898.0
445498.685913 4635564.782410 1303505900.0
445498.511118 4635585.324971 1303505902.0
445498.419312 4635605.866899 1303505904.0
445498.325809 4635626.186773 1303505906.0
445498.232308 4635646.506647 1303505908.0
445498.056674 4635666.938184 1303505910.0
445498.130846 4635687.478845 1303505912.0
445497.706261 4635707.912288 1303505914.0
445497.351342 4635737.449960 1303505917.0
445498.373176 4635762.535752 1303505920.0
445499.701456 4635784.288191 1303505925.0
445500.939101 4635805.042020 1303505931.0
445501.774565 4635827.464432 1303505934.0
445502.960646 4635852.326904 1303505937.0
445504.482050 4635877.630947 1303505940.0
445506.174507 4635903.599884 1303505943.0
445506.889856 4635932.019039 1303505946.0
445506.279191 4635960.670408 1303505949.0
445505.471142 4635985.215041 1303505952.0
445505.984853 4636008.972326 1303505956.0
445525.559322 4636018.482523 1303505962.0
445551.861794 4636017.948302 1303505966.0
445579.333639 4636018.404548 1303505969.0
445609.209387 4636018.509440 1303505972.0
445629.543151 4636018.798325 1303505974.0
445650.374800 4636019.083469 1303505976.0
445671.542605 4636019.921278 1303505978.0
445693.455540 4636020.531401 1303505980.0
445715.364239 4636020.586455 1303505982.0
445737.358456 4636020.974026 1303505984.0
445759.352669 4636021.361665 1303505986.0
445780.519603 4636022.088771 1303505988.0
445810.232735 4636022.639878 1303505991.0
445837.621547 4636023.097751 1303505994.0
445861.852855 4636023.024560 1303505997.0
445883.841143 4636022.635393 1303506002.0
445905.014801 4636024.251086 1303506021.0
445925.517013 4636024.872637 1303506024.0
445951.828734 4636025.561193 1303506027.0
445980.129465 4636025.901659 1303506030.0
446009.014425 4636026.681944 1303506033.0
446037.230482 4636026.801212 1303506036.0
446062.626023 4636027.052984 1303506039.0
446088.112947 4636028.414490 1303506042.0
446117.245140 4636028.971275 1303506045.0
446138.160536 4636029.368244 1303506047.0
446159.658473 4636029.982939 1303506049.0
446181.735593 4636030.371254 1303506051.0
446202.645108 4636029.991222 1303506053.0
446232.160333 4636026.326309 1303506056.0
446258.101539 4636021.911251 1303506059.0
446280.393284 4636017.745879 1303506063.0
446299.735512 4636007.607005 1303506077.0
446298.548878 4635982.300312 1303506082.0
446298.943076 4635957.536869 1303506085.0
446299.468923 4635928.220061 1303506088.0
446299.898289 4635908.119761 1303506090.0
446300.191942 4635881.025376 1303506093.0
446300.556864 4635852.375986 1303506096.0
446301.858882 4635826.939503 1303506099.0
446302.869152 4635806.834828 1303506103.0
446305.602001 4635784.052366 1303506128.0
446305.556224 4635755.961244 1303506132.0
446305.496221 4635725.982662 1303506135.0
446305.830092 4635704.217588 1303506137.0
446305.910826 4635681.899255 1303506139.0
446305.905231 4635659.137440 1303506141.0
446306.398387 4635636.482900 1303506143.0
446306.645938 4635614.274347 1303506145.0
446306.569917 4635593.178567 1303506147.0
446306.931560 4635564.085082 1303506150.0
446305.653561 4635537.668759 1303506153.0
446305.450201 4635510.689170 1303506156.0
446305.630676 4635490.590761 1303506158.0
446306.048400 4635468.936097 1303506160.0
446306.539911 4635446.059510 1303506162.0
446306.777442 4635422.518637 1303506164.0
446306.931988 4635398.978391 1303506166.0
446307.006895 4635375.882880 1303506168.0
446307.499260 4635353.117323 1303506170.0
446307.502062 4635331.465791 1303506172.0
446307.449639 4635302.486473 1303506175.0
446307.525394 4635279.501992 1303506178.0
