446312.148228 4635738.701369 1302179819.0
446312.230099 4635760.574344 1302179823.0
446312.342934 4635786.555324 1302179826.0
446312.411419 4635806.651866 1302179828.0
446312.656750 4635828.190510 1302179830.0
446312.662337 4635850.952331 1302179832.0
446312.333484 4635873.383573 1302179834.0
446311.575496 4635893.930480 1302179836.0
446310.151146 4635914.149312 1302179838.0
446308.565862 4635935.035558 1302179840.0
446307.019089 4635961.029056 1302179843.0
446303.107836 4635981.599740 1302179846.0
446301.279509 4636003.265057 1302179849.0
446290.411292 4636025.664741 1302179853.0
446266.969560 4636031.393227 1302179856.0
446246.002207 4636035.104512 1302179858.0
446221.958716 4636038.061850 1302179860.0
446196.916120 4636040.582683 1302179862.0
446171.775455 4636041.105742 1302179864.0
446146.216531 4636041.187918 1302179866.0
446120.240182 4636040.940242 1302179868.0
446093.019958 4636040.813109 1302179870.0
446064.471197 4636040.585107 1302179872.0
446036.255197 4636040.465732 1302179874.0
446011.200882 4636041.432837 1302179876.0
445989.706327 4636041.262700 1302179878.0
445968.135527 4636041.981475 1302179881.0
445944.916068 4636044.156265 1302179888.0
445922.436705 4636045.437242 1302179911.0
445897.956534 4636045.512118 1302179914.0
445868.910732 4636045.399709 1302179917.0
445847.418711 4636045.563083 1302179919.0
445824.261162 4636044.961955 1302179921.0
445800.025702 4636044.480138 1302179923.0
445776.205987 4636044.106272 1302179925.0
445751.803712 4636043.514856 1302179927.0
445726.736738 4636042.817554 1302179929.0
445701.590162 4636042.565082 1302179931.0
445676.778048 4636042.643249 1302179933.0
445652.216569 4636042.941657 1302179935.0
445628.565337 4636042.900100 1302179937.0
445605.992006 4636042.739356 1302179939.0
445585.245100 4636042.675763 1302179941.0
445559.267854 4636042.319106 1302179944.0
445535.948537 4636042.275320 1302179948.0
445513.044123 4636042.228436 1302179977.0
445490.553763 4636042.067422 1302179982.0
445465.236100 4636041.150892 1302179985.0
445434.608502 4636040.386162 1302179988.0
445410.790436 4636040.235572 1302179990.0
445383.568447 4636039.889096 1302179992.0
445355.020463 4636039.774965 1302179994.0
445325.390316 4636039.225119 1302179996.0
445296.009957 4636038.784512 1302179998.0
445266.630445 4636038.455054 1302180000.0
445238.579478 4636038.226536 1302180002.0
445211.440443 4636037.880079 1302180004.0
445185.960168 4636037.409926 1302180006.0
445162.971881 4636037.253779 1302180008.0
445135.000458 4636036.580920 1302180011.0
445111.093385 4636035.654781 1302180015.0
445088.848491 4636035.049009 1302180028.0
445061.546034 4636035.037484 1302180032.0
445037.230034 4636034.891984 1302180035.0
445011.417802 4636034.425017 1302180038.0
444984.111907 4636033.969680 1302180041.0
444954.072781 4636034.201774 1302180044.0
444933.247981 4636034.806885 1302180046.0
444911.428271 4636035.530786 1302180048.0
444889.193658 4636036.257964 1302180050.0
444866.126661 4636036.658553 1302180052.0
444840.073209 4636037.193378 1302180054.0
444812.443120 4636037.740516 1302180056.0
444770.949184 4636037.618013 1302180059.0
444744.639903 4636037.266900 1302180061.0
444720.070633 4636036.569277 1302180063.0
444698.158475 4636036.073176 1302180065.0
444673.999787 4636034.817354 1302180068.0
444650.587918 4636033.555811 1302180072.0
444626.003947 4636030.971049 1302180075.0
444597.352155 4636028.195945 1302180078.0
444567.122832 4636025.322199 1302180081.0
444547.031018 4636024.146191 1302180083.0
444523.111685 4636021.667642 1302180086.0
444497.038283 4636019.650096 1302180090.0
444476.760678 4636026.581215 1302180102.0
444473.860441 4636005.840466 1302180114.0
444470.478629 4635976.553856 1302180117.0
444468.618170 4635950.808475 1302180119.0
444468.397438 4635922.496529 1302180122.0
444468.973755 4635900.618342 1302180126.0
444467.218767 4635877.759025 1302180130.0
444468.652505 4635848.767980 1302180133.0
444469.560769 4635826.887207 1302180135.0
444469.646128 4635805.901122 1302180137.0
444470.588052 4635777.691153 1302180140.0
444470.663897 4635755.483770 1302180144.0
444469.635844 4635730.065010 1302180152.0
444470.334024 4635702.523148 1302180155.0
444471.071160 4635679.977511 1302180157.0
444471.954367 4635654.876956 1302180159.0
444472.494388 4635628.335637 1302180161.0
444472.866713 4635601.573558 1302180163.0
444472.829303 4635575.480877 1302180165.0
444473.383189 4635550.715996 1302180167.0
444473.967369 4635529.837066 1302180169.0
444475.033901 4635506.955767 1302180172.0
