446300.730285 4635280.885608 1303228829.0
446300.989574 4635260.231445 1303228850.0
446290.050223 4635240.327902 1303228860.0
446265.472588 4635238.847736 1303228864.0
446238.073278 4635237.388947 1303228867.0
446208.852361 4635236.499184 1303228870.0
446180.214883 4635235.938234 1303228873.0
446156.307839 4635235.341645 1303228876.0
446135.132751 4635233.836213 1303228892.0
446109.065428 4635232.923016 1303228898.0
446085.409855 4635232.657863 1303228901.0
446061.502787 4635232.061592 1303228904.0
446036.103571 4635231.698770 1303228907.0
446008.294268 4635230.910170 1303228910.0
445978.660855 4635230.357577 1303228913.0
445958.574685 4635230.176813 1303228915.0
445928.529681 4635230.071684 1303228918.0
445899.394194 4635229.515641 1303228921.0
445871.167376 4635228.397646 1303228924.0
445841.367952 4635227.846885 1303228927.0
445821.281765 4635227.666508 1303228929.0
445791.564475 4635227.004297 1303228932.0
445762.510256 4635226.226128 1303228935.0
445734.201249 4635225.220334 1303228938.0
445705.560271 4635224.217182 1303228941.0
445675.844642 4635223.777508 1303228944.0
445646.210303 4635223.115270 1303228947.0
445618.484735 4635222.438584 1303228950.0
445591.755893 4635221.865428 1303228953.0
445568.843755 4635221.152177 1303228956.0
445546.520182 4635221.433803 1303228961.0
445520.869353 4635220.741640 1303228983.0
445499.453576 4635220.350270 1303228986.0
445472.891540 4635219.887317 1303228989.0
445452.804453 4635219.596951 1303228991.0
445431.473358 4635219.427205 1303228993.0
445409.475784 4635218.929528 1303228995.0
445386.815985 4635218.659063 1303228997.0
445363.574398 4635218.282097 1303228999.0
445340.249816 4635217.905845 1303229001.0
445317.088656 4635217.195313 1303229003.0
445293.515094 4635216.821124 1303229005.0
445269.528282 4635216.672256 1303229007.0
445246.121548 4635216.407976 1303229009.0
445223.377881 4635216.027641 1303229011.0
445201.464970 4635215.752022 1303229013.0
445172.497862 4635215.530755 1303229016.0
445149.424786 4635215.486293 1303229019.0
445128.091090 4635214.984373 1303229024.0
445104.763906 4635214.275809 1303229051.0
445080.273136 4635213.354225 1303229054.0
445050.804637 4635212.693183 1303229057.0
445027.977946 4635212.314112 1303229059.0
445004.074089 4635212.165496 1303229061.0
444980.335353 4635211.904652 1303229063.0
444956.844727 4635211.530936 1303229065.0
444933.436231 4635211.045628 1303229067.0
444910.029446 4635210.782452 1303229069.0
444887.040189 4635210.849224 1303229071.0
444864.876541 4635210.354513 1303229073.0
444843.461523 4635210.076141 1303229075.0
444822.793418 4635209.792049 1303229077.0
444793.659405 4635209.462581 1303229080.0
444769.590399 4635209.427065 1303229083.0
444747.343741 4635208.933362 1303229087.0
444725.183515 4635208.883193 1303229115.0
444700.872425 4635209.738058 1303229119.0
444676.060809 4635210.263791 1303229122.0
444646.761662 4635210.047239 1303229125.0
444625.351801 4635210.435686 1303229127.0
444604.273904 4635210.821616 1303229129.0
444575.812432 4635211.598147 1303229132.0
444552.994328 4635212.330868 1303229135.0
444527.520526 4635213.084341 1303229139.0
444503.290723 4635213.717180 1303229143.0
444486.320102 4635229.949306 1303229148.0
444485.952862 4635257.377531 1303229152.0
444485.672079 4635285.249219 1303229155.0
444485.565067 4635314.118859 1303229158.0
444485.289484 4635342.656712 1303229161.0
444485.176423 4635370.749165 1303229164.0
444484.644098 4635398.289716 1303229167.0
444484.352956 4635424.829085 1303229170.0
444483.932109 4635445.373635 1303229173.0
444483.678971 4635466.138946 1303229182.0
444462.494715 4635474.076444 1303229188.0
444435.827120 4635470.620279 1303229192.0
444409.268478 4635470.494381 1303229195.0
444381.548006 4635470.377653 1303229198.0
444355.317839 4635469.805256 1303229201.0
444330.501928 4635469.666039 1303229204.0
444305.273680 4635469.863234 1303229208.0
444327.977033 4635475.792637 1303229222.0
444301.066484 4635473.116112 1303229225.0
444275.004897 4635472.875795 1303229227.0
444250.269371 4635472.403127 1303229229.0
444227.359568 4635471.916250 1303229231.0
444204.449761 4635471.429448 1303229233.0
444183.374377 4635472.038685 1303229235.0
444158.014099 4635476.567762 1303229238.0
444134.478708 4635480.971584 1303229243.0
444126.109512 4635503.799192 1303229248.0
444123.375650 4635525.583301 1303229251.0
444121.996593 4635550.798838 1303229254.0
444120.781779 4635575.791021 1303229257.0
444121.314911 4635601.435698 1303229260.0
444121.750249 4635625.193564 1303229263.0
444120.601893 4635648.075582 1303229266.0
444119.775035 4635669.622671 1303229269.0
444118.687035 4635689.617332 1303229272.0
444116.952584 4635711.837747 1303229276.0
444101.454241 4635725.061370 1303229282.0
444122.271210 4635723.343564 1303229292.0
