446300.807833 4635247.130877 1303529532.0
446284.758224 4635231.929264 1303529541.0
446263.837992 4635231.198762 1303529544.0
446233.207898 4635230.541594 1303529547.0
446210.794667 4635229.933549 1303529549.0
446188.132461 4635229.327454 1303529551.0
446167.130894 4635228.819917 1303529553.0
446145.132601 4635228.208942 1303529556.0
446122.786388 4635225.491032 1303529578.0
446098.297528 4635224.788004 1303529582.0
446073.558851 4635223.975917 1303529585.0
446048.162130 4635223.946134 1303529588.0
446020.848218 4635222.820632 1303529591.0
445996.610829 4635222.449148 1303529594.0
445971.955959 4635221.747812 1303529597.0
445947.557634 4635222.043916 1303529600.0
445923.984158 4635221.667642 1303529603.0
445897.922653 4635221.532406 1303529606.0
445869.196173 4635220.196146 1303529609.0
445848.521439 4635219.020862 1303529611.0
445827.100627 4635217.962345 1303529613.0
445805.844944 4635216.791603 1303529615.0
445784.424962 4635215.844241 1303529617.0
445763.419925 4635214.893784 1303529619.0
445741.424915 4635214.728164 1303529621.0
445718.430633 4635214.126091 1303529623.0
445696.014741 4635213.186583 1303529625.0
445674.430440 4635212.462871 1303529627.0
445653.589660 4635211.289418 1303529629.0
445624.288075 4635210.735766 1303529632.0
445597.730258 4635210.827482 1303529635.0
445574.575900 4635211.004330 1303529638.0
445550.754223 4635210.742220 1303529642.0
445527.422846 4635209.477137 1303529648.0
445504.536137 4635212.094905 1303529661.0
445476.233818 4635211.978352 1303529665.0
445454.399658 4635211.146185 1303529667.0
445429.249271 4635210.783620 1303529669.0
445401.944529 4635210.881788 1303529671.0
445373.974159 4635210.763097 1303529673.0
445346.000379 4635210.200407 1303529675.0
445303.760738 4635210.857674 1303529678.0
445274.704659 4635209.859439 1303529680.0
445245.153187 4635209.198231 1303529682.0
445215.443410 4635209.537665 1303529684.0
445187.224901 4635209.532649 1303529686.0
445160.331676 4635209.184442 1303529688.0
445134.598605 4635208.605334 1303529690.0
445108.954507 4635208.802870 1303529692.0
445082.893744 4635208.781642 1303529694.0
445055.997936 4635208.100747 1303529696.0
445027.938538 4635207.206865 1303529698.0
444998.884958 4635206.542836 1303529700.0
444970.000782 4635206.321751 1303529702.0
444941.368148 4635206.431941 1303529704.0
444912.569532 4635206.543529 1303529706.0
444884.021605 4635206.875362 1303529708.0
444855.887772 4635207.093070 1303529710.0
444827.747921 4635206.533699 1303529712.0
444799.691914 4635206.084824 1303529714.0
444772.139870 4635206.409389 1303529716.0
444745.833548 4635206.835432 1303529718.0
444720.687374 4635207.030504 1303529720.0
444696.622665 4635207.550370 1303529722.0
444671.556895 4635207.411889 1303529724.0
444645.083733 4635207.728566 1303529726.0
444618.032226 4635208.382940 1303529728.0
444591.561656 4635209.032897 1303529730.0
444566.168240 4635209.452505 1303529732.0
444542.188260 4635210.194301 1303529734.0
444521.445783 4635211.022000 1303529736.0
444500.294412 4635212.630182 1303529739.0
444479.551153 4635224.006226 1303529744.0
444479.425987 4635250.544294 1303529748.0
444478.755373 4635281.639003 1303529751.0
444478.369999 4635306.735661 1303529753.0
444477.828170 4635333.054912 1303529755.0
444476.459055 4635359.713714 1303529757.0
444476.582017 4635386.138820 1303529759.0
444476.603819 4635410.233004 1303529761.0
444475.740447 4635437.887173 1303529764.0
444476.651757 4635458.976511 1303529776.0
444460.169331 4635473.872505 1303529782.0
444436.780686 4635475.831435 1303529786.0
444416.409057 4635481.542054 1303529789.0
444385.053647 4635483.563321 1303529792.0
444360.566268 4635482.977300 1303529794.0
444336.825770 4635482.385526 1303529796.0
444316.489491 4635481.989289 1303529798.0
444296.679783 4635485.253113 1303529804.0
444286.287122 4635504.099125 1303529814.0
444258.230024 4635513.978569 1303529817.0
444232.593948 4635515.067487 1303529819.0
444205.437152 4635512.726355 1303529821.0
444182.439266 4635511.574111 1303529823.0
444157.623487 4635511.435497 1303529826.0
444133.924248 4635505.514446 1303529832.0
444110.244132 4635502.036071 1303529835.0
444088.648261 4635499.762789 1303529837.0
444061.480888 4635496.089879 1303529839.0
444033.244244 4635493.646846 1303529841.0
444007.668413 4635491.849215 1303529843.0
443984.998001 4635490.139862 1303529845.0
443959.681585 4635489.672771 1303529848.0
443938.973145 4635484.172973 1303529870.0
443919.743590 4635476.774014 1303529876.0
