443279.952949 4635466.516673 1302048595.0
443254.537451 4635464.054258 1302048599.0
443233.946733 4635462.996931 1302048601.0
443211.619458 4635462.730745 1302048603.0
443183.725794 4635461.731783 1302048606.0
443163.710655 4635460.003862 1302048612.0
443142.802134 4635460.725881 1302048615.0
443122.389770 4635461.221931 1302048617.0
443101.879345 4635459.831241 1302048619.0
443079.558258 4635460.342659 1302048622.0
443064.987417 4635475.226659 1302048627.0
443063.415054 4635496.557811 1302048630.0
443060.814452 4635524.226137 1302048633.0
443060.345795 4635548.657430 1302048635.0
443059.344162 4635579.088837 1302048637.0
443059.349024 4635610.844612 1302048639.0
443059.666308 4635640.155136 1302048641.0
443060.273822 4635664.244728 1302048643.0
443061.194638 4635686.000096 1302048646.0
443060.804552 4635709.875596 1302048652.0
443060.276015 4635737.194267 1302048655.0
443060.136668 4635761.289833 1302048657.0
443059.917890 4635785.830173 1302048659.0
443059.535810 4635810.704921 1302048661.0
443059.980021 4635835.128928 1302048663.0
443060.173506 4635859.332872 1302048665.0
443060.455300 4635884.202317 1302048667.0
443060.902173 4635908.959408 1302048669.0
443061.016227 4635933.608127 1302048671.0
443060.957218 4635957.369955 1302048673.0
443060.219268 4635979.249627 1302048675.0
443060.839207 4636004.893614 1302048678.0
443072.347892 4636022.345053 1302048682.0
443093.240567 4636019.846373 1302048685.0
443123.837648 4636016.715083 1302048688.0
443148.562567 4636016.073550 1302048690.0
443173.125956 4636015.988563 1302048692.0
443196.023516 4636015.139705 1302048694.0
443217.011623 4636014.195109 1302048696.0
443241.390471 4636011.780108 1302048699.0
443262.867636 4636009.721407 1302048727.0
443286.609182 4636010.642667 1302048730.0
443309.512953 4636010.571366 1302048732.0
443335.901061 4636010.361383 1302048734.0
443363.783719 4636010.250648 1302048736.0
443390.085315 4636009.597416 1302048738.0
443414.062551 4636008.851713 1302048740.0
443441.205431 4636009.635433 1302048743.0
443465.617845 4636011.440236 1302048749.0
443491.933534 4636012.563817 1302048752.0
443515.757128 4636013.374155 1302048754.0
443543.312239 4636013.821891 1302048756.0
443573.523628 4636014.359724 1302048758.0
443603.902732 4636015.118425 1302048760.0
443633.365518 4636015.440370 1302048762.0
443661.830765 4636015.548258 1302048764.0
443689.796366 4636015.438143 1302048766.0
443718.680902 4636016.098115 1302048768.0
443745.818438 4636016.216831 1302048770.0
443770.876179 4636015.685864 1302048772.0
443793.618328 4636016.172565 1302048774.0
443820.339199 4636016.072785 1302048777.0
443841.574546 4636014.906012 1302048797.0
443860.453012 4635998.990336 1302048804.0
443862.464244 4635969.883533 1302048807.0
443864.174192 4635944.665303 1302048809.0
443865.780173 4635916.783074 1302048811.0
443866.874272 4635887.128335 1302048813.0
443867.960509 4635856.474352 1302048815.0
443868.627466 4635825.268505 1302048817.0
443870.714784 4635795.272842 1302048819.0
443872.911352 4635768.607344 1302048821.0
443873.077942 4635747.620583 1302048823.0
443879.795080 4635725.916006 1302048827.0
443905.591962 4635724.269367 1302048831.0
443934.891693 4635724.815932 1302048834.0
443961.946462 4635724.825108 1302048837.0
443982.685658 4635723.773710 1302048853.0
444003.361077 4635725.165623 1302048856.0
444031.676314 4635727.163768 1302048859.0
444058.982637 4635727.504438 1302048862.0
444080.973578 4635727.331768 1302048867.0
444103.964692 4635727.706487 1302048871.0
444131.696378 4635729.376507 1302048874.0
444153.950193 4635730.978544 1302048876.0
444176.946508 4635732.019663 1302048878.0
444200.690545 4635733.166031 1302048880.0
444223.269312 4635733.877468 1302048882.0
444249.330819 4635734.228614 1302048885.0
444274.562476 4635734.586348 1302048897.0
444298.309088 4635736.066124 1302048900.0
444318.483883 4635737.129762 1302048902.0
444338.570480 4635737.527943 1302048904.0
444367.620271 4635737.967206 1302048907.0
444396.759973 4635739.294156 1302048910.0
444425.820143 4635741.065982 1302048913.0
444447.901809 4635741.893042 1302048916.0
444468.162139 4635743.289539 1302048921.0
444477.815838 4635725.448853 1302048926.0
444477.512173 4635697.137564 1302048929.0
444478.322798 4635673.369983 1302048931.0
444479.603653 4635646.045652 1302048933.0
444480.700376 4635616.391045 1302048935.0
444481.306981 4635587.739564 1302048937.0
444481.676749 4635560.644406 1302048939.0
444482.146815 4635535.769146 1302048941.0
444482.401672 4635515.225886 1302048943.0
444482.492287 4635494.905975 1302048947.0
444483.299508 4635470.694294 1302048962.0
444484.422249 4635444.370510 1302048965.0
444484.988309 4635421.160015 1302048967.0
444485.691800 4635394.284332 1302048969.0
444486.132490 4635365.634156 1302048971.0
444486.063138 4635335.433482 1302048973.0
444485.756068 4635306.678101 1302048975.0
444485.809508 4635281.584031 1302048977.0
444485.898423 4635261.042073 1302048979.0
444485.659704 4635241.057838 1302048982.0
