446315.359527 4634975.433641 1302028797.0
446304.677983 4634956.749501 1302028823.0
446307.234367 4634932.524972 1302028826.0
446310.818490 4634912.511967 1302028828.0
446313.150192 4634891.509102 1302028830.0
446316.277556 4634865.947877 1302028833.0
446306.496249 4634845.591453 1302028845.0
446303.926243 4634823.959327 1302028848.0
446302.539233 4634794.101823 1302028851.0
446302.626732 4634772.671738 1302028853.0
446302.089753 4634745.472629 1302028856.0
446298.775250 4634724.179218 1302028862.0
446302.846569 4634702.719112 1302028868.0
446278.488453 4634697.573119 1302028873.0
446254.938401 4634700.526543 1302028876.0
446226.167976 4634704.629773 1302028879.0
446204.676949 4634705.458193 1302028881.0
446184.600217 4634706.720129 1302028883.0
446160.787818 4634707.899314 1302028886.0
446136.645958 4634709.414169 1302028890.0
446116.632217 4634719.003320 1302028893.0
446090.062678 4634728.753160 1302028896.0
446066.077647 4634729.045702 1302028898.0
446042.153754 4634726.450995 1302028900.0
446021.040777 4634722.391640 1302028902.0
445997.996984 4634715.460112 1302028905.0
445978.245221 4634704.839597 1302028914.0
445972.862092 4634728.308452 1302028919.0
445973.343429 4634758.950013 1302028922.0
445972.512486 4634780.718856 1302028924.0
445970.777020 4634803.604892 1302028927.0
445968.651850 4634829.824886 1302028931.0
445968.795338 4634859.691780 1302028934.0
445969.306650 4634883.338016 1302028936.0
445970.794524 4634904.423079 1302028938.0
445973.456933 4634927.164738 1302028941.0
445971.647779 4634951.272706 1302028948.0
445969.839482 4634975.491702 1302028951.0
445969.082321 4634996.038626 1302028953.0
445968.754445 4635018.469864 1302028955.0
445968.936314 4635042.451704 1302028957.0
445968.617706 4635066.104240 1302028959.0
445968.049283 4635089.647639 1302028961.0
445967.480867 4635113.191038 1302028963.0
445967.488343 4635136.063870 1302028965.0
445967.568708 4635157.603749 1302028967.0
445968.237588 4635180.138466 1302028970.0
445965.818130 4635200.364905 1302028981.0
445957.421696 4635220.414615 1302028992.0
445935.074959 4635228.578575 1302028996.0
445904.216061 4635230.589361 1302028999.0
445879.562891 4635230.110399 1302029001.0
445854.406712 4635228.969145 1302029003.0
445830.071984 4635226.711398 1302029005.0
445808.970485 4635223.985005 1302029007.0
445788.099353 4635218.814184 1302029010.0
445776.606605 4635235.445640 1302029029.0
445756.139298 4635239.709689 1302029038.0
445733.683634 4635244.433076 1302029041.0
445704.422813 4635249.208395 1302029044.0
445678.444381 4635249.073331 1302029046.0
445649.881395 4635247.403609 1302029048.0
445620.802657 4635243.406233 1302029050.0
445591.546880 4635237.966890 1302029052.0
445562.627260 4635233.080267 1302029054.0
445535.783205 4635228.288926 1302029056.0
445512.673680 4635223.469122 1302029058.0
445488.345602 4635222.100758 1302029061.0
445485.646535 4635248.991539 1302029065.0
445485.474296 4635269.867172 1302029067.0
445485.321601 4635293.296430 1302029069.0
445485.102911 4635318.946865 1302029071.0
445484.967215 4635344.596667 1302029073.0
445484.752781 4635370.802239 1302029075.0
445485.039679 4635397.448112 1302029077.0
445487.389385 4635422.523729 1302029079.0
445490.804326 4635445.814659 1302029081.0
445494.047324 4635468.329671 1302029083.0
445495.529731 4635488.526449 1302029085.0
445496.246822 4635517.167640 1302029088.0
445494.385377 4635545.051326 1302029091.0
445493.094659 4635571.598242 1302029094.0
445492.726994 4635599.470502 1302029097.0
445492.602345 4635626.563667 1302029100.0
445492.226194 4635653.325657 1302029103.0
445489.078405 4635675.778544 1302029106.0
445486.339615 4635697.451069 1302029109.0
445484.280014 4635721.117004 1302029112.0
445483.798831 4635744.992927 1302029115.0
445486.062925 4635769.736110 1302029119.0
445489.964588 4635791.579887 1302029123.0
445494.322777 4635818.860823 1302029126.0
445499.308271 4635841.362514 1302029128.0
445503.240441 4635867.203279 1302029130.0
445504.519690 4635893.397444 1302029132.0
445504.469517 4635919.379714 1302029134.0
445504.159357 4635943.920536 1302029136.0
445504.502861 4635967.123954 1302029138.0
445505.162151 4635988.215315 1302029140.0
445509.810484 4636010.053395 1302029143.0
445530.184189 4636015.560275 1302029146.0
445556.644996 4636014.025559 1302029149.0
445579.552891 4636014.516693 1302029153.0
