446037.762403 4634869.939358 1303762018.0
446017.288567 4634862.544178 1303762027.0
446010.667767 4634843.163501 1303762032.0
445995.782777 4634828.508865 1303762037.0
445977.001852 4634836.423575 1303762045.0
445975.345175 4634858.753847 1303762049.0
445975.262035 4634880.628056 1303762052.0
445974.952646 4634905.501883 1303762055.0
445974.624739 4634927.933117 1303762058.0
445974.284208 4634948.698946 1303762063.0
445973.032438 4634969.693752 1303762068.0
445973.358387 4634990.787629 1303762071.0
445972.717047 4635015.663978 1303762074.0
445971.912255 4635040.874668 1303762077.0
445971.685890 4635065.747872 1303762081.0
445971.367275 4635089.400409 1303762085.0
445970.136599 4635113.170898 1303762089.0
445969.644435 4635135.825452 1303762092.0
445969.742475 4635159.696899 1303762095.0
445969.098651 4635184.240174 1303762099.0
445968.022199 4635206.455028 1303762113.0
445958.952580 4635225.288474 1303762117.0
445939.575812 4635231.098190 1303762120.0
445913.347519 4635230.853131 1303762123.0
445893.177512 4635230.562154 1303762125.0
445872.012463 4635230.389828 1303762127.0
445850.847412 4635230.217565 1303762129.0
445829.516378 4635230.046627 1303762131.0
445807.935527 4635229.766620 1303762133.0
445785.938876 4635229.378808 1303762135.0
445764.109893 4635229.211855 1303762137.0
445741.779584 4635228.604653 1303762139.0
445719.198607 4635227.777363 1303762141.0
445697.035114 4635227.280063 1303762143.0
445675.123127 4635227.114015 1303762145.0
445653.952123 4635226.165148 1303762147.0
445633.366280 4635225.767045 1303762149.0
445613.031101 4635225.589155 1303762151.0
445584.975272 4635225.137188 1303762154.0
445564.723078 4635224.958802 1303762157.0
445540.815910 4635224.364278 1303762166.0
445514.009169 4635224.458211 1303762170.0
445487.284567 4635224.440582 1303762173.0
445457.652749 4635224.112209 1303762176.0
445436.404658 4635223.941813 1303762178.0
445413.992998 4635223.558327 1303762180.0
445390.834420 4635223.180637 1303762182.0
445367.593699 4635222.914686 1303762184.0
445344.684938 4635222.646264 1303762186.0
445321.193535 4635222.160320 1303762188.0
445297.288029 4635221.788667 1303762190.0
445273.134400 4635221.530034 1303762192.0
445248.900338 4635221.605201 1303762194.0
445225.326784 4635221.231238 1303762196.0
445203.081073 4635220.847140 1303762198.0
445182.081070 4635220.564559 1303762200.0
445153.362095 4635220.230428 1303762203.0
445131.035093 4635220.069248 1303762206.0
445110.610027 4635219.005214 1303762234.0
445088.200883 4635218.955834 1303762238.0
445063.054764 4635219.149697 1303762241.0
445033.836113 4635218.597833 1303762244.0
445012.670107 4635218.317032 1303762246.0
444990.506498 4635217.821930 1303762248.0
444968.260751 4635217.438564 1303762250.0
444945.932010 4635217.055910 1303762252.0
444923.356010 4635216.897304 1303762254.0
444900.945131 4635216.626459 1303762256.0
444878.948342 4635216.241447 1303762258.0
444857.367362 4635215.964318 1303762260.0
444835.867651 4635215.464557 1303762262.0
444815.282551 4635215.179845 1303762264.0
444785.814876 4635214.630926 1303762267.0
444759.588993 4635214.723194 1303762270.0
444738.343404 4635214.887960 1303762273.0
444715.267715 4635214.511822 1303762291.0
444691.203893 4635215.142734 1303762295.0
444665.478537 4635215.564565 1303762298.0
444635.020131 4635215.690167 1303762301.0
444613.109754 4635215.749439 1303762303.0
444590.453325 4635215.925615 1303762305.0
444568.049322 4635216.544033 1303762307.0
444546.807191 4635217.153479 1303762309.0
444518.345747 4635217.930240 1303762312.0
444496.687803 4635218.432040 1303762315.0
444485.638940 4635238.393187 1303762321.0
444485.887176 4635259.598720 1303762325.0
444485.740361 4635283.361111 1303762328.0
444485.455256 4635310.677665 1303762331.0
444485.007639 4635338.439621 1303762334.0
444484.894579 4635366.532074 1303762337.0
444484.696803 4635394.403120 1303762340.0
444484.406527 4635421.053515 1303762343.0
444483.924321 4635444.374390 1303762346.0
444482.926890 4635465.478604 1303762352.0
444482.344404 4635486.579585 1303762356.0
444482.509672 4635507.785773 1303762359.0
444481.870165 4635532.218217 1303762362.0
444481.666366 4635559.312080 1303762365.0
444479.870255 4635584.419744 1303762368.0
444479.245482 4635610.739654 1303762371.0
444478.461667 4635637.949076 1303762374.0
444477.996822 4635663.490503 1303762377.0
444479.501125 4635686.129702 1303762381.0
