443868.872860 4635888.000858 1303600677.0
443869.169521 4635862.460668 1303600685.0
443869.186613 4635833.036488 1303600688.0
443869.331313 4635809.274044 1303600690.0
443870.885870 4635785.389456 1303600692.0
443872.457937 4635763.725415 1303600694.0
443873.523359 4635740.955026 1303600697.0
443885.573398 4635721.984290 1303600713.0
443912.225496 4635723.550927 1303600717.0
443940.282205 4635724.329370 1303600720.0
443960.448369 4635724.281723 1303600722.0
443981.279284 4635724.339940 1303600724.0
444002.776693 4635724.726080 1303600726.0
444023.443379 4635725.007779 1303600728.0
444051.916730 4635726.005456 1303600731.0
444075.743800 4635727.150757 1303600735.0
444097.912910 4635728.531217 1303600742.0
444123.977934 4635729.326014 1303600745.0
444146.223916 4635729.928783 1303600747.0
444170.045731 4635730.408236 1303600749.0
444193.951396 4635730.998146 1303600751.0
444216.442839 4635731.155074 1303600753.0
444244.823580 4635730.932872 1303600756.0
444265.654458 4635730.991920 1303600760.0
444287.472466 4635729.932968 1303600773.0
444309.717555 4635730.425221 1303600776.0
444335.282025 4635730.891602 1303600779.0
444360.681387 4635731.470398 1303600782.0
444384.248148 4635731.175321 1303600785.0
444408.652554 4635731.873091 1303600788.0
444434.644054 4635733.890971 1303600791.0
444456.902964 4635736.160117 1303600795.0
444475.935750 4635729.127628 1303600801.0
444478.248746 4635706.458674 1303600805.0
444477.132540 4635680.374399 1303600808.0
444477.216203 4635659.166264 1303600810.0
444477.613637 4635635.623973 1303600812.0
444478.005019 4635611.304492 1303600814.0
444478.650556 4635587.649234 1303600816.0
444479.303022 4635564.882196 1303600818.0
444479.628739 4635542.783908 1303600820.0
444479.715882 4635522.019887 1303600822.0
444480.023434 4635497.590030 1303600825.0
444486.232627 4635474.335554 1303600832.0
444512.082378 4635468.693498 1303600836.0
444532.260480 4635470.090830 1303600838.0
444554.427682 4635471.139636 1303600840.0
444576.173029 4635471.303522 1303600842.0
444597.172348 4635471.584309 1303600844.0
444617.837988 4635471.645685 1303600846.0
444638.750864 4635471.483132 1303600848.0
444659.825402 4635470.764216 1303600850.0
444688.948880 4635469.871828 1303600853.0
444716.591511 4635470.656559 1303600856.0
444746.730650 4635472.310304 1303600859.0
444768.231320 4635473.031842 1303600861.0
444789.483021 4635473.755375 1303600863.0
444810.069096 4635474.262061 1303600865.0
444839.534835 4635474.700043 1303600868.0
444863.940047 4635475.399380 1303600871.0
444884.360992 4635476.018592 1303600880.0
444908.263974 4635476.166797 1303600885.0
444936.070800 4635476.729042 1303600888.0
444956.821966 4635477.123841 1303600890.0
444978.485991 4635477.511650 1303600892.0
445000.480248 4635477.674907 1303600894.0
445022.142553 4635477.840794 1303600896.0
445050.943492 4635478.173747 1303600899.0
445074.178274 4635477.772495 1303600903.0
445096.587460 4635477.932850 1303600908.0
445121.244149 4635478.964231 1303600911.0
445142.412791 4635479.689455 1303600913.0
445165.488430 4635480.177996 1303600915.0
445189.062843 4635480.773807 1303600917.0
445212.718530 4635481.147004 1303600919.0
445236.291226 4635481.520917 1303600921.0
445260.777633 4635481.998921 1303600923.0
445285.015073 4635482.478921 1303600925.0
445308.337090 4635482.632930 1303600927.0
445330.829231 4635482.793385 1303600929.0
445354.152946 4635483.169598 1303600931.0
445377.808608 4635483.543343 1303600933.0
445400.962086 4635483.365847 1303600935.0
445423.039281 4635483.529773 1303600937.0
445444.039337 4635483.924083 1303600939.0
445472.430365 4635484.928080 1303600942.0
445496.260477 4635486.411219 1303600946.0
445505.287057 4635505.550980 1303600959.0
445504.087768 4635533.207529 1303600964.0
445502.915672 4635564.416948 1303600967.0
445502.521636 4635588.847365 1303600969.0
445502.036974 4635612.279173 1303600971.0
445501.554016 4635635.933036 1303600973.0
445500.991476 4635660.031643 1303600975.0
445500.345107 4635684.019859 1303600977.0
445499.531076 4635707.787292 1303600979.0
445499.207314 4635730.551672 1303600981.0
445500.030044 4635751.308674 1303600983.0
445500.716535 4635775.952898 1303600986.0
445501.065991 4635799.933500 1303600992.0
445501.554231 4635820.359962 1303600995.0
445502.613423 4635850.330955 1303600998.0
445503.441235 4635871.754124 1303601000.0
445504.429912 4635892.509861 1303601002.0
445505.757309 4635914.151277 1303601004.0
445505.927198 4635936.356719 1303601006.0
445505.426438 4635957.679022 1303601008.0
445505.118828 4635982.552927 1303601011.0
445504.275958 4636002.545445 1303601015.0
445512.468688 4636021.247464 1303601026.0
445537.688151 4636020.166308 1303601030.0
445566.643466 4636019.278757 1303601033.0
445587.720670 4636019.117706 1303601035.0
445609.629380 4636019.172435 1303601037.0
445632.451728 4636019.331291 1303601039.0
445656.354522 4636019.704044 1303601041.0
445681.170952 4636020.180943 1303601043.0
445705.736741 4636020.437771 1303601045.0
445730.386353 4636020.805079 1303601047.0
445755.533003 4636021.057654 1303601049.0
445780.847301 4636021.531108 1303601051.0
445805.993098 4636021.672833 1303601053.0
445830.145654 4636022.155302 1303601055.0
445852.058560 4636022.765913 1303601057.0
445874.719978 4636023.592970 1303601060.0
445896.964798 4636024.201196 1303601065.0
445923.602549 4636024.109936 1303601084.0
445951.153933 4636024.122876 1303601087.0
445973.478353 4636024.286603 1303601089.0
445997.381935 4636024.771527 1303601091.0
446021.864697 4636025.030075 1303601093.0
446046.766566 4636025.840700 1303601095.0
446072.328912 4636026.202277 1303601097.0
446098.055537 4636026.340635 1303601099.0
446123.947280 4636026.366803 1303601101.0
446149.760238 4636026.948829 1303601103.0
446175.075305 4636027.534711 1303601105.0
446199.639344 4636027.571188 1303601107.0
446223.770873 4636025.279312 1303601109.0
446246.736492 4636022.441148 1303601111.0
446274.344041 4636018.901842 1303601114.0
446293.623370 4636011.428230 1303601117.0
446299.583161 4635987.400055 1303601121.0
446297.397396 4635961.656762 1303601124.0
446296.738778 4635940.343296 1303601126.0
446296.477489 4635916.695132 1303601128.0
446296.873364 4635892.153745 1303601130.0
446297.356412 4635868.166870 1303601132.0
446297.432920 4635845.293395 1303601134.0
446297.608319 4635824.528812 1303601136.0
446298.919541 4635800.313629 1303601139.0
446300.673315 4635779.759215 1303601153.0
446298.481649 4635753.238740 1303601157.0
446299.160107 4635722.144255 1303601160.0
446299.307064 4635697.604753 1303601162.0
446299.524453 4635671.399220 1303601164.0
446300.321908 4635645.078281 1303601166.0
446301.038059 4635618.980023 1303601168.0
446300.607479 4635594.889013 1303601170.0
446300.782074 4635574.013411 1303601172.0
446300.865316 4635552.028164 1303601175.0
446300.627493 4635531.488773 1303601196.0
446301.780362 4635508.274097 1303601200.0
446302.578695 4635482.064193 1303601203.0
446302.601693 4635452.084998 1303601206.0
446302.772123 4635430.654266 1303601208.0
446303.018849 4635408.334691 1303601210.0
446303.266415 4635386.126145 1303601212.0
446303.685820 4635364.693538 1303601214.0
446303.967007 4635335.933771 1303601217.0
446303.030976 4635310.847280 1303601220.0
446299.529796 4635286.779426 1303601224.0
