446307.440961 4635081.086012 1302570122.0
446309.833825 4635057.195811 1302570144.0
446311.211554 4635030.759494 1302570148.0
446311.878334 4635009.102970 1302570151.0
446312.381645 4634987.780779 1302570154.0
446312.845639 4634961.240318 1302570158.0
446313.276004 4634941.251078 1302570161.0
446313.906833 4634914.820395 1302570165.0
446314.303745 4634890.390077 1302570169.0
446315.226234 4634869.619898 1302570172.0
446315.295361 4634845.747217 1302570175.0
446315.850748 4634820.316407 1302570178.0
446315.751381 4634796.111898 1302570181.0
446316.158354 4634773.013907 1302570184.0
446316.743034 4634751.469045 1302570187.0
446317.055309 4634726.817304 1302570191.0
446317.705429 4634702.940252 1302570207.0
446297.226401 4634694.878105 1302570212.0
446273.657079 4634695.277847 1302570216.0
446252.987611 4634694.989593 1302570219.0
446230.903010 4634694.156911 1302570222.0
446208.820079 4634693.546351 1302570225.0
446187.983768 4634693.148512 1302570228.0
446164.991222 4634692.989090 1302570232.0
446140.753726 4634692.839153 1302570239.0
446115.435594 4634692.475404 1302570243.0
446093.852301 4634692.083489 1302570246.0
446071.356884 4634691.809575 1302570249.0
446048.858941 4634691.202652 1302570252.0
446027.690620 4634690.807795 1302570255.0
446002.706978 4634690.775012 1302570259.0
445981.301445 4634691.936557 1302570265.0
445974.736145 4634712.749571 1302570270.0
445975.183801 4634738.950052 1302570274.0
445974.933818 4634760.714489 1302570277.0
445974.433168 4634782.258760 1302570280.0
445974.286391 4634806.687216 1302570284.0
445973.968577 4634830.450771 1302570291.0
445972.995228 4634855.329630 1302570295.0
445972.821524 4634876.205226 1302570298.0
445972.856747 4634902.741941 1302570302.0
445971.383772 4634927.402525 1302570306.0
445971.627573 4634948.608057 1302570311.0
445971.562975 4634972.924864 1302570317.0
445970.583773 4634997.026541 1302570321.0
445970.329622 4635018.235851 1302570324.0
445969.841653 4635041.445537 1302570327.0
445969.518832 4635064.542938 1302570330.0
445968.948722 4635087.864283 1302570333.0
445968.884988 4635112.292122 1302570336.0
445968.745002 4635137.608808 1302570339.0
445967.773424 4635162.709735 1302570342.0
445966.705391 4635186.034860 1302570345.0
445966.193039 4635206.024767 1302570348.0
445956.127540 4635224.865770 1302570352.0
445931.091425 4635228.608807 1302570356.0
445908.931332 4635228.554956 1302570359.0
445885.354500 4635227.734702 1302570362.0
445860.868142 4635227.365571 1302570365.0
445837.627479 4635227.098087 1302570368.0
445816.873990 4635226.478661 1302570371.0
445795.126301 4635226.088928 1302570376.0
445770.559473 4635226.053820 1302570393.0
445744.666488 4635226.250963 1302570397.0
445721.510493 4635226.205279 1302570400.0
445697.021573 4635225.503630 1302570403.0
445671.867877 4635224.696101 1302570406.0
445646.383907 4635224.113247 1302570409.0
445620.489216 4635224.088787 1302570412.0
445595.340589 4635223.947690 1302570415.0
445572.766358 4635224.009081 1302570418.0
445552.268583 4635224.276741 1302570421.0
445527.794910 4635225.574161 1302570425.0
445507.712940 4635225.949803 1302570432.0
445500.302657 4635244.549096 1302570437.0
445500.243093 4635269.310042 1302570441.0
445499.661811 4635290.966039 1302570444.0
445498.919652 4635313.289470 1302570447.0
445498.265585 4635336.278429 1302570450.0
445497.454890 4635360.489957 1302570453.0
445496.811029 4635384.811244 1302570456.0
445496.739598 4635408.017815 1302570459.0
445496.831597 4635430.890037 1302570462.0
445496.918500 4635453.096097 1302570465.0
445497.416094 4635474.743847 1302570468.0
445496.758662 4635497.288703 1302570471.0
445495.948853 4635521.611265 1302570474.0
445494.821548 4635547.823829 1302570477.0
445494.030446 4635574.588991 1302570480.0
445493.579792 4635602.461885 1302570483.0
445493.052105 4635631.112605 1302570486.0
445492.692945 4635660.095139 1302570489.0
445492.243160 4635688.079064 1302570492.0
445491.867020 4635714.841056 1302570495.0
445493.455322 4635738.034940 1302570498.0
445494.710831 4635761.120338 1302570501.0
445495.619955 4635782.320814 1302570505.0
445496.387745 4635806.742350 1302570512.0
445497.340189 4635833.605215 1302570516.0
445498.335682 4635855.249168 1302570519.0
445499.818024 4635875.445958 1302570522.0
445504.063418 4635898.841586 1302570526.0
