443902.655134 4635477.796833 1302926777.0
443881.225962 4635475.633899 1302926801.0
443854.160616 4635474.403721 1302926804.0
443831.833434 4635474.135593 1302926806.0
443807.266459 4635473.996235 1302926808.0
443781.787492 4635473.975194 1302926810.0
443754.313314 4635473.525860 1302926812.0
443725.510450 4635472.976094 1302926814.0
443695.794714 4635472.433660 1302926816.0
443664.669059 4635472.013533 1302926818.0
443633.296192 4635471.817566 1302926820.0
443603.998892 4635471.716340 1302926822.0
443579.105215 4635472.246561 1302926824.0
443551.472066 4635472.687541 1302926827.0
443530.478815 4635473.187026 1302926831.0
443506.835242 4635474.373794 1302926859.0
443481.521352 4635474.241484 1302926862.0
443451.222027 4635473.371596 1302926865.0
443428.807408 4635472.550253 1302926867.0
443406.147348 4635472.175068 1302926869.0
443384.317162 4635471.793358 1302926871.0
443363.647918 4635471.291452 1302926873.0
443334.845870 4635470.854292 1302926876.0
443310.279726 4635470.827675 1302926879.0
443288.694953 4635470.000169 1302926883.0
443267.523345 4635468.947369 1302926889.0
443241.700873 4635467.487549 1302926893.0
443213.234285 4635467.492345 1302926896.0
443189.738995 4635466.458299 1302926899.0
443165.080095 4635465.211546 1302926908.0
443142.758137 4635465.611740 1302926911.0
443113.135910 4635466.403399 1302926914.0
443086.585125 4635467.281676 1302926917.0
443064.400291 4635474.454112 1302926921.0
443067.074490 4635497.527872 1302926926.0
443066.515721 4635521.071609 1302926930.0
443065.165246 4635549.396149 1302926933.0
443064.436082 4635572.386079 1302926935.0
443064.220816 4635597.370519 1302926937.0
443064.326849 4635621.019981 1302926939.0
443064.155529 4635641.118562 1302926941.0
443064.009946 4635664.436933 1302926944.0
443063.370005 4635688.203395 1302926949.0
443063.804437 4635711.406097 1302926953.0
443063.403697 4635733.949271 1302926956.0
443062.455794 4635760.716124 1302926959.0
443062.020893 4635789.366461 1302926962.0
443061.853145 4635809.909157 1302926964.0
443061.446212 4635831.675143 1302926966.0
443061.042833 4635853.885239 1302926968.0
443060.964290 4635875.204464 1302926970.0
443060.626151 4635895.193353 1302926972.0
443060.194830 4635924.287806 1302926975.0
443059.999148 4635951.714861 1302926978.0
443060.081256 4635972.366599 1302926981.0
443060.259660 4635994.683084 1302927002.0
443082.911417 4636004.606163 1302927008.0
443109.784143 4636002.725955 1302927011.0
443132.769157 4636002.431368 1302927013.0
443158.242732 4636002.005960 1302927015.0
443183.550346 4636001.581968 1302927017.0
443209.774300 4636001.594896 1302927019.0
443235.578919 4636001.056091 1302927021.0
443261.471829 4636001.182883 1302927023.0
443288.532667 4636002.077709 1302927025.0
443317.419975 4636003.069137 1302927027.0
443347.715309 4636003.716379 1302927029.0
443377.263801 4636004.369687 1302927031.0
443404.485274 4636004.597471 1302927033.0
443426.643107 4636004.643508 1302927035.0
443448.057631 4636005.139652 1302927038.0
443469.801433 4636005.300145 1302927042.0
443495.860271 4636005.426471 1302927045.0
443517.521967 4636005.698796 1302927047.0
443542.170995 4636005.947505 1302927049.0
443569.473668 4636005.953207 1302927051.0
443598.022819 4636006.171211 1302927053.0
443626.490743 4636006.612041 1302927055.0
443655.041643 4636007.052328 1302927057.0
443683.258856 4636007.273299 1302927059.0
443712.058690 4636007.711846 1302927061.0
443741.525001 4636008.478348 1302927063.0
443770.075002 4636008.808069 1302927065.0
443796.631691 4636008.931564 1302927067.0
443820.444736 4636008.410594 1302927069.0
443847.485306 4636006.753916 1302927072.0
443865.557616 4635993.842532 1302927076.0
443866.801177 4635972.625207 1302927079.0
443867.979998 4635943.191865 1302927082.0
443868.601578 4635916.760839 1302927085.0
443868.941106 4635896.660983 1302927091.0
443869.696428 4635876.668886 1302927107.0
443869.988718 4635850.573560 1302927110.0
443869.980576 4635828.477832 1302927112.0
443870.862510 4635803.488203 1302927114.0
443872.824120 4635778.601102 1302927116.0
443873.658959 4635758.164246 1302927118.0
443876.154370 4635737.825340 1302927121.0
443896.820065 4635727.447405 1302927126.0
443918.311355 4635727.056100 1302927143.0
443947.274765 4635727.050194 1302927147.0
443967.527399 4635727.446023 1302927149.0
443989.107785 4635727.831469 1302927151.0
444011.433285 4635727.989056 1302927153.0
444032.516629 4635728.489574 1302927155.0
444060.925289 4635731.819510 1302927158.0
444082.254955 4635731.985139 1302927162.0
444102.915514 4635731.489878 1302927166.0
444128.638138 4635730.954970 1302927169.0
444149.882205 4635730.788371 1302927171.0
444174.034215 4635731.043180 1302927173.0
444199.679944 4635731.286370 1302927175.0
444225.661956 4635732.082189 1302927177.0
444250.565160 4635732.886545 1302927179.0
444274.303099 4635733.255969 1302927181.0
444297.454932 4635732.963851 1302927183.0
444320.923951 4635730.781751 1302927186.0
444345.657704 4635731.143629 1302927199.0
444372.550787 4635731.710797 1302927202.0
444395.043080 4635731.979317 1302927204.0
444419.864137 4635732.895940 1302927206.0
444443.449943 4635735.043658 1302927208.0
444469.024766 4635736.842845 1302927211.0
444484.324034 4635719.291260 1302927216.0
444483.082551 4635698.426555 1302927219.0
444482.854971 4635669.226403 1302927222.0
444483.420124 4635645.904872 1302927224.0
444483.963651 4635619.807663 1302927226.0
444484.164856 4635592.380716 1302927228.0
444484.359143 4635564.065552 1302927230.0
444484.147153 4635536.863896 1302927232.0
444483.970639 4635514.214354 1302927234.0
444484.553127 4635493.113372 1302927237.0
444484.190741 4635467.911501 1302927244.0
444484.491393 4635442.593429 1302927247.0
444484.574234 4635421.274276 1302927249.0
444484.883546 4635397.066478 1302927251.0
444485.089108 4635370.194676 1302927253.0
444485.279102 4635341.324387 1302927255.0
444485.558145 4635313.230642 1302927257.0
444486.105197 4635287.577555 1302927259.0
444486.437025 4635266.256467 1302927261.0
444486.609798 4635245.824891 1302927264.0
