445506.279012 4635483.336666 1302102321.0
445505.688403 4635503.771371 1302102326.0
445504.977690 4635530.202813 1302102329.0
445504.053447 4635550.418005 1302102331.0
445503.137704 4635571.743470 1302102333.0
445503.137364 4635593.395034 1302102335.0
445503.390230 4635615.599829 1302102337.0
445503.223071 4635637.141637 1302102339.0
445502.371906 4635666.905169 1302102342.0
445502.265915 4635696.440934 1302102345.0
445501.822893 4635725.313077 1302102348.0
445502.044602 4635754.291170 1302102351.0
445502.067214 4635778.940473 1302102354.0
445503.072890 4635801.916751 1302102366.0
445504.081110 4635825.226111 1302102371.0
445505.484704 4635845.978673 1302102374.0
445506.680963 4635872.173472 1302102377.0
445507.337700 4635892.931749 1302102379.0
445507.932688 4635916.466342 1302102381.0
445508.115312 4635940.337192 1302102383.0
445507.704322 4635962.547078 1302102385.0
445507.112934 4635982.870772 1302102387.0
445506.115987 4636004.418940 1302102390.0
445511.180063 4636026.364874 1302102418.0
445532.934680 4636027.975017 1302102422.0
445557.907723 4636027.228918 1302102425.0
445578.071263 4636026.963788 1302102427.0
445600.557425 4636026.569942 1302102429.0
445624.538942 4636026.386818 1302102431.0
445650.431563 4636026.522292 1302102433.0
445677.985497 4636026.867258 1302102435.0
445706.032233 4636026.542370 1302102437.0
445733.585314 4636026.776523 1302102439.0
445760.392408 4636027.127497 1302102441.0
445786.532268 4636027.039516 1302102443.0
445811.761027 4636027.180630 1302102445.0
445835.745068 4636027.331299 1302102447.0
445857.155008 4636027.279548 1302102449.0
445877.733449 4636027.012113 1302102452.0
445901.888507 4636027.827906 1302102481.0
445924.637940 4636029.320655 1302102484.0
445953.439072 4636029.990317 1302102487.0
445983.148778 4636030.098037 1302102490.0
446003.397811 4636030.166563 1302102492.0
446032.526645 4636030.278893 1302102495.0
446056.091549 4636029.878311 1302102498.0
446076.256758 4636029.836646 1302102505.0
446096.043192 4636034.572348 1302102511.0
446118.074282 4636039.846292 1302102514.0
446148.615419 4636040.170478 1302102517.0
446171.268341 4636039.888206 1302102519.0
446192.845028 4636039.947236 1302102521.0
446213.655603 4636037.458347 1302102523.0
446234.459487 4636034.081300 1302102525.0
446263.054380 4636029.424161 1302102528.0
446287.709850 4636019.578269 1302102531.0
446298.826175 4635997.065678 1302102535.0
446297.815545 4635973.090060 1302102538.0
446296.105059 4635944.345280 1302102541.0
446296.034009 4635923.915652 1302102543.0
446295.878304 4635903.264597 1302102545.0
446295.974058 4635882.944746 1302102547.0
446296.072326 4635862.957977 1302102549.0
446296.194144 4635835.087655 1302102552.0
446295.910257 4635808.441761 1302102555.0
446293.748716 4635785.918263 1302102559.0
446294.735533 4635762.704828 1302102581.0
446295.125563 4635737.386257 1302102584.0
446295.631230 4635716.397120 1302102586.0
446296.453773 4635693.406993 1302102588.0
446297.529463 4635670.970126 1302102590.0
446298.765274 4635647.754819 1302102592.0
446299.669152 4635624.542015 1302102594.0
446300.086840 4635602.887345 1302102596.0
446302.880164 4635577.106532 1302102599.0
446304.530948 4635553.888101 1302102602.0
446304.544606 4635533.679915 1302102605.0
446304.966506 4635512.580384 1302102611.0
446319.442526 4635495.261105 1302102617.0
446346.321996 4635493.948270 1302102621.0
446369.236480 4635495.108121 1302102624.0
446391.160123 4635496.941703 1302102627.0
446414.167596 4635499.433399 1302102631.0
446438.080397 4635500.919062 1302102640.0
446461.734212 4635501.074351 1302102643.0
446488.957302 4635501.313939 1302102646.0
446517.099914 4635502.434994 1302102649.0
446537.529722 4635504.280241 1302102651.0
446559.120504 4635506.005803 1302102653.0
446580.541137 4635507.177539 1302102655.0
446602.456355 4635507.901499 1302102657.0
446623.454552 4635508.077231 1302102659.0
446652.087546 4635508.195844 1302102662.0
446672.175375 4635508.711637 1302102665.0
446694.765270 4635510.874264 1302102682.0
446702.210997 4635529.916282 1302102686.0
446702.884192 4635553.339277 1302102689.0
446703.261990 4635581.649948 1302102692.0
446702.834767 4635602.194311 1302102694.0
446702.499672 4635623.959351 1302102696.0
446702.336366 4635646.500341 1302102698.0
446702.095062 4635669.708115 1302102700.0
446701.767453 4635692.472402 1302102702.0
446701.513695 4635714.014771 1302102704.0
446702.048336 4635741.102909 1302102707.0
446706.528822 4635763.165024 1302102714.0
446726.225918 4635767.014881 1302102718.0
446747.867292 4635764.521356 1302102721.0
446773.584851 4635763.329837 1302102724.0
446797.564729 4635762.817589 1302102727.0
446816.628746 4635748.573992 1302102732.0
446815.814829 4635728.483037 1302102735.0
446815.547812 4635703.835633 1302102738.0
446816.081631 4635675.296084 1302102741.0
446816.748180 4635653.417545 1302102743.0
446817.403129 4635629.984627 1302102745.0
446817.552709 4635605.556183 1302102747.0
446817.618477 4635581.017332 1302102749.0
446817.532367 4635558.367183 1302102751.0
446817.091931 4635532.721781 1302102754.0
446807.166858 4635515.030559 1302102758.0
