446260.413544 4635492.375162 1302908291.0
446280.674136 4635493.776816 1302908318.0
446299.592826 4635482.308768 1302908322.0
446300.164791 4635459.098472 1302908325.0
446300.261563 4635427.897355 1302908328.0
446300.739671 4635403.244335 1302908330.0
446301.031721 4635375.927917 1302908332.0
446301.240787 4635348.612126 1302908334.0
446301.310660 4635324.850454 1302908336.0
446300.244627 4635304.539380 1302908338.0
446298.917067 4635282.564777 1302908341.0
446300.251034 4635261.347346 1302908352.0
446290.295008 4635239.770890 1302908356.0
446266.953012 4635237.060036 1302908359.0
446236.497303 4635237.511874 1302908362.0
446214.170438 4635237.347300 1302908364.0
446193.339070 4635237.393567 1302908366.0
446164.869252 4635237.053479 1302908369.0
446141.626131 4635236.451923 1302908372.0
446120.130837 4635236.503424 1302908375.0
446094.648653 4635236.141021 1302908378.0
446067.751429 4635235.234255 1302908381.0
446043.928198 4635234.748442 1302908384.0
446019.862722 4635235.152812 1302908388.0
445997.208922 4635235.657595 1302908412.0
445968.326649 4635235.654519 1302908416.0
445947.825542 4635235.476932 1302908418.0
445923.838844 4635235.325861 1302908420.0
445897.443742 4635234.971094 1302908422.0
445868.311645 4635234.859286 1302908424.0
445838.182819 4635234.644142 1302908426.0
445808.053143 4635234.318098 1302908428.0
445778.503550 4635233.876733 1302908430.0
445749.207149 4635233.988731 1302908432.0
445720.736420 4635233.539390 1302908434.0
445692.842385 4635232.530599 1302908436.0
445664.623154 4635232.412665 1302908438.0
445637.221961 4635230.734132 1302908440.0
445607.754473 4635230.181815 1302908442.0
445576.380745 4635229.977282 1302908444.0
445544.426081 4635229.777327 1302908446.0
445513.135335 4635229.572438 1302908448.0
445483.585683 4635229.132296 1302908450.0
445454.699947 4635228.687194 1302908452.0
445425.483946 4635228.466805 1302908454.0
445395.933427 4635227.915999 1302908456.0
445365.553848 4635227.482707 1302908458.0
445335.341096 4635227.159299 1302908460.0
445305.294321 4635226.834744 1302908462.0
445274.996863 4635226.290174 1302908464.0
445244.285300 4635225.859949 1302908466.0
445213.325613 4635225.542798 1302908468.0
445183.443943 4635225.106453 1302908470.0
445155.138229 4635224.547068 1302908472.0
445127.829250 4635224.091151 1302908474.0
445100.604112 4635223.745727 1302908476.0
445071.385486 4635223.193709 1302908478.0
445041.169255 4635222.427439 1302908480.0
445013.363167 4635222.086829 1302908482.0
444988.046788 4635221.727103 1302908484.0
444963.478178 4635221.472723 1302908486.0
444939.898585 4635220.322515 1302908488.0
444914.666041 4635220.073435 1302908490.0
444887.772825 4635219.726257 1302908492.0
444860.960017 4635219.045456 1302908494.0
444835.394639 4635218.688199 1302908496.0
444810.741292 4635218.212935 1302908498.0
444786.920428 4635218.064405 1302908500.0
444762.769321 4635218.140583 1302908502.0
444736.874550 4635218.119334 1302908504.0
444710.149872 4635218.104620 1302908506.0
444683.343064 4635218.201678 1302908508.0
444655.874055 4635218.526048 1302908510.0
444626.248155 4635218.978323 1302908512.0
444596.041324 4635219.435238 1302908514.0
444567.332643 4635220.435794 1302908516.0
444541.777608 4635221.411916 1302908518.0
444521.447523 4635221.903304 1302908520.0
444500.284075 4635221.957106 1302908531.0
444482.873437 4635234.972688 1302908536.0
444481.977124 4635258.407817 1302908539.0
444481.802635 4635278.617340 1302908541.0
444481.322147 4635302.160265 1302908543.0
444481.195254 4635328.476282 1302908545.0
444480.751982 4635356.793375 1302908547.0
444480.227459 4635385.333171 1302908549.0
444479.597456 4635410.986909 1302908551.0
444479.355577 4635433.195573 1302908553.0
444479.634125 4635458.287063 1302908556.0
444469.903979 4635477.016599 1302908561.0
444449.017954 4635480.621490 1302908564.0
444420.290413 4635479.069024 1302908567.0
444397.308931 4635480.025602 1302908569.0
444372.082456 4635480.444615 1302908571.0
444347.436895 4635480.859180 1302908573.0
444326.600952 4635480.244749 1302908575.0
444302.203485 4635480.546497 1302908578.0
444280.882636 4635481.601501 1302908583.0
444256.811493 4635470.575388 1302908587.0
444230.326262 4635469.228209 1302908590.0
444204.857742 4635470.537980 1302908592.0
444177.971479 4635470.970681 1302908594.0
444153.484897 4635470.496398 1302908596.0
444127.772653 4635472.474559 1302908599.0
444107.707064 4635474.852645 1302908609.0
444080.318534 4635474.734485 1302908613.0
444060.068681 4635474.782437 1302908615.0
444036.333347 4635474.857827 1302908617.0
444011.185476 4635474.722330 1302908619.0
443988.026688 4635474.238180 1302908621.0
443964.375210 4635474.424185 1302908624.0
443942.631573 4635474.484221 1302908639.0
443921.571939 4635477.092723 1302908643.0
443896.167235 4635475.960347 1302908653.0
443867.852704 4635474.184786 1302908656.0
443845.264308 4635472.364196 1302908658.0
443819.941682 4635471.120411 1302908660.0
443792.302398 4635470.783267 1302908662.0
443762.339453 4635470.464573 1302908664.0
443731.797343 4635470.372649 1302908666.0
443701.173998 4635470.503565 1302908668.0
443670.633639 4635470.633957 1302908670.0
443642.334825 4635470.857781 1302908672.0
443618.846664 4635470.710538 1302908674.0
443593.452419 4635470.911568 1302908677.0
443571.370648 4635470.198175 1302908682.0
443545.892532 4635470.289004 1302908691.0
443525.232985 4635471.007928 1302908694.0
443501.580600 4635471.084442 1302908698.0
443479.077710 4635469.597436 1302908702.0
443458.321959 4635468.651804 1302908706.0
443436.157171 4635467.939489 1302908710.0
443411.252900 4635467.137970 1302908714.0
443391.166325 4635466.853423 1302908717.0
443365.847985 4635466.166387 1302908721.0
443341.698532 4635466.358418 1302908725.0
443319.711179 4635467.088498 1302908728.0
443298.547522 4635467.034851 1302908732.0
443277.141088 4635467.760439 1302908745.0
443255.228771 4635467.490813 1302908752.0
443229.081418 4635466.921900 1302908755.0
443204.592930 4635466.228824 1302908758.0
443184.335931 4635465.391047 1302908761.0
443164.003910 4635465.553235 1302908765.0
443143.086544 4635465.164981 1302908768.0
443115.942425 4635464.493405 1302908771.0
443091.378906 4635464.800625 1302908774.0
443070.151760 4635467.190917 1302908779.0
443063.510038 4635487.674308 1302908794.0
443062.690781 4635509.776681 1302908797.0
443061.757028 4635538.319960 1302908800.0
443060.991921 4635567.194995 1302908803.0
443060.140287 4635595.626586 1302908806.0
443059.245176 4635618.617844 1302908809.0
443060.095437 4635641.928255 1302908815.0
443060.024865 4635664.246718 1302908819.0
443059.744391 4635691.452371 1302908822.0
443058.561738 4635719.997649 1302908825.0
443057.980845 4635740.765713 1302908827.0
443057.569477 4635761.976561 1302908829.0
443057.582796 4635784.405393 1302908831.0
443057.092001 4635806.061015 1302908833.0
443056.923381 4635826.492684 1302908835.0
443056.438808 4635848.925498 1302908837.0
443055.532222 4635870.473412 1302908839.0
443054.074944 4635895.800898 1302908842.0
443052.267107 4635918.799467 1302908846.0
443051.630801 4635943.010048 1302908862.0
443054.972311 4635966.522621 1302908866.0
443054.807264 4635987.398404 1302908869.0
443073.242961 4635999.353781 1302908874.0
443101.296961 4635999.906856 1302908878.0
443130.601884 4636001.227294 1302908881.0
443151.439128 4636002.171294 1302908883.0
443180.572751 4636002.827098 1302908886.0
443204.474987 4636003.080598 1302908889.0
443224.894649 4636003.695040 1302908892.0
443248.380201 4636003.729939 1302908895.0
443276.102231 4636004.286346 1302908898.0
443315.682664 4636003.749169 1302908902.0
443344.807422 4636003.295371 1302908905.0
443371.284717 4636003.862051 1302908908.0
443394.855005 4636004.118828 1302908911.0
443415.437955 4636004.399415 1302908914.0
443438.430893 4636005.105060 1302908918.0
443462.172421 4636006.026905 1302908926.0
