446307.542518 4635072.535679 1303780869.0
446309.462532 4635051.980042 1303780874.0
446310.467967 4635031.209231 1303780878.0
446310.794408 4635008.444938 1303780883.0
446311.718537 4634987.896809 1303780900.0
446312.265522 4634961.355723 1303780905.0
446312.766330 4634939.700452 1303780908.0
446313.418909 4634916.156472 1303780911.0
446313.653177 4634892.171511 1303780914.0
446314.629379 4634867.514762 1303780917.0
446315.516739 4634842.081450 1303780920.0
446315.409841 4634816.877697 1303780923.0
446315.634088 4634791.560417 1303780926.0
446315.857504 4634766.132110 1303780929.0
446315.844482 4634742.371086 1303780932.0
446315.689729 4634721.831095 1303780935.0
446315.539159 4634701.846240 1303780945.0
446297.129179 4634692.991272 1303780952.0
446274.229683 4634694.163197 1303780956.0
446247.918126 4634694.139567 1303780960.0
446227.169006 4634694.296122 1303780963.0
446205.257098 4634694.350483 1303780966.0
446184.922122 4634694.393001 1303780969.0
446164.756493 4634694.878430 1303780973.0
446141.354843 4634695.499409 1303780980.0
446117.953196 4634696.120466 1303780984.0
446097.721375 4634698.827252 1303780996.0
446073.477171 4634697.789328 1303781003.0
446050.151805 4634697.521763 1303781007.0
446025.085192 4634697.489531 1303781011.0
446003.091129 4634697.656169 1303781015.0
445981.276526 4634699.598048 1303781022.0
445975.391198 4634722.515541 1303781028.0
445974.910744 4634746.724459 1303781032.0
445974.113467 4634772.934380 1303781036.0
445973.387407 4634797.589296 1303781040.0
445972.712358 4634818.024557 1303781045.0
445972.229403 4634841.900397 1303781051.0
445971.582989 4634866.110578 1303781055.0
445970.995161 4634887.100348 1303781058.0
445970.414915 4634909.089361 1303781061.0
445969.910932 4634930.189529 1303781064.0
445969.738928 4634951.287181 1303781068.0
445968.902139 4634972.278842 1303781074.0
445968.502212 4634996.154059 1303781078.0
445968.414054 4635017.362111 1303781081.0
445968.501986 4635039.901229 1303781084.0
445968.348521 4635063.441479 1303781087.0
445968.034127 4635087.649152 1303781090.0
445967.715527 4635111.301690 1303781093.0
445967.225896 4635134.289326 1303781096.0
445966.639807 4635155.501159 1303781099.0
445965.888582 4635176.825278 1303781102.0
445964.427501 4635203.040255 1303781106.0
445960.448090 4635225.499197 1303781110.0
445940.850995 4635235.085718 1303781114.0
445914.377961 4635235.397680 1303781118.0
445891.883398 4635235.013322 1303781121.0
445869.549750 4635233.961611 1303781124.0
445848.629460 4635233.232328 1303781127.0
445823.064244 4635232.871527 1303781131.0
445802.469148 4635231.251638 1303781135.0
445781.722425 4635231.520532 1303781163.0
445756.238495 4635230.937286 1303781167.0
445732.827625 4635230.116272 1303781170.0
445708.414096 4635228.414708 1303781173.0
445682.756545 4635226.833745 1303781176.0
445656.437598 4635225.591020 1303781179.0
445629.302295 4635226.131160 1303781182.0
445602.910516 4635226.221591 1303781185.0
445577.020919 4635226.863452 1303781188.0
445552.043371 4635227.387402 1303781191.0
445528.972055 4635227.563765 1303781194.0
445508.163559 4635230.609767 1303781198.0
445502.833978 4635249.970378 1303781203.0
445500.852900 4635273.080519 1303781207.0
445499.781324 4635295.739569 1303781210.0
445499.216186 4635319.505083 1303781213.0
445498.575709 4635344.270476 1303781216.0
445497.939486 4635369.591006 1303781219.0
445496.717255 4635394.249818 1303781222.0
445496.071703 4635418.349052 1303781225.0
445496.504151 4635442.329005 1303781228.0
445497.512414 4635465.638352 1303781231.0
445497.594220 4635487.178250 1303781234.0
445496.863996 4635511.056068 1303781238.0
445494.451956 4635532.059880 1303781250.0
445492.235640 4635556.948374 1303781254.0
445491.496951 4635579.715924 1303781257.0
445491.268928 4635604.145072 1303781260.0
445491.211978 4635629.239114 1303781263.0
445491.072045 4635654.333791 1303781266.0
445490.519739 4635679.764727 1303781269.0
445490.126611 4635704.306176 1303781272.0
445489.892660 4635727.958138 1303781275.0
445491.054152 4635749.600817 1303781278.0
445491.661938 4635774.800811 1303781282.0
445492.422945 4635798.334129 1303781289.0
445493.750389 4635819.975540 1303781293.0
445494.735699 4635840.287166 1303781296.0
445495.646518 4635861.709699 1303781299.0
445497.379514 4635882.126639 1303781302.0
445500.544442 4635905.308465 1303781306.0
