445792.807640 4635226.772771 1302059809.0
445770.067447 4635226.834800 1302059820.0
445746.328832 4635226.571404 1302059823.0
445718.937793 4635226.224881 1302059826.0
445689.803952 4635225.891749 1302059829.0
445660.251767 4635225.117793 1302059832.0
445639.914047 4635224.606745 1302059834.0
445619.162218 4635224.209950 1302059836.0
445598.243557 4635223.703455 1302059838.0
445578.074350 4635223.524397 1302059840.0
445550.350470 4635223.070031 1302059843.0
445525.613390 4635222.481901 1302059846.0
445505.000585 4635229.412591 1302059850.0
445502.203181 4635254.305513 1302059854.0
445500.980056 4635278.853293 1302059857.0
445500.769801 4635305.613998 1302059860.0
445499.816896 4635332.935553 1302059863.0
445498.871646 4635361.256353 1302059866.0
445498.425185 4635389.684373 1302059869.0
445498.214105 4635416.334056 1302059872.0
445498.321389 4635441.204766 1302059875.0
445499.015534 4635466.848222 1302059878.0
445498.546155 4635492.278514 1302059881.0
445497.181765 4635520.047361 1302059884.0
445496.176254 4635540.485244 1302059886.0
445495.595876 4635562.252278 1302059888.0
445495.101889 4635584.462787 1302059890.0
445494.942398 4635607.003838 1302059892.0
445494.783760 4635629.655917 1302059894.0
445494.707260 4635652.196335 1302059896.0
445494.547778 4635674.737389 1302059898.0
445494.386599 4635697.056389 1302059900.0
445494.295664 4635717.709348 1302059902.0
445493.848430 4635746.026357 1302059905.0
445494.959208 4635771.888704 1302059908.0
445496.035147 4635793.198938 1302059914.0
445496.553985 4635817.622379 1302059919.0
445497.137115 4635839.602588 1302059922.0
445498.158095 4635864.577357 1302059925.0
445500.357818 4635891.763782 1302059928.0
445502.230694 4635919.618911 1302059931.0
445502.855431 4635947.039457 1302059934.0
445502.385263 4635972.358741 1302059937.0
445502.233435 4635995.899050 1302059940.0
445505.651496 4636019.634114 1302059944.0
445528.084419 4636023.126627 1302059948.0
445550.154839 4636022.624767 1302059951.0
445575.129598 4636022.100783 1302059954.0
445601.106917 4636022.457499 1302059957.0
445628.412776 4636022.915201 1302059960.0
445656.298649 4636023.257548 1302059963.0
445685.015176 4636023.704704 1302059966.0
445713.895120 4636023.817629 1302059969.0
445742.278867 4636024.156518 1302059972.0
445769.500029 4636024.393338 1302059975.0
445794.980276 4636024.865579 1302059978.0
445821.290328 4636025.331598 1302059981.0
445848.509790 4636025.346666 1302059984.0
445874.070474 4636025.485477 1302059987.0
445899.220466 4636026.182667 1302059990.0
445925.699834 4636027.091921 1302059993.0
445953.086929 4636027.328183 1302059996.0
445980.813522 4636028.561277 1302059999.0
446009.199744 4636029.234312 1302060002.0
446037.502137 4636029.797060 1302060005.0
446065.636879 4636030.139124 1302060008.0
446094.268663 4636030.366503 1302060011.0
446123.897053 4636030.697492 1302060014.0
446153.940343 4636031.025468 1302060017.0
446183.487421 4636031.579386 1302060020.0
446211.438570 4636029.591708 1302060023.0
446237.559961 4636027.062784 1302060026.0
446261.773645 4636024.659383 1302060029.0
446282.574237 4636020.838369 1302060032.0
446295.264677 4635997.980799 1302060036.0
446295.325261 4635972.997803 1302060039.0
446295.624748 4635946.680605 1302060042.0
446295.822840 4635917.921436 1302060045.0
446296.433338 4635888.826058 1302060048.0
446297.042170 4635859.508627 1302060051.0
446297.569701 4635830.413878 1302060054.0
446298.277436 4635803.205340 1302060057.0
446299.080719 4635777.661586 1302060060.0
446299.707160 4635750.675731 1302060063.0
446299.989952 4635722.137999 1302060066.0
446300.600503 4635693.042631 1302060069.0
446301.211063 4635663.947264 1302060072.0
446301.912148 4635635.850517 1302060075.0
446302.707108 4635609.196499 1302060078.0
446303.018387 4635584.433696 1302060081.0
446302.765505 4635561.895816 1302060084.0
446302.946805 4635541.908432 1302060087.0
446303.289059 4635521.253635 1302060091.0
446304.022819 4635497.486952 1302060095.0
446304.436353 4635475.277152 1302060098.0
446304.502877 4635451.071367 1302060101.0
446304.218204 4635424.314461 1302060104.0
446304.008987 4635396.557688 1302060107.0
446304.218899 4635369.352923 1302060110.0
446304.601488 4635343.035125 1302060113.0
446305.160939 4635318.159430 1302060116.0
446305.820122 4635295.503651 1302060119.0
446306.376238 4635270.183849 1302060123.0
446307.199739 4635247.304767 1302060142.0
446307.174099 4635221.878318 1302060146.0
446308.975091 4635196.549138 1302060149.0
446310.922836 4635168.665086 1302060152.0
446312.368468 4635140.229653 1302060155.0
446313.904635 4635112.792839 1302060158.0
446314.702256 4635086.471926 1302060161.0
446314.999423 4635059.821685 1302060164.0
446315.538878 4635032.281353 1302060167.0
446315.667560 4635005.299285 1302060170.0
446315.714088 4634978.428869 1302060173.0
446316.168893 4634950.667112 1302060176.0
446316.031874 4634921.466382 1302060179.0
446316.143002 4634892.152751 1302060182.0
446316.671616 4634863.169076 1302060185.0
446316.787772 4634834.521609 1302060188.0
446316.910624 4634806.762360 1302060191.0
446316.709027 4634780.004856 1302060194.0
446316.931611 4634754.465523 1302060197.0
446316.766822 4634732.593208 1302060200.0
446317.859525 4634712.376919 1302060212.0
446304.200614 4634695.158646 1302060218.0
446282.802593 4634697.318528 1302060222.0
446258.164375 4634699.058778 1302060226.0
446237.165443 4634699.106155 1302060229.0
446215.330680 4634698.382670 1302060232.0
446194.161559 4634697.876291 1302060235.0
446171.081839 4634697.162342 1302060239.0
446149.997384 4634696.877522 1302060246.0
446128.422502 4634697.595772 1302060250.0
446101.277624 4634697.134851 1302060254.0
446079.361518 4634696.634464 1302060257.0
446056.865272 4634696.249569 1302060260.0
446036.200832 4634696.628106 1302060263.0
446012.312990 4634698.807658 1302060267.0
445989.162030 4634699.649305 1302060275.0
445981.754127 4634718.803199 1302060280.0
445981.099242 4634741.903104 1302060284.0
445980.843349 4634762.890352 1302060287.0
445980.252952 4634783.547036 1302060290.0
445979.534449 4634809.201194 1302060294.0
445978.123374 4634831.085469 1302060301.0
445976.952032 4634851.746560 1302060305.0
445976.158978 4634878.511621 1302060309.0
445975.323839 4634899.725332 1302060312.0
445974.901993 4634920.713843 1302060315.0
445974.668027 4634944.587799 1302060319.0
445974.666206 4634966.239328 1302060326.0
445974.174847 4634989.004904 1302060330.0
445973.593766 4635010.882893 1302060333.0
445973.524115 4635034.533540 1302060336.0
445973.209700 4635058.741211 1302060339.0
445972.896973 4635083.170937 1302060342.0
445972.254809 4635107.936263 1302060345.0
445971.363678 4635132.703477 1302060348.0
445970.214319 4635156.251284 1302060351.0
445969.458032 4635176.909241 1302060354.0
445968.129237 4635198.681875 1302060358.0
