446303.000721 4635251.777750 1302055185.0
446298.435708 4635229.716518 1302055207.0
446277.351165 4635229.209281 1302055210.0
446256.434274 4635228.922909 1302055212.0
446232.447579 4635228.770798 1302055214.0
446207.055915 4635229.406611 1302055216.0
446179.828404 4635228.723982 1302055218.0
446152.351915 4635228.043339 1302055220.0
446125.042239 4635227.472574 1302055222.0
446097.397236 4635226.460317 1302055224.0
446069.923246 4635226.113073 1302055226.0
446043.194483 4635225.538223 1302055228.0
446016.967862 4635225.514837 1302055230.0
445991.157875 4635225.710455 1302055232.0
445966.175264 4635225.566791 1302055234.0
445942.021712 4635225.305890 1302055236.0
445918.369469 4635225.485400 1302055238.0
445894.547030 4635225.111113 1302055240.0
445869.642338 4635224.300994 1302055242.0
445843.165886 4635224.169112 1302055244.0
445815.195606 4635224.048689 1302055246.0
445786.977196 4635224.041298 1302055248.0
445758.671567 4635223.479515 1302055250.0
445730.028050 4635222.143184 1302055252.0
445700.392867 4635221.369693 1302055254.0
445671.668030 4635220.256283 1302055256.0
445644.191426 4635219.577599 1302055258.0
445617.880072 4635219.334260 1302055260.0
445592.982095 4635219.413325 1302055262.0
445570.407849 4635219.474724 1302055264.0
445541.601682 4635218.584526 1302055267.0
445520.684693 4635218.300313 1302055271.0
445497.553290 4635221.475143 1302055295.0
445472.495283 4635222.333089 1302055298.0
445452.326063 4635222.154387 1302055300.0
445431.984056 4635221.088797 1302055302.0
445411.566709 4635221.023145 1302055304.0
445390.904645 4635221.514595 1302055306.0
445369.241588 4635221.347579 1302055308.0
445346.580089 4635220.855187 1302055310.0
445324.001577 4635220.362231 1302055312.0
445300.925117 4635219.873169 1302055314.0
445277.184729 4635219.389282 1302055316.0
445252.113929 4635218.582597 1302055318.0
445226.124251 4635217.005828 1302055320.0
445200.553783 4635215.981098 1302055322.0
445177.059777 4635215.162548 1302055324.0
445156.303598 4635214.211965 1302055326.0
445131.651987 4635213.957644 1302055329.0
445109.648372 4635212.683703 1302055334.0
445086.339149 4635214.306769 1302055359.0
445058.377328 4635215.299588 1302055362.0
445034.561613 4635215.816393 1302055364.0
445007.504984 4635215.803125 1302055366.0
444978.454008 4635215.472260 1302055368.0
444948.324150 4635215.149851 1302055370.0
444918.357693 4635214.493205 1302055372.0
444889.634369 4635213.605000 1302055374.0
444863.071370 4635213.033293 1302055376.0
444840.074380 4635212.100973 1302055378.0
444812.677161 4635210.980744 1302055381.0
444790.843746 4635210.261636 1302055384.0
444767.445553 4635211.109199 1302055388.0
444744.465763 4635212.397730 1302055392.0
444722.723946 4635212.788459 1302055396.0
444699.073347 4635213.194070 1302055420.0
444672.025308 4635214.292347 1302055423.0
444648.037576 4635214.034543 1302055425.0
444620.814933 4635214.024033 1302055427.0
444593.345043 4635214.237617 1302055429.0
444568.364008 4635214.320908 1302055431.0
444546.783857 4635214.155747 1302055433.0
444520.145601 4635214.585208 1302055436.0
444498.484187 4635214.642894 1302055440.0
444482.402247 4635227.759159 1302055446.0
444482.571828 4635249.520474 1302055449.0
444482.220180 4635278.947188 1302055452.0
444482.007695 4635304.930769 1302055454.0
444481.584317 4635335.801486 1302055456.0
444481.835240 4635367.999355 1302055458.0
444481.832873 4635399.644031 1302055460.0
444481.649823 4635429.402540 1302055462.0
444481.019824 4635455.056280 1302055464.0
444481.957941 4635479.587461 1302055467.0
444459.602381 4635486.312723 1302055493.0
444431.677893 4635481.311899 1302055496.0
444409.912639 4635478.594830 1302055498.0
444389.488169 4635477.532870 1302055500.0
444368.066974 4635476.367717 1302055503.0
444346.150447 4635475.539601 1302055506.0
444324.427657 4635478.263124 1302055509.0
444304.181297 4635478.754490 1302055513.0
444282.152254 4635474.152296 1302055535.0
444254.317939 4635480.698991 1302055540.0
444226.640957 4635486.134225 1302055542.0
444202.413831 4635486.990151 1302055544.0
444177.002264 4635484.968558 1302055546.0
444153.169185 4635483.156748 1302055548.0
444131.779303 4635485.989284 1302055551.0
444108.504477 4635481.286361 1302055562.0
444084.929913 4635480.694124 1302055566.0
444056.974441 4635482.357048 1302055569.0
444034.734652 4635482.642768 1302055571.0
444011.576765 4635482.269569 1302055573.0
443989.742310 4635481.330869 1302055575.0
443969.644475 4635479.601339 1302055577.0
443946.321469 4635479.340684 1302055580.0
443926.618453 4635475.054385 1302055591.0
