445483.832769 4635489.171122 1302956843.0
445490.966819 4635510.434988 1302956851.0
445491.461033 4635531.638631 1302956854.0
445491.398128 4635555.955480 1302956857.0
445491.679065 4635581.824170 1302956860.0
445491.567162 4635610.582742 1302956863.0
445491.453563 4635639.119261 1302956866.0
445491.508487 4635667.987592 1302956869.0
445490.980820 4635696.638316 1302956872.0
445491.102594 4635723.396499 1302956875.0
445491.794213 4635748.706884 1302956878.0
445493.208048 4635770.791767 1302956881.0
445494.032493 4635791.770825 1302956887.0
445495.604636 4635812.855195 1302956892.0
445496.880519 4635838.605248 1302956896.0
445497.872616 4635859.805092 1302956899.0
445499.949430 4635881.773873 1302956902.0
445502.689243 4635903.626549 1302956905.0
445503.691512 4635926.158723 1302956908.0
445503.778426 4635948.364799 1302956911.0
445503.806995 4635973.791301 1302956915.0
445503.630526 4635994.111821 1302956919.0
445513.916484 4636015.240568 1302956934.0
445537.651645 4636015.392138 1302956938.0
445558.905006 4636016.562059 1302956941.0
445581.567343 4636017.499211 1302956944.0
445604.892673 4636018.320339 1302956947.0
445627.553300 4636019.035582 1302956950.0
445651.206305 4636019.299191 1302956953.0
445676.190393 4636019.996861 1302956956.0
445699.431024 4636020.596876 1302956959.0
445721.012029 4636021.209614 1302956962.0
445743.421995 4636021.705069 1302956965.0
445767.159652 4636022.190485 1302956968.0
445790.318973 4636023.013483 1302956971.0
445811.567189 4636023.517995 1302956974.0
445831.902610 4636024.029511 1302956977.0
445857.882425 4636024.720245 1302956981.0
445882.371949 4636025.866531 1302956985.0
445909.019812 4636027.107543 1302956989.0
445931.430579 4636027.714616 1302956992.0
445955.585625 4636028.530592 1302956995.0
445979.821119 4636029.012939 1302956998.0
446004.804279 4636029.600733 1302957001.0
446030.531738 4636029.849874 1302957004.0
446056.508977 4636030.208250 1302957007.0
446082.487052 4636030.677748 1302957010.0
446108.963847 4636031.254601 1302957013.0
446136.186626 4636031.714877 1302957016.0
446163.074118 4636031.733657 1302957019.0
446189.634718 4636032.421209 1302957022.0
446214.680695 4636030.344459 1302957025.0
446238.391447 4636027.278575 1302957028.0
446259.616140 4636024.675661 1302957031.0
446284.896868 4636020.709818 1302957035.0
446295.516969 4635998.423031 1302957039.0
446296.256475 4635975.433519 1302957042.0
446296.560151 4635949.671457 1302957045.0
446296.773315 4635922.910777 1302957048.0
446297.730813 4635895.811385 1302957051.0
446298.522356 4635868.713247 1302957054.0
446299.727986 4635841.500954 1302957057.0
446300.352744 4635814.293042 1302957060.0
446301.145151 4635787.305934 1302957063.0
446302.194888 4635761.427222 1302957066.0
446303.084525 4635736.326953 1302957069.0
446303.638048 4635710.674052 1302957072.0
446304.265355 4635683.799227 1302957075.0
446305.218752 4635656.144712 1302957078.0
446305.929898 4635629.380292 1302957081.0
446306.232817 4635603.507217 1302957084.0
446306.627095 4635578.743789 1302957087.0
446307.118592 4635555.867198 1302957090.0
446307.950408 4635534.098377 1302957093.0
446308.768005 4635510.442096 1302957096.0
446309.563853 4635483.899111 1302957099.0
446309.930546 4635455.471794 1302957102.0
446310.372702 4635426.044609 1302957105.0
446311.731082 4635397.054654 1302957108.0
446313.097843 4635369.174971 1302957111.0
446312.318620 4635342.865930 1302957114.0
446310.899745 4635319.781679 1302957117.0
446311.058499 4635296.796572 1302957121.0
446310.467838 4635273.484014 1302957142.0
446309.722072 4635251.616059 1302957146.0
446294.995314 4635235.738254 1302957150.0
446274.651839 4635234.448205 1302957153.0
446252.159825 4635234.395791 1302957156.0
446229.336686 4635234.456980 1302957159.0
446206.926821 4635234.293055 1302957162.0
446185.594987 4635234.010024 1302957165.0
446160.111124 4635233.425334 1302957169.0
446136.619020 4635232.825675 1302957174.0
446113.209061 4635232.114439 1302957181.0
446093.039075 4635231.822897 1302957184.0
446069.220038 4635231.892134 1302957187.0
446044.487267 4635231.857338 1302957190.0
446020.667387 4635231.815711 1302957193.0
445999.666648 4635231.419694 1302957196.0
445977.391103 4635238.028514 1302957200.0
445974.428602 4635263.255575 1302957204.0
445974.766342 4635285.903840 1302957207.0
445974.284292 4635309.890726 1302957210.0
445973.637111 4635333.989897 1302957213.0
445972.996673 4635358.977287 1302957216.0
445972.195317 4635384.632099 1302957219.0
445971.308454 4635409.954460 1302957222.0
445970.818014 4635432.831080 1302957225.0
445968.646774 4635452.944610 1302957228.0
445966.149492 4635473.837850 1302957233.0
