444480.550696 4635490.701819 1302180202.0
444462.768780 4635477.294290 1302180215.0
444442.263927 4635476.565907 1302180218.0
444415.620587 4635476.218578 1302180221.0
444393.795722 4635476.499939 1302180223.0
444370.308505 4635476.461247 1302180225.0
444347.680653 4635480.191072 1302180227.0
444323.951425 4635481.042694 1302180230.0
444303.035964 4635480.873090 1302180236.0
444287.705107 4635462.561335 1302180251.0
444271.692897 4635442.034264 1302180253.0
444249.003307 4635416.673987 1302180255.0
444227.679618 4635396.188582 1302180257.0
444205.048968 4635399.585776 1302180259.0
444173.763716 4635410.601169 1302180262.0
444150.896058 4635426.103099 1302180265.0
444131.324509 4635438.581335 1302180269.0
444115.930295 4635454.579943 1302180272.0
444097.571465 4635462.940503 1302180275.0
444073.779254 4635466.347235 1302180278.0
444045.829832 4635468.787392 1302180281.0
444024.258264 4635469.623066 1302180283.0
444001.108189 4635470.249145 1302180285.0
443977.882114 4635471.764169 1302180287.0
443954.734667 4635472.723480 1302180289.0
443933.746652 4635473.887939 1302180291.0
443910.190397 4635475.627851 1302180294.0
443888.797077 4635478.017009 1302180301.0
443883.915877 4635501.039510 1302180306.0
443884.961776 4635528.456687 1302180309.0
443885.134072 4635550.329043 1302180311.0
443885.076652 4635574.645959 1302180313.0
443884.782519 4635600.519217 1302180315.0
443884.407155 4635626.615185 1302180317.0
443884.019551 4635651.156773 1302180319.0
443883.774306 4635672.699320 1302180321.0
443883.226864 4635698.019408 1302180324.0
443883.386055 4635718.226362 1302180337.0
443902.801959 4635728.288566 1302180347.0
443928.610199 4635728.085364 1302180350.0
443954.247227 4635727.217398 1302180353.0
443974.338257 4635728.169689 1302180382.0
443995.107998 4635731.004279 1302180386.0
444023.002184 4635732.228461 1302180389.0
444051.213471 4635731.562683 1302180392.0
444071.796276 4635731.734147 1302180396.0
444095.439926 4635730.660272 1302180403.0
444117.270114 4635731.155180 1302180408.0
444137.520106 4635731.218411 1302180432.0
444158.924049 4635730.273346 1302180435.0
444184.566303 4635730.072373 1302180438.0
444212.125899 4635730.966815 1302180441.0
444235.530171 4635731.116655 1302180444.0
444256.024767 4635730.623137 1302180451.0
444278.106494 4635731.449671 1302180459.0
444300.023114 4635732.388598 1302180462.0
444325.420740 4635732.745215 1302180465.0
444353.306166 4635732.860418 1302180468.0
444383.431305 4635732.847208 1302180471.0
444403.684744 4635733.355304 1302180473.0
444431.664404 4635734.913520 1302180476.0
444452.342278 4635736.639817 1302180479.0
444474.924456 4635737.796159 1302180485.0
444485.806845 4635760.473298 1302180491.0
444484.165507 4635784.136323 1302180494.0
444483.705856 4635810.343919 1302180497.0
444483.217655 4635832.887618 1302180500.0
444483.709679 4635853.425067 1302180504.0
444483.046864 4635874.859790 1302180512.0
444482.763582 4635902.398423 1302180516.0
444482.557229 4635929.159220 1302180519.0
444480.912493 4635952.378143 1302180522.0
444477.592556 4635973.611514 1302180526.0
444472.849836 4635993.301503 1302180531.0
444466.038671 4636013.784862 1302180538.0
444460.639091 4636034.368255 1302180545.0
444481.765611 4636040.532484 1302180548.0
444511.150396 4636041.524869 1302180551.0
444533.365087 4636038.242884 1302180553.0
444558.009583 4636037.939971 1302180555.0
444585.292196 4636035.395939 1302180557.0
444611.306797 4636029.863955 1302180559.0
444635.618533 4636029.452865 1302180561.0
444660.592394 4636028.814646 1302180563.0
444685.735669 4636028.619335 1302180565.0
444711.298159 4636028.976027 1302180567.0
444738.102777 4636028.990073 1302180569.0
444766.239395 4636029.549059 1302180571.0
444796.025302 4636028.762965 1302180573.0
444826.968649 4636027.412861 1302180575.0
444858.575853 4636026.057752 1302180577.0
444890.349030 4636024.701499 1302180579.0
444921.376244 4636023.462191 1302180581.0
444951.164757 4636023.009829 1302180583.0
444979.705123 4636022.123097 1302180585.0
445005.429279 4636021.924427 1302180587.0
445026.922253 4636021.869540 1302180589.0
445049.740355 4636021.471393 1302180592.0
445070.067311 4636020.870464 1302180612.0
445093.787083 4636019.022064 1302180615.0
445114.776186 4636018.194090 1302180617.0
445164.061877 4636017.148266 1302180621.0
445190.123095 4636017.613872 1302180623.0
445216.515379 4636017.965992 1302180625.0
445242.739990 4636018.097432 1302180627.0
445269.543759 4636018.002450 1302180629.0
445296.018161 4636018.243200 1302180631.0
445321.579767 4636018.491056 1302180633.0
445346.476669 4636018.633070 1302180635.0
445369.963740 4636018.897019 1302180637.0
445390.792858 4636018.848322 1302180639.0
445418.332386 4636017.304820 1302180642.0
445440.313887 4636016.026066 1302180645.0
445460.390229 4636015.206103 1302180651.0
445486.943355 4636014.891791 1302180677.0
445512.591333 4636015.583806 1302180680.0
445542.970928 4636016.461803 1302180683.0
445565.890696 4636018.507274 1302180685.0
445591.791833 4636019.752807 1302180687.0
445619.759857 4636019.983351 1302180689.0
445648.473012 4636019.986251 1302180691.0
445677.688286 4636020.540605 1302180693.0
445706.985689 4636020.983419 1302180695.0
445736.034142 4636021.428250 1302180697.0
445765.000454 4636021.984859 1302180699.0
445792.802490 4636022.217346 1302180701.0
445817.780632 4636022.138321 1302180703.0
445839.182990 4636021.087272 1302180705.0
445863.990109 4636020.343508 1302180708.0
