445880.370281 4636024.549337 1301973475.0
445903.940264 4636024.814415 1301973485.0
445928.775187 4636027.734775 1301973489.0
445949.942077 4636028.462383 1301973492.0
445971.779546 4636030.073237 1301973495.0
445995.595919 4636030.003648 1301973498.0
446019.163349 4636029.936026 1301973501.0
446043.309961 4636029.642027 1301973504.0
446067.543759 4636029.902617 1301973507.0
446091.129673 4636032.277832 1301973510.0
446115.702101 4636033.424291 1301973513.0
446141.599695 4636034.227714 1301973516.0
446169.308595 4636033.129970 1301973519.0
446195.678065 4636030.487984 1301973522.0
446221.186726 4636023.744353 1301973525.0
446244.786869 4636017.015219 1301973528.0
446270.257032 4636016.156834 1301973532.0
446286.802261 4635998.266679 1301973536.0
446291.171996 4635972.473953 1301973540.0
446292.494878 4635949.813143 1301973543.0
446293.306482 4635925.379654 1301973546.0
446292.856614 4635898.735007 1301973549.0
446294.316186 4635872.186998 1301973552.0
446294.439670 4635844.538729 1301973555.0
446293.660387 4635818.229670 1301973558.0
446294.636314 4635793.572880 1301973561.0
446295.940001 4635768.358453 1301973564.0
446297.660294 4635743.362954 1301973567.0
446299.544059 4635718.033123 1301973570.0
446299.667582 4635690.384861 1301973573.0
446299.370323 4635661.962539 1301973576.0
446299.161072 4635634.205755 1301973579.0
446298.135355 4635608.231662 1301973582.0
446296.872394 4635583.813827 1301973585.0
446295.720871 4635563.170290 1301973588.0
446294.063891 4635541.531263 1301973592.0
446292.661721 4635520.667550 1301973596.0
446292.003081 4635499.354099 1301973599.0
446293.484531 4635475.692811 1301973602.0
446295.043959 4635451.364737 1301973605.0
446295.764312 4635425.821622 1301973608.0
446295.893712 4635398.950562 1301973611.0
446296.521883 4635372.186777 1301973614.0
446296.657987 4635346.203937 1301973617.0
446296.062258 4635322.225215 1301973620.0
446294.737197 4635300.583694 1301973623.0
446294.404659 4635278.490557 1301973627.0
446296.555959 4635255.601464 1301973644.0
446297.846407 4635228.610626 1301973648.0
446300.330536 4635205.830061 1301973651.0
446301.061834 4635181.730308 1301973654.0
446299.472737 4635158.092180 1301973657.0
446299.125990 4635134.111588 1301973660.0
446299.131295 4635112.793145 1301973663.0
446303.612303 4635090.663734 1301973667.0
446305.606087 4635068.886172 1301973671.0
446308.330920 4635044.993469 1301973675.0
446310.908193 4635023.544614 1301973680.0
446294.829243 4635037.544964 1301973695.0
446304.304917 4635017.376510 1301973707.0
446306.683572 4634991.598851 1301973711.0
446306.344386 4634968.617509 1301973714.0
446305.909656 4634943.971387 1301973717.0
446307.374579 4634918.089585 1301973720.0
446309.498449 4634891.536618 1301973723.0
446311.460531 4634865.540040 1301973726.0
446313.667431 4634838.986451 1301973729.0
446313.637665 4634813.004884 1301973732.0
446311.488505 4634792.146819 1301973735.0
446306.195541 4634772.644844 1301973744.0
446281.457006 4634772.054075 1301973749.0
446261.268149 4634769.430478 1301973752.0
446240.082491 4634766.703426 1301973755.0
446211.261215 4634764.034073 1301973759.0
446186.002860 4634760.560693 1301973763.0
446164.551379 4634755.615205 1301973769.0
446143.453669 4634753.553974 1301973773.0
446117.299918 4634752.419304 1301973777.0
446096.205542 4634750.802321 1301973780.0
446074.699538 4634749.632648 1301973783.0
446053.444194 4634748.683209 1301973786.0
446028.853030 4634745.649466 1301973790.0
446007.831510 4634742.699791 1301973796.0
445995.351609 4634760.670741 1301973806.0
445980.041507 4634777.552836 1301973811.0
445970.243688 4634798.945534 1301973816.0
445965.166543 4634818.970045 1301973823.0
445963.990185 4634838.964976 1301973827.0
445963.182862 4634863.842579 1301973831.0
445963.047079 4634889.714390 1301973835.0
445962.487909 4634914.479080 1301973839.0
445963.140810 4634934.904275 1301973843.0
445966.386715 4634957.974608 1301973851.0
445966.074840 4634982.515357 1301973855.0
445966.144253 4635002.611880 1301973858.0
445966.393125 4635024.483576 1301973861.0
445966.642839 4635046.466301 1301973864.0
445966.398810 4635069.007937 1301973867.0
445966.656946 4635092.100934 1301973870.0
445967.230208 4635112.970872 1301973873.0
445966.724580 4635133.848994 1301973876.0
445965.668333 4635158.728497 1301973880.0
445965.160190 4635179.273539 1301973886.0
445957.352246 4635200.318086 1301973901.0
445938.613635 4635213.673237 1301973905.0
445912.756857 4635218.643933 1301973909.0
445890.207078 4635221.924103 1301973912.0
445867.653101 4635224.649209 1301973915.0
445845.676696 4635226.925863 1301973918.0
445820.052109 4635229.674463 1301973922.0
445798.989469 4635232.055345 1301973928.0
