443906.418361 4635470.883088 1302957650.0
443880.931518 4635469.862447 1302957673.0
443858.518712 4635469.261807 1302957676.0
443833.037106 4635468.907500 1302957679.0
443804.813397 4635468.130779 1302957682.0
443774.847814 4635467.478952 1302957685.0
443753.930519 4635467.088905 1302957687.0
443732.930232 4635466.699575 1302957689.0
443711.680979 4635466.312274 1302957691.0
443690.431722 4635465.925037 1302957693.0
443669.682145 4635465.755980 1302957695.0
443649.595589 4635465.470704 1302957697.0
443620.625822 4635464.811648 1302957700.0
443593.317563 4635464.361621 1302957703.0
443567.254115 4635463.901838 1302957706.0
443542.776230 4635464.539925 1302957709.0
443522.192613 4635464.369982 1302957713.0
443499.958924 4635465.434561 1302957730.0
443479.626031 4635465.484821 1302957733.0
443455.719375 4635464.897300 1302957736.0
443428.902849 4635463.666760 1302957739.0
443399.765298 4635462.787865 1302957742.0
443370.465293 4635462.354518 1302957745.0
443342.576076 4635461.910070 1302957748.0
443316.597342 4635461.672597 1302957751.0
443294.017572 4635460.964026 1302957754.0
443272.765602 4635460.244952 1302957760.0
443251.348535 4635459.638291 1302957764.0
443229.104239 4635459.371390 1302957767.0
443206.199577 4635459.553960 1302957770.0
443181.877922 4635458.970665 1302957774.0
443158.136291 4635458.271790 1302957781.0
443132.571579 4635457.920651 1302957785.0
443111.411429 4635458.311668 1302957788.0
443087.925845 4635458.499257 1302957792.0
443067.848509 4635469.763113 1302957805.0
443067.376270 4635493.750294 1302957809.0
443067.811572 4635517.064017 1302957812.0
443067.354426 4635542.938663 1302957815.0
443066.741073 4635570.035935 1302957818.0
443066.377573 4635597.242247 1302957821.0
443065.849882 4635624.671940 1302957824.0
443065.318648 4635651.657526 1302957827.0
443064.874843 4635679.197586 1302957830.0
443063.939346 4635707.518817 1302957833.0
443063.503543 4635736.058125 1302957836.0
443062.906215 4635765.153897 1302957839.0
443062.138489 4635793.695861 1302957842.0
443061.614399 4635821.569672 1302957845.0
443061.333940 4635848.775331 1302957848.0
443060.958965 4635874.538301 1302957851.0
443060.821406 4635898.855926 1302957854.0
443060.584003 4635921.064698 1302957857.0
443060.875562 4635947.155445 1302957861.0
443060.920839 4635973.581265 1302957865.0
443062.756211 4635995.551401 1302957869.0
443088.357151 4636000.676445 1302957874.0
443109.355046 4636000.952832 1302957877.0
443133.259955 4636001.539174 1302957880.0
443157.995559 4636002.230002 1302957883.0
443183.809033 4636002.801282 1302957886.0
443209.870560 4636003.259644 1302957889.0
443236.339911 4636002.826576 1302957892.0
443264.309123 4636003.158899 1302957895.0
443294.524136 4636004.139658 1302957898.0
443315.190960 4636004.530322 1302957900.0
443335.608836 4636004.923027 1302957902.0
443355.776881 4636005.206742 1302957904.0
443384.078878 4636005.647923 1302957907.0
443409.973523 4636005.997309 1302957910.0
443432.299960 4636006.375127 1302957913.0
443453.545870 4636006.539524 1302957919.0
443474.295652 4636006.929991 1302957923.0
443496.373134 4636007.309985 1302957926.0
443521.023038 4636007.669649 1302957929.0
443547.332568 4636008.016244 1302957932.0
443575.301723 4636008.349788 1302957935.0
443603.935604 4636008.789213 1302957938.0
443632.735443 4636009.227439 1302957941.0
443662.694381 4636009.323511 1302957944.0
443692.322269 4636009.533360 1302957947.0
443721.458405 4636010.524458 1302957950.0
443749.180339 4636011.082706 1302957953.0
443775.157028 4636011.321736 1302957956.0
443799.391104 4636011.574611 1302957959.0
443820.870152 4636009.739649 1302957962.0
443842.516048 4636008.014470 1302957967.0
443860.356904 4635997.325581 1302957984.0
443863.127224 4635969.767274 1302957988.0
443864.743692 4635943.217371 1302957991.0
443865.846530 4635914.672902 1302957994.0
443866.938006 4635884.685082 1302957997.0
443867.855790 4635864.247567 1302957999.0
443868.194448 4635844.036685 1302958001.0
443868.368891 4635824.049167 1302958003.0
443870.884251 4635795.715643 1302958006.0
443872.749757 4635769.163788 1302958009.0
443873.405506 4635747.062831 1302958012.0
443886.448726 4635727.751168 1302958017.0
443912.581914 4635726.657075 1302958021.0
443933.243359 4635726.272349 1302958024.0
443953.582476 4635727.111594 1302958027.0
443974.341750 4635728.613798 1302958044.0
443997.761761 4635730.761346 1302958049.0
444019.667965 4635730.367085 1302958052.0
444042.732466 4635729.519655 1302958055.0
444067.141291 4635730.771391 1302958059.0
444087.977409 4635731.496083 1302958065.0
444113.803052 4635733.514096 1302958069.0
444137.631825 4635734.881658 1302958072.0
444163.776322 4635735.231841 1302958075.0
444191.083469 4635735.684044 1302958078.0
444216.733528 4635736.482431 1302958081.0
444239.644220 4635737.191319 1302958084.0
444260.392096 4635737.251001 1302958090.0
444282.203136 4635735.303816 1302958118.0
444303.612287 4635735.025349 1302958121.0
444328.841331 4635735.050194 1302958124.0
444355.734402 4635735.617298 1302958127.0
444382.213411 4635736.298771 1302958130.0
444408.271424 4635736.206390 1302958133.0
444430.943528 4635738.250163 1302958136.0
444451.534944 4635739.532996 1302958139.0
444471.937014 4635737.819447 1302958145.0
444477.813147 4635714.456514 1302958150.0
444477.721319 4635692.028373 1302958153.0
444478.677148 4635665.594845 1302958156.0
444479.691741 4635636.051911 1302958159.0
444480.280254 4635615.728115 1302958161.0
444480.868772 4635595.404320 1302958163.0
444481.638759 4635566.418466 1302958166.0
444482.260088 4635539.654450 1302958169.0
444482.675726 4635518.443734 1302958172.0
444483.513228 4635498.118002 1302958180.0
444485.750276 4635476.337923 1302958192.0
444510.943901 4635471.700281 1302958197.0
444534.693919 4635473.513934 1302958200.0
444561.671798 4635474.192206 1302958203.0
444589.976608 4635474.749224 1302958206.0
444618.442207 4635474.638902 1302958209.0
444646.243042 4635474.422826 1302958212.0
444673.960889 4635474.207502 1302958215.0
444703.093834 4635474.536471 1302958218.0
444732.647741 4635475.639530 1302958221.0
444761.703712 4635476.746572 1302958224.0
444790.423419 4635477.301169 1302958227.0
444817.896588 4635477.643471 1302958230.0
444843.378911 4635478.112326 1302958233.0
444865.376614 4635478.719275 1302958236.0
444888.868946 4635479.425763 1302958243.0
444913.688212 4635480.011033 1302958247.0
444937.592037 4635480.270364 1302958250.0
444964.154888 4635480.953367 1302958253.0
444991.963401 4635481.737883 1302958256.0
445020.518793 4635482.516744 1302958259.0
445048.904776 4635482.852891 1302958262.0
445077.370318 4635482.744402 1302958265.0
445106.754710 4635483.406183 1302958268.0
445136.061237 4635484.734887 1302958271.0
445156.401695 4635485.688599 1302958273.0
445177.487325 4635486.414566 1302958275.0
445199.401114 4635486.912158 1302958277.0
445221.728129 4635487.184571 1302958279.0
445244.469224 4635487.342839 1302958281.0
445267.209463 4635487.390151 1302958283.0
445289.449219 4635487.108279 1302958285.0
