446303.459186 4635257.548030 1303923657.0
446294.515786 4635238.184603 1303923673.0
446273.396939 4635233.125268 1303923677.0
446250.982047 4635232.295042 1303923680.0
446222.933032 4635232.728781 1303923683.0
446202.269309 4635232.995824 1303923685.0
446181.022978 4635233.045261 1303923687.0
446160.936831 4635232.863926 1303923689.0
446136.455557 4635233.160011 1303923692.0
446113.548580 4635233.111171 1303923695.0
446087.653112 4635232.973987 1303923698.0
446059.515225 4635232.631807 1303923701.0
446032.043778 4635232.617791 1303923704.0
446010.645761 4635234.556453 1303923707.0
445988.323920 4635235.058750 1303923724.0
445961.909454 4635232.150120 1303923729.0
445938.169190 4635231.664031 1303923732.0
445909.787367 4635231.990495 1303923735.0
445889.280343 4635231.035887 1303923737.0
445867.608073 4635229.646058 1303923739.0
445845.695263 4635229.368459 1303923741.0
445823.781606 4635228.979900 1303923743.0
445801.867945 4635228.591408 1303923745.0
445779.703619 4635227.982824 1303923747.0
445756.793221 4635227.491023 1303923749.0
445733.046150 4635226.117401 1303923751.0
445708.636837 4635224.970971 1303923753.0
445683.814257 4635224.049843 1303923755.0
445659.898634 4635222.344648 1303923757.0
445636.065990 4635220.638900 1303923759.0
445611.250161 4635220.606241 1303923761.0
445586.019379 4635220.576838 1303923763.0
445560.453239 4635220.105952 1303923765.0
445534.889641 4635219.968239 1303923767.0
445509.823984 4635219.826810 1303923769.0
445484.759173 4635219.796495 1303923771.0
445459.278558 4635219.658419 1303923773.0
445433.629409 4635219.188624 1303923775.0
445407.402724 4635219.167480 1303923777.0
445381.589288 4635218.921198 1303923779.0
445355.111924 4635218.680102 1303923781.0
445328.801391 4635218.548858 1303923783.0
445302.655982 4635218.305409 1303923785.0
445276.423316 4635217.507559 1303923787.0
445250.190643 4635216.709805 1303923789.0
445224.044366 4635216.355617 1303923791.0
445197.981077 4635216.000888 1303923793.0
445172.082909 4635215.533949 1303923795.0
445145.772348 4635215.403380 1303923797.0
445119.628621 4635215.382657 1303923799.0
445093.401047 4635215.251643 1303923801.0
445067.005776 4635214.899951 1303923803.0
445040.358959 4635214.217195 1303923805.0
445013.631716 4635213.868262 1303923807.0
444986.657212 4635213.743405 1303923809.0
444960.094227 4635213.171336 1303923811.0
444933.696359 4635212.487056 1303923813.0
444907.961550 4635211.686713 1303923815.0
444882.810245 4635211.215049 1303923817.0
444858.239869 4635210.738978 1303923819.0
444834.334274 4635210.368878 1303923821.0
444812.003776 4635209.764588 1303923823.0
444785.030960 4635209.862549 1303923826.0
444763.212171 4635211.030987 1303923839.0
444739.321206 4635212.548666 1303923849.0
444718.491425 4635212.821300 1303923852.0
444691.771898 4635213.472817 1303923855.0
444661.067100 4635213.933323 1303923858.0
444638.162557 4635214.222307 1303923860.0
444614.593227 4635214.405500 1303923862.0
444591.439713 4635214.696571 1303923864.0
444568.952716 4635215.315632 1303923866.0
444547.465930 4635216.482149 1303923868.0
444522.327565 4635217.677164 1303923871.0
444501.575597 4635217.283623 1303923888.0
444488.362914 4635236.484386 1303923894.0
444487.904026 4635262.802987 1303923898.0
444487.192715 4635288.679420 1303923901.0
444486.586895 4635317.441913 1303923904.0
444486.494523 4635337.539764 1303923906.0
444486.403883 4635357.859670 1303923908.0
444485.733189 4635378.295130 1303923910.0
444484.645828 4635398.511771 1303923912.0
444483.540379 4635427.056095 1303923915.0
444482.382161 4635448.827765 1303923918.0
444481.222221 4635470.377381 1303923929.0
444457.963293 4635478.331061 1303923935.0
444436.868003 4635476.385924 1303923938.0
444412.705625 4635474.908916 1303923941.0
444390.307644 4635476.194066 1303923944.0
444368.398924 4635476.365125 1303923947.0
444343.838939 4635477.112135 1303923951.0
444323.355761 4635479.159773 1303923956.0
444303.373991 4635481.647685 1303923969.0
444281.859381 4635479.151115 1303923983.0
444261.324101 4635474.537301 1303924002.0
444238.585496 4635474.715253 1303924004.0
444217.259419 4635475.104284 1303924006.0
444190.887626 4635477.642553 1303924009.0
444170.691734 4635484.573875 1303924011.0
444150.233862 4635489.841800 1303924016.0
444133.606230 4635507.293484 1303924021.0
444128.077784 4635532.541562 1303924025.0
444129.212695 4635560.846333 1303924028.0
444130.839422 4635588.370010 1303924031.0
444132.407797 4635608.454867 1303924035.0
444132.346055 4635632.327666 1303924041.0
444133.657363 4635661.963467 1303924046.0
444132.694975 4635687.397808 1303924051.0
444116.928594 4635729.936485 1303924075.0
