446007.834464 4634852.622808 1302295539.0
446026.687976 4634865.248804 1302295550.0
446050.569378 4634862.292105 1302295555.0
446060.196311 4634840.234612 1302295560.0
446047.130582 4634824.677831 1302295565.0
446026.720545 4634825.720676 1302295569.0
446002.071881 4634826.018466 1302295573.0
445980.667596 4634827.291044 1302295578.0
445973.204644 4634850.109473 1302295586.0
445974.724502 4634875.413562 1302295590.0
445975.070648 4634899.172085 1302295593.0
445974.653853 4634920.826758 1302295596.0
445975.149151 4634942.363483 1302295600.0
445975.232847 4634964.347463 1302295614.0
445974.640814 4634984.782101 1302295617.0
445974.591363 4635011.097395 1302295620.0
445974.247475 4635031.419119 1302295622.0
445973.414055 4635052.854890 1302295624.0
445972.833828 4635074.843908 1302295626.0
445972.418747 4635096.720642 1302295628.0
445971.917311 4635118.153898 1302295630.0
445971.741110 4635138.696421 1302295632.0
445971.368141 4635166.124510 1302295635.0
445970.450922 4635187.449888 1302295638.0
445969.274635 4635207.444831 1302295652.0
445951.928725 4635229.338962 1302295665.0
445926.445654 4635228.866134 1302295669.0
445902.210805 4635228.828052 1302295672.0
445878.390906 4635228.786901 1302295675.0
445857.063245 4635229.059988 1302295678.0
445833.574460 4635228.905437 1302295682.0
445812.820975 4635228.286024 1302295690.0
445789.246660 4635227.799168 1302295697.0
445767.581118 4635227.297860 1302295700.0
445740.936151 4635226.834540 1302295703.0
445720.766964 4635226.655078 1302295705.0
445699.688265 4635226.926740 1302295707.0
445678.938989 4635226.862852 1302295709.0
445657.690076 4635226.580768 1302295711.0
445635.777237 4635226.303814 1302295713.0
445612.866816 4635225.812476 1302295715.0
445588.959658 4635225.217790 1302295717.0
445564.141297 4635224.852214 1302295719.0
445538.659009 4635224.491800 1302295721.0
445513.512925 4635224.684073 1302295723.0
445488.529423 4635224.431057 1302295725.0
445463.047975 4635224.181940 1302295727.0
445436.900049 4635223.604918 1302295729.0
445410.006906 4635223.255769 1302295731.0
445382.531123 4635222.689121 1302295733.0
445354.723372 4635222.125125 1302295735.0
445327.912352 4635221.664622 1302295737.0
445302.262341 4635221.084273 1302295739.0
445278.356829 4635220.712683 1302295741.0
445256.196672 4635220.660862 1302295743.0
445230.963306 4635220.299635 1302295746.0
445207.555726 4635219.924455 1302295752.0
445186.972382 4635219.860723 1302295756.0
445164.065302 4635219.814936 1302295759.0
445136.260928 4635219.695901 1302295762.0
445105.799145 4635219.375382 1302295765.0
445083.887089 4635219.211152 1302295767.0
445060.563336 4635218.946842 1302295769.0
445036.490953 4635218.466317 1302295771.0
445011.591231 4635218.325359 1302295773.0
444986.858344 4635218.294234 1302295775.0
444962.373570 4635218.150245 1302295777.0
444937.970067 4635217.783644 1302295779.0
444913.900240 4635217.636614 1302295781.0
444890.739871 4635217.038495 1302295783.0
444869.739828 4635216.756835 1302295785.0
444841.771155 4635216.862287 1302295788.0
444819.859932 4635216.809896 1302295791.0
444799.018981 4635215.638942 1302295802.0
444773.703416 4635215.391004 1302295808.0
444751.128259 4635215.343971 1302295811.0
444722.741175 4635215.009001 1302295814.0
444701.493863 4635214.951822 1302295816.0
444680.995189 4635215.110962 1302295818.0
444660.661634 4635215.157844 1302295820.0
444640.576186 4635215.091822 1302295822.0
444611.029811 4635215.099407 1302295825.0
444583.476934 4635215.313674 1302295828.0
444563.313676 4635215.914679 1302295831.0
444538.340423 4635216.997319 1302295836.0
444512.616803 4635217.641756 1302295840.0
444491.321963 4635222.137963 1302295844.0
444488.006790 4635244.037463 1302295851.0
444487.914408 4635264.135312 1302295855.0
444487.343987 4635286.790665 1302295858.0
444486.892898 4635314.108512 1302295861.0
444487.135077 4635334.536858 1302295863.0
444487.221660 4635356.298823 1302295865.0
444487.311705 4635378.504897 1302295867.0
444486.979887 4635399.825989 1302295869.0
444486.449290 4635427.588596 1302295872.0
444486.855720 4635447.793597 1302295875.0
444484.369695 4635469.575614 1302295886.0
444460.592925 4635474.979542 1302295892.0
444440.247113 4635473.361653 1302295895.0
444420.232375 4635471.630205 1302295898.0
444399.637579 4635470.014374 1302295902.0
444380.538515 4635479.268249 1302295913.0
