444276.549922 4635214.154643 1303132415.0
444279.449508 4635192.258284 1303132433.0
444302.444593 4635182.307490 1303132438.0
444328.024911 4635184.550297 1303132441.0
444349.198885 4635185.828309 1303132443.0
444371.854551 4635185.540340 1303132445.0
444394.755724 4635184.806392 1303132447.0
444415.830233 4635183.975734 1303132449.0
444442.210107 4635182.326527 1303132452.0
444462.344895 4635178.061287 1303132456.0
444484.210471 4635182.887392 1303132473.0
444512.755044 4635182.109849 1303132476.0
444534.905859 4635180.938060 1303132478.0
444558.390583 4635180.533196 1303132480.0
444582.789937 4635180.343363 1303132482.0
444607.938800 4635180.480888 1303132484.0
444633.003806 4635180.508119 1303132486.0
444657.486148 4635180.317896 1303132488.0
444682.053206 4635180.349168 1303132490.0
444707.370627 4635180.818836 1303132492.0
444733.349388 4635180.950362 1303132494.0
444759.743101 4635181.078765 1303132496.0
444785.886117 4635180.987141 1303132498.0
444812.112983 4635181.005998 1303132500.0
444838.756522 4635181.243792 1303132502.0
444866.146976 4635181.475906 1303132504.0
444894.701875 4635182.032220 1303132506.0
444924.583765 4635182.467355 1303132508.0
444955.627522 4635182.893639 1303132510.0
444986.835540 4635183.096722 1303132512.0
445017.045949 4635183.085574 1303132514.0
445045.265431 4635183.200944 1303132516.0
445072.071496 4635182.994222 1303132518.0
445098.297481 4635182.903105 1303132520.0
445124.942694 4635183.364024 1303132522.0
445152.586358 4635184.150457 1303132524.0
445180.810095 4635184.821499 1303132526.0
445209.283652 4635185.601766 1303132528.0
445237.092420 4635186.276223 1303132530.0
445263.652053 4635186.405216 1303132532.0
445289.222614 4635187.430174 1303132534.0
445314.871896 4635187.899450 1303132536.0
445341.022526 4635188.809107 1303132538.0
445368.003055 4635189.712496 1303132540.0
445394.812488 4635189.951097 1303132542.0
445418.379322 4635189.437405 1303132544.0
445447.015399 4635189.773241 1303132547.0
445474.738572 4635190.116179 1303132550.0
445503.128215 4635190.787228 1303132553.0
445523.466049 4635191.297886 1303132555.0
445544.801465 4635192.023045 1303132557.0
445567.298746 4635192.739390 1303132559.0
445590.544634 4635193.672156 1303132561.0
445614.206315 4635194.712856 1303132563.0
445638.366780 4635195.860864 1303132565.0
445661.947147 4635197.124410 1303132567.0
445684.609529 4635197.728832 1303132569.0
445705.773843 4635197.789576 1303132571.0
445732.242792 4635196.921705 1303132574.0
445753.163206 4635197.650647 1303132597.0
445775.688324 4635202.031543 1303132602.0
445801.676211 4635203.388262 1303132605.0
445823.177529 4635204.112990 1303132607.0
445846.588469 4635204.934302 1303132609.0
445871.077436 4635205.636466 1303132611.0
445895.232749 4635206.119181 1303132613.0
445917.811236 4635206.613947 1303132615.0
445938.330963 4635209.234044 1303132617.0
445960.838235 4635211.283955 1303132620.0
445979.104074 4635223.137042 1303132645.0
445977.737735 4635250.905767 1303132649.0
445977.057216 4635281.556163 1303132652.0
445976.473646 4635303.101081 1303132654.0
445975.645323 4635325.203023 1303132656.0
445974.981301 4635347.081654 1303132658.0
445974.813532 4635368.734455 1303132660.0
445974.819321 4635391.385242 1303132662.0
445974.506631 4635415.814980 1303132664.0
445974.604674 4635439.686438 1303132666.0
445974.397714 4635467.113281 1303132669.0
445981.609931 4635487.932886 1303132677.0
446009.434224 4635490.830888 1303132681.0
446030.011691 4635490.230826 1303132683.0
446052.751873 4635490.280646 1303132685.0
446076.485379 4635489.989919 1303132687.0
446100.721009 4635490.250640 1303132689.0
446124.542539 4635490.625608 1303132691.0
446147.785673 4635491.338128 1303132693.0
446171.029641 4635492.161751 1303132695.0
446194.683505 4635492.316154 1303132697.0
446218.173070 4635492.693942 1303132699.0
446240.249335 4635492.749373 1303132701.0
446260.746330 4635492.483685 1303132703.0
446283.636558 4635490.423475 1303132706.0
446307.637432 4635492.574237 1303132718.0
446332.053225 4635494.721954 1303132721.0
446361.777670 4635496.496680 1303132724.0
446382.288023 4635498.007776 1303132726.0
446409.188372 4635499.470856 1303132729.0
446430.187442 4635499.757045 1303132733.0
446457.927656 4635502.546394 1303132758.0
446484.322538 4635503.014256 1303132761.0
446508.220301 4635502.501666 1303132765.0
446528.643445 4635503.458670 1303132768.0
446556.367773 4635504.138887 1303132771.0
446576.873058 4635504.984380 1303132773.0
446598.623974 4635505.931627 1303132775.0
446619.873633 4635506.438563 1303132777.0
446648.924063 4635506.887136 1303132780.0
446671.827635 4635506.604607 1303132783.0
446693.154454 4635506.333951 1303132808.0
446708.932847 4635518.762662 1303132819.0
446710.134671 4635546.289934 1303132823.0
446709.426144 4635573.609432 1303132826.0
446709.282746 4635598.815070 1303132829.0
