444274.666778 4635493.308688 1301863119.0
444251.107474 4635505.262622 1301863122.0
444228.714824 4635507.214443 1301863124.0
444207.146839 4635508.493673 1301863126.0
444182.272422 4635511.464384 1301863129.0
444161.026832 4635511.519853 1301863133.0
444139.249086 4635517.797463 1301863141.0
444112.452957 4635519.117979 1301863144.0
444087.139275 4635518.983518 1301863146.0
444062.735833 4635518.508897 1301863148.0
444039.906525 4635517.688891 1301863150.0
444018.415476 4635518.190850 1301863152.0
443995.169478 4635517.152195 1301863154.0
443972.327929 4635514.778025 1301863156.0
443950.401844 4635512.729828 1301863158.0
443928.478367 4635511.014779 1301863160.0
443902.975060 4635507.884544 1301863162.0
443875.726372 4635504.435049 1301863164.0
443843.647760 4635498.914084 1301863166.0
443811.417132 4635495.171006 1301863168.0
443781.018326 4635492.190855 1301863170.0
443752.117651 4635489.754175 1301863172.0
443724.452995 4635486.197507 1301863174.0
443696.877441 4635483.417480 1301863176.0
443669.721191 4635481.189414 1301863178.0
443643.973954 4635478.728236 1301863180.0
443620.224554 4635477.028579 1301863182.0
443599.550080 4635475.859825 1301863184.0
443576.630533 4635474.153742 1301863187.0
443555.695642 4635471.543733 1301863192.0
443537.192287 4635461.586259 1301863213.0
443513.953050 4635461.437388 1301863217.0
443488.891600 4635461.747186 1301863220.0
443467.229129 4635461.585960 1301863222.0
443443.651765 4635460.662763 1301863224.0
443419.328384 4635459.856603 1301863226.0
443395.258371 4635459.603684 1301863228.0
443371.940541 4635460.011072 1301863230.0
443349.116225 4635459.859441 1301863232.0
443328.038185 4635460.138127 1301863234.0
443304.141209 4635460.772413 1301863237.0
443282.237713 4635461.612976 1301863242.0
443261.819159 4635461.331437 1301863247.0
443238.076664 4635460.521269 1301863250.0
443211.509918 4635459.400591 1301863253.0
443187.685305 4635458.702280 1301863256.0
443166.186120 4635458.207564 1301863263.0
443144.366499 4635459.158915 1301863267.0
443124.030913 4635458.877108 1301863270.0
443099.959095 4635458.403133 1301863274.0
443080.082397 4635453.232277 1301863288.0
443063.346758 4635467.245303 1301863302.0
443058.446907 4635487.603743 1301863329.0
443058.797476 4635510.696075 1301863332.0
443058.389624 4635532.351023 1301863334.0
443058.679395 4635558.219700 1301863336.0
443058.467697 4635583.648250 1301863338.0
443058.581736 4635608.296956 1301863340.0
443059.015294 4635631.388629 1301863342.0
443059.518525 4635652.814230 1301863344.0
443060.315086 4635679.789204 1301863347.0
443060.117597 4635706.994194 1301863350.0
443059.273098 4635736.314010 1301863353.0
443058.610997 4635757.304793 1301863355.0
443058.371810 4635779.291505 1301863357.0
443058.959803 4635800.938503 1301863359.0
443059.295293 4635822.143382 1301863361.0
443059.391595 4635844.571553 1301863363.0
443059.652090 4635866.776342 1301863365.0
443059.750169 4635889.426569 1301863367.0
443060.010665 4635911.631360 1301863369.0
443060.009787 4635932.283760 1301863371.0
443059.732013 4635959.822506 1301863374.0
443059.507935 4635983.696689 1301863378.0
443078.153961 4636001.202117 1301863392.0
443099.258786 4636004.475548 1301863395.0
443128.735860 4636006.571843 1301863398.0
443149.899698 4636006.847025 1301863400.0
443179.194837 4636006.946362 1301863403.0
443205.574110 4636005.625623 1301863406.0
443227.298460 4636003.342776 1301863410.0
443251.450519 4636003.705475 1301863415.0
443275.518708 4636003.957891 1301863418.0
443304.645233 4636003.725984 1301863421.0
443326.471149 4636003.774351 1301863423.0
443348.462143 4636003.710439 1301863425.0
443370.120327 4636003.538205 1301863427.0
443390.694456 4636002.708448 1301863429.0
443418.153413 4636001.490951 1301863432.0
443441.732521 4636002.858156 1301863436.0
443463.898288 4636003.903554 1301863443.0
443486.559294 4636004.611989 1301863446.0
443506.646987 4636005.229872 1301863448.0
443528.973415 4636005.607993 1301863450.0
443553.617163 4636005.190579 1301863452.0
443578.840902 4636004.657621 1301863454.0
443602.993797 4636005.132540 1301863456.0
443626.234769 4636005.725793 1301863458.0
443649.392754 4636006.319778 1301863460.0
443672.627570 4636006.135991 1301863462.0
443696.362907 4636006.281426 1301863464.0
443720.341922 4636005.758809 1301863466.0
443743.490248 4636005.131800 1301863468.0
443765.223508 4636003.960867 1301863470.0
443785.633451 4636003.355616 1301863472.0
443811.191754 4636003.153943 1301863475.0
443833.689372 4636004.197874 1301863480.0
443856.234081 4636000.689103 1301863507.0
443862.624232 4635979.653278 1301863511.0
443864.245071 4635953.658511 1301863514.0
443865.355779 4635926.113287 1301863517.0
443865.917995 4635902.680651 1301863520.0
