445795.970565 4635227.970074 1303529150.0
445771.575639 4635228.710889 1303529159.0
445750.579093 4635228.870742 1303529162.0
445724.266937 4635228.515983 1303529165.0
445694.966279 4635228.073068 1303529168.0
445674.879236 4635227.782076 1303529170.0
445654.465310 4635228.159837 1303529172.0
445624.754774 4635228.386538 1303529175.0
445597.614395 4635228.260635 1303529178.0
445573.126311 4635227.670439 1303529181.0
445548.310502 4635227.637999 1303529185.0
445528.224293 4635227.458449 1303529190.0
445507.080439 4635230.062884 1303529216.0
445501.175875 4635250.205129 1303529221.0
445501.262753 4635272.411182 1303529225.0
445500.587437 4635292.624462 1303529228.0
445500.185727 4635316.055624 1303529231.0
445499.795912 4635341.041166 1303529234.0
445499.151190 4635365.251425 1303529237.0
445498.832483 4635388.681955 1303529240.0
445498.416351 4635410.225659 1303529243.0
445497.279665 4635435.216920 1303529247.0
445497.267440 4635455.314099 1303529251.0
445497.005404 4635475.302157 1303529264.0
445496.770554 4635498.843083 1303529269.0
445495.129178 4635522.949940 1303529272.0
445493.755465 4635549.497491 1303529275.0
445492.804341 4635577.041113 1303529278.0
445492.766074 4635604.577750 1303529281.0
445492.559289 4635631.782578 1303529284.0
445491.936732 4635658.879555 1303529287.0
445491.812942 4635686.083750 1303529290.0
445492.020245 4635713.174379 1303529293.0
445492.473953 4635739.930022 1303529296.0
445493.573691 4635764.349016 1303529299.0
445494.646237 4635785.215141 1303529304.0
445495.971977 4635806.634498 1303529310.0
445496.970026 4635828.611531 1303529313.0
445498.316992 4635852.806569 1303529316.0
445499.402261 4635875.338106 1303529319.0
445501.095586 4635901.418069 1303529323.0
445500.433968 4635923.407805 1303529327.0
445500.432813 4635944.948353 1303529331.0
445500.783975 4635969.151015 1303529335.0
445500.858158 4635989.691685 1303529339.0
445500.938289 4636011.009546 1303529345.0
445520.754060 4636019.518579 1303529358.0
445542.561965 4636017.242165 1303529366.0
445564.877952 4636016.294340 1303529371.0
445587.532654 4636016.232266 1303529375.0
445608.024758 4636015.520577 1303529378.0
445629.601554 4636015.577902 1303529381.0
445652.256255 4636015.516034 1303529384.0
445676.324176 4636015.776561 1303529387.0
445700.560595 4636016.368985 1303529390.0
445724.211065 4636016.299754 1303529393.0
445749.179929 4636014.999190 1303529396.0
445772.495940 4636014.599567 1303529399.0
445794.483409 4636014.099097 1303529402.0
445818.459894 4636013.250463 1303529405.0
445842.362688 4636013.623840 1303529408.0
445865.443262 4636015.002849 1303529411.0
445887.440011 4636015.723965 1303529415.0
445910.011719 4636015.663548 1303529419.0
445930.598622 4636016.506538 1303529422.0
445954.257505 4636017.548343 1303529425.0
445980.150132 4636017.685016 1303529428.0
446008.209523 4636019.026728 1303529431.0
446036.429816 4636019.701129 1303529434.0
446063.569667 4636020.161756 1303529437.0
446090.714554 4636021.288650 1303529440.0
446117.110083 4636022.088216 1303529443.0
446143.745312 4636021.664698 1303529446.0
446171.461813 4636021.566208 1303529449.0
446200.010639 4636021.794640 1303529452.0
446226.547799 4636019.373568 1303529455.0
446250.258593 4636016.307724 1303529458.0
446273.803443 4636013.243210 1303529462.0
446293.413036 4636005.545040 1303529484.0
446295.992358 4635984.429225 1303529489.0
446296.803130 4635959.884707 1303529493.0
446296.884651 4635937.677392 1303529496.0
446296.698811 4635913.029358 1303529499.0
446296.579213 4635886.160154 1303529502.0
446296.702705 4635858.511885 1303529505.0
446297.169852 4635832.415495 1303529508.0
446297.413167 4635809.651798 1303529511.0
446296.681608 4635789.671288 1303529528.0
446297.688523 4635769.122505 1303529534.0
446298.686238 4635747.352424 1303529537.0
446298.867509 4635727.365034 1303529539.0
446298.948220 4635705.046700 1303529541.0
446299.186533 4635681.616845 1303529543.0
446299.419828 4635657.520827 1303529545.0
446299.824956 4635634.200750 1303529547.0
446299.986990 4635611.659740 1303529549.0
446300.159907 4635590.562083 1303529551.0
446301.114147 4635563.018598 1303529554.0
446300.878835 4635542.812288 1303529557.0
446299.065100 4635522.395810 1303529564.0
