444272.486606 4635469.231374 1303852904.0
444265.582063 4635488.383231 1303852932.0
444272.400850 4635511.313916 1303852939.0
444277.636764 4635533.479751 1303852943.0
444278.305775 4635555.348210 1303852946.0
444277.252913 4635579.894954 1303852949.0
444278.969387 4635618.965487 1303852953.0
444278.970165 4635640.284006 1303852955.0
444276.531757 4635668.061578 1303852958.0
444287.128588 4635685.966196 1303852961.0
444313.371856 4635688.314770 1303852965.0
444338.120507 4635690.564085 1303852968.0
444358.399221 4635694.291842 1303852971.0
444381.975879 4635705.877317 1303852975.0
444400.726343 4635715.835029 1303852978.0
444419.513140 4635730.455932 1303852984.0
444430.928969 4635747.021959 1303852993.0
444447.620235 4635758.994468 1303853009.0
444468.753526 4635755.276595 1303853026.0
444492.895906 4635754.311186 1303853031.0
444512.774133 4635759.930076 1303853034.0
444534.812510 4635765.865302 1303853037.0
444559.399160 4635768.671811 1303853040.0
444582.295011 4635767.494338 1303853043.0
444602.332276 4635761.564712 1303853047.0
444623.625560 4635757.068818 1303853076.0
444643.082708 4635761.914106 1303853080.0
444664.080303 4635762.084056 1303853084.0
444686.130610 4635769.574130 1303853088.0
444703.308945 4635780.211040 1303853092.0
444708.654761 4635806.040440 1303853096.0
444705.343548 4635828.494992 1303853098.0
444704.051536 4635854.486956 1303853100.0
444702.618567 4635883.699999 1303853102.0
444700.947009 4635914.247303 1303853104.0
444699.089678 4635942.242272 1303853106.0
444697.876391 4635967.678461 1303853108.0
444697.290761 4635988.446354 1303853110.0
444698.038871 4636009.981129 1303853113.0
444723.593410 4636019.997880 1303853118.0
444744.926469 4636020.720621 1303853120.0
444769.499233 4636021.862439 1303853122.0
444795.760008 4636026.655377 1303853124.0
444824.745361 4636029.650762 1303853126.0
444856.208083 4636031.072609 1303853128.0
444887.497955 4636031.607661 1303853130.0
444916.955369 4636031.268751 1303853132.0
444945.576106 4636030.048159 1303853134.0
444973.464605 4636030.720915 1303853136.0
445001.935678 4636031.611349 1303853138.0
445029.914853 4636033.282930 1303853140.0
445057.223315 4636034.071524 1303853142.0
445085.186200 4636033.633805 1303853144.0
445113.901904 4636033.967631 1303853146.0
445143.781048 4636034.514679 1303853148.0
445174.745775 4636035.941767 1303853150.0
445206.614736 4636036.251695 1303853152.0
445238.390468 4636035.230076 1303853154.0
445268.836804 4636033.996748 1303853156.0
445298.618447 4636032.657620 1303853158.0
445328.648191 4636031.205680 1303853160.0
445357.767709 4636030.093950 1303853162.0
445384.319079 4636029.557201 1303853164.0
445407.810365 4636030.376410 1303853166.0
445427.892619 4636030.333545 1303853168.0
445449.149361 4636031.947248 1303853171.0
445469.169879 4636034.680816 1303853181.0
445495.216550 4636033.260074 1303853187.0
445520.761947 4636031.399127 1303853190.0
445542.176133 4636031.901566 1303853192.0
445566.421851 4636033.714832 1303853194.0
445593.814892 4636034.726903 1303853196.0
445622.698190 4636035.283567 1303853198.0
445651.825341 4636035.172285 1303853200.0
445680.535046 4636034.731204 1303853202.0
445708.988194 4636033.292892 1303853204.0
445737.603929 4636031.409320 1303853206.0
445766.062169 4636030.637400 1303853208.0
445794.279076 4636030.866732 1303853210.0
445821.663636 4636030.769407 1303853212.0
445847.389419 4636030.795832 1303853214.0
445872.284548 4636030.717630 1303853216.0
445895.778277 4636031.871529 1303853218.0
445918.763995 4636031.696960 1303853220.0
445940.757313 4636031.974131 1303853222.0
445963.340760 4636033.468263 1303853224.0
445985.007197 4636034.414253 1303853226.0
446006.083502 4636034.143412 1303853228.0
446034.036286 4636032.377092 1303853231.0
446058.001792 4636030.085911 1303853235.0
446082.596928 4636034.229991 1303853256.0
446104.861009 4636037.392492 1303853259.0
446133.196943 4636042.396708 1303853262.0
446156.516222 4636042.442450 1303853264.0
446181.070143 4636041.146536 1303853266.0
446203.201695 4636037.759366 1303853268.0
446229.627318 4636031.564008 1303853271.0
446248.998764 4636025.310947 1303853275.0
446271.285468 4636020.479383 1303853303.0
446291.247894 4636015.554382 1303853307.0
446297.283122 4635990.526335 1303853311.0
446297.637970 4635960.544613 1303853314.0
446297.454643 4635936.229659 1303853316.0
446296.834640 4635909.031128 1303853318.0
446295.706694 4635880.504025 1303853320.0
446294.665910 4635852.531434 1303853322.0
446293.806155 4635826.556082 1303853324.0
446294.182780 4635799.461074 1303853327.0
446298.514061 4635779.553427 1303853353.0
446300.902418 4635755.108058 1303853358.0
446299.794567 4635729.245614 1303853361.0
446300.649049 4635699.482205 1303853364.0
446302.485008 4635678.816143 1303853366.0
446307.080548 4635649.912805 1303853369.0
446308.407749 4635627.807146 1303853371.0
446309.959650 4635602.479826 1303853373.0
446311.422720 4635576.375942 1303853375.0
446311.576429 4635552.724663 1303853377.0
446310.223827 4635527.419237 1303853380.0
446311.386770 4635505.536888 1303853392.0
446336.207416 4635506.349167 1303853396.0
446364.120309 4635510.025117 1303853399.0
446388.290404 4635512.619009 1303853401.0
446413.612274 4635513.871917 1303853403.0
446438.590499 4635513.573032 1303853405.0
446462.584564 4635514.836099 1303853407.0
446486.491462 4635515.544734 1303853409.0
446510.809119 4635515.695198 1303853411.0
446535.291915 4635515.733472 1303853413.0
446558.446086 4635515.670764 1303853415.0
446582.509782 4635515.157178 1303853417.0
446607.323690 4635515.082183 1303853419.0
446631.644667 4635515.677168 1303853421.0
446654.301744 4635515.729529 1303853423.0
446681.355461 4635515.526987 1303853426.0
