446205.783576 4634698.121640 1302092510.0
446183.954674 4634698.175440 1302092512.0
446162.784711 4634697.558128 1302092515.0
446141.867927 4634697.494131 1302092520.0
446117.628766 4634697.122219 1302092523.0
446096.295317 4634696.839440 1302092525.0
446071.889315 4634696.357912 1302092527.0
446045.490552 4634695.780524 1302092529.0
446020.011473 4634696.084532 1302092531.0
445993.951420 4634696.393036 1302092534.0
445975.534119 4634708.524253 1302092541.0
445976.352979 4634728.948184 1302092544.0
445976.326226 4634758.261197 1302092547.0
445975.833147 4634780.804711 1302092549.0
445975.464319 4634808.787919 1302092552.0
445974.223455 4634831.226072 1302092557.0
445973.180581 4634857.881993 1302092561.0
445972.586364 4634888.975849 1302092564.0
445972.012849 4634911.853079 1302092566.0
445971.926356 4634933.283182 1302092568.0
445972.994197 4634953.705231 1302092571.0
445971.998989 4634975.697393 1302092577.0
445971.606631 4635000.571854 1302092580.0
445971.272853 4635022.225902 1302092582.0
445970.798353 4635047.212020 1302092584.0
445970.585464 4635073.861658 1302092586.0
445970.116026 4635099.513941 1302092588.0
445969.307417 4635135.161807 1302092591.0
445969.218426 4635156.258836 1302092593.0
445969.411248 4635181.684034 1302092596.0
445967.829272 4635202.903421 1302092617.0
445966.409078 4635223.566415 1302092630.0
445952.157879 4635237.664733 1302092635.0
445923.444962 4635238.104688 1302092639.0
445893.559223 4635237.110230 1302092642.0
445873.222408 4635236.709544 1302092644.0
445847.242256 4635236.351810 1302092647.0
445826.156834 4635235.734881 1302092650.0
445804.067923 4635234.126347 1302092655.0
445781.483594 4635232.854752 1302092671.0
445755.835379 4635232.494824 1302092674.0
445734.502653 4635232.102116 1302092676.0
445710.677678 4635231.395363 1302092678.0
445685.527391 4635231.031894 1302092680.0
445658.639385 4635231.347970 1302092682.0
445630.504831 4635231.451593 1302092684.0
445601.867248 4635230.892966 1302092686.0
445573.813135 4635230.663098 1302092688.0
445547.419673 4635230.531681 1302092690.0
445525.175723 4635230.368631 1302092692.0
445504.041220 4635234.194374 1302092696.0
445500.807638 4635256.314793 1302092702.0
445499.687893 4635283.526589 1302092705.0
445499.279389 4635306.069534 1302092707.0
445499.383264 4635330.496131 1302092709.0
445499.829289 4635356.252515 1302092711.0
445499.619048 4635383.013223 1302092713.0
445499.421553 4635411.439339 1302092715.0
445499.557713 4635440.084971 1302092717.0
445500.515256 4635467.613984 1302092719.0
445500.956184 4635492.704210 1302092721.0
445501.054970 4635516.464652 1302092723.0
445500.068134 4635539.345131 1302092725.0
445498.418265 4635562.341717 1302092727.0
445497.773587 4635586.551984 1302092729.0
445497.876637 4635610.867565 1302092731.0
445497.064299 4635634.857050 1302092733.0
445495.762552 4635659.960617 1302092735.0
445495.718335 4635686.720068 1302092737.0
445495.680916 4635714.367738 1302092739.0
445495.304767 4635741.129731 1302092741.0
445496.234279 4635764.994859 1302092743.0
445497.966441 4635785.300769 1302092745.0
445500.285426 4635806.379426 1302092751.0
445499.200382 4635827.262061 1302092755.0
445499.669358 4635856.016199 1302092758.0
445500.013723 4635879.330640 1302092760.0
445500.626575 4635905.196803 1302092762.0
445500.993876 4635931.508981 1302092764.0
445501.269700 4635956.711523 1302092766.0
445501.760488 4635977.471072 1302092768.0
445501.840615 4635998.788932 1302092771.0
445503.744629 4636019.870771 1302092784.0
445529.496796 4636023.337892 1302092789.0
445554.138779 4636022.705346 1302092792.0
445585.020463 4636024.134851 1302092795.0
445607.683619 4636025.183113 1302092797.0
445630.842110 4636025.894565 1302092799.0
445654.832099 4636026.821816 1302092801.0
445679.649351 4636027.409736 1302092803.0
445705.545350 4636027.989520 1302092805.0
445732.023056 4636028.675999 1302092807.0
445758.416083 4636029.141154 1302092809.0
445784.475491 4636029.386879 1302092811.0
445809.703397 4636029.416958 1302092813.0
445833.926241 4636028.233400 1302092815.0
445857.659645 4636028.163981 1302092817.0
445880.402339 4636028.768371 1302092819.0
445901.984138 4636029.492684 1302092821.0
445923.151026 4636030.220213 1302092823.0
445944.233243 4636030.726380 1302092825.0
445965.895480 4636031.117176 1302092827.0
445988.886250 4636031.608996 1302092829.0
446012.036245 4636031.211415 1302092831.0
446034.524918 4636031.152021 1302092833.0
446055.105869 4636031.218179 1302092835.0
446084.654641 4636031.993742 1302092838.0
446113.461617 4636033.441242 1302092841.0
446141.270290 4636034.563305 1302092844.0
446169.909600 4636035.790233 1302092847.0
446198.473466 4636038.017148 1302092850.0
446226.508412 4636036.139929 1302092853.0
446251.210730 4636032.511433 1302092856.0
446273.840224 4636029.120726 1302092860.0
446292.683689 4636018.874561 1302092868.0
446295.575673 4635995.202617 1302092871.0
446295.129998 4635969.113103 1302092874.0
446295.396836 4635938.465845 1302092877.0
446295.807772 4635915.922947 1302092879.0
446296.128196 4635892.381430 1302092881.0
446296.612078 4635868.505582 1302092883.0
446297.345752 4635844.738885 1302092885.0
446298.577333 4635820.968435 1302092887.0
446299.986609 4635798.751116 1302092889.0
446301.104257 4635770.873289 1302092892.0
446302.692078 4635750.320128 1302092895.0
446303.917842 4635725.772493 1302092898.0
446303.523385 4635695.463333 1302092901.0
446303.605788 4635673.367055 1302092903.0
446304.265742 4635650.822290 1302092905.0
446305.091673 4635628.276276 1302092907.0
446305.668654 4635605.732138 1302092909.0
446305.999192 4635583.522960 1302092911.0
446305.421068 4635561.875799 1302092913.0
446304.055055 4635534.793939 1302092916.0
446304.039422 4635510.699804 1302092943.0
446304.629808 4635489.932105 1302092946.0
446304.731618 4635459.397149 1302092949.0
446305.217267 4635435.743372 1302092951.0
446306.103637 4635410.199008 1302092953.0
446307.314437 4635383.652900 1302092955.0
446308.272936 4635356.664561 1302092957.0
446309.065466 4635329.677474 1302092959.0
446309.771668 4635302.246906 1302092961.0
446310.586807 4635278.257552 1302092963.0
446311.162187 4635255.491374 1302092967.0
