444360.713165 4635480.533406 1303945216.0
444336.146254 4635480.392225 1303945219.0
444312.008165 4635482.024320 1303945222.0
444289.509865 4635481.089892 1303945227.0
444278.356435 4635498.165321 1303945236.0
444278.202522 4635520.928487 1303945240.0
444276.594800 4635548.810589 1303945243.0
444275.268664 4635570.250520 1303945245.0
444274.732842 4635597.235968 1303945248.0
444275.731199 4635618.768750 1303945254.0
444278.227637 4635640.844984 1303945270.0
444278.011597 4635666.273458 1303945274.0
444277.357186 4635688.707443 1303945277.0
444277.036457 4635711.360888 1303945281.0
444287.155290 4635731.823027 1303945293.0
444311.225167 4635732.189978 1303945297.0
444336.196591 4635731.106523 1303945300.0
444360.683122 4635731.692452 1303945304.0
444381.436208 4635732.418650 1303945312.0
444409.077875 4635733.202179 1303945316.0
444431.167363 4635735.028432 1303945319.0
444452.084666 4635735.531486 1303945327.0
444476.087971 4635738.009158 1303945340.0
444496.171088 4635737.963674 1303945343.0
444522.561028 4635737.869125 1303945346.0
444550.276126 4635737.431255 1303945349.0
444578.492589 4635737.433729 1303945352.0
444601.726524 4635737.030927 1303945355.0
444622.307546 4635736.981927 1303945361.0
444642.883391 4635736.266823 1303945370.0
444669.109948 4635736.507188 1303945374.0
444689.141976 4635740.570899 1303945377.0
444700.921846 4635761.353810 1303945381.0
444700.132045 4635787.897042 1303945384.0
444699.808260 4635810.328404 1303945386.0
444699.501720 4635834.980310 1303945388.0
444699.362012 4635859.741957 1303945390.0
444699.047721 4635883.394620 1303945392.0
444698.644417 4635906.270738 1303945394.0
444698.320653 4635928.702104 1303945396.0
444697.994306 4635950.800389 1303945398.0
444697.883063 4635979.225938 1303945401.0
444697.316400 4636002.436430 1303945404.0
444709.975012 4636018.882210 1303945408.0
444738.781554 4636020.213126 1303945412.0
444759.195790 4636020.165801 1303945414.0
444782.842848 4636019.649336 1303945416.0
444809.478953 4636019.331855 1303945418.0
444837.528318 4636019.336629 1303945420.0
444866.317636 4636018.447515 1303945422.0
444895.354186 4636017.334538 1303945424.0
444924.638827 4636016.108726 1303945426.0
444954.423938 4636015.212269 1303945428.0
444984.709515 4636014.645172 1303945430.0
445015.665801 4636014.961297 1303945432.0
445046.957433 4636015.719104 1303945434.0
445077.835006 4636016.591276 1303945436.0
445108.375511 4636016.799976 1303945438.0
445139.166666 4636017.228944 1303945440.0
445171.033151 4636017.205632 1303945442.0
445203.149432 4636017.291574 1303945444.0
445234.850803 4636017.380851 1303945446.0
445266.302375 4636017.361155 1303945448.0
445298.339076 4636017.892274 1303945450.0
445330.539175 4636018.089180 1303945452.0
445362.489475 4636018.177115 1303945454.0
445392.035021 4636018.505697 1303945456.0
445418.014075 4636019.083799 1303945458.0
445439.594273 4636019.584658 1303945460.0
445460.588498 4636019.423867 1303945463.0
445484.907066 4636019.903894 1303945475.0
445508.483047 4636020.944855 1303945478.0
445528.732984 4636021.123060 1303945480.0
445552.133653 4636020.944134 1303945482.0
445577.865429 4636021.746777 1303945484.0
445606.085781 4636022.419473 1303945486.0
445636.045339 4636022.634872 1303945488.0
445667.662820 4636022.615681 1303945490.0
445699.031355 4636022.598529 1303945492.0
445730.152637 4636022.805466 1303945494.0
445761.940300 4636023.340566 1303945496.0
445793.645820 4636023.987466 1303945498.0
445825.270039 4636024.857192 1303945500.0
445856.646150 4636025.839979 1303945502.0
445887.106084 4636026.385730 1303945504.0
445916.068138 4636026.387817 1303945506.0
445942.870999 4636026.184341 1303945508.0
445966.684859 4636025.781574 1303945510.0
445993.991500 4636026.351705 1303945513.0
446017.727428 4636026.615901 1303945517.0
446037.898535 4636027.351318 1303945523.0
446058.903652 4636028.635644 1303945533.0
446082.562468 4636029.677875 1303945537.0
446107.622711 4636029.488211 1303945540.0
446135.751570 4636029.053361 1303945543.0
446163.551862 4636029.065240 1303945546.0
446192.260750 4636028.515196 1303945550.0
446212.555865 4636023.698493 1303945576.0
446235.931362 4636020.190999 1303945582.0
446258.729364 4636017.132072 1303945585.0
446282.259980 4636012.180124 1303945588.0
446295.459206 4635990.762154 1303945592.0
446295.272521 4635966.003090 1303945595.0
446295.193095 4635944.463190 1303945597.0
446295.178237 4635920.480067 1303945599.0
446295.234642 4635894.941938 1303945601.0
446295.128433 4635869.849170 1303945603.0
446295.287080 4635846.864043 1303945605.0
446295.169993 4635820.327924 1303945608.0
446295.348736 4635800.007450 1303945612.0
446294.334734 4635775.587732 1303945633.0
446294.136338 4635749.274296 1303945637.0
446295.440872 4635724.170898 1303945640.0
446296.697589 4635703.731266 1303945642.0
446298.021396 4635681.181495 1303945644.0
446299.004902 4635657.523956 1303945646.0
446299.728578 4635632.424941 1303945648.0
446300.443893 4635606.215657 1303945650.0
446302.167603 4635581.664274 1303945652.0
446303.915597 4635560.332678 1303945654.0
446304.742382 4635537.897694 1303945657.0
