444722.151982 4635492.042940 1302122879.0
444700.919286 4635493.762206 1302122888.0
444675.109362 4635493.851574 1302122891.0
444654.763663 4635492.233073 1302122893.0
444633.428146 4635491.399561 1302122895.0
444612.013088 4635491.010865 1302122897.0
444590.926522 4635490.175544 1302122899.0
444570.173627 4635489.559757 1302122901.0
444540.875617 4635489.343651 1302122904.0
444518.301314 4635489.297364 1302122907.0
444496.035602 4635486.250829 1302122915.0
444472.861334 4635483.766615 1302122919.0
444447.299459 4635483.743841 1302122922.0
444423.170025 4635486.485830 1302122925.0
444394.147816 4635489.710228 1302122928.0
444366.710196 4635493.921675 1302122931.0
444341.334277 4635496.451610 1302122934.0
444317.212731 4635500.193204 1302122938.0
444296.336394 4635505.019843 1302122947.0
444283.343378 4635520.333107 1302122956.0
444278.624308 4635543.020947 1302122963.0
444262.374941 4635555.805944 1302122978.0
444246.574020 4635541.051041 1302122989.0
444234.524451 4635560.243204 1302123000.0
444230.633690 4635582.702529 1302123008.0
444240.096764 4635604.169043 1302123012.0
444246.265988 4635639.540598 1302123016.0
444250.267545 4635663.048486 1302123018.0
444259.732196 4635684.737082 1302123024.0
444281.294739 4635714.658597 1302123029.0
444302.218554 4635726.597664 1302123032.0
444326.338778 4635733.404243 1302123035.0
444352.015710 4635737.644960 1302123038.0
444378.010676 4635740.106743 1302123041.0
444404.344493 4635743.454246 1302123044.0
444429.665147 4635744.589072 1302123047.0
444451.192752 4635748.862517 1302123051.0
444469.971352 4635741.165789 1302123063.0
444472.033639 4635718.276719 1302123066.0
444473.804578 4635689.949258 1302123069.0
444475.218591 4635669.063856 1302123071.0
444476.047388 4635647.627846 1302123073.0
444477.040433 4635625.968489 1302123075.0
444477.534704 4635604.201986 1302123077.0
444478.201875 4635583.322409 1302123079.0
444479.136096 4635554.113207 1302123082.0
444480.255340 4635527.345310 1302123085.0
444483.079334 4635506.337892 1302123088.0
444481.918218 4635485.139466 1302123094.0
444482.742744 4635463.148327 1302123097.0
444485.006552 4635434.150838 1302123100.0
444487.501246 4635413.479094 1302123102.0
444490.327046 4635392.693738 1302123104.0
444493.903222 4635372.346673 1302123106.0
444495.654528 4635352.124862 1302123108.0
444495.425294 4635322.702672 1302123111.0
444496.059694 4635297.604075 1302123114.0
444491.004994 4635277.324260 1302123122.0
444486.173283 4635253.711696 1302123133.0
444487.341076 4635233.161333 1302123137.0
444500.798410 4635213.403493 1302123142.0
444524.449873 4635213.108250 1302123145.0
444551.171126 4635212.678160 1302123148.0
444579.132058 4635211.572322 1302123151.0
444604.353441 4635210.376862 1302123154.0
444625.101103 4635210.215567 1302123157.0
444645.515077 4635209.834857 1302123161.0
444668.147379 4635206.550098 1302123175.0
444689.894387 4635206.825365 1302123178.0
444709.982439 4635207.224608 1302123180.0
444733.141143 4635207.600085 1302123182.0
444757.712406 4635208.186752 1302123184.0
444782.534357 4635208.993629 1302123186.0
444807.688263 4635209.798020 1302123188.0
444833.257975 4635210.710313 1302123190.0
444858.907231 4635211.177948 1302123192.0
444884.144966 4635212.092993 1302123194.0
444909.044720 4635212.233506 1302123196.0
444933.699791 4635212.931165 1302123198.0
444958.022894 4635213.631474 1302123200.0
444981.346673 4635213.895448 1302123202.0
445003.423877 4635213.947055 1302123204.0
445024.505193 4635214.006414 1302123206.0
445052.223183 4635213.681545 1302123209.0
445072.472879 4635213.525393 1302123212.0
445091.415277 4635226.814451 1302123233.0
445115.897446 4635226.625803 1302123236.0
445137.308114 4635226.349857 1302123238.0
445161.451484 4635225.275705 1302123240.0
445186.432452 4635225.194493 1302123242.0
445210.746934 4635224.785393 1302123244.0
445234.478777 4635224.158788 1302123246.0
445257.463710 4635223.538001 1302123248.0
445281.281961 4635223.355023 1302123250.0
445305.681996 4635223.278691 1302123252.0
445330.329299 4635222.978478 1302123254.0
445355.311969 4635223.119913 1302123256.0
445381.210086 4635223.587517 1302123258.0
445407.851708 4635223.605384 1302123260.0
445434.992971 4635223.841591 1302123262.0
445462.132531 4635223.855847 1302123264.0
445489.270389 4635223.648152 1302123266.0
445516.160975 4635223.664519 1302123268.0
445541.889693 4635223.689869 1302123270.0
445566.371009 4635223.391741 1302123272.0
445589.857289 4635223.212331 1302123274.0
445612.263846 4635222.930207 1302123276.0
445634.502728 4635222.427366 1302123278.0
445656.993124 4635222.255777 1302123280.0
445679.819714 4635222.636863 1302123282.0
445701.984070 4635223.245136 1302123284.0
445723.567488 4635223.857904 1302123286.0
445745.254185 4635227.134755 1302123288.0
445767.915614 4635227.628414 1302123290.0
445789.903824 4635226.905899 1302123292.0
445810.980832 4635226.412450 1302123294.0
445840.444086 4635226.410473 1302123297.0
445867.586139 4635226.759355 1302123300.0
445888.167737 4635226.602999 1302123304.0
