444707.081212 4635207.691259 1302743103.0
444682.458847 4635211.213414 1302743109.0
444652.175893 4635212.558952 1302743112.0
444626.539559 4635213.757468 1302743114.0
444596.836692 4635214.987700 1302743116.0
444566.461271 4635215.112950 1302743118.0
444538.317951 4635214.110614 1302743120.0
444515.982235 4635212.841090 1302743122.0
444494.309571 4635211.455436 1302743125.0
444480.830620 4635228.437610 1302743130.0
444484.002561 4635252.063103 1302743133.0
444484.207611 4635278.376531 1302743136.0
444484.703091 4635299.358071 1302743138.0
444485.381852 4635322.558861 1302743140.0
444485.507374 4635349.317047 1302743142.0
444485.236122 4635378.410037 1302743144.0
444485.946893 4635405.718835 1302743146.0
444486.042136 4635428.591074 1302743148.0
444485.713790 4635450.356276 1302743151.0
444473.085106 4635469.885633 1302743160.0
444446.574085 4635475.866090 1302743164.0
444420.519452 4635476.513457 1302743167.0
444398.784509 4635477.682373 1302743170.0
444374.397437 4635479.316199 1302743174.0
444348.347156 4635480.518967 1302743177.0
444322.716158 4635482.273722 1302743180.0
444301.467014 4635481.884663 1302743201.0
444285.238305 4635497.334256 1302743207.0
444272.691502 4635516.641273 1302743211.0
444256.742305 4635535.974936 1302743215.0
444232.728256 4635542.824930 1302743218.0
444210.975276 4635541.662850 1302743221.0
444185.493099 4635541.196259 1302743225.0
444154.796671 4635542.547177 1302743228.0
444127.328902 4635542.873598 1302743230.0
444098.265215 4635540.769900 1302743232.0
444069.274907 4635537.444370 1302743234.0
444042.849315 4635533.099505 1302743236.0
444020.498778 4635529.833053 1302743238.0
443994.286298 4635520.934296 1302743240.0
443976.036157 4635511.417839 1302743242.0
443953.324742 4635504.490311 1302743267.0
443930.244661 4635503.450561 1302743270.0
443909.285589 4635508.278990 1302743273.0
443878.193358 4635512.076964 1302743276.0
443852.228861 4635513.613976 1302743278.0
443816.518094 4635510.564512 1302743280.0
443794.745653 4635506.961103 1302743281.0
443773.889555 4635503.794665 1302743282.0
443754.032792 4635501.064533 1302743283.0
443733.512991 4635498.450727 1302743284.0
443710.741985 4635494.522359 1302743285.0
443689.138922 4635491.362069 1302743286.0
443668.948382 4635488.412743 1302743287.0
443632.480843 4635484.148807 1302743289.0
443601.328860 4635480.398142 1302743291.0
443575.907388 4635477.157391 1302743293.0
443551.569130 4635474.463319 1302743296.0
443530.708416 4635470.742454 1302743321.0
443507.066596 4635472.151276 1302743324.0
443485.993880 4635473.095659 1302743326.0
443460.091138 4635471.968788 1302743328.0
443432.354721 4635469.857264 1302743330.0
443405.038518 4635468.408714 1302743332.0
443380.045960 4635466.941800 1302743334.0
443356.798782 4635465.794198 1302743336.0
443335.045377 4635464.634789 1302743338.0
443307.650557 4635463.742408 1302743341.0
443285.227044 4635461.811245 1302743363.0
443262.481293 4635461.104094 1302743367.0
443234.015566 4635461.219834 1302743370.0
443211.517884 4635460.399836 1302743372.0
443183.693916 4635457.734804 1302743375.0
443158.454069 4635456.492707 1302743379.0
443131.563315 4635456.374220 1302743382.0
443110.479942 4635455.987387 1302743384.0
443083.176904 4635456.205478 1302743387.0
443066.005918 4635467.668187 1302743391.0
443066.958671 4635493.420529 1302743395.0
443067.371791 4635513.958572 1302743397.0
443066.567612 4635537.948408 1302743399.0
443066.129108 4635566.154626 1302743401.0
443065.552147 4635597.804016 1302743403.0
443065.300926 4635628.673563 1302743405.0
443065.270271 4635655.988251 1302743407.0
443064.356520 4635676.647939 1302743409.0
443063.286567 4635698.530254 1302743414.0
443062.247685 4635724.298524 1302743434.0
443060.708242 4635749.737693 1302743437.0
443059.971142 4635771.728385 1302743439.0
443059.034799 4635799.938594 1302743441.0
443057.875255 4635831.370586 1302743443.0
443057.719512 4635863.793864 1302743445.0
443057.804734 4635895.215908 1302743447.0
443057.871320 4635924.306381 1302743449.0
443058.235220 4635949.064137 1302743451.0
443059.145377 4635969.487187 1302743453.0
443059.641509 4635990.024581 1302743457.0
443067.681857 4636009.613394 1302743477.0
443091.655530 4636008.422496 1302743480.0
443112.644535 4636007.588621 1302743482.0
443136.702974 4636006.619267 1302743484.0
443162.842159 4636006.410630 1302743486.0
443190.149284 4636006.970014 1302743488.0
443215.377439 4636006.990905 1302743490.0
443241.166999 4636004.564657 1302743493.0
443262.749277 4636005.280977 1302743512.0
443285.193193 4636009.987737 1302743515.0
443314.461878 4636017.194037 1302743518.0
443340.379453 4636020.429878 1302743520.0
443370.662351 4636019.522835 1302743522.0
443399.028742 4636017.631843 1302743524.0
443422.246771 4636015.337720 1302743526.0
443445.371254 4636011.712005 1302743529.0
443469.691867 4636012.407208 1302743533.0
443497.431447 4636015.185023 1302743536.0
443521.430678 4636017.215363 1302743538.0
443550.561539 4636017.539598 1302743540.0
443583.010771 4636017.726632 1302743542.0
443617.441882 4636016.676748 1302743544.0
443652.287029 4636015.512721 1302743546.0
443685.811505 4636015.247580 1302743548.0
443719.170895 4636015.094935 1302743550.0
443751.531877 4636014.617229 1302743552.0
443780.405013 4636013.834097 1302743554.0
443805.454878 4636012.304006 1302743556.0
443831.973903 4636007.653461 1302743559.0
