446816.246213 4636508.600440 1302868966.0
446808.292289 4636488.007622 1302868984.0
446797.922069 4636466.100462 1302868988.0
446793.626457 4636446.479632 1302868991.0
446789.215493 4636422.529362 1302868994.0
446795.225540 4636393.948862 1302868997.0
446797.144021 4636373.060242 1302868999.0
446796.737497 4636351.966925 1302869001.0
446798.822781 4636331.188094 1302869003.0
446800.494020 4636310.523391 1302869005.0
446801.328028 4636288.865643 1302869007.0
446803.311296 4636265.533809 1302869009.0
446805.287116 4636241.202732 1302869011.0
446805.608353 4636217.550215 1302869013.0
446808.087876 4636193.992613 1302869015.0
446810.490242 4636171.212822 1302869017.0
446812.315086 4636148.881480 1302869019.0
446812.076228 4636128.008985 1302869021.0
446811.534536 4636099.921582 1302869024.0
446811.991095 4636072.159825 1302869027.0
446813.288245 4636045.835226 1302869030.0
446813.858476 4636022.180858 1302869034.0
446801.194840 4636004.399060 1302869045.0
446777.055621 4636005.689733 1302869048.0
446747.191541 4636007.134323 1302869051.0
446722.328762 4636011.539527 1302869053.0
446698.629409 4636016.158179 1302869055.0
446674.919278 4636019.333556 1302869057.0
446650.622480 4636021.736173 1302869059.0
446626.229403 4636022.363060 1302869061.0
446600.921874 4636022.774820 1302869063.0
446574.951332 4636023.302676 1302869065.0
446548.894478 4636023.387141 1302869067.0
446522.925605 4636024.137241 1302869069.0
446497.283657 4636024.218779 1302869071.0
446470.972853 4636023.639236 1302869073.0
446444.167496 4636023.507642 1302869075.0
446418.273257 4636023.147228 1302869077.0
446393.294312 4636023.113120 1302869079.0
446368.810743 4636022.742268 1302869081.0
446289.229093 4635967.936230 1302869097.0
446290.829478 4635938.056150 1302869100.0
446291.327568 4635916.067762 1302869102.0
446292.065401 4635892.856198 1302869104.0
446292.305345 4635869.648390 1302869106.0
446292.552826 4635847.439827 1302869108.0
446293.060980 4635826.783767 1302869110.0
446294.362141 4635801.236257 1302869113.0
446295.777269 4635779.796127 1302869117.0
446297.239398 4635753.581206 1302869129.0
446297.622743 4635727.374418 1302869132.0
446297.794805 4635706.165730 1302869134.0
446297.950129 4635682.736501 1302869136.0
446298.341857 4635657.639988 1302869138.0
446298.813226 4635632.098742 1302869140.0
446299.780006 4635606.220662 1302869142.0
446300.335212 4635580.789819 1302869144.0
446300.491394 4635557.471621 1302869146.0
446301.087622 4635537.481110 1302869148.0
446301.581617 4635514.937601 1302869151.0
446285.878780 4635501.620943 1302869156.0
446265.217512 4635502.109865 1302869159.0
446237.746280 4635501.984038 1302869162.0
446216.748037 4635501.809443 1302869164.0
446194.008741 4635501.870127 1302869166.0
446170.272759 4635501.827381 1302869168.0
446146.538455 4635502.006769 1302869170.0
446122.219043 4635501.635493 1302869172.0
446097.234049 4635501.047271 1302869174.0
446072.334559 4635500.791588 1302869176.0
446047.513848 4635499.980229 1302869178.0
446022.689764 4635498.724847 1302869180.0
445997.781000 4635497.248127 1302869182.0
445972.210011 4635495.998584 1302869184.0
445946.888816 4635494.858270 1302869186.0
445921.487152 4635494.051757 1302869188.0
445895.922036 4635493.579677 1302869190.0
445870.604190 4635492.883742 1302869192.0
445845.288869 4635492.520979 1302869194.0
445821.052378 4635492.150100 1302869196.0
445798.312188 4635492.101020 1302869198.0
445769.262431 4635491.766942 1302869201.0
445744.456011 4635492.844099 1302869204.0
445724.206281 4635492.887321 1302869207.0
445699.625134 4635490.853978 1302869214.0
445676.287935 4635488.700200 1302869217.0
445646.153385 4635487.597660 1302869220.0
445622.499461 4635487.445079 1302869222.0
445598.598269 4635487.516532 1302869224.0
445574.364279 4635487.479574 1302869226.0
445550.877173 4635487.436989 1302869228.0
445528.135253 4635487.166717 1302869230.0
445505.229054 4635487.119841 1302869232.0
445482.074741 4635487.185971 1302869234.0
445460.412500 4635487.018686 1302869236.0
445432.020627 4635485.903710 1302869239.0
445405.793223 4635485.660527 1302869242.0
445384.462920 4635485.490929 1302869245.0
445363.462861 4635485.096794 1302869248.0
445337.983185 4635484.959160 1302869251.0
445308.272003 4635484.965137 1302869254.0
445279.388134 4635484.631782 1302869257.0
445250.753223 4635484.296630 1302869260.0
445222.368123 4635484.070707 1302869263.0
445195.059292 4635483.503514 1302869266.0
445166.671619 4635482.944731 1302869269.0
445145.344710 4635483.219957 1302869271.0
445122.771280 4635483.282782 1302869273.0
445098.952182 4635483.244244 1302869275.0
445074.879840 4635482.652570 1302869277.0
445051.722067 4635482.275990 1302869279.0
445031.305445 4635482.211435 1302869281.0
445010.553445 4635481.705392 1302869284.0
444990.218093 4635481.418259 1302869289.0
444970.032416 4635479.020387 1302869294.0
444944.626236 4635477.662220 1302869299.0
444924.463708 4635478.262209 1302869305.0
444902.816853 4635480.095108 1302869317.0
444878.497229 4635479.728077 1302869323.0
444853.434150 4635479.811019 1302869326.0
444833.019230 4635479.969086 1302869328.0
444811.526333 4635480.246597 1302869330.0
444790.863311 4635480.517741 1302869332.0
444763.225897 4635480.398885 1302869335.0
444740.153654 4635480.355756 1302869338.0
