446315.222964 4635078.473602 1303906860.0
446316.193274 4635053.039656 1303906882.0
446317.337944 4635028.714731 1303906885.0
446317.259482 4635007.285890 1303906887.0
446317.331948 4634983.857312 1303906889.0
446317.065752 4634959.543020 1303906891.0
446316.968052 4634935.560560 1303906893.0
446317.286997 4634911.797028 1303906895.0
446316.437334 4634887.154035 1303906897.0
446315.914627 4634861.842380 1303906899.0
446315.799363 4634835.528356 1303906901.0
446315.680754 4634808.770225 1303906903.0
446315.721446 4634781.122629 1303906905.0
446315.690857 4634755.030037 1303906907.0
446316.447385 4634734.261114 1303906909.0
446319.354294 4634712.476691 1303906913.0
446297.172692 4634698.764675 1303906920.0
446269.288407 4634699.307987 1303906923.0
446244.652711 4634701.381365 1303906925.0
446217.923682 4634701.027897 1303906927.0
446192.102578 4634700.001472 1303906929.0
446170.935976 4634699.828244 1303906931.0
446149.019887 4634699.327642 1303906936.0
446124.786609 4634699.732895 1303906940.0
446096.319674 4634700.059223 1303906943.0
446074.660128 4634700.556209 1303906945.0
446051.415245 4634699.954931 1303906947.0
446028.835170 4634699.459726 1303906949.0
446001.850389 4634698.220738 1303906952.0
445981.477871 4634704.259923 1303906959.0
445980.767766 4634731.024347 1303906963.0
445980.593185 4634751.788911 1303906965.0
445980.019622 4634774.666134 1303906967.0
445979.514750 4634795.655271 1303906969.0
445978.341712 4634816.094306 1303906972.0
445977.520024 4634839.084447 1303906977.0
445976.873592 4634863.294627 1303906980.0
445976.433563 4634892.832847 1303906983.0
445975.816609 4634920.928975 1303906986.0
445976.067973 4634943.133750 1303906989.0
445974.733204 4634964.129185 1303906998.0
445973.736309 4634985.899293 1303907001.0
445973.809068 4635006.439924 1303907003.0
445973.660633 4635030.646335 1303907005.0
445973.112395 4635056.854381 1303907007.0
445972.730147 4635083.061169 1303907009.0
445972.336959 4635107.824606 1303907011.0
445971.765163 4635130.923898 1303907013.0
445970.516814 4635152.362819 1303907015.0
445968.396833 4635179.248991 1303907018.0
445968.478040 4635200.899898 1303907022.0
445965.900188 4635222.126840 1303907028.0
445944.322262 4635233.171810 1303907033.0
445919.843515 4635233.801720 1303907036.0
445898.763997 4635233.961766 1303907038.0
445876.107665 4635234.133854 1303907040.0
445854.110191 4635233.634805 1303907042.0
445825.803766 4635232.961728 1303907045.0
445803.717381 4635231.686276 1303907050.0
445779.551158 4635229.760521 1303907073.0
445752.227908 4635227.414751 1303907076.0
445730.712272 4635224.802776 1303907078.0
445706.713675 4635223.098057 1303907080.0
445682.219663 4635221.730296 1303907082.0
445657.977152 4635220.693801 1303907084.0
445634.490866 4635220.872987 1303907086.0
445609.925705 4635221.060487 1303907088.0
445583.695647 4635220.594586 1303907090.0
445557.545181 4635219.684040 1303907092.0
445534.300220 4635218.862410 1303907094.0
445510.901161 4635219.596504 1303907097.0
445499.764797 4635239.334632 1303907105.0
445498.434054 4635260.663261 1303907109.0
445497.892698 4635287.537532 1303907112.0
445497.502038 4635312.412046 1303907114.0
445497.471370 4635340.947916 1303907116.0
445497.265384 4635368.263760 1303907118.0
445496.713857 4635393.805710 1303907120.0
445495.908276 4635418.683403 1303907122.0
445495.604027 4635444.001396 1303907124.0
445495.387017 4635469.873891 1303907126.0
445495.341933 4635496.522308 1303907128.0
445493.973308 4635523.736020 1303907130.0
445493.365168 4635552.720453 1303907132.0
445493.004296 4635581.480928 1303907134.0
445492.642580 4635610.130378 1303907136.0
445492.356209 4635637.779950 1303907138.0
445492.639695 4635663.981724 1303907140.0
445492.594640 4635690.630148 1303907142.0
445492.132966 4635717.059695 1303907144.0
445491.416397 4635742.713957 1303907146.0
445491.759086 4635765.806340 1303907148.0
445493.621822 4635792.329136 1303907151.0
445495.108434 4635813.081059 1303907156.0
445495.277501 4635835.175470 1303907160.0
445494.449923 4635857.166474 1303907163.0
445495.022014 4635877.703330 1303907165.0
445496.450266 4635901.675681 1303907167.0
445497.472094 4635926.761479 1303907169.0
445498.310963 4635949.628004 1303907171.0
445499.253199 4635975.158549 1303907174.0
445500.078467 4635996.248640 1303907178.0
