446316.194627 4636572.754759 1302561808.0
446288.717479 4636571.296446 1302561830.0
446260.913445 4636570.506907 1302561833.0
446240.585503 4636570.771371 1302561835.0
446220.259237 4636571.257947 1302561837.0
446199.513906 4636571.192579 1302561839.0
446178.181039 4636570.243443 1302561841.0
446157.269753 4636570.179453 1302561843.0
446130.882981 4636570.267975 1302561846.0
446110.643051 4636571.198346 1302561855.0
446090.565714 4636571.683409 1302561858.0
446063.924133 4636570.996873 1302561861.0
446040.433058 4636569.953462 1302561864.0
446017.432247 4636567.907109 1302561872.0
445993.614306 4636567.532532 1302561876.0
445968.552583 4636567.278506 1302561879.0
445944.572898 4636567.460489 1302561883.0
445922.419500 4636567.739718 1302561898.0
445899.184901 4636567.694128 1302561901.0
445878.271904 4636567.408902 1302561903.0
445855.448798 4636566.916193 1302561905.0
445832.543557 4636566.535215 1302561907.0
445808.809411 4636566.271653 1302561909.0
445784.993977 4636566.230855 1302561911.0
445762.008288 4636566.183818 1302561913.0
445741.677789 4636566.116624 1302561915.0
445717.115578 4636566.081744 1302561918.0
445694.457551 4636565.477258 1302561925.0
445670.471922 4636564.882973 1302561929.0
445641.675447 4636564.547557 1302561932.0
445620.427975 4636563.932539 1302561934.0
445598.849448 4636563.431148 1302561936.0
445577.022840 4636563.042752 1302561938.0
445555.447700 4636562.985601 1302561940.0
445527.398826 4636562.755965 1302561943.0
445506.066659 4636561.919869 1302561948.0
445479.673872 4636561.233612 1302561955.0
445452.190500 4636559.001334 1302561958.0
445430.946388 4636558.830990 1302561960.0
445409.043583 4636559.331963 1302561962.0
445386.802920 4636559.058358 1302561964.0
445365.640926 4636558.776546 1302561966.0
445344.644028 4636558.382495 1302561968.0
445317.509544 4636558.368735 1302561971.0
445295.516941 4636557.982476 1302561976.0
445271.868250 4636558.053147 1302561990.0
445247.468516 4636557.574501 1302561993.0
445227.385179 4636557.284807 1302561995.0
445205.393417 4636557.009853 1302561997.0
445182.570194 4636556.519299 1302561999.0
445159.416777 4636556.253429 1302562001.0
445136.178672 4636555.766219 1302562003.0
445112.690781 4636555.169977 1302562005.0
445088.788011 4636554.577010 1302562007.0
445064.721854 4636554.318486 1302562009.0
445040.655695 4636554.060043 1302562011.0
445016.671650 4636553.690014 1302562013.0
444993.017786 4636553.095447 1302562015.0
444969.447749 4636552.611344 1302562017.0
444946.959816 4636552.563090 1302562019.0
444921.068190 4636552.319163 1302562022.0
444897.579398 4636551.612602 1302562026.0
444875.829638 4636550.448521 1302562033.0
444852.758288 4636550.071978 1302562036.0
444821.971118 4636549.866325 1302562039.0
444799.814206 4636549.704936 1302562041.0
444777.904496 4636549.319631 1302562043.0
444750.185668 4636548.868427 1302562046.0
444727.944911 4636548.596878 1302562050.0
444705.870963 4636548.435138 1302562062.0
444681.125425 4636546.184572 1302562066.0
444670.607756 4636527.501529 1302562070.0
444671.475958 4636500.402480 1302562074.0
444671.602561 4636473.975397 1302562077.0
444671.289271 4636444.331747 1302562080.0
444670.315620 4636415.137364 1302562083.0
444670.870914 4636390.483499 1302562086.0
444671.702749 4636369.380575 1302562090.0
444671.583023 4636343.288513 1302562095.0
444671.502976 4636322.303709 1302562098.0
444671.403955 4636298.876305 1302562101.0
444671.954097 4636273.556280 1302562104.0
444672.416092 4636247.570738 1302562107.0
444672.872918 4636220.919033 1302562110.0
444673.582137 4636194.709504 1302562113.0
444674.022588 4636165.948284 1302562116.0
444673.543368 4636136.305937 1302562119.0
444673.042402 4636114.547171 1302562121.0
444672.461905 4636093.233160 1302562123.0
444670.749183 4636065.043840 1302562126.0
444668.398478 4636040.190496 1302562130.0
444649.230885 4636029.791202 1302562135.0
444627.623000 4636025.739866 1302562138.0
444599.887435 4636023.401764 1302562141.0
444572.881400 4636018.837413 1302562144.0
444543.000376 4636018.070704 1302562147.0
444516.285604 4636018.944964 1302562150.0
444494.133940 4636019.672729 1302562153.0
444482.949451 4636000.773085 1302562165.0
444482.626848 4635980.678447 1302562167.0
444481.665389 4635953.149512 1302562170.0
444480.343536 4635932.618529 1302562173.0
444486.302502 4635909.254947 1302562180.0
444493.207198 4635890.103293 1302562184.0
444496.596367 4635867.092850 1302562188.0
444492.573227 4635840.698117 1302562192.0
444489.429215 4635820.625472 1302562195.0
444487.775434 4635800.097078 1302562199.0
444485.622876 4635779.461538 1302562206.0
444485.202592 4635757.480091 1302562209.0
444488.216609 4635728.920877 1302562212.0
444489.985013 4635700.260339 1302562215.0
444490.308150 4635677.828965 1302562218.0
444489.395162 4635656.517565 1302562223.0
