443062.019353 4635498.456549 1301967625.0
443061.246250 4635526.332338 1301967628.0
443060.695492 4635550.875321 1301967630.0
443060.250801 4635578.304350 1301967632.0
443059.885553 4635605.288607 1301967634.0
443059.923702 4635630.826196 1301967636.0
443060.175311 4635651.920706 1301967638.0
443061.021130 4635674.675982 1301967641.0
443061.111204 4635696.326956 1301967647.0
443060.806767 4635720.534874 1301967651.0
443060.302640 4635740.525085 1301967653.0
443059.744821 4635764.179859 1301967655.0
443059.359189 4635788.610498 1301967657.0
443058.640739 4635812.932764 1301967659.0
443058.092701 4635837.808840 1301967661.0
443058.214748 4635863.456802 1301967663.0
443058.753487 4635889.323502 1301967665.0
443058.783677 4635913.861856 1301967667.0
443058.220566 4635936.850473 1301967669.0
443057.806560 4635957.728246 1301967671.0
443057.740463 4635980.601856 1301967674.0
443058.978996 4636000.578144 1301967693.0
443081.925398 4636005.835421 1301967698.0
443110.063240 4636006.498894 1301967701.0
443133.305163 4636007.201566 1301967703.0
443159.860140 4636007.100633 1301967705.0
443186.414230 4636006.888772 1301967707.0
443209.980099 4636006.589801 1301967709.0
443236.181912 4636003.827144 1301967712.0
443259.675422 4636004.861326 1301967737.0
443285.740468 4636005.764074 1301967740.0
443309.557935 4636005.796532 1301967742.0
443336.115558 4636006.029338 1301967744.0
443364.830696 4636006.245088 1301967746.0
443393.208610 4636005.797427 1301967748.0
443418.511799 4636004.819133 1301967750.0
443438.591566 4636004.437578 1301967752.0
443459.753618 4636004.491626 1301967757.0
443487.729845 4636005.713045 1301967761.0
443509.892072 4636006.314477 1301967763.0
443536.288110 4636007.104482 1301967765.0
443565.586733 4636007.649517 1301967767.0
443595.712526 4636007.855020 1301967769.0
443625.089725 4636007.844506 1301967771.0
443653.390797 4636008.175730 1301967773.0
443680.862051 4636008.513627 1301967775.0
443707.583834 4636008.524451 1301967777.0
443732.894931 4636008.546520 1301967779.0
443757.212878 4636008.909623 1301967781.0
443780.534169 4636009.169642 1301967783.0
443801.858645 4636008.779287 1301967785.0
443826.649955 4636006.029935 1301967788.0
443847.477428 4636005.754671 1301967810.0
443861.123712 4635989.325077 1301967818.0
443862.488596 4635962.444053 1301967821.0
443864.400388 4635941.776632 1301967823.0
443868.635702 4635921.090902 1301967826.0
443873.353190 4635898.402761 1301967832.0
443871.577914 4635873.212001 1301967835.0
443870.818551 4635850.567021 1301967837.0
443871.530142 4635825.023563 1301967839.0
443874.318961 4635799.796841 1301967841.0
443877.541968 4635777.009451 1301967843.0
443878.813493 4635748.796767 1301967846.0
443891.927466 4635727.930078 1301967850.0
443919.308920 4635727.270314 1301967854.0
443948.598152 4635726.484609 1301967857.0
443973.489198 4635725.733617 1301967859.0
443999.139331 4635726.531221 1301967861.0
444023.623309 4635726.782911 1301967863.0
444046.285108 4635727.493134 1301967865.0
444074.147042 4635724.609510 1301967868.0
444097.810756 4635726.089270 1301967875.0
444125.900516 4635731.087478 1301967879.0
444156.374156 4635733.180221 1301967882.0
444178.793921 4635734.781036 1301967884.0
444204.108568 4635735.137869 1301967886.0
444227.923404 4635734.729298 1301967888.0
444253.632115 4635732.418406 1301967891.0
444277.833221 4635728.342857 1301967908.0
444301.085418 4635730.270646 1301967911.0
444322.088339 4635731.105752 1301967913.0
444343.670411 4635731.714326 1301967915.0
444364.997454 4635731.547720 1301967917.0
444385.908707 4635731.273390 1301967919.0
444407.570288 4635731.437401 1301967921.0
444429.564672 4635731.709916 1301967923.0
444450.052342 4635730.328739 1301967925.0
444473.029558 4635728.928215 1301967928.0
444482.579536 4635708.423530 1301967934.0
444481.822112 4635685.778510 1301967937.0
444482.068298 4635664.124973 1301967939.0
444482.367186 4635638.584839 1301967941.0
444483.551235 4635609.484722 1301967943.0
444483.901972 4635579.946966 1301967945.0
444483.679596 4635551.412982 1301967947.0
444483.643961 4635525.542358 1301967949.0
444483.397438 4635504.558871 1301967951.0
444484.553916 4635482.565145 1301967955.0
444485.878973 4635460.903209 1301967963.0
444484.405735 4635431.601741 1301967966.0
444483.905927 4635410.065061 1301967968.0
444483.299768 4635385.531296 1301967970.0
444483.086921 4635358.218619 1301967972.0
444482.952737 4635330.350162 1301967974.0
444482.921445 4635305.034682 1301967976.0
444483.157294 4635282.048834 1301967978.0
444482.112822 4635254.520575 1301967981.0
444476.233342 4635234.913401 1301967999.0
444483.473269 4635216.092258 1301968017.0
444488.011678 4635191.407378 1301968022.0
444511.383111 4635187.117057 1301968026.0
444542.368112 4635190.650946 1301968029.0
444569.096360 4635191.109140 1301968031.0
444595.992311 4635191.788197 1301968033.0
444621.227575 4635192.369231 1301968035.0
444648.452889 4635192.712825 1301968038.0
444669.126233 4635193.662575 1301968044.0
444696.224338 4635199.003860 1301968050.0
444725.301257 4635202.664387 1301968053.0
444751.124287 4635204.129590 1301968055.0
444780.261769 4635204.902993 1301968057.0
444812.051504 4635205.211834 1301968059.0
444845.580600 4635205.063216 1301968061.0
444879.605061 4635204.577822 1301968063.0
444913.880213 4635204.312720 1301968065.0
444947.907251 4635204.160733 1301968067.0
444980.775848 4635204.461991 1301968069.0
445012.480856 4635204.550313 1301968071.0
445042.776733 4635204.871713 1301968073.0
445071.577916 4635205.093733 1301968075.0
445099.719449 4635205.876120 1301968077.0
445127.446020 4635206.661815 1301968079.0
445154.008151 4635207.123481 1301968081.0
445179.657379 4635207.592270 1301968083.0
445205.311727 4635208.727314 1301968085.0
445231.795116 4635209.745044 1301968087.0
445259.191393 4635210.755857 1301968089.0
445287.166036 4635211.429233 1301968091.0
445315.806301 4635212.319676 1301968093.0
445344.528695 4635213.098571 1301968095.0
445373.499201 4635213.764646 1301968097.0
445402.633129 4635214.096485 1301968099.0
445431.518930 4635214.541377 1301968101.0
445459.656961 4635214.881078 1301968103.0
445486.882942 4635215.338901 1301968105.0
445513.772710 4635215.244232 1301968107.0
445540.913995 4635215.480843 1301968109.0
445569.053706 4635216.043029 1301968111.0
445598.188449 4635216.486695 1301968113.0
445627.072520 4635216.710326 1301968115.0
445654.460218 4635216.612387 1301968117.0
445679.439499 4635216.310850 1301968119.0
445701.100009 4635216.145728 1301968121.0
445729.152475 4635216.154044 1301968124.0
445753.143479 4635216.859595 1301968127.0
445777.221693 4635218.119731 1301968130.0
445803.548239 4635220.362146 1301968133.0
445833.608490 4635222.465235 1301968136.0
445854.778628 4635223.303610 1301968138.0
445876.112211 4635223.807705 1301968140.0
445896.195875 4635223.655155 1301968142.0
445920.767761 4635224.356859 1301968145.0
445943.858450 4635226.735388 1301968149.0
445966.041283 4635229.787078 1301968171.0
445974.324198 4635249.488217 1301968175.0
445973.703108 4635277.029226 1301968178.0
445972.476682 4635301.354857 1301968180.0
445971.423822 4635326.678473 1301968182.0
445970.787601 4635352.220998 1301968184.0
445970.148018 4635377.319416 1301968186.0
445969.507599 4635402.306808 1301968188.0
445968.614855 4635426.851981 1301968190.0
445967.786581 4635448.953929 1301968192.0
445966.129281 4635471.173199 1301968195.0
445972.171277 4635490.891336 1301968217.0
446000.242841 4635493.565360 1301968221.0
446021.816146 4635492.957726 1301968223.0
446046.051771 4635493.218260 1301968225.0
446072.118154 4635494.131218 1301968227.0
446099.012721 4635494.815938 1301968229.0
446125.231627 4635493.951400 1301968231.0
446147.625574 4635492.116573 1301968233.0
446170.914773 4635487.943348 1301968236.0
446191.008587 4635489.234975 1301968244.0
