444145.502024 4635743.702664 1303435334.0
444171.182519 4635748.386839 1303435338.0
444198.075562 4635748.953348 1303435341.0
444227.706216 4635749.387489 1303435344.0
444248.705617 4635749.778269 1303435346.0
444271.777887 4635749.930826 1303435348.0
444296.336928 4635749.183558 1303435350.0
444321.226174 4635748.211726 1303435352.0
444347.024785 4635746.788740 1303435354.0
444371.748942 4635745.929408 1303435356.0
444396.143765 4635745.405835 1303435358.0
444416.731703 4635746.244458 1303435360.0
444440.830095 4635750.275744 1303435365.0
444454.536108 4635730.626876 1303435374.0
444453.428474 4635705.652874 1303435377.0
444453.180990 4635684.558354 1303435379.0
444454.403866 4635660.454452 1303435381.0
444457.689276 4635634.779994 1303435383.0
444461.387045 4635608.769223 1303435385.0
444464.835019 4635582.649368 1303435387.0
444466.873113 4635556.651541 1303435389.0
444468.426286 4635532.323005 1303435391.0
444471.291688 4635505.985632 1303435394.0
444477.509498 4635483.841419 1303435401.0
444481.039725 4635457.609905 1303435405.0
444483.912133 4635432.160757 1303435408.0
444487.830536 4635402.484173 1303435411.0
444491.060038 4635380.252232 1303435413.0
444494.205708 4635357.909912 1303435415.0
444495.766820 4635334.580635 1303435417.0
444497.330539 4635311.584441 1303435419.0
444498.944391 4635284.368571 1303435422.0
444490.822520 4635264.556788 1303435445.0
444485.355428 4635244.613293 1303435461.0
444486.416871 4635221.065844 1303435468.0
444508.763780 4635213.119379 1303435473.0
444536.821527 4635213.789162 1303435476.0
444561.223360 4635213.932335 1303435478.0
444586.704931 4635214.178228 1303435480.0
444611.352278 4635213.875528 1303435482.0
444641.472691 4635212.975214 1303435485.0
444664.539770 4635212.240842 1303435489.0
444691.599883 4635212.696916 1303435493.0
444722.981533 4635213.896798 1303435496.0
444749.292134 4635214.025805 1303435498.0
444777.844338 4635214.248568 1303435500.0
444808.226633 4635215.012436 1303435502.0
444839.765628 4635215.101275 1303435504.0
444872.051536 4635215.184474 1303435506.0
444905.337619 4635215.815253 1303435508.0
444938.373865 4635216.337084 1303435510.0
444971.242407 4635216.638297 1303435512.0
445003.858543 4635216.497475 1303435514.0
445036.727076 4635216.798989 1303435516.0
445069.678594 4635217.100016 1303435518.0
445102.474392 4635218.734799 1303435520.0
445136.672461 4635219.248597 1303435522.0
445171.618290 4635219.867838 1303435524.0
445206.395568 4635220.155445 1303435526.0
445240.345495 4635220.782683 1303435528.0
445272.888841 4635221.976055 1303435530.0
445305.263635 4635222.837768 1303435532.0
445337.464771 4635222.701659 1303435534.0
445369.171369 4635223.013622 1303435536.0
445399.798235 4635223.222967 1303435538.0
445427.849843 4635223.119069 1303435540.0
445451.504660 4635223.271012 1303435542.0
445478.060738 4635222.956696 1303435545.0
445505.279043 4635222.415346 1303435548.0
445526.690567 4635222.251597 1303435550.0
445550.847564 4635222.955199 1303435552.0
445576.747352 4635223.645568 1303435554.0
445603.145076 4635224.332230 1303435556.0
445629.872212 4635224.683374 1303435558.0
445655.935422 4635225.039683 1303435560.0
445680.006012 4635225.300247 1303435562.0
445701.830782 4635224.911807 1303435564.0
445721.998284 4635224.869161 1303435566.0
445743.335261 4635225.816967 1303435568.0
445766.743608 4635226.304934 1303435570.0
445791.893057 4635226.557663 1303435572.0
445819.031738 4635226.462251 1303435574.0
445847.086687 4635226.804112 1303435576.0
445874.404841 4635228.484083 1303435578.0
445899.219782 4635228.406631 1303435580.0
445921.382404 4635228.793533 1303435582.0
445949.194258 4635229.914875 1303435585.0
445970.344988 4635228.199970 1303435613.0
445980.605343 4635245.998550 1303435617.0
445979.809830 4635272.430546 1303435620.0
445977.485996 4635294.321760 1303435622.0
445975.345837 4635318.543286 1303435624.0
445974.046531 4635344.201872 1303435626.0
445972.420334 4635370.529140 1303435628.0
445971.459741 4635397.073428 1303435630.0
445970.162996 4635423.065100 1303435632.0
445969.266044 4635447.055138 1303435634.0
445968.177861 4635467.715622 1303435636.0
445964.933702 4635488.614528 1303435640.0
445986.270200 4635500.555368 1303435652.0
446010.991103 4635499.146601 1303435655.0
446041.605784 4635497.915341 1303435658.0
446063.095249 4635497.197433 1303435660.0
446084.835360 4635496.699760 1303435662.0
446106.582192 4635497.090370 1303435664.0
446128.493316 4635497.257737 1303435666.0
446157.462539 4635497.926988 1303435669.0
446179.624296 4635498.314685 1303435672.0
