446004.731578 4635231.714405 1303494111.0
445983.070282 4635231.767578 1303494128.0
445958.832078 4635231.285195 1303494131.0
445930.111552 4635230.725879 1303494134.0
445909.360614 4635230.439266 1303494136.0
445888.530057 4635230.597452 1303494138.0
445860.229532 4635230.701428 1303494141.0
445835.329074 4635230.446566 1303494145.0
445815.159904 4635230.266837 1303494149.0
445795.068653 4635229.420372 1303494152.0
445769.170611 4635228.951263 1303494155.0
445739.034984 4635227.848321 1303494158.0
445717.286445 4635227.347798 1303494160.0
445696.040076 4635227.398681 1303494162.0
445675.541465 4635227.554960 1303494164.0
445645.735231 4635226.116800 1303494167.0
445625.067245 4635225.830381 1303494169.0
445604.318809 4635225.877737 1303494171.0
445576.260436 4635225.092724 1303494174.0
445551.188859 4635224.173959 1303494178.0
445528.029450 4635223.684797 1303494182.0
445503.792859 4635223.426016 1303494185.0
445474.244879 4635223.207967 1303494188.0
445452.581835 4635223.040697 1303494190.0
445430.254864 4635222.878579 1303494192.0
445407.015848 4635222.834554 1303494194.0
445382.948629 4635223.019021 1303494196.0
445358.297070 4635222.763916 1303494198.0
445333.644656 4635222.397870 1303494200.0
445308.992238 4635222.031909 1303494202.0
445283.758883 4635221.670494 1303494204.0
445258.027581 4635221.312996 1303494206.0
445232.047303 4635220.957504 1303494208.0
445206.315993 4635220.600192 1303494210.0
445180.916640 4635220.240418 1303494212.0
445155.933091 4635219.988568 1303494214.0
445131.777732 4635219.508360 1303494216.0
445107.624936 4635219.361314 1303494218.0
445083.223165 4635219.216270 1303494220.0
445058.404727 4635218.852455 1303494222.0
445033.334744 4635218.157566 1303494224.0
445007.686392 4635217.800331 1303494226.0
444981.205558 4635217.116516 1303494228.0
444954.228489 4635216.658701 1303494230.0
444927.746784 4635215.864057 1303494232.0
444900.769704 4635215.406445 1303494234.0
444874.207572 4635214.945723 1303494236.0
444849.473805 4635214.804048 1303494238.0
444826.896072 4635214.423693 1303494240.0
444806.808912 4635214.135149 1303494242.0
444782.158988 4635214.104091 1303494245.0
444761.577323 4635214.263642 1303494249.0
444736.014501 4635214.239823 1303494264.0
444712.358737 4635213.979228 1303494267.0
444682.729371 4635213.987158 1303494270.0
444661.069687 4635214.266404 1303494272.0
444637.751918 4635214.780667 1303494274.0
444613.271420 4635215.193013 1303494276.0
444589.455711 4635215.711306 1303494278.0
444566.801008 4635216.109611 1303494280.0
444545.392030 4635216.609325 1303494282.0
444519.002754 4635217.036853 1303494285.0
444498.672657 4635217.528306 1303494289.0
444485.025131 4635234.178684 1303494295.0
444485.278559 4635256.050379 1303494299.0
444484.810170 4635281.147682 1303494302.0
444484.539776 4635310.351697 1303494305.0
444484.118913 4635330.896243 1303494307.0
444483.949617 4635351.771931 1303494309.0
444483.443176 4635371.984044 1303494311.0
444481.678144 4635401.088678 1303494314.0
444480.889951 4635427.742954 1303494317.0
444479.412769 4635451.182618 1303494321.0
444476.833396 4635471.632960 1303494331.0
444456.866275 4635476.007902 1303494336.0
444435.024090 4635474.068594 1303494340.0
444410.209933 4635474.151154 1303494344.0
444389.642010 4635475.977194 1303494348.0
444367.467852 4635474.040684 1303494353.0
444344.887417 4635473.217756 1303494360.0
444322.232666 4635473.505819 1303494364.0
444298.401331 4635471.915578 1303494371.0
444277.709619 4635468.524313 1303494387.0
444286.746467 4635488.550778 1303494407.0
444295.522150 4635507.024821 1303494413.0
444264.829037 4635508.819372 1303494417.0
444236.327921 4635504.378995 1303494418.0
444199.583193 4635496.450212 1303494420.0
444172.103935 4635495.333105 1303494422.0
444149.720846 4635498.506473 1303494425.0
444128.884665 4635508.440854 1303494429.0
444106.268353 4635513.614802 1303494432.0
444083.617890 4635525.006995 1303494436.0
444074.762321 4635549.281929 1303494440.0
444070.404647 4635575.631206 1303494444.0
444065.816358 4635604.314013 1303494448.0
444065.686673 4635630.074929 1303494451.0
444062.970491 4635654.079611 1303494454.0
444063.994769 4635678.832161 1303494458.0
444076.991717 4635695.829357 1303494472.0
444098.164024 4635707.654845 1303494478.0
444120.838937 4635710.030715 1303494483.0
