444125.733054 4635720.318489 1303220878.0
444149.784706 4635718.353323 1303220888.0
444170.192000 4635717.305074 1303220896.0
444193.017167 4635717.681382 1303220908.0
444214.094433 4635717.405248 1303220911.0
444235.597922 4635718.569281 1303220914.0
444257.021894 4635720.178138 1303220917.0
444280.203299 4635723.660889 1303220920.0
444306.522472 4635725.120569 1303220923.0
444334.503060 4635726.789431 1303220926.0
444361.064223 4635727.359150 1303220929.0
444384.975939 4635728.726891 1303220932.0
444407.061982 4635730.108961 1303220935.0
444430.831094 4635734.475885 1303220939.0
444451.848700 4635737.198836 1303220948.0
444470.962732 4635729.943632 1303220956.0
444471.354943 4635705.735174 1303220960.0
444471.390118 4635678.309516 1303220963.0
444472.390066 4635657.538375 1303220965.0
444472.881721 4635635.438789 1303220967.0
444473.371650 4635613.117150 1303220969.0
444474.024961 4635590.461137 1303220971.0
444475.094940 4635568.023944 1303220973.0
444475.919430 4635546.032802 1303220975.0
444476.676516 4635526.040797 1303220977.0
444477.159550 4635502.830945 1303220980.0
444478.986831 4635481.720261 1303220988.0
444479.455170 4635456.622949 1303220993.0
444479.510304 4635431.750927 1303220996.0
444479.452166 4635402.993602 1303220999.0
444479.390570 4635373.792169 1303221002.0
444478.831042 4635344.594619 1303221005.0
444479.346049 4635314.833527 1303221008.0
444479.782400 4635285.628218 1303221011.0
444480.176434 4635261.641832 1303221014.0
444480.933582 4635241.649836 1303221019.0
444482.018373 4635221.100119 1303221034.0
444490.173823 4635202.604950 1303221039.0
444511.486881 4635200.440310 1303221043.0
444537.621195 4635199.237504 1303221046.0
444567.993231 4635198.668023 1303221049.0
444589.572562 4635198.722222 1303221051.0
444610.902921 4635198.778422 1303221053.0
444632.815938 4635199.052225 1303221055.0
444655.474145 4635199.098239 1303221057.0
444679.045249 4635199.137236 1303221059.0
444703.113434 4635199.061419 1303221061.0
444728.177507 4635198.977957 1303221063.0
444754.820987 4635199.215437 1303221065.0
444782.462073 4635199.667352 1303221067.0
444810.518108 4635200.116160 1303221069.0
444838.820530 4635200.230069 1303221071.0
444866.874837 4635200.457044 1303221073.0
444895.180688 4635201.015286 1303221075.0
444923.649939 4635201.239275 1303221077.0
444952.372448 4635202.016590 1303221079.0
444981.010244 4635202.572607 1303221081.0
445009.731880 4635203.239126 1303221083.0
445037.870005 4635203.577161 1303221085.0
445065.847281 4635204.582750 1303221087.0
445093.491728 4635205.479979 1303221089.0
445121.713680 4635205.928733 1303221091.0
445150.515706 4635206.262099 1303221093.0
445179.484563 4635206.705330 1303221095.0
445208.368717 4635206.927264 1303221097.0
445236.837913 4635207.152505 1303221099.0
445265.390949 4635207.488248 1303221101.0
445293.611165 4635207.715629 1303221103.0
445321.496859 4635207.612587 1303221105.0
445349.217422 4635207.621955 1303221107.0
445375.199438 4635208.199929 1303221109.0
445399.437794 4635208.680327 1303221111.0
445422.681110 4635209.279463 1303221113.0
445445.507767 4635209.659799 1303221115.0
445468.331021 4635209.596099 1303221117.0
445491.570926 4635209.751352 1303221119.0
445515.061499 4635210.126831 1303221121.0
445539.050011 4635210.498581 1303221123.0
445563.785434 4635210.864704 1303221125.0
445588.852815 4635211.228378 1303221127.0
445614.004030 4635211.702534 1303221129.0
445638.572612 4635211.959157 1303221131.0
445661.735433 4635212.892787 1303221133.0
445683.483177 4635213.282114 1303221135.0
445708.381170 4635213.203365 1303221138.0
445731.205247 4635213.251535 1303221162.0
445758.264372 4635213.600633 1303221166.0
445787.644692 4635213.599069 1303221169.0
445810.301937 4635213.537728 1303221171.0
445835.035631 4635213.682739 1303221173.0
445861.263994 4635213.927511 1303221175.0
445887.572815 4635213.838667 1303221177.0
445912.890807 4635214.423644 1303221179.0
445935.312553 4635216.141024 1303221181.0
445958.316062 4635217.965094 1303221184.0
445975.695938 4635233.377963 1303221196.0
445974.966591 4635257.588788 1303221200.0
445974.814811 4635281.351101 1303221203.0
445974.446903 4635309.445358 1303221206.0
445973.763042 4635339.651650 1303221209.0
445973.342100 4635360.751203 1303221211.0
445972.841542 4635382.295495 1303221213.0
445972.927801 4635404.612572 1303221215.0
445972.516132 4635426.933425 1303221217.0
445972.100258 4635448.699145 1303221219.0
445969.225080 4635474.480723 1303221222.0
445977.672851 4635494.069584 1303221227.0
446003.966325 4635492.093700 1303221231.0
446034.071336 4635489.311803 1303221234.0
446056.972451 4635488.694217 1303221236.0
446080.622134 4635488.293105 1303221238.0
446104.274339 4635488.225153 1303221240.0
446126.509882 4635487.390759 1303221242.0
446152.233412 4635486.863168 1303221245.0
446172.893044 4635486.151865 1303221255.0
446194.637383 4635486.209662 1303221284.0
446218.384311 4635487.695842 1303221290.0
446241.043179 4635487.968944 1303221294.0
446261.455525 4635487.481831 1303221314.0
446282.051429 4635489.325094 1303221319.0
446302.175475 4635483.621700 1303221323.0
446305.493569 4635461.390007 1303221327.0
446303.558348 4635435.866909 1303221330.0
446302.998764 4635405.670041 1303221333.0
446303.341872 4635385.126276 1303221335.0
446303.598647 4635364.139029 1303221337.0
446303.358328 4635343.266562 1303221339.0
446302.377802 4635323.287943 1303221341.0
446301.442602 4635298.312480 1303221344.0
446300.703505 4635277.332742 1303221351.0
