444389.654580 4635498.850085 1302562807.0
444368.298228 4635495.352714 1302562815.0
444342.575618 4635495.997775 1302562819.0
444321.403430 4635494.830818 1302562822.0
444299.801539 4635491.779707 1302562827.0
444284.566967 4635506.999461 1302562841.0
444279.186593 4635530.025575 1302562847.0
444277.521550 4635550.579883 1302562850.0
444277.700459 4635573.451482 1302562853.0
444279.520854 4635593.978528 1302562856.0
444286.843498 4635617.682524 1302562865.0
444286.848594 4635639.556179 1302562868.0
444287.975052 4635666.861729 1302562871.0
444282.913715 4635688.219843 1302562874.0
444277.028640 4635710.361643 1302562888.0
444275.235038 4635735.691426 1302562891.0
444274.147486 4635755.797090 1302562893.0
444274.076596 4635778.559616 1302562895.0
444275.610196 4635804.862680 1302562897.0
444276.476445 4635830.726829 1302562899.0
444276.505910 4635855.709253 1302562901.0
444277.370418 4635881.351350 1302562903.0
444278.906599 4635907.987500 1302562905.0
444280.266384 4635933.292623 1302562907.0
444281.441958 4635956.267473 1302562909.0
444282.760908 4635976.354317 1302562911.0
444284.832766 4635997.212510 1302562914.0
444303.518733 4636009.613213 1302562922.0
444325.237288 4636006.556526 1302562925.0
444348.821356 4636008.592896 1302562928.0
444372.828725 4636001.077111 1302562933.0
444387.747665 4636019.947427 1302562938.0
444408.125731 4636025.895215 1302562941.0
444438.164048 4636025.549791 1302562944.0
444460.760033 4636028.593544 1302562946.0
444482.526187 4636031.643836 1302562948.0
444504.848966 4636031.580905 1302562950.0
444527.504533 4636031.626487 1302562952.0
444551.568184 4636031.328076 1302562954.0
444575.966353 4636031.360246 1302562956.0
444599.527799 4636030.510735 1302562958.0
444622.516152 4636030.665064 1302562960.0
444644.937441 4636032.600418 1302562962.0
444666.270475 4636033.322923 1302562964.0
444688.854254 4636034.813017 1302562966.0
444711.852928 4636036.299961 1302562968.0
444735.671063 4636036.448214 1302562970.0
444759.406215 4636036.597190 1302562972.0
444783.968592 4636036.406730 1302562974.0
444809.105814 4636035.434663 1302562976.0
444834.491124 4636034.349729 1302562978.0
444861.277663 4636032.032666 1302562980.0
444887.817852 4636030.050711 1302562982.0
444914.028706 4636028.404505 1302562984.0
444939.655269 4636026.318776 1302562986.0
444963.292873 4636024.581610 1302562988.0
444983.535978 4636023.870047 1302562990.0
445006.437055 4636023.471120 1302562993.0
445027.342301 4636022.532502 1302563009.0
445047.659830 4636020.710208 1302563017.0
445072.223965 4636020.742797 1302563021.0
445095.296149 4636021.009040 1302563024.0
445124.009337 4636021.009825 1302563027.0
445145.169529 4636020.846826 1302563029.0
445167.077406 4636020.789166 1302563031.0
445189.235080 4636020.840686 1302563033.0
445211.393606 4636021.003301 1302563035.0
445233.716385 4636020.942655 1302563037.0
445256.035750 4636020.437970 1302563039.0
445278.440657 4636020.265800 1302563041.0
445300.929398 4636020.204089 1302563043.0
445323.248766 4636019.699615 1302563045.0
445344.990676 4636019.643777 1302563047.0
445373.866408 4636019.200187 1302563050.0
445398.930967 4636019.563166 1302563053.0
445420.760960 4636020.173087 1302563056.0
445443.422460 4636020.998772 1302563060.0
445465.005200 4636021.832790 1302563077.0
445488.748840 4636023.094469 1302563083.0
445511.569486 4636023.030883 1302563086.0
445539.120902 4636023.042229 1302563089.0
445559.704452 4636023.440038 1302563091.0
445581.612302 4636023.383654 1302563093.0
445603.935905 4636023.435196 1302563095.0
445626.178220 4636023.709495 1302563097.0
445648.583953 4636023.649516 1302563099.0
445670.741588 4636023.702533 1302563101.0
445693.150705 4636024.086803 1302563103.0
445715.805377 4636024.025137 1302563105.0
445738.624318 4636023.740224 1302563107.0
445761.360278 4636023.456016 1302563109.0
445784.096240 4636023.171881 1302563111.0
445806.755134 4636023.665640 1302563113.0
445829.578297 4636023.936155 1302563115.0
445852.403145 4636024.428797 1302563117.0
445875.063715 4636025.144828 1302563119.0
445897.971534 4636025.636986 1302563121.0
445921.375550 4636025.903383 1302563123.0
445945.107273 4636025.612201 1302563125.0
445969.001589 4636024.875731 1302563127.0
445992.485214 4636024.697622 1302563129.0
446015.645330 4636025.632380 1302563131.0
446038.137384 4636026.017106 1302563133.0
446059.793740 4636025.630996 1302563135.0
446080.626170 4636026.028425 1302563137.0
446101.211334 4636026.649854 1302563139.0
446131.256324 4636027.199788 1302563142.0
446161.054042 4636027.973785 1302563145.0
446190.022781 4636028.865204 1302563148.0
446215.826498 4636028.226170 1302563151.0
446240.457591 4636026.152644 1302563155.0
446260.606048 4636023.890957 1302563163.0
446282.717508 4636028.831701 1302563181.0
446297.371752 4636013.287536 1302563194.0
446299.658609 4635986.400185 1302563199.0
446299.617812 4635958.975217 1302563202.0
446299.457930 4635937.769024 1302563204.0
446299.379356 4635916.340152 1302563206.0
446299.216127 4635894.689852 1302563208.0
446299.055410 4635873.372634 1302563210.0
446298.986884 4635853.276090 1302563212.0
446298.286415 4635826.411269 1302563215.0
446297.602686 4635801.766992 1302563219.0
446297.198876 4635781.228844 1302563236.0
446298.404524 4635754.016555 1302563240.0
446300.495392 4635723.133490 1302563243.0
446301.389216 4635698.588358 1302563245.0
446301.934369 4635671.825186 1302563247.0
446302.477854 4635644.839962 1302563249.0
446303.188155 4635617.964514 1302563251.0
446304.071131 4635591.976034 1302563253.0
446305.795695 4635567.535680 1302563255.0
446306.956941 4635545.431275 1302563257.0
446307.275774 4635521.667719 1302563260.0
446309.607223 4635500.664830 1302563269.0
446331.321397 4635496.726069 1302563276.0
446358.724703 4635498.851370 1302563280.0
446381.483223 4635501.344835 1302563283.0
446402.414339 4635503.630055 1302563287.0
