446306.699054 4635081.757803 1301948654.0
446308.512643 4635058.094034 1301948667.0
446310.579406 4635034.983525 1301948672.0
446310.075083 4635012.114459 1301948690.0
446311.496330 4634991.451550 1301948696.0
446313.083574 4634970.787391 1301948701.0
446315.255129 4634950.562964 1301948704.0
446315.405568 4634926.467601 1301948707.0
446315.035460 4634899.378261 1301948710.0
446315.396406 4634870.173782 1301948713.0
446316.738895 4634850.066639 1301948715.0
446317.496246 4634829.408740 1301948717.0
446317.262681 4634809.424506 1301948719.0
446318.209637 4634780.881816 1301948722.0
446319.075281 4634752.561807 1301948725.0
446320.157112 4634730.902167 1301948728.0
446320.564945 4634707.915206 1301948744.0
446302.347081 4634691.508516 1301948750.0
446281.193854 4634693.111391 1301948753.0
446253.476377 4634693.764540 1301948756.0
446224.507254 4634693.538977 1301948759.0
446196.036105 4634693.309771 1301948762.0
446174.120837 4634692.920119 1301948765.0
446151.964967 4634693.642686 1301948772.0
446126.236893 4634693.948197 1301948776.0
446099.592499 4634693.816598 1301948779.0
446079.504826 4634693.635479 1301948781.0
446057.255039 4634692.915618 1301948783.0
446034.179486 4634692.757247 1301948785.0
446012.597868 4634692.587632 1301948787.0
445991.436279 4634693.081098 1301948790.0
445974.959879 4634709.416874 1301948797.0
445976.778903 4634730.388389 1301948800.0
445976.897936 4634757.035495 1301948803.0
445976.286006 4634785.797779 1301948806.0
445976.115653 4634807.117480 1301948809.0
445975.615006 4634828.661753 1301948816.0
445975.158140 4634855.979431 1301948820.0
445974.355833 4634881.523195 1301948823.0
445973.899821 4634908.951902 1301948826.0
445973.831844 4634932.824599 1301948829.0
445973.420109 4634955.145436 1301948836.0
445973.583438 4634976.684679 1301948840.0
445973.258070 4634999.448997 1301948843.0
445972.843820 4635021.436755 1301948846.0
445972.099289 4635043.649085 1301948850.0
445971.562004 4635071.300483 1301948854.0
445971.333960 4635095.951635 1301948857.0
445970.752427 4635128.710909 1301948861.0
445970.251843 4635150.255193 1301948864.0
445969.609700 4635175.020522 1301948868.0
445968.931356 4635195.011687 1301948874.0
445968.925362 4635216.108089 1301948893.0
445951.190236 4635230.454899 1301948899.0
445928.867541 4635230.846354 1301948903.0
445904.461659 4635230.143362 1301948907.0
445884.294180 4635230.185492 1301948911.0
445861.718294 4635230.023914 1301948919.0
445836.978751 4635229.101622 1301948924.0
445814.894889 4635228.159216 1301948927.0
445788.830864 4635227.691299 1301948930.0
445761.941157 4635227.784930 1301948933.0
445734.713568 4635227.104001 1301948936.0
445705.832088 4635227.213016 1301948939.0
445676.367135 4635226.993496 1301948942.0
445656.018412 4635225.039050 1301948944.0
445635.344493 4635223.975412 1301948946.0
445613.763606 4635223.695993 1301948948.0
445591.274061 4635223.978746 1301948950.0
445568.699830 4635224.040149 1301948952.0
445547.367907 4635223.759029 1301948954.0
445521.891557 4635224.175864 1301948957.0
445503.815181 4635237.194010 1301948963.0
445503.067054 4635258.740248 1301948967.0
445501.341742 4635282.736702 1301948970.0
445500.549711 4635309.390824 1301948973.0
445500.181978 4635337.263070 1301948976.0
445499.152040 4635365.362452 1301948979.0
445498.779224 4635392.568539 1301948982.0
445498.469015 4635417.109341 1301948985.0
445498.155414 4635441.206035 1301948989.0
445498.651305 4635462.631731 1301948994.0
445497.192026 4635488.846832 1301948998.0
445496.571974 4635516.276883 1301949001.0
445495.895013 4635536.268117 1301949003.0
445495.139318 4635556.815123 1301949005.0
445494.718123 4635577.692671 1301949007.0
445494.462904 4635598.568950 1301949009.0
445494.292373 4635619.666648 1301949011.0
445493.956722 4635640.876645 1301949013.0
445493.622775 4635662.308697 1301949015.0
445493.201598 4635683.186248 1301949017.0
445493.111515 4635703.950234 1301949019.0
445492.934201 4635724.159718 1301949021.0
445493.974743 4635751.688108 1301949024.0
445495.409810 4635776.548671 1301949028.0
445496.155512 4635798.083499 1301949035.0
445496.682845 4635823.617212 1301949039.0
445497.629340 4635849.702888 1301949042.0
445499.434543 4635879.557139 1301949045.0
445501.173472 4635900.751271 1301949047.0
445502.087666 4635922.617915 1301949049.0
445502.336301 4635944.267586 1301949051.0
445502.381016 4635971.803604 1301949054.0
445502.306222 4635994.566089 1301949057.0
445504.962163 4636016.308376 1301949061.0
445524.184309 4636023.156455 1301949065.0
445544.514672 4636023.000989 1301949068.0
445569.497066 4636023.476229 1301949071.0
445596.045071 4636022.496161 1301949074.0
445624.757370 4636022.387938 1301949077.0
445645.091123 4636022.676867 1301949079.0
445666.419798 4636022.847231 1301949081.0
445688.581668 4636023.455440 1301949083.0
445710.906956 4636023.729371 1301949085.0
445733.070509 4636024.559772 1301949087.0
445755.156994 4636026.168066 1301949089.0
445777.235015 4636026.666155 1301949091.0
445799.227517 4636026.831862 1301949093.0
445820.800888 4636026.445658 1301949095.0
445841.211682 4636025.957325 1301949097.0
445863.866341 4636025.896130 1301949100.0
445885.694563 4636026.285420 1301949117.0
445910.591392 4636026.429406 1301949122.0
445930.841283 4636026.608754 1301949125.0
445954.410412 4636026.762972 1301949128.0
445980.307216 4636027.454781 1301949131.0
446007.859424 4636027.578968 1301949134.0
446035.829058 4636028.033199 1301949137.0
446061.888444 4636028.279939 1301949140.0
446086.457530 4636028.982189 1301949143.0
446111.114631 4636030.350059 1301949146.0
446136.932614 4636031.598201 1301949149.0
446165.322995 4636032.826994 1301949152.0
446185.990270 4636033.337012 1301949154.0
446207.559430 4636032.396843 1301949156.0
446229.616421 4636030.120654 1301949158.0
446257.151006 4636027.914234 1301949161.0
446277.034608 4636023.544955 1301949165.0
446292.455773 4636010.659799 1301949173.0
446293.243924 4635983.117546 1301949177.0
446293.047186 4635957.026156 1301949180.0
446293.167307 4635928.933775 1301949183.0
446292.865823 4635899.956306 1301949186.0
446292.871052 4635878.637836 1301949188.0
446292.962614 4635857.762851 1301949190.0
446293.223492 4635837.330723 1301949192.0
446293.191056 4635811.016033 1301949195.0
446296.775474 4635791.114016 1301949199.0
