446305.691436 4635080.210930 1303511999.0
446309.175744 4635057.978003 1303512023.0
446311.570297 4635034.309858 1303512026.0
446313.069515 4635012.980161 1303512029.0
446313.148661 4634990.439799 1303512033.0
446312.000478 4634970.240386 1303512053.0
446312.305179 4634944.589393 1303512057.0
446312.984527 4634924.598277 1303512060.0
446313.646311 4634902.275594 1303512064.0
446313.882255 4634878.512689 1303512074.0
446314.352964 4634852.860449 1303512077.0
446314.199874 4634832.542508 1303512079.0
446314.534717 4634810.888493 1303512081.0
446314.524197 4634787.460547 1303512083.0
446314.183370 4634764.257158 1303512085.0
446314.185401 4634742.494619 1303512087.0
446314.910976 4634717.617698 1303512090.0
446313.083745 4634695.424810 1303512098.0
446292.121774 4634689.364916 1303512103.0
446268.891955 4634690.761413 1303512106.0
446240.681517 4634692.084529 1303512109.0
446211.803762 4634692.968661 1303512112.0
446186.575343 4634693.492248 1303512115.0
446162.679903 4634694.672053 1303512119.0
446142.518472 4634695.712681 1303512124.0
446118.449495 4634695.894646 1303512127.0
446090.977663 4634696.102437 1303512130.0
446070.063392 4634696.371732 1303512132.0
446037.194267 4634696.287482 1303512135.0
446009.139776 4634696.277934 1303512138.0
445987.894360 4634696.661013 1303512143.0
445977.087819 4634716.395842 1303512159.0
445977.352640 4634740.377042 1303512163.0
445977.729076 4634768.132531 1303512166.0
445978.071841 4634791.446942 1303512169.0
445977.814279 4634812.212137 1303512174.0
445977.651500 4634834.531081 1303512180.0
445977.265836 4634860.293752 1303512183.0
445976.920238 4634880.393416 1303512185.0
445976.640307 4634909.153189 1303512188.0
445976.483434 4634932.249326 1303512191.0
445976.645911 4634953.677542 1303512201.0
445976.136023 4634974.000522 1303512206.0
445975.583557 4634999.653430 1303512210.0
445975.177718 4635022.751458 1303512213.0
445974.859929 4635046.515020 1303512216.0
445974.791961 4635070.387723 1303512219.0
445974.623324 4635091.929487 1303512222.0
445974.526736 4635112.027271 1303512225.0
445974.291109 4635135.679181 1303512229.0
445973.807354 4635159.444006 1303512235.0
445973.222091 4635180.766866 1303512240.0
445972.546264 4635201.091113 1303512249.0
445971.050643 4635222.753979 1303512274.0
445946.873058 4635230.265586 1303512280.0
445917.160857 4635230.269014 1303512283.0
445892.760031 4635230.232224 1303512285.0
445867.198184 4635230.315374 1303512287.0
445841.219696 4635230.179715 1303512289.0
445814.909244 4635230.046676 1303512291.0
445788.433654 4635230.026025 1303512293.0
445762.369633 4635229.558204 1303512295.0
445736.054944 4635228.870321 1303512297.0
445708.995028 4635228.410281 1303512299.0
445679.950111 4635228.853746 1303512301.0
445650.491938 4635229.522550 1303512303.0
445622.189701 4635229.405418 1303512305.0
445594.136432 4635229.286497 1303512307.0
445568.157918 4635229.151834 1303512309.0
445545.167902 4635229.105456 1303512311.0
445519.605184 4635229.078825 1303512314.0
445501.663380 4635237.987705 1303512319.0
445500.934794 4635262.087567 1303512324.0
445499.962343 4635286.855497 1303512327.0
445499.409944 4635312.286416 1303512330.0
445499.785719 4635339.708841 1303512333.0
445499.583971 4635367.579820 1303512336.0
445499.368637 4635393.674365 1303512339.0
445499.385283 4635417.546465 1303512342.0
445499.787140 4635437.529442 1303512345.0
445501.118000 4635459.614952 1303512350.0
445501.188753 4635479.711497 1303512364.0
445500.236735 4635507.144087 1303512369.0
445498.686831 4635532.360580 1303512372.0
445497.487575 4635560.017132 1303512375.0
445497.292660 4635588.776337 1303512378.0
445497.279596 4635608.762494 1303512380.0
445497.019276 4635628.972611 1303512382.0
445496.599784 4635650.072215 1303512384.0
445496.269227 4635671.948376 1303512386.0
445496.108892 4635694.378403 1303512388.0
445495.944312 4635716.253295 1303512390.0
445496.350431 4635736.791417 1303512392.0
445497.306276 4635764.098387 1303512395.0
445499.300129 4635786.067800 1303512399.0
445500.073004 4635811.155499 1303512405.0
445500.038130 4635839.136256 1303512408.0
445500.861702 4635860.004289 1303512410.0
445502.100185 4635880.869148 1303512412.0
445503.922088 4635902.062645 1303512414.0
445505.335866 4635924.147535 1303512416.0
445505.576847 4635944.797961 1303512418.0
445505.514782 4635969.225852 1303512421.0
445505.520411 4635991.654619 1303512425.0
445505.774135 4636013.970456 1303512430.0
445524.774517 4636024.373312 1303512436.0
445547.180252 4636024.313014 1303512439.0
445567.593593 4636024.156978 1303512441.0
445589.416763 4636023.879198 1303512443.0
445612.075679 4636024.372338 1303512445.0
445635.146954 4636024.529302 1303512447.0
445658.382494 4636024.463019 1303512449.0
445681.785689 4636024.617601 1303512451.0
445706.683386 4636024.871902 1303512453.0
445732.326218 4636024.898544 1303512455.0
445757.806468 4636025.370652 1303512457.0
445782.788827 4636025.846641 1303512459.0
445806.685669 4636025.442707 1303512461.0
445827.586752 4636023.951302 1303512463.0
445854.630128 4636022.635329 1303512466.0
445875.958788 4636022.806321 1303512470.0
445903.098648 4636023.266337 1303512496.0
445934.062372 4636024.585697 1303512499.0
445956.555281 4636025.081193 1303512501.0
445979.299655 4636025.907953 1303512503.0
446002.287915 4636026.066735 1303512505.0
446025.191509 4636026.004166 1303512507.0
446046.931687 4636025.728416 1303512509.0
446076.558421 4636025.837154 1303512512.0
446098.470441 4636026.337495 1303512514.0
446121.375710 4636026.497289 1303512516.0
446144.446938 4636026.655902 1303512518.0
446167.272578 4636027.260581 1303512520.0
446189.431010 4636027.426239 1303512522.0
446210.831710 4636026.154252 1303512524.0
446239.515469 4636022.273582 1303512527.0
446261.813904 4636018.996369 1303512530.0
446282.755354 4636011.843288 1303512541.0
446293.724132 4635991.774539 1303512546.0
446293.856809 4635965.347564 1303512549.0
446294.183081 4635942.583236 1303512551.0
446294.649369 4635916.375815 1303512553.0
446295.861669 4635890.051737 1303512555.0
446296.410117 4635863.732665 1303512557.0
446296.394431 4635839.638518 1303512559.0
446296.974699 4635817.538480 1303512561.0
446297.070464 4635797.218632 1303512563.0
446297.807501 4635773.896047 1303512566.0
446299.543702 4635751.010063 1303512569.0
446299.224677 4635719.701032 1303512572.0
446298.541786 4635695.167787 1303512574.0
446298.346759 4635669.298463 1303512576.0
446298.557452 4635642.204713 1303512578.0
446299.092560 4635614.109218 1303512580.0
446299.626001 4635585.791670 1303512582.0
446299.918022 4635558.475244 1303512584.0
446300.059140 4635533.158559 1303512586.0
446299.967203 4635509.953267 1303512588.0
446300.209726 4635487.078554 1303512590.0
446300.375124 4635464.981658 1303512592.0
446300.370364 4635442.330878 1303512594.0
446300.692537 4635419.011434 1303512596.0
446300.924193 4635394.693372 1303512598.0
446301.319320 4635370.040979 1303512600.0
446301.639831 4635346.499484 1303512602.0
446302.062583 4635325.510986 1303512604.0
446302.534854 4635300.080781 1303512607.0
446303.116063 4635278.091791 1303512611.0
446304.283228 4635256.764585 1303512619.0
446304.214753 4635236.668061 1303512623.0
446304.521902 4635211.350138 1303512627.0
446305.098947 4635188.806015 1303512631.0
446307.846314 4635167.911038 1303512634.0
446310.151968 4635143.466323 1303512637.0
446310.881637 4635119.144521 1303512640.0
446309.287544 4635094.840230 1303512644.0
