443873.268887 4635487.466198 1302318461.0
443846.374810 4635486.900906 1302318463.0
443814.337251 4635486.598349 1302318465.0
443779.309508 4635485.986432 1302318467.0
443742.295315 4635486.056579 1302318469.0
443704.777053 4635485.353663 1302318471.0
443667.760217 4635485.091115 1302318473.0
443633.153529 4635485.253826 1302318475.0
443600.119207 4635484.849084 1302318477.0
443570.981777 4635483.969490 1302318479.0
443545.574380 4635482.505283 1302318481.0
443519.797168 4635476.269629 1302318484.0
443496.528036 4635472.345892 1302318496.0
443466.480312 4635471.807047 1302318499.0
443440.413349 4635470.903619 1302318501.0
443411.277595 4635470.246731 1302318503.0
443380.397325 4635469.381760 1302318505.0
443350.173884 4635467.623425 1302318507.0
443322.776428 4635466.397905 1302318509.0
443299.207006 4635466.474430 1302318511.0
443272.888375 4635465.240515 1302318514.0
443251.953330 4635462.631398 1302318527.0
443229.727624 4635464.696066 1302318531.0
443208.672611 4635467.861813 1302318534.0
443186.819368 4635464.594001 1302318538.0
443165.139166 4635462.213150 1302318543.0
443140.023969 4635466.188734 1302318547.0
443119.833103 4635463.240962 1302318551.0
443096.205505 4635466.427583 1302318559.0
443075.942277 4635464.812924 1302318564.0
443070.455264 4635484.398807 1302318568.0
443068.984509 4635508.060865 1302318571.0
443067.000758 4635529.839442 1302318573.0
443064.792019 4635554.617745 1302318575.0
443063.437124 4635582.387151 1302318577.0
443062.496286 4635610.042215 1302318579.0
443062.123934 4635636.138256 1302318581.0
443062.387073 4635658.676120 1302318583.0
443062.338683 4635683.770265 1302318586.0
443060.786803 4635707.655051 1302318614.0
443059.763906 4635735.421812 1302318617.0
443059.364957 4635758.187041 1302318619.0
443058.326103 4635783.955313 1302318621.0
443057.562838 4635813.052415 1302318623.0
443057.217161 4635842.479283 1302318625.0
443057.281081 4635871.236671 1302318627.0
443056.674928 4635899.222177 1302318629.0
443056.309742 4635926.206449 1302318631.0
443056.333730 4635949.967614 1302318633.0
443056.494392 4635970.063552 1302318635.0
443056.094598 4635992.717763 1302318639.0
443074.600837 4636003.118098 1302318667.0
443105.051532 4636002.430654 1302318670.0
443130.947108 4636002.890053 1302318672.0
443160.825794 4636003.317759 1302318674.0
443191.781463 4636003.514931 1302318676.0
443220.747341 4636003.950168 1302318678.0
443248.224854 4636005.063589 1302318680.0
443277.105084 4636005.166634 1302318682.0
443308.477408 4636005.583064 1302318684.0
443341.261295 4636006.099437 1302318686.0
443373.707953 4636005.952436 1302318688.0
443403.083411 4636005.718953 1302318690.0
443426.740199 4636006.419285 1302318692.0
443447.488220 4636006.587619 1302318695.0
443474.465139 4636007.372783 1302318701.0
443503.766412 4636008.250646 1302318704.0
443528.333331 4636008.610993 1302318706.0
443557.215282 4636008.937229 1302318708.0
443588.005802 4636009.248466 1302318710.0
443619.875954 4636009.662323 1302318712.0
443650.751201 4636010.195228 1302318714.0
443680.629787 4636010.625114 1302318716.0
443709.756268 4636010.394863 1302318718.0
443737.393469 4636010.731667 1302318720.0
443763.785945 4636011.078406 1302318722.0
443788.853342 4636011.768802 1302318724.0
443811.426911 4636011.923788 1302318726.0
443836.893446 4636010.612590 1302318729.0
443858.824011 4636002.889371 1302318735.0
443862.777944 4635978.097589 1302318738.0
443864.258196 4635955.323920 1302318740.0
443865.646727 4635931.440634 1302318742.0
443866.375783 4635908.117717 1302318744.0
443867.095222 4635883.573501 1302318746.0
443867.965759 4635857.140516 1302318748.0
443868.741073 4635829.153804 1302318750.0
443870.428343 4635801.048873 1302318752.0
443872.717515 4635775.604021 1302318754.0
443873.545355 4635754.278947 1302318756.0
443873.221915 4635734.295355 1302318759.0
443894.319155 4635726.023660 1302318768.0
443924.944887 4635726.337672 1302318771.0
443946.517418 4635725.723744 1302318773.0
443971.141174 4635722.643131 1302318776.0
443995.869757 4635722.337631 1302318799.0
444024.521308 4635724.888275 1302318802.0
444045.291036 4635727.723011 1302318804.0
444067.960675 4635729.432548 1302318807.0
444093.052543 4635733.121759 1302318813.0
444115.812104 4635735.719015 1302318816.0
444136.158129 4635737.446998 1302318818.0
444160.478698 4635738.033542 1302318820.0
444186.707035 4635738.494185 1302318822.0
444212.350128 4635738.404338 1302318824.0
444233.576786 4635736.017444 1302318826.0
444253.294094 4635731.643814 1302318829.0
444275.435352 4635729.471955 1302318850.0
444300.762162 4635731.383513 1302318853.0
444322.926863 4635732.209537 1302318855.0
444345.832348 4635732.252604 1302318857.0
444367.415280 4635732.972278 1302318859.0
444390.833402 4635734.899063 1302318862.0
444412.004862 4635736.066220 1302318881.0
444434.047733 4635742.556271 1302318886.0
444454.460180 4635742.174999 1302318894.0
444455.236089 4635713.966325 1302318898.0
444457.954428 4635690.072829 1302318900.0
444461.404074 4635664.175024 1302318902.0
444465.329156 4635635.386632 1302318904.0
444468.004288 4635605.941785 1302318906.0
444469.941224 4635577.613035 1302318908.0
444471.314579 4635551.509358 1302318910.0
444472.885077 4635529.401367 1302318912.0
444474.686375 4635504.959866 1302318915.0
444480.912850 4635483.925928 1302318924.0
444484.408555 4635463.912583 1302318927.0
444486.243658 4635443.801147 1302318929.0
444487.124373 4635418.367522 1302318931.0
444487.635941 4635388.162319 1302318933.0
444488.386966 4635356.733878 1302318935.0
444488.902876 4635327.083813 1302318937.0
444489.195777 4635300.766503 1302318939.0
444489.108339 4635278.893513 1302318941.0
444488.362171 4635257.691859 1302318944.0
