445505.638487 4636007.087403 1303592225.0
445527.129170 4636017.582246 1303592238.0
445548.113213 4636016.089386 1303592241.0
445568.360615 4636015.934622 1303592244.0
445589.947589 4636017.324154 1303592264.0
445618.090062 4636018.663696 1303592268.0
445638.344234 4636019.397348 1303592270.0
445661.417217 4636019.776452 1303592272.0
445685.819586 4636020.367559 1303592274.0
445710.306624 4636021.180172 1303592276.0
445734.543866 4636021.883739 1303592278.0
445758.199389 4636022.480785 1303592280.0
445780.859979 4636023.196516 1303592282.0
445802.523946 4636023.808869 1303592284.0
445823.854295 4636024.201759 1303592286.0
445845.016990 4636024.373920 1303592288.0
445865.268579 4636024.775136 1303592290.0
445890.583694 4636025.360007 1303592293.0
445915.895431 4636025.500859 1303592296.0
445946.602616 4636025.822920 1303592299.0
445970.171746 4636025.977190 1303592301.0
445994.820468 4636026.234386 1303592303.0
446019.802794 4636026.711205 1303592305.0
446043.624222 4636027.307941 1303592307.0
446066.364371 4636027.579843 1303592309.0
446089.355140 4636028.071987 1303592311.0
446113.339156 4636028.223591 1303592313.0
446137.654254 4636028.261737 1303592315.0
446161.885530 4636028.189567 1303592317.0
446185.705256 4636028.564723 1303592319.0
446208.435325 4636027.504752 1303592321.0
446231.234131 4636024.556765 1303592323.0
446252.620603 4636021.397441 1303592325.0
446277.898827 4636017.098492 1303592328.0
446296.948579 4636001.188074 1303592332.0
446296.463458 4635980.872600 1303592335.0
446296.174541 4635953.560537 1303592338.0
446295.846174 4635932.022514 1303592340.0
446296.008165 4635909.481493 1303592342.0
446296.250631 4635886.606766 1303592344.0
446296.747071 4635864.396325 1303592346.0
446297.082572 4635842.853300 1303592348.0
446297.838016 4635821.973311 1303592350.0
446298.532361 4635792.988339 1303592353.0
446298.839417 4635767.670393 1303592356.0
446299.380363 4635740.352082 1303592359.0
446299.975722 4635720.250538 1303592361.0
446300.648212 4635699.371178 1303592363.0
446301.154737 4635678.493071 1303592365.0
446301.901853 4635656.502816 1303592367.0
446302.308663 4635633.404792 1303592369.0
446302.220074 4635610.643605 1303592371.0
446301.895082 4635589.549702 1303592373.0
446302.348899 4635561.676889 1303592376.0
446302.082624 4635537.362576 1303592380.0
446302.585829 4635516.040365 1303592404.0
446303.386674 4635490.163542 1303592408.0
446303.577324 4635460.405150 1303592411.0
446304.485441 4635437.747489 1303592413.0
446304.973603 4635414.426795 1303592415.0
446304.799538 4635391.333159 1303592417.0
446304.883645 4635369.458946 1303592419.0
446305.224252 4635348.582101 1303592421.0
446304.422405 4635319.275330 1303592424.0
446301.912085 4635294.533806 1303592427.0
446299.766348 4635274.119838 1303592432.0
446299.199083 4635253.916039 1303592450.0
446288.837301 4635233.564010 1303592455.0
446261.678571 4635230.992983 1303592459.0
446231.635273 4635231.108630 1303592462.0
446209.224559 4635230.833671 1303592464.0
446186.480204 4635230.339235 1303592466.0
446164.567425 4635230.060655 1303592468.0
446136.934192 4635230.602624 1303592471.0
446116.674496 4635229.423425 1303592475.0
446091.177164 4635227.062548 1303592493.0
446064.368780 4635226.932356 1303592496.0
446043.119061 4635226.538095 1303592498.0
446022.118309 4635226.142012 1303592500.0
445995.226925 4635226.012709 1303592503.0
445972.509472 4635229.071823 1303592507.0
445966.930506 4635248.544989 1303592511.0
445970.629962 4635276.719432 1303592515.0
445970.618075 4635297.038647 1303592517.0
445970.704334 4635319.355720 1303592519.0
445970.551733 4635343.007008 1303592521.0
445970.066338 4635366.549788 1303592523.0
445969.907007 4635389.312860 1303592525.0
445969.986538 4635410.741721 1303592527.0
445969.857527 4635437.501771 1303592530.0
445967.709028 4635460.613034 1303592534.0
445963.708716 4635480.296307 1303592563.0
445940.375373 4635489.578087 1303592567.0
445913.482447 4635489.116020 1303592570.0
445892.400312 4635488.831983 1303592572.0
445869.989533 4635488.447071 1303592574.0
445847.413621 4635488.174519 1303592576.0
445824.589588 4635488.014958 1303592578.0
445801.436138 4635488.191077 1303592580.0
445778.944050 4635488.029137 1303592582.0
445757.530795 4635487.859054 1303592584.0
445732.306889 4635488.606331 1303592587.0
445709.229656 4635487.893901 1303592594.0
445682.583963 4635487.208754 1303592598.0
445652.533242 4635486.216582 1303592601.0
445630.946372 4635485.048900 1303592603.0
445610.108074 4635484.097636 1303592605.0
445580.637388 4635482.990305 1303592608.0
445555.236467 4635482.296125 1303592611.0
445531.087990 4635482.591761 1303592616.0
445507.594920 4635481.772129 1303592620.0
445485.923318 4635480.383467 1303592623.0
445461.829770 4635477.014808 1303592626.0
445436.834392 4635475.096574 1303592629.0
445409.935391 4635473.859217 1303592632.0
445383.531750 4635472.285063 1303592635.0
445354.391211 4635470.954067 1303592638.0
445333.468982 4635469.893221 1303592640.0
445311.966685 4635468.947923 1303592642.0
445290.714196 4635468.111805 1303592644.0
445269.462555 4635467.386777 1303592646.0
445248.294749 4635466.772202 1303592648.0
445227.375047 4635466.044748 1303592650.0
445206.538328 4635465.316718 1303592652.0
445185.451786 4635464.479636 1303592654.0
445164.531214 4635463.641340 1303592656.0
445137.052901 4635462.631539 1303592659.0
445112.395304 4635461.489076 1303592662.0
445086.407327 4635460.023851 1303592665.0
445056.770447 4635458.919965 1303592668.0
445034.939542 4635458.422171 1303592670.0
445013.271180 4635457.479055 1303592672.0
444992.598664 4635456.528314 1303592674.0
444963.959317 4635455.639178 1303592677.0
444939.636183 4635454.827829 1303592680.0
444917.220044 4635453.779750 1303592684.0
444895.122107 4635450.952739 1303592694.0
444871.213025 4635450.027387 1303592697.0
444850.957978 4635449.406928 1303592699.0
444830.038165 4635448.680640 1303592701.0
444808.954091 4635448.177754 1303592703.0
444787.288238 4635447.568405 1303592705.0
444766.206738 4635447.398727 1303592707.0
444745.953392 4635447.000620 1303592709.0
444725.698320 4635446.380516 1303592711.0
444695.144125 4635444.730081 1303592714.0
444673.810197 4635444.118500 1303592716.0
444651.562535 4635443.403049 1303592718.0
444628.732225 4635442.470127 1303592720.0
444605.239730 4635441.764496 1303592722.0
444581.998785 4635441.390087 1303592724.0
444559.758012 4635441.563139 1303592726.0
444532.121293 4635441.556206 1303592729.0
444511.286125 4635441.052262 1303592735.0
444490.610874 4635439.769895 1303592741.0
444465.456858 4635438.855604 1303592744.0
444444.870638 4635438.349913 1303592746.0
444422.291836 4635437.748793 1303592748.0
444400.293945 4635437.143211 1303592750.0
444379.126797 4635436.642244 1303592752.0
444358.710872 4635436.690642 1303592754.0
444332.230747 4635436.009246 1303592757.0
444310.646910 4635435.289670 1303592763.0
444286.431763 4635437.699689 1303592768.0
444260.383944 4635439.235858 1303592771.0
444239.549606 4635438.843736 1303592773.0
444217.879298 4635437.680983 1303592775.0
444196.543543 4635436.848776 1303592777.0
444175.792179 4635436.456190 1303592779.0
444148.568613 4635436.225438 1303592782.0
444126.579387 4635436.730972 1303592786.0
444101.353629 4635437.261970 1303592793.0
444073.717733 4635437.367841 1303592796.0
444051.392200 4635437.321078 1303592798.0
444028.317155 4635436.947171 1303592800.0
444006.486056 4635436.452527 1303592802.0
443985.900647 4635436.059190 1303592804.0
443959.845880 4635436.708241 1303592807.0
443939.270951 4635437.647364 1303592811.0
443919.011372 4635436.474417 1303592828.0
443895.517873 4635435.660098 1303592831.0
443864.474197 4635435.127416 1303592834.0
443840.653108 4635434.871030 1303592836.0
443815.256992 4635434.849213 1303592838.0
443788.864141 4635434.724318 1303592840.0
443762.222322 4635434.601486 1303592842.0
443735.830343 4635434.587814 1303592844.0
443709.193783 4635435.131343 1303592846.0
443682.968656 4635435.227582 1303592848.0
443656.747040 4635435.768027 1303592850.0
443630.943881 4635436.749394 1303592852.0
443605.806391 4635437.947653 1303592854.0
443582.989936 4635438.794517 1303592856.0
443555.361056 4635439.790617 1303592859.0
443532.130550 4635440.751958 1303592863.0
443506.588709 4635443.286183 1303592878.0
443471.494451 4635444.785952 1303592882.0
443450.416368 4635445.064276 1303592884.0
443428.176454 4635445.351888 1303592886.0
443406.101634 4635445.527224 1303592888.0
443384.609495 4635445.920066 1303592890.0
443364.111448 4635446.083002 1303592892.0
443334.899657 4635446.315303 1303592895.0
443310.009428 4635447.290572 1303592898.0
443289.454027 4635450.674171 1303592911.0
443268.295624 4635451.286776 1303592918.0
443241.571721 4635451.277579 1303592922.0
443213.434364 4635450.946647 1303592925.0
443189.197440 4635450.584720 1303592928.0
443166.284777 4635449.768173 1303592935.0
443138.895184 4635449.542604 1303592939.0
443112.090937 4635449.867637 1303592942.0
443090.930764 4635450.258714 1303592945.0
443068.932256 4635459.983434 1303592967.0
443068.937530 4635481.413010 1303592973.0
443070.511581 4635501.830741 1303592993.0
443070.725417 4635528.588297 1303592996.0
443070.736902 4635550.795066 1303592998.0
443071.009770 4635574.554227 1303593000.0
443070.871257 4635598.760813 1303593002.0
443070.976380 4635622.299247 1303593004.0
443070.318661 4635643.845162 1303593006.0
443070.040807 4635671.383894 1303593009.0
443069.092865 4635698.150743 1303593012.0
443068.413409 4635727.358203 1303593015.0
443067.747730 4635747.904876 1303593017.0
443066.751893 4635768.676257 1303593019.0
443066.506470 4635789.885779 1303593021.0
443066.179841 4635811.318019 1303593023.0
443065.855879 4635833.083341 1303593025.0
443065.367728 4635855.072046 1303593027.0
443065.624655 4635876.832727 1303593029.0
443065.546101 4635898.151953 1303593031.0
443065.209726 4635918.362896 1303593033.0
443064.939029 4635946.789859 1303593036.0
443064.864921 4635968.664224 1303593039.0
443065.445794 4635989.423010 1303593062.0
443083.719052 4636001.823850 1303593068.0
443105.866271 4636000.536562 1303593071.0
443136.566809 4635999.958292 1303593074.0
443159.555375 4636000.107901 1303593076.0
443182.793769 4636000.366625 1303593078.0
443205.286211 4636000.742408 1303593080.0
443227.279875 4636001.011203 1303593082.0
443249.522481 4636001.278082 1303593084.0
443272.925057 4636001.313723 1303593086.0
443297.487606 4636001.118138 1303593088.0
443322.880855 4636001.027062 1303593090.0
443348.193770 4636001.269818 1303593092.0
443373.257737 4636001.514644 1303593094.0
443397.408021 4636001.655784 1303593096.0
443419.150956 4636001.705095 1303593098.0
443442.139494 4636001.855616 1303593101.0
443462.642108 4636002.470080 1303593106.0
443484.886449 4636002.959749 1303593109.0
443505.053606 4636003.132860 1303593111.0
443528.375819 4636003.503080 1303593113.0
443553.607484 4636003.969279 1303593115.0
443580.414913 4636004.312050 1303593117.0
443607.887068 4636004.760694 1303593119.0
443634.775712 4636004.880958 1303593121.0
443661.252959 4636005.448715 1303593123.0
443687.317926 4636006.352932 1303593125.0
443712.634296 4636007.041092 1303593127.0
443737.365404 4636007.178794 1303593129.0
443760.851788 4636007.326410 1303593131.0
443782.263634 4636007.490478 1303593133.0
443808.071742 4636007.397856 1303593136.0
443830.384997 4636006.111513 1303593142.0
443851.181835 4636001.950305 1303593170.0
443862.153469 4635983.099048 1303593174.0
443863.460753 4635959.438469 1303593177.0
443864.834404 4635933.667719 1303593180.0
443865.483975 4635910.789565 1303593184.0
