444121.174989 4635721.131483 1303150232.0
444146.412800 4635722.265953 1303150240.0
444167.236747 4635721.436496 1303150243.0
444191.059458 4635722.027047 1303150246.0
444214.542398 4635721.621032 1303150249.0
444235.299013 4635722.790914 1303150252.0
444256.612184 4635720.847548 1303150258.0
444281.095287 4635720.989095 1303150264.0
444303.830501 4635720.478190 1303150267.0
444329.630077 4635719.166169 1303150270.0
444355.442671 4635719.519650 1303150273.0
444375.946839 4635720.247777 1303150276.0
444397.029295 4635720.638347 1303150282.0
444420.463041 4635724.563720 1303150299.0
444443.299414 4635726.384183 1303150304.0
444464.795037 4635726.549663 1303150312.0
444481.297643 4635714.318320 1303150336.0
444480.456364 4635691.562919 1303150341.0
444480.291080 4635670.356725 1303150344.0
444480.348792 4635645.817776 1303150347.0
444479.655308 4635620.729513 1303150350.0
444479.027499 4635593.420061 1303150353.0
444478.639995 4635564.998397 1303150356.0
444478.925038 4635537.681832 1303150359.0
444479.317303 4635513.473382 1303150362.0
444477.745566 4635492.833326 1303150366.0
444471.844619 4635470.450472 1303150389.0
444472.598245 4635450.014359 1303150392.0
444474.045116 4635422.688743 1303150395.0
444473.290254 4635400.376814 1303150397.0
444472.685789 4635376.065104 1303150399.0
444472.405490 4635350.751563 1303150401.0
444471.454353 4635324.554981 1303150403.0
444470.840362 4635299.021976 1303150405.0
444470.328398 4635275.930921 1303150407.0
444469.136069 4635250.735527 1303150410.0
444468.382918 4635228.645659 1303150438.0
444472.038655 4635207.853833 1303150443.0
444492.639324 4635199.476793 1303150447.0
444521.374887 4635201.917777 1303150450.0
444542.462317 4635202.752901 1303150452.0
444564.537855 4635202.581093 1303150454.0
444585.619230 4635202.639154 1303150456.0
444614.423059 4635203.192407 1303150459.0
444642.473063 4635202.863364 1303150462.0
444670.854168 4635202.420825 1303150465.0
444701.061071 4635201.964228 1303150468.0
444723.053616 4635201.793556 1303150470.0
444746.378317 4635202.167788 1303150472.0
444770.285672 4635202.759648 1303150474.0
444794.607114 4635203.237346 1303150476.0
444819.674608 4635203.598314 1303150478.0
444845.574583 4635204.286027 1303150480.0
444872.383153 4635204.411634 1303150482.0
444899.857364 4635204.754261 1303150484.0
444927.997212 4635205.313917 1303150486.0
444956.468159 4635205.760091 1303150488.0
444985.022090 4635206.205739 1303150490.0
445013.324474 4635206.320341 1303150492.0
445040.793522 4635205.997349 1303150494.0
445067.601213 4635206.012664 1303150496.0
445094.326768 4635206.139746 1303150498.0
445121.468984 4635206.485786 1303150500.0
445149.357257 4635206.715152 1303150502.0
445178.076286 4635207.049268 1303150504.0
445206.794456 4635207.272473 1303150506.0
445235.344935 4635207.275015 1303150508.0
445263.479606 4635207.169832 1303150510.0
445291.615128 4635207.175788 1303150512.0
445319.917481 4635207.291608 1303150514.0
445347.558462 4635207.745715 1303150516.0
445372.626730 4635208.219655 1303150518.0
445395.951339 4635208.596014 1303150520.0
445419.358085 4635208.860786 1303150522.0
445443.178930 4635209.011431 1303150524.0
445468.329322 4635209.374045 1303150526.0
445494.723718 4635209.616197 1303150528.0
445521.947167 4635209.741074 1303150530.0
445550.666141 4635210.076691 1303150532.0
445580.051578 4635210.740434 1303150534.0
445609.182951 4635210.740037 1303150536.0
445636.988167 4635210.971945 1303150538.0
445661.642281 4635211.561095 1303150540.0
445682.728644 4635212.288565 1303150542.0
445706.637524 4635213.105620 1303150545.0
445732.193521 4635212.244705 1303150550.0
445754.932072 4635211.960502 1303150553.0
445783.732311 4635212.074373 1303150556.0
445804.732284 4635212.358727 1303150558.0
445826.397023 4635212.749121 1303150560.0
445847.561284 4635212.810285 1303150562.0
445867.732189 4635213.212160 1303150564.0
445892.471782 4635214.134559 1303150567.0
445915.718382 4635215.179412 1303150571.0
445940.145375 4635218.658120 1303150576.0
445960.478866 4635218.614889 1303150588.0
445976.673298 4635230.927816 1303150593.0
445979.284594 4635257.889145 1303150597.0
445977.748917 4635285.215022 1303150600.0
445976.330399 4635306.100071 1303150602.0
445975.419088 4635328.202643 1303150604.0
445974.764329 4635351.302572 1303150606.0
445974.109576 4635374.402501 1303150608.0
445973.205022 4635397.393292 1303150610.0
445972.049828 4635420.163919 1303150612.0
445970.716878 4635441.381426 1303150614.0
445968.486232 4635464.604345 1303150617.0
