443904.506952 4635460.016801 1303875457.0
443879.784454 4635461.210826 1303875481.0
443850.733470 4635460.773542 1303875484.0
443825.583784 4635460.416646 1303875486.0
443797.116333 4635460.308081 1303875488.0
443766.162749 4635460.663391 1303875490.0
443733.794866 4635460.585870 1303875492.0
443700.761321 4635460.291688 1303875494.0
443667.812515 4635460.219058 1303875496.0
443636.016751 4635459.027115 1303875498.0
443605.302453 4635458.159855 1303875500.0
443577.000949 4635458.050856 1303875502.0
443552.768488 4635458.242828 1303875504.0
443528.206716 4635458.770596 1303875507.0
443502.881325 4635457.194855 1303875520.0
443474.500345 4635457.531030 1303875523.0
443450.342934 4635456.723447 1303875525.0
443422.700024 4635455.943628 1303875527.0
443394.642166 4635455.167212 1303875529.0
443367.586335 4635455.160181 1303875531.0
443341.442485 4635455.034964 1303875533.0
443317.951597 4635454.555632 1303875535.0
443291.736243 4635455.874612 1303875538.0
443269.816817 4635454.716723 1303875567.0
443246.985400 4635453.677201 1303875571.0
443219.257684 4635452.676777 1303875574.0
443191.951096 4635452.450343 1303875577.0
443171.386017 4635454.612984 1303875584.0
443148.735618 4635455.459915 1303875588.0
443119.935250 4635455.245678 1303875591.0
443091.467717 4635455.139933 1303875594.0
443070.263612 4635460.416932 1303875598.0
443066.302333 4635483.987859 1303875603.0
443066.307617 4635505.417436 1303875606.0
443065.206100 4635533.739986 1303875609.0
443064.139661 4635556.066405 1303875611.0
443062.351200 4635581.507556 1303875613.0
443061.493352 4635609.161957 1303875615.0
443060.295582 4635635.819768 1303875617.0
443058.991763 4635659.591535 1303875619.0
443058.701530 4635685.575888 1303875622.0
443059.334785 4635712.885271 1303875644.0
443057.905848 4635741.765622 1303875647.0
443057.270379 4635766.087223 1303875649.0
443056.491137 4635793.185833 1303875651.0
443056.548842 4635821.166029 1303875653.0
443056.859050 4635849.588345 1303875655.0
443056.928298 4635879.011897 1303875657.0
443056.174822 4635909.330303 1303875659.0
443055.408930 4635938.094329 1303875661.0
443054.121187 4635963.864600 1303875663.0
443056.044002 4635986.389207 1303875666.0
443071.443100 4636002.588164 1303875675.0
443093.460721 4636005.854283 1303875678.0
443124.589443 4636006.938055 1303875681.0
443149.652525 4636007.071066 1303875683.0
443176.288712 4636006.747478 1303875685.0
443202.170981 4636005.541726 1303875687.0
443226.732634 4636005.234870 1303875689.0
443250.800820 4636005.487201 1303875691.0
443274.944027 4636004.739708 1303875693.0
443300.582673 4636004.202460 1303875695.0
443325.888511 4636003.556919 1303875697.0
443350.940109 4636002.247284 1303875699.0
443376.741198 4636001.264881 1303875701.0
443402.712666 4636000.836390 1303875703.0
443427.026267 4636000.643230 1303875705.0
443454.410187 4636000.425777 1303875708.0
443478.803246 4635999.788026 1303875713.0
443499.818723 4636002.286110 1303875716.0
443529.714967 4636004.935908 1303875719.0
443555.947684 4636006.060384 1303875721.0
443583.923001 4636007.171153 1303875723.0
443612.969157 4636007.274246 1303875725.0
443641.339158 4636005.828328 1303875727.0
443669.797418 4636005.048031 1303875729.0
443699.010415 4636005.261190 1303875731.0
443728.301127 4636004.807649 1303875733.0
443756.515711 4636004.695829 1303875735.0
443782.737862 4636004.488812 1303875737.0
443806.640035 4636004.744331 1303875739.0
443827.712078 4636003.911909 1303875741.0
443850.344143 4636000.957601 1303875744.0
443859.823855 4635982.340170 1303875748.0
443859.865398 4635956.024747 1303875751.0
443863.168633 4635932.903608 1303875753.0
443875.891790 4635915.148914 1303875756.0
443868.850249 4635895.662392 1303875783.0
443869.201019 4635866.457649 1303875787.0
443870.853414 4635844.459869 1303875789.0
443872.145892 4635818.911834 1303875791.0
443874.666518 4635791.244475 1303875793.0
443877.292020 4635766.352145 1303875795.0
443877.766068 4635742.254006 1303875798.0
443888.754806 4635725.512319 1303875808.0
443909.524593 4635728.346660 1303875811.0
443938.391906 4635726.675963 1303875814.0
443958.720539 4635726.182896 1303875816.0
443981.232971 4635729.003736 1303875819.0
444003.659781 4635731.492217 1303875822.0
444027.770695 4635737.076489 1303875825.0
444055.096165 4635739.859742 1303875828.0
444080.159239 4635739.885009 1303875832.0
444105.642462 4635740.573272 1303875837.0
444128.821271 4635743.722449 1303875840.0
444158.540163 4635744.821815 1303875843.0
444188.838194 4635745.694698 1303875846.0
444217.785858 4635743.691401 1303875849.0
444241.093198 4635742.065473 1303875852.0
444261.921438 4635741.791429 1303875855.0
444288.326138 4635743.583474 1303875858.0
444308.918439 4635744.976922 1303875860.0
444331.744370 4635745.464700 1303875862.0
444355.309350 4635744.947473 1303875864.0
444378.534592 4635743.433671 1303875866.0
444401.269735 4635742.923076 1303875868.0
444422.926948 4635742.531997 1303875870.0
444450.217582 4635740.875677 1303875873.0
444471.854029 4635737.820094 1303875877.0
444477.721508 4635713.346888 1303875881.0
444481.151309 4635684.895466 1303875884.0
444482.540251 4635660.790277 1303875886.0
444484.069217 4635633.352980 1303875888.0
444485.009507 4635604.920966 1303875890.0
444484.870120 4635576.386335 1303875892.0
444484.496484 4635549.741107 1303875894.0
444483.892057 4635525.429391 1303875896.0
444482.566701 4635504.454311 1303875898.0
444478.730081 4635480.722957 1303875901.0
444475.732834 4635458.206435 1303875908.0
444478.316537 4635438.311230 1303875911.0
444483.772830 4635414.285386 1303875914.0
444488.281681 4635385.825575 1303875917.0
444490.510136 4635362.935231 1303875919.0
444492.230292 4635338.716443 1303875921.0
444493.366075 4635314.058074 1303875923.0
444493.763611 4635290.515796 1303875925.0
444493.690028 4635270.419240 1303875927.0
444492.618833 4635250.108390 1303875930.0
