444669.045254 4636027.305533 1302555825.0
444694.678662 4636026.107141 1302555841.0
444722.887939 4636025.332984 1302555844.0
444745.293708 4636025.270163 1302555846.0
444768.943333 4636025.086734 1302555848.0
444793.754693 4636024.894377 1302555850.0
444819.972431 4636024.136043 1302555852.0
444847.097807 4636022.704572 1302555854.0
444875.052145 4636021.155756 1302555856.0
444903.091192 4636019.828462 1302555858.0
444931.464748 4636018.831794 1302555860.0
444959.089763 4636017.618956 1302555862.0
444986.305882 4636017.186620 1302555864.0
445013.360326 4636017.310806 1302555866.0
445041.164169 4636017.762414 1302555868.0
445069.630999 4636018.097982 1302555870.0
445098.262075 4636018.210331 1302555872.0
445127.142947 4636018.431905 1302555874.0
445156.522558 4636018.760789 1302555876.0
445186.233233 4636018.976212 1302555878.0
445215.777943 4636019.193036 1302555880.0
445244.743487 4636019.636502 1302555882.0
445273.626045 4636020.080724 1302555884.0
445302.260506 4636020.638002 1302555886.0
445330.894109 4636021.084367 1302555888.0
445359.522596 4636020.864685 1302555890.0
445388.234063 4636020.644481 1302555892.0
445416.950636 4636021.090556 1302555894.0
445445.002503 4636021.430805 1302555896.0
445472.391367 4636021.887273 1302555898.0
445499.530433 4636022.234725 1302555900.0
445526.917589 4636022.469348 1302555902.0
445554.720495 4636022.811933 1302555904.0
445582.777430 4636023.818887 1302555906.0
445610.916488 4636024.714291 1302555908.0
445639.218957 4636025.275457 1302555910.0
445667.269935 4636025.505554 1302555912.0
445695.322603 4636025.957815 1302555914.0
445723.379496 4636026.965323 1302555916.0
445750.933419 4636027.310570 1302555918.0
445777.570320 4636027.107737 1302555920.0
445803.296120 4636027.134003 1302555922.0
445828.197175 4636027.832837 1302555924.0
445852.185433 4636028.538697 1302555926.0
445875.508993 4636029.138655 1302555928.0
445898.916372 4636029.849087 1302555930.0
445922.482964 4636029.670117 1302555932.0
445945.137607 4636029.609181 1302555934.0
445967.462010 4636029.772888 1302555936.0
445988.877831 4636030.498724 1302555938.0
446016.927912 4636030.619170 1302555941.0
446040.415722 4636030.996356 1302555944.0
446061.250661 4636031.726810 1302555948.0
446081.747788 4636031.682647 1302555955.0
446103.824912 4636032.070721 1302555961.0
446126.891924 4636031.674141 1302555973.0
446147.971594 4636031.847829 1302555976.0
446173.776138 4636031.319670 1302555979.0
446199.739098 4636029.791106 1302555982.0
446225.520179 4636026.154372 1302555985.0
446251.882990 4636022.624376 1302555988.0
446276.063194 4636015.779936 1302555991.0
446288.707481 4635997.808177 1302555994.0
446289.685863 4635973.484461 1302555997.0
446289.721313 4635945.170650 1302556000.0
446290.322572 4635914.853971 1302556003.0
446290.411612 4635893.645903 1302556005.0
446290.424368 4635873.326678 1302556007.0
446289.893183 4635846.904714 1302556010.0
446289.625178 4635822.368335 1302556014.0
446291.293423 4635801.481462 1302556034.0
446297.935686 4635779.890888 1302556041.0
446297.782504 4635759.572918 1302556045.0
446297.606722 4635736.257216 1302556048.0
446297.738606 4635709.719225 1302556051.0
446298.673557 4635679.622110 1302556054.0
446299.258042 4635658.077214 1302556056.0
446299.917148 4635635.421423 1302556058.0
446300.238458 4635611.990944 1302556060.0
446300.894227 4635588.891046 1302556062.0
446302.550023 4635566.338777 1302556064.0
446303.885601 4635545.343392 1302556066.0
446304.540557 4635522.132469 1302556069.0
446308.868708 4635501.780730 1302556088.0
446333.961929 4635494.707575 1302556093.0
446357.546999 4635496.750603 1302556097.0
446379.059883 4635499.142408 1302556122.0
446402.560265 4635500.964156 1302556127.0
446428.301283 4635502.769131 1302556131.0
446450.051399 4635503.604898 1302556134.0
446472.378246 4635503.881230 1302556137.0
446498.936594 4635504.014818 1302556140.0
446528.980394 4635504.122341 1302556143.0
446550.311388 4635504.406393 1302556145.0
446570.813342 4635504.807760 1302556147.0
446591.311963 4635504.765078 1302556149.0
446612.476975 4635505.050560 1302556151.0
446634.638661 4635505.439672 1302556153.0
446656.137278 4635505.944851 1302556155.0
446678.714722 4635506.442020 1302556158.0
