445983.259834 4635234.875077 1302721380.0
445957.851355 4635233.291237 1302721391.0
445935.183226 4635231.908757 1302721394.0
445914.434821 4635231.955211 1302721397.0
445894.267347 4635231.997312 1302721401.0
445869.948673 4635231.848944 1302721424.0
445848.202694 4635231.681103 1302721427.0
445821.641589 4635231.327877 1302721430.0
445794.749363 4635231.088304 1302721433.0
445770.016572 4635231.054460 1302721436.0
445747.603279 4635230.447872 1302721439.0
445722.699426 4635229.749294 1302721442.0
445692.570563 4635229.534765 1302721445.0
445672.147328 4635228.691177 1302721447.0
445652.056049 4635227.845115 1302721449.0
445622.422571 4635227.294003 1302721452.0
445595.780977 4635227.275334 1302721455.0
445575.530486 4635227.318972 1302721458.0
445553.789562 4635227.818191 1302721471.0
445528.308981 4635227.679868 1302721476.0
445501.251582 4635227.553698 1302721480.0
445473.027216 4635226.770361 1302721483.0
445451.115211 4635226.605002 1302721485.0
445426.961613 4635226.345847 1302721487.0
445401.310782 4635225.654114 1302721489.0
445374.499781 4635225.193436 1302721491.0
445347.027407 4635225.071034 1302721493.0
445318.974950 4635225.064223 1302721495.0
445291.252747 4635224.832919 1302721497.0
445264.028483 4635224.597897 1302721499.0
445237.714550 4635224.022881 1302721501.0
445211.816417 4635223.555798 1302721503.0
445187.994748 4635223.294901 1302721505.0
445159.606038 4635222.736136 1302721508.0
445139.104834 4635222.560876 1302721512.0
445116.866816 4635223.176291 1302721541.0
445094.039310 4635222.685981 1302721544.0
445064.403159 4635221.804108 1302721547.0
445041.408805 4635221.204220 1302721549.0
445016.506522 4635220.730164 1302721551.0
444990.693911 4635220.596326 1302721553.0
444964.797449 4635220.352194 1302721555.0
444939.316794 4635220.215977 1302721557.0
444913.834419 4635219.857797 1302721559.0
444888.601871 4635219.608809 1302721561.0
444863.949394 4635219.244388 1302721563.0
444839.712725 4635218.987866 1302721565.0
444816.139977 4635218.726284 1302721567.0
444793.897655 4635218.787571 1302721569.0
444766.591189 4635218.666120 1302721572.0
444745.094919 4635218.610742 1302721577.0
444721.937975 4635218.457280 1302721603.0
444695.463131 4635218.551717 1302721606.0
444674.879752 4635218.489464 1302721608.0
444652.966798 4635218.215532 1302721610.0
444630.640614 4635218.166947 1302721612.0
444609.312042 4635218.332743 1302721614.0
444581.844759 4635218.879453 1302721617.0
444558.278899 4635219.506941 1302721621.0
444537.864953 4635219.887900 1302721629.0
444514.377764 4635219.959752 1302721633.0
444490.003631 4635223.369607 1302721637.0
444483.365392 4635244.850868 1302721641.0
444483.383699 4635268.500938 1302721644.0
444483.794461 4635289.261070 1302721646.0
444483.979615 4635313.020875 1302721648.0
444483.590767 4635337.673425 1302721650.0
444483.284912 4635362.325330 1302721652.0
444483.055129 4635386.088372 1302721654.0
444482.567731 4635408.743083 1302721656.0
444482.727803 4635429.283105 1302721658.0
444483.731599 4635451.593096 1302721661.0
444480.332721 4635473.382229 1302721679.0
444458.350530 4635474.774957 1302721684.0
444432.779095 4635473.530936 1302721687.0
444406.128811 4635472.295425 1302721690.0
444377.991674 4635471.959895 1302721693.0
444348.535403 4635472.745120 1302721696.0
444320.822745 4635473.627873 1302721699.0
444297.934658 4635475.916449 1302721703.0
444275.424178 4635473.427685 1302721724.0
444255.575818 4635461.147171 1302721728.0
444227.928722 4635459.809092 1302721732.0
444202.459299 4635461.007844 1302721735.0
444177.901008 4635461.977480 1302721738.0
444155.413935 4635462.486828 1302721741.0
444134.669606 4635462.982580 1302721744.0
444113.354818 4635464.815275 1302721749.0
444092.849666 4635474.636129 1302721760.0
444090.284480 4635496.752029 1302721764.0
444090.627347 4635519.289243 1302721767.0
444090.550052 4635541.163551 1302721770.0
444090.467529 4635562.371697 1302721773.0
444090.972014 4635584.352474 1302721776.0
444092.884646 4635605.989099 1302721779.0
444094.574452 4635630.958494 1302721783.0
444094.816025 4635651.164793 1302721786.0
444095.013825 4635676.367968 1302721790.0
444094.181822 4635697.248898 1302721794.0
444089.777994 4635717.713727 1302721807.0
444107.118981 4635727.792770 1302721813.0
