446197.365090 4635495.737937 1301959780.0
446217.747235 4635502.246033 1301959808.0
446242.494138 4635504.279909 1301959811.0
446265.413636 4635506.105589 1301959814.0
446287.565310 4635505.161296 1301959821.0
446302.312025 4635490.726810 1301959825.0
446299.822668 4635468.760958 1301959828.0
446300.736629 4635446.880486 1301959845.0
446301.485459 4635425.112294 1301959848.0
446301.661747 4635404.458752 1301959850.0
446301.559781 4635379.921139 1301959852.0
446301.615424 4635354.272005 1301959854.0
446300.175593 4635328.412078 1301959856.0
446299.163254 4635304.214431 1301959858.0
446298.534893 4635275.905655 1301959861.0
446298.631544 4635255.696851 1301959864.0
446283.749671 4635241.263672 1301959868.0
446261.166314 4635240.101584 1301959871.0
446239.828638 4635239.041202 1301959873.0
446215.421157 4635238.115091 1301959875.0
446189.518169 4635236.978293 1301959877.0
446161.791904 4635236.188467 1301959879.0
446133.576084 4635236.512785 1301959881.0
446105.859047 4635236.944474 1301959883.0
446079.466492 4635236.922113 1301959885.0
446055.066540 4635236.995795 1301959887.0
446033.821055 4635237.156699 1301959889.0
446007.426813 4635236.912551 1301959892.0
445983.845816 4635235.536835 1301959902.0
445954.954277 4635234.312515 1301959906.0
445933.289617 4635233.921731 1301959908.0
445908.054688 4635233.336052 1301959910.0
445880.578173 4635232.656457 1301959912.0
445853.105870 4635232.532103 1301959914.0
445830.119259 4635232.928914 1301959916.0
445807.887163 4635234.319361 1301959919.0
445783.498173 4635235.837325 1301959936.0
445762.078244 4635234.890031 1301959939.0
445735.187718 4635234.872736 1301959942.0
445714.107352 4635234.922302 1301959944.0
445689.372029 4635234.555657 1301959946.0
445661.980167 4635234.098327 1301959948.0
445633.178313 4635233.762895 1301959950.0
445604.622882 4635233.092597 1301959952.0
445577.398681 4635232.856378 1301959954.0
445553.497481 4635233.039001 1301959956.0
445526.695017 4635233.688022 1301959959.0
445506.446240 4635233.953910 1301959982.0
445479.785971 4635231.493079 1301959986.0
445459.365256 4635230.983182 1301959988.0
445434.711181 4635230.394732 1301959990.0
445407.237981 4635230.161070 1301959992.0
445379.846917 4635229.815851 1301959994.0
445352.203471 4635229.028538 1301959996.0
445324.729406 4635228.684168 1301959998.0
445298.252073 4635228.443283 1301960000.0
445272.437807 4635228.086370 1301960002.0
445245.793633 4635227.735928 1301960004.0
445218.566815 4635227.167999 1301960006.0
445192.833817 4635226.588682 1301960008.0
445169.427963 4635226.435681 1301960010.0
445148.762499 4635226.483726 1301960012.0
445127.513536 4635226.203223 1301960015.0
445107.405905 4635223.249181 1301960035.0
445086.150083 4635222.080585 1301960039.0
445064.398022 4635221.137946 1301960042.0
445040.723469 4635218.433664 1301960052.0
445016.230987 4635217.290246 1301960056.0
444992.163736 4635217.476032 1301960059.0
444966.849054 4635217.338435 1301960062.0
444944.112224 4635217.847209 1301960065.0
444918.053200 4635218.048638 1301960069.0
444891.580082 4635218.364400 1301960073.0
444869.174360 4635218.759818 1301960076.0
444844.022215 4635218.177264 1301960079.0
444818.379001 4635218.486873 1301960082.0
444793.729954 4635218.566803 1301960085.0
444768.329687 4635218.097473 1301960089.0
444744.005709 4635217.286784 1301960095.0
444718.018466 4635216.044950 1301960099.0
444695.276465 4635215.888355 1301960102.0
444672.703029 4635216.063624 1301960105.0
444648.718753 4635216.249927 1301960108.0
444624.402515 4635216.438890 1301960111.0
444600.503819 4635216.957792 1301960114.0
444576.025919 4635217.703347 1301960117.0
444551.545431 4635218.115904 1301960120.0
444530.719986 4635218.944223 1301960123.0
444507.896718 4635219.010926 1301960149.0
444487.883078 4635228.160586 1301960154.0
444486.075585 4635251.824882 1301960158.0
444485.365143 4635277.812342 1301960161.0
444484.531921 4635298.693202 1301960163.0
444483.954594 4635320.460340 1301960165.0
444484.041186 4635342.222304 1301960167.0
444484.538398 4635363.425901 1301960169.0
444484.515252 4635392.405925 1301960172.0
444483.465969 4635417.507760 1301960175.0
444483.290626 4635437.606261 1301960178.0
444482.460036 4635458.820209 1301960183.0
444470.988009 4635477.674352 1301960198.0
444444.590176 4635476.880866 1301960202.0
444417.950303 4635476.977638 1301960205.0
444388.171635 4635478.986588 1301960208.0
444367.425617 4635479.259608 1301960210.0
444338.214002 4635479.487796 1301960213.0
444314.147614 4635479.675882 1301960216.0
444293.559758 4635478.948576 1301960232.0
444263.964474 4635483.177291 1301960244.0
444239.892013 4635482.588438 1301960246.0
444215.660527 4635482.889183 1301960248.0
444193.510688 4635484.061975 1301960250.0
444167.634249 4635486.263348 1301960253.0
444144.320860 4635487.223344 1301960261.0
444114.191181 4635486.793446 1301960265.0
444088.287757 4635485.553265 1301960267.0
444059.985532 4635485.331321 1301960269.0
444032.348948 4635485.326328 1301960271.0
443995.592464 4635486.503474 1301960274.0
443969.884677 4635489.037343 1301960277.0
443947.906101 4635490.875757 1301960284.0
