444751.574067 4635476.158923 1302961030.0
444727.000281 4635475.128177 1302961043.0
444706.001845 4635474.958034 1302961046.0
444684.919558 4635474.677570 1302961049.0
444663.499281 4635473.622556 1302961053.0
444641.336422 4635473.128547 1302961060.0
444615.355266 4635472.553258 1302961064.0
444591.870641 4635472.846917 1302961067.0
444567.389301 4635473.037374 1302961070.0
444543.647071 4635472.222857 1302961073.0
444522.888930 4635470.941044 1302961076.0
444501.642369 4635470.884469 1302961081.0
444476.829069 4635471.077824 1302961087.0
444454.661850 4635470.029259 1302961090.0
444430.338677 4635469.219649 1302961093.0
444402.043354 4635469.884563 1302961096.0
444374.079985 4635470.546997 1302961099.0
444347.933673 4635470.085007 1302961102.0
444323.701279 4635470.274357 1302961105.0
444300.804500 4635471.452652 1302961109.0
444280.002010 4635464.509160 1302961118.0
444254.612530 4635475.922226 1302961121.0
444233.372921 4635476.754668 1302961123.0
444211.707944 4635476.258098 1302961125.0
444190.042093 4635475.650566 1302961127.0
444169.372088 4635475.035295 1302961129.0
444141.806271 4635473.474846 1302961132.0
444119.396997 4635473.317494 1302961136.0
444093.559087 4635469.856099 1302961142.0
444069.722444 4635467.600459 1302961145.0
444042.657113 4635466.369565 1302961148.0
444012.944015 4635466.158889 1302961151.0
443992.194463 4635465.988893 1302961153.0
443971.195071 4635465.709888 1302961155.0
443950.197425 4635465.652999 1302961157.0
443929.698577 4635465.703280 1302961159.0
443908.949891 4635465.644554 1302961161.0
443886.197254 4635464.047195 1302961163.0
443865.113985 4635463.658130 1302961165.0
443835.823675 4635464.444167 1302961168.0
443815.655894 4635464.381132 1302961170.0
443795.323888 4635464.541518 1302961172.0
443775.068736 4635463.924117 1302961174.0
443754.813579 4635463.306773 1302961176.0
443734.561049 4635463.022569 1302961178.0
443714.146049 4635463.183842 1302961180.0
443693.565951 4635463.457512 1302961182.0
443672.816367 4635463.288446 1302961184.0
443652.148012 4635462.896730 1302961186.0
443623.262101 4635462.348033 1302961189.0
443597.118299 4635462.221879 1302961192.0
443573.219564 4635462.633207 1302961195.0
443550.980586 4635463.031464 1302961198.0
443528.909345 4635463.650529 1302961201.0
443505.257816 4635463.838058 1302961204.0
443480.275839 4635463.703119 1302961207.0
443454.292718 4635462.910008 1302961210.0
443427.065654 4635462.237906 1302961213.0
443399.172915 4635461.349127 1302961216.0
443371.280168 4635460.460458 1302961219.0
443344.883843 4635459.893100 1302961222.0
443321.154608 4635460.748063 1302961225.0
443300.918821 4635462.574608 1302961228.0
443280.081796 4635461.852210 1302961248.0
443259.561684 4635459.239767 1302961253.0
443234.405733 4635458.107766 1302961257.0
443213.068987 4635457.167478 1302961260.0
443190.317898 4635455.794394 1302961264.0
443169.244273 4635456.628687 1302961271.0
443144.012394 4635456.385885 1302961275.0
443122.518515 4635456.557464 1302961278.0
443098.206593 4635457.195754 1302961282.0
443076.600857 4635464.141456 1302961291.0
443075.323554 4635491.244029 1302961295.0
443075.280425 4635517.004330 1302961298.0
443074.522357 4635546.767580 1302961301.0
443073.276610 4635567.429915 1302961303.0
443072.949046 4635588.751120 1302961305.0
443072.954317 4635610.180700 1302961307.0
443072.625872 4635631.390879 1302961309.0
443071.632658 4635652.495337 1302961311.0
443070.805423 4635673.598470 1302961313.0
443069.227777 4635694.263463 1302961315.0
443068.233700 4635715.256897 1302961317.0
443067.323501 4635736.360695 1302961319.0
443066.332101 4635757.687213 1302961321.0
443065.512001 4635779.678568 1302961323.0
443065.189811 4635801.665944 1302961325.0
443064.781979 4635823.320902 1302961327.0
443064.207297 4635844.866160 1302961329.0
443063.712053 4635865.966647 1302961331.0
443063.296247 4635886.622363 1302961333.0
443062.698948 4635915.718141 1302961336.0
443062.663008 4635942.366678 1302961339.0
443062.355935 4635966.241524 1302961342.0
443061.802585 4635990.451443 1302961346.0
443084.449917 4635999.819391 1302961351.0
443106.358840 4635999.866421 1302961354.0
443131.590571 4636000.331125 1302961357.0
443158.975390 4636000.223563 1302961360.0
443186.198672 4636000.672568 1302961363.0
443211.930050 4636001.355639 1302961366.0
443232.264080 4636001.637682 1302961369.0
443253.932889 4636002.797423 1302961389.0
443281.315923 4636002.468277 1302961393.0
443307.288271 4636002.150465 1302961396.0
443335.008532 4636002.485048 1302961399.0
443363.646000 4636003.367616 1302961402.0
443391.531331 4636003.590071 1302961405.0
443417.591946 4636003.938166 1302961408.0
443438.839628 4636004.324574 1302961411.0
443459.684739 4636006.268721 1302961417.0
443485.169751 4636007.287837 1302961421.0
443509.903519 4636007.757832 1302961424.0
443537.290929 4636007.984806 1302961427.0
443566.590428 4636008.640873 1302961430.0
443586.674581 4636008.814872 1302961432.0
443607.008555 4636009.097985 1302961434.0
443628.423922 4636009.705699 1302961436.0
443650.004369 4636010.201137 1302961438.0
443671.169904 4636010.699922 1302961440.0
443691.835791 4636010.980651 1302961442.0
443712.087645 4636011.375746 1302961444.0
443741.051668 4636011.591044 1302961447.0
443768.193602 4636012.264982 1302961450.0
443793.924845 4636012.950155 1302961453.0
443817.979815 4636011.538994 1302961456.0
443840.450266 4636009.141100 1302961460.0
443859.532339 4635997.998285 1302961468.0
443862.107090 4635977.214603 1302961471.0
443863.738428 4635952.552162 1302961474.0
443865.039600 4635928.114394 1302961477.0
443865.622815 4635907.346412 1302961480.0
