444710.946173 4635213.768122 1303528085.0
444686.130261 4635213.738685 1303528103.0
444660.150754 4635213.496305 1303528107.0
444630.109018 4635213.840760 1303528110.0
444606.045195 4635214.471959 1303528112.0
444581.315724 4635214.886350 1303528114.0
444556.754827 4635215.632617 1303528116.0
444533.106831 4635216.371861 1303528118.0
444505.145057 4635217.366852 1303528121.0
444484.624821 4635225.410128 1303528125.0
444483.171794 4635251.958543 1303528129.0
444484.411659 4635283.260431 1303528132.0
444484.774037 4635308.462296 1303528134.0
444484.829548 4635336.886535 1303528136.0
444485.312119 4635366.861921 1303528138.0
444485.942496 4635394.504446 1303528140.0
444486.295356 4635418.485016 1303528142.0
444486.514252 4635446.574885 1303528145.0
444484.596162 4635466.686968 1303528161.0
444465.017234 4635478.276066 1303528167.0
444439.205510 4635478.144235 1303528171.0
444408.825136 4635477.492978 1303528174.0
444383.002137 4635475.917996 1303528176.0
444356.523028 4635475.347539 1303528178.0
444332.625205 4635475.867347 1303528180.0
444308.731725 4635476.942372 1303528183.0
444285.328360 4635477.014338 1303528190.0
444261.431412 4635477.645412 1303528195.0
444240.918708 4635475.918364 1303528197.0
444214.264909 4635474.239462 1303528199.0
444190.521752 4635473.315094 1303528201.0
444165.874426 4635473.508232 1303528204.0
444141.645519 4635474.142310 1303528212.0
444116.905626 4635473.114969 1303528215.0
444095.232781 4635471.619508 1303528217.0
444068.756230 4635471.383201 1303528219.0
444038.791577 4635470.841291 1303528221.0
444008.738693 4635469.633996 1303528223.0
443981.510871 4635468.848748 1303528225.0
443958.852607 4635468.693858 1303528227.0
443934.874401 4635469.548736 1303528230.0
443911.890303 4635470.173798 1303528237.0
443889.481001 4635470.017169 1303528240.0
443868.306013 4635468.518476 1303528242.0
443844.726997 4635467.371898 1303528244.0
443821.233586 4635466.557825 1303528246.0
443796.494477 4635465.642623 1303528248.0
443770.182973 4635465.295089 1303528250.0
443743.460033 4635465.395038 1303528252.0
443717.152908 4635465.602835 1303528254.0
443691.010004 4635465.587363 1303528256.0
443664.370049 4635465.686953 1303528258.0
443636.816349 4635465.682837 1303528260.0
443610.009537 4635465.672915 1303528262.0
443584.445781 4635465.431182 1303528264.0
443561.794512 4635466.165773 1303528266.0
443537.328075 4635468.247232 1303528269.0
443511.354665 4635468.675213 1303528295.0
443483.964299 4635468.337291 1303528298.0
443459.887271 4635467.195936 1303528300.0
443433.486575 4635466.073114 1303528302.0
443406.506719 4635465.177058 1303528304.0
443381.021517 4635464.380260 1303528306.0
443357.867913 4635464.564320 1303528308.0
443336.786355 4635464.398872 1303528310.0
443310.230248 4635464.610153 1303528313.0
443287.669048 4635466.233173 1303528317.0
443265.415049 4635464.744859 1303528333.0
443240.173477 4635463.280418 1303528336.0
443219.590718 4635463.222376 1303528338.0
443193.106081 4635461.990078 1303528341.0
443171.196395 4635462.053792 1303528350.0
443143.565862 4635462.829436 1303528354.0
443116.758119 4635462.710343 1303528357.0
443094.426397 4635461.889389 1303528360.0
443074.537694 4635465.601388 1303528364.0
443068.911330 4635488.519414 1303528369.0
443068.496345 4635509.286144 1303528372.0
443066.562288 4635537.282244 1303528375.0
443064.432104 4635561.504748 1303528378.0
443064.276750 4635583.601817 1303528382.0
443061.885209 4635606.271933 1303528388.0
443059.431999 4635631.607366 1303528394.0
443057.881887 4635655.714205 1303528398.0
443059.952082 4635675.905905 1303528402.0
443060.786363 4635697.217827 1303528410.0
443059.668054 4635723.430869 1303528413.0
443058.516030 4635745.424878 1303528415.0
443057.716365 4635769.969860 1303528417.0
443057.422601 4635795.510108 1303528419.0
443057.885457 4635822.265687 1303528421.0
443058.008392 4635848.024675 1303528423.0
443057.956485 4635872.674718 1303528425.0
443057.644094 4635895.883398 1303528427.0
443057.649435 4635917.312989 1303528429.0
443057.799894 4635946.513827 1303528432.0
443058.667900 4635972.044795 1303528435.0
443059.831438 4635993.020991 1303528442.0
443078.560884 4636000.199555 1303528447.0
443098.701469 4635997.040697 1303528450.0
443123.669194 4635995.619898 1303528453.0
443144.577916 4635995.119861 1303528455.0
443168.643487 4635995.038834 1303528457.0
443193.786933 4635994.838257 1303528459.0
443218.100562 4635994.644384 1303528461.0
443241.752108 4635994.677938 1303528463.0
443265.652596 4635994.709589 1303528465.0
443291.707070 4635994.280032 1303528467.0
443318.928591 4635994.507489 1303528469.0
443347.145004 4635994.616102 1303528471.0
443375.607712 4635994.389766 1303528473.0
443401.166061 4635994.186622 1303528475.0
443422.742173 4635994.126236 1303528477.0
443448.051577 4635993.925238 1303528480.0
443468.296456 4635993.431423 1303528484.0
443491.872054 4635994.354685 1303528487.0
443513.950454 4635994.845762 1303528489.0
443538.850224 4635995.314540 1303528491.0
443566.986273 4635995.757764 1303528493.0
443597.278959 4635996.072986 1303528495.0
443627.736724 4635996.275996 1303528497.0
443657.447651 4635996.485044 1303528499.0
443685.746131 4635996.483314 1303528501.0
443712.053052 4635996.497436 1303528503.0
443736.036485 4635996.530009 1303528505.0
443758.113971 4635996.910815 1303528507.0
443779.693564 4635997.295619 1303528509.0
443801.275781 4635998.013570 1303528511.0
443826.820092 4635996.035517 1303528514.0
443848.711475 4635993.864286 1303528518.0
443866.126092 4635981.735328 1303528526.0
443866.680426 4635957.303445 1303528529.0
443867.766784 4635937.197701 1303528531.0
443868.503721 4635914.874030 1303528534.0
443868.571552 4635891.889427 1303528543.0
443868.745118 4635871.790880 1303528546.0
443868.750969 4635851.471587 1303528548.0
443869.229350 4635827.928581 1303528550.0
443870.444966 4635803.158391 1303528552.0
443872.913229 4635779.377639 1303528554.0
443874.071256 4635757.827895 1303528556.0
443874.885107 4635734.726386 1303528559.0
443890.435391 4635717.615660 1303528564.0
443914.183911 4635719.316210 1303528567.0
443934.936227 4635719.930081 1303528569.0
443957.844396 4635720.304983 1303528571.0
443980.002205 4635720.241722 1303528573.0
444000.090632 4635720.861004 1303528575.0
444022.580377 4635720.795267 1303528578.0
444043.896868 4635729.843610 1303528596.0
444064.639545 4635729.236559 1303528599.0
444088.417798 4635724.164379 1303528603.0
444114.885569 4635723.401505 1303528607.0
444141.356826 4635723.082838 1303528610.0
444163.268275 4635723.355182 1303528612.0
444187.006255 4635723.724315 1303528614.0
444210.652551 4635722.983905 1303528616.0
444232.806863 4635722.477322 1303528618.0
444253.965361 4635721.978602 1303528620.0
444283.422334 4635721.415029 1303528623.0
444311.721863 4635721.415797 1303528626.0
444338.532003 4635721.983486 1303528629.0
444363.100682 4635722.457749 1303528632.0
444385.751173 4635721.725698 1303528635.0
444408.990360 4635721.988431 1303528638.0
444433.216698 4635721.133200 1303528642.0
444455.382275 4635722.070663 1303528647.0
444473.120128 4635708.608296 1303528652.0
444479.091392 4635686.799099 1303528656.0
444480.303971 4635661.362876 1303528659.0
444480.883828 4635639.928808 1303528661.0
444481.274355 4635615.498300 1303528663.0
444481.480742 4635588.737515 1303528665.0
444481.850510 4635561.642357 1303528667.0
444482.477898 4635535.655532 1303528669.0
444482.798436 4635512.891082 1303528671.0
444482.776646 4635488.796894 1303528674.0
444482.945061 4635467.810174 1303528680.0
444483.267340 4635445.267782 1303528683.0
444484.103992 4635424.831025 1303528685.0
444484.578413 4635400.510906 1303528687.0
444484.694064 4635372.751534 1303528689.0
444484.883190 4635343.770217 1303528691.0
444484.829409 4635315.568032 1303528693.0
444485.129219 4635290.138939 1303528695.0
444485.633945 4635269.704775 1303528697.0
444485.971831 4635249.160878 1303528700.0
