443904.951685 4635474.336693 1302352763.0
443879.462230 4635472.982976 1302352772.0
443855.963593 4635471.502625 1302352775.0
443828.485038 4635470.497870 1302352778.0
443798.100150 4635469.294080 1302352781.0
443776.684936 4635468.907895 1302352783.0
443754.606693 4635468.638043 1302352785.0
443732.361595 4635468.258544 1302352787.0
443709.950518 4635467.880425 1302352789.0
443687.789278 4635467.611436 1302352791.0
443667.370778 4635467.328735 1302352793.0
443646.450836 4635466.605922 1302352795.0
443617.067892 4635466.172217 1302352798.0
443589.841746 4635465.610519 1302352801.0
443565.194372 4635465.805735 1302352804.0
443544.457983 4635467.302451 1302352807.0
443520.473636 4635467.381533 1302352829.0
443493.922831 4635468.258292 1302352833.0
443467.939729 4635467.465132 1302352836.0
443438.549712 4635466.143945 1302352839.0
443417.546744 4635465.422464 1302352841.0
443396.546416 4635465.034125 1302352843.0
443375.383640 4635465.091276 1302352845.0
443354.881234 4635464.699103 1302352847.0
443326.577968 4635464.369044 1302352850.0
443300.847321 4635464.018622 1302352853.0
443279.096550 4635463.192465 1302352857.0
443257.924035 4635462.028666 1302352863.0
443236.838923 4635461.419405 1302352866.0
443211.522309 4635460.954972 1302352869.0
443188.286586 4635461.251272 1302352872.0
443166.959585 4635461.532421 1302352878.0
443145.295316 4635461.150119 1302352882.0
443115.086836 4635461.280243 1302352886.0
443088.526274 4635460.937214 1302352890.0
443068.393044 4635465.206355 1302352898.0
443064.821867 4635485.665206 1302352905.0
443064.406893 4635506.431936 1302352933.0
443064.046943 4635534.082353 1302352937.0
443063.753124 4635559.622592 1302352940.0
443062.571307 4635588.278890 1302352943.0
443061.974842 4635617.485682 1302352946.0
443061.943311 4635644.689343 1302352949.0
443061.663714 4635672.006021 1302352952.0
443061.720499 4635699.875184 1302352955.0
443061.707615 4635729.410420 1302352958.0
443061.541637 4635750.175168 1302352960.0
443061.381875 4635771.717108 1302352962.0
443060.728648 4635793.818165 1302352964.0
443060.734860 4635815.358779 1302352966.0
443060.411802 4635837.235130 1302352968.0
443060.169956 4635858.888763 1302352970.0
443060.341253 4635880.317025 1302352972.0
443060.258277 4635901.081115 1302352974.0
443060.327516 4635930.504670 1302352977.0
443060.709159 4635957.482972 1302352980.0
443060.565396 4635981.023410 1302352983.0
443063.146715 4636002.876549 1302352990.0
443083.750105 4636005.709805 1302352994.0
443105.903520 4636005.199708 1302352997.0
443132.127466 4636005.212350 1302353000.0
443160.428606 4636005.541616 1302353003.0
443189.480119 4636006.309145 1302353006.0
443217.368111 4636006.864001 1302353009.0
443245.586254 4636007.194266 1302353012.0
443274.799285 4636007.405684 1302353015.0
443304.922459 4636007.276875 1302353018.0
443325.088733 4636007.338449 1302353020.0
443345.588698 4636007.619495 1302353022.0
443366.419704 4636007.786933 1302353024.0
443386.502992 4636007.849341 1302353026.0
443414.637247 4636008.069907 1302353029.0
443438.040673 4636008.217118 1302353032.0
443459.702366 4636008.489267 1302353038.0
443483.686657 4636008.632017 1302353042.0
443508.502521 4636008.990320 1302353045.0
443536.889224 4636009.653504 1302353048.0
443557.554247 4636009.822817 1302353050.0
443579.050841 4636010.207671 1302353052.0
443600.877598 4636010.367906 1302353054.0
443622.454531 4636010.419152 1302353056.0
443644.365145 4636010.689891 1302353058.0
443666.274877 4636010.849670 1302353060.0
443688.102504 4636011.121200 1302353062.0
443709.682062 4636011.505792 1302353064.0
443730.930567 4636012.004098 1302353066.0
443751.594691 4636012.062946 1302353068.0
443780.891509 4636012.386812 1302353071.0
443807.615899 4636012.731093 1302353074.0
443829.082686 4636009.341774 1302353077.0
443849.574722 4636008.625025 1302353092.0
443863.371217 4635990.195636 1302353097.0
443864.688129 4635967.756357 1302353100.0
443865.547264 4635939.880013 1302353103.0
443866.132228 4635919.334085 1302353105.0
443866.705823 4635897.344804 1302353107.0
443867.192064 4635874.801041 1302353109.0
443867.928136 4635852.366344 1302353111.0
443868.657214 4635829.043431 1302353113.0
443869.976810 4635806.937240 1302353115.0
443872.217114 4635785.823103 1302353117.0
443873.816179 4635757.052666 1302353120.0
443874.387199 4635734.730309 1302353124.0
443895.466075 4635724.127047 1302353132.0
443922.610827 4635725.023637 1302353136.0
443944.529280 4635726.183526 1302353139.0
443967.777227 4635727.555092 1302353154.0
443990.279174 4635729.043633 1302353158.0
444013.770818 4635729.747228 1302353161.0
444038.754436 4635730.217111 1302353164.0
444061.674767 4635732.146727 1302353167.0
444082.346656 4635733.094760 1302353173.0
444106.586876 4635734.014852 1302353178.0
444130.991316 4635734.711671 1302353181.0
444159.630574 4635735.708475 1302353184.0
444179.718062 4635736.217236 1302353186.0
444200.471163 4635736.942907 1302353188.0
444221.385010 4635737.001175 1302353190.0
444248.356729 4635737.012088 1302353193.0
