445021.116713 4635473.962530 1301771936.0
445042.946716 4635474.349254 1301771940.0
445068.174923 4635474.154671 1301771944.0
445092.821361 4635473.853628 1301771947.0
445116.801333 4635473.224704 1301771950.0
445140.290224 4635473.487912 1301771953.0
445166.192586 4635474.620890 1301771956.0
445195.657421 4635474.949317 1301771959.0
445217.649962 4635474.891191 1301771961.0
445240.806034 4635475.046256 1301771963.0
445264.790272 4635474.972966 1301771965.0
445288.771099 4635474.455647 1301771967.0
445311.673943 4635474.057719 1301771969.0
445335.412626 4635474.430686 1301771971.0
445360.318240 4635475.460984 1301771973.0
445384.310984 4635476.498367 1301771975.0
445405.980921 4635477.664666 1301771977.0
445432.964597 4635479.123426 1301771980.0
445453.726756 4635480.963025 1301771991.0
445473.361072 4635487.252663 1301771996.0
445492.173127 4635494.547948 1301772008.0
445490.915266 4635514.543627 1301772015.0
445488.970004 4635542.316922 1301772018.0
445489.638694 4635564.629568 1301772020.0
445489.996676 4635589.720433 1301772022.0
445489.612884 4635615.483177 1301772024.0
445488.903101 4635642.025653 1301772026.0
445487.361775 4635668.352426 1301772028.0
445485.645147 4635693.459172 1301772030.0
445484.075807 4635716.122051 1301772032.0
445483.150811 4635736.226226 1301772034.0
445485.491095 4635760.080556 1301772037.0
445493.385337 4635783.115149 1301772045.0
445494.571451 4635807.977619 1301772048.0
445495.400988 4635829.622840 1301772050.0
445496.248363 4635853.599634 1301772052.0
445497.438709 4635879.017242 1301772054.0
445498.887342 4635905.654246 1301772056.0
445499.416366 4635931.410018 1301772058.0
445498.347494 4635954.402175 1301772060.0
445497.636895 4635980.833636 1301772063.0
445506.669674 4636000.861625 1301772067.0
445531.356735 4636006.113443 1301772071.0
445560.259677 4636009.223480 1301772074.0
445583.089695 4636010.381423 1301772076.0
445607.742748 4636011.192416 1301772078.0
445632.478774 4636012.002861 1301772080.0
445657.050526 4636013.036713 1301772082.0
445681.451226 4636013.405751 1301772084.0
445705.354881 4636013.889696 1301772086.0
445728.928299 4636014.598304 1301772088.0
445752.750655 4636015.305094 1301772090.0
445775.827865 4636016.239704 1301772092.0
445798.737415 4636016.953598 1301772094.0
445821.811233 4636017.444248 1301772096.0
445844.554810 4636018.159551 1301772098.0
445866.046071 4636017.885142 1301772100.0
445886.370535 4636016.953460 1301772102.0
445915.742475 4636016.286231 1301772105.0
445946.039849 4636017.277603 1301772108.0
445966.712249 4636018.453149 1301772110.0
445987.796180 4636019.181500 1301772112.0
446009.373783 4636019.351003 1301772114.0
446031.863334 4636019.402628 1301772116.0
446054.683967 4636019.340782 1301772118.0
446077.509643 4636019.945173 1301772120.0
446100.668078 4636020.658152 1301772122.0
446123.490383 4636020.818581 1301772124.0
446146.478649 4636020.977829 1301772126.0
446169.554088 4636021.691660 1301772128.0
446192.462721 4636022.295792 1301772130.0
446214.445144 4636021.130455 1301772132.0
446236.088943 4636019.079474 1301772134.0
446263.352849 4636013.988250 1301772137.0
446287.114001 4636006.591841 1301772141.0
446291.249858 4635982.799482 1301772145.0
446290.054819 4635956.382519 1301772148.0
446289.477486 4635934.846374 1301772150.0
446288.808798 4635912.200583 1301772152.0
446288.555856 4635889.662691 1301772154.0
446287.722035 4635867.129180 1301772156.0
446286.551255 4635843.932010 1301772158.0
446285.144915 4635822.513154 1301772160.0
446283.114981 4635795.436293 1301772163.0
446280.789941 4635773.247132 1301772167.0
446283.349232 4635749.466669 1301772172.0
446284.965572 4635721.696114 1301772175.0
446285.541636 4635699.040944 1301772177.0
446285.849496 4635673.834028 1301772179.0
446286.563077 4635647.402685 1301772181.0
446286.774565 4635620.419963 1301772183.0
446286.087445 4635595.331586 1301772185.0
446284.673538 4635572.913493 1301772187.0
446283.419736 4635549.716960 1301772190.0
446283.570006 4635525.621572 1301772199.0
446283.854439 4635497.305904 1301772203.0
446284.949496 4635466.430356 1301772206.0
446285.679857 4635442.219564 1301772208.0
446286.234203 4635416.677700 1301772210.0
446286.953695 4635391.023558 1301772212.0
446287.430087 4635366.148484 1301772214.0
446286.927361 4635343.501462 1301772216.0
446284.950919 4635323.530353 1301772218.0
446283.025645 4635299.339591 1301772221.0
446284.616064 4635279.119522 1301772228.0
