446301.680552 4635307.859558 1303772386.0
446299.762027 4635284.557008 1303772413.0
446299.005349 4635261.245702 1303772418.0
446287.734033 4635241.344665 1303772436.0
446261.735520 4635238.542823 1303772440.0
446236.502330 4635238.178036 1303772443.0
446207.115436 4635237.289533 1303772446.0
446186.780332 4635237.110006 1303772448.0
446161.542933 4635236.190348 1303772451.0
446140.123075 4635235.241918 1303772456.0
446119.282462 4635234.067105 1303772474.0
446095.621853 4635233.135755 1303772478.0
446073.378794 4635233.082021 1303772481.0
446050.216956 4635232.258080 1303772484.0
446027.471745 4635231.653125 1303772488.0
446006.391382 4635231.701826 1303772506.0
445984.567474 4635232.200360 1303772513.0
445960.423210 4635233.160695 1303772538.0
445936.265470 4635232.344678 1303772542.0
445911.531848 4635232.199317 1303772545.0
445883.719152 4635230.967095 1303772548.0
445854.831789 4635230.298316 1303772551.0
445824.370136 4635229.974726 1303772554.0
445802.455634 4635229.475205 1303772556.0
445779.458873 4635228.539854 1303772558.0
445755.468758 4635227.945242 1303772560.0
445730.150792 4635227.360825 1303772562.0
445703.836090 4635226.673060 1303772564.0
445676.030094 4635226.329865 1303772566.0
445647.062230 4635225.995642 1303772568.0
445618.251866 4635224.549999 1303772570.0
445591.939680 4635224.195729 1303772572.0
445569.445046 4635223.812389 1303772574.0
445543.875522 4635222.897454 1303772577.0
445521.972000 4635223.842148 1303772603.0
445499.312227 4635223.571325 1303772607.0
445475.492285 4635223.531520 1303772610.0
445446.940187 4635223.305962 1303772613.0
445425.944466 4635223.577799 1303772615.0
445403.287236 4635223.640362 1303772617.0
445379.134475 4635223.492397 1303772619.0
445353.653864 4635223.354698 1303772621.0
445327.176515 4635223.113706 1303772623.0
445299.703276 4635222.880459 1303772625.0
445271.897220 4635222.538840 1303772627.0
445246.668129 4635222.732693 1303772629.0
445225.420871 4635222.673952 1303772631.0
445198.029758 4635222.329432 1303772634.0
445173.296897 4635222.297660 1303772637.0
445151.049474 4635221.691670 1303772640.0
445127.059247 4635221.099172 1303772643.0
445101.414338 4635221.185708 1303772646.0
445075.269773 4635221.054121 1303772649.0
445047.710086 4635220.378377 1303772652.0
445018.576143 4635220.047989 1303772655.0
444998.244330 4635220.315962 1303772657.0
444977.495851 4635220.365144 1303772659.0
444956.327272 4635219.751429 1303772661.0
444934.247508 4635219.366888 1303772663.0
444911.336119 4635218.766778 1303772665.0
444888.007195 4635217.836870 1303772667.0
444864.347161 4635217.020635 1303772669.0
444840.356878 4635216.429102 1303772671.0
444816.119337 4635216.061633 1303772673.0
444792.130764 4635215.692317 1303772675.0
444769.304055 4635215.314075 1303772677.0
444748.967060 4635214.916597 1303772679.0
444721.076195 4635214.355717 1303772682.0
444692.523123 4635214.022154 1303772685.0
444662.648233 4635214.476210 1303772688.0
444641.402641 4635214.641265 1303772690.0
444619.079035 4635214.925797 1303772692.0
444595.591834 4635214.997381 1303772694.0
444570.945355 4635215.411163 1303772696.0
444545.474156 4635216.497652 1303772698.0
444520.248477 4635217.138186 1303772700.0
444498.753918 4635217.305605 1303772702.0
444478.558728 4635224.458096 1303772706.0
444477.091013 4635249.119051 1303772711.0
444476.942496 4635272.659388 1303772714.0
444477.991315 4635300.742783 1303772717.0
444478.234384 4635321.282155 1303772719.0
444478.571692 4635343.264234 1303772721.0
444478.743886 4635365.358634 1303772723.0
444479.002531 4635387.896497 1303772725.0
444479.181650 4635410.879116 1303772727.0
444479.684068 4635432.748877 1303772729.0
444480.534011 4635456.614541 1303772732.0
444468.143064 4635474.698614 1303772742.0
444446.684779 4635479.418312 1303772747.0
444420.521356 4635487.394766 1303772754.0
444390.467768 4635486.074835 1303772757.0
444361.915746 4635485.742608 1303772760.0
444339.861900 4635488.579704 1303772763.0
444319.383095 4635491.182489 1303772767.0
444298.956907 4635489.898734 1303772775.0
444279.690312 4635498.932125 1303772786.0
444251.927789 4635504.034829 1303772790.0
444226.896059 4635508.116955 1303772793.0
444200.421396 4635508.102214 1303772796.0
444178.900734 4635504.828765 1303772799.0
444152.089754 4635504.261669 1303772803.0
444128.948757 4635495.449373 1303772823.0
444107.011342 4635491.957340 1303772827.0
444083.415025 4635488.589430 1303772830.0
444057.245201 4635485.130773 1303772833.0
444030.160741 4635481.457329 1303772836.0
444000.260783 4635478.583359 1303772839.0
443979.418674 4635477.192753 1303772841.0
443958.494442 4635475.913889 1303772843.0
443931.360109 4635476.460506 1303772846.0
443911.031638 4635477.064671 1303772850.0
