446282.619028 4635762.685159 1302699931.0
446285.094508 4635738.794295 1302699935.0
446287.549076 4635712.127755 1302699938.0
446288.569480 4635682.363094 1302699941.0
446289.895779 4635660.146403 1302699943.0
446290.880099 4635636.599890 1302699945.0
446292.362343 4635613.049624 1302699947.0
446294.350885 4635590.605877 1302699949.0
446296.390621 4635563.942475 1302699952.0
446298.806682 4635543.161009 1302699964.0
446298.625057 4635519.068125 1302699972.0
446281.612849 4635508.204083 1302699976.0
446257.710921 4635508.162298 1302699979.0
446228.101325 4635510.606410 1302699982.0
446206.861692 4635511.432968 1302699984.0
446185.440152 4635510.151327 1302699986.0
446164.185416 4635508.979524 1302699988.0
446142.765538 4635507.920066 1302699990.0
446120.774820 4635508.197391 1302699992.0
446097.956753 4635508.814145 1302699994.0
446075.056542 4635509.542628 1302699996.0
446052.397729 4635509.270054 1302699998.0
446031.893210 4635508.537098 1302700000.0
446008.231812 4635507.383992 1302700003.0
445985.811844 4635505.777418 1302700017.0
445958.638018 4635501.098038 1302700022.0
445930.639339 4635497.091223 1302700025.0
445909.048346 4635495.367564 1302700027.0
445886.713830 4635494.093753 1302700029.0
445864.961903 4635493.037651 1302700031.0
445843.372566 4635491.536245 1302700033.0
445821.042245 4635490.817775 1302700035.0
445798.717832 4635490.876565 1302700037.0
445777.972710 4635491.256504 1302700039.0
445751.571775 4635490.014068 1302700042.0
445728.806198 4635486.634396 1302700047.0
445706.969537 4635485.357354 1302700057.0
445683.547642 4635482.982130 1302700063.0
445657.806318 4635481.179843 1302700067.0
445637.486273 4635482.889352 1302700070.0
445613.049928 4635488.960654 1302700074.0
445593.501390 4635493.884373 1302700094.0
445569.546773 4635486.961214 1302700098.0
445547.183297 4635481.913543 1302700101.0
445523.139662 4635474.213984 1302700104.0
445493.790716 4635467.332332 1302700107.0
445473.423922 4635462.935816 1302700109.0
445452.405103 4635460.098821 1302700111.0
445430.575951 4635459.821869 1302700113.0
445407.104060 4635461.778247 1302700115.0
445381.314486 4635464.529706 1302700117.0
445355.104032 4635466.507253 1302700119.0
445328.299043 4635466.712920 1302700121.0
445301.077412 4635466.699820 1302700123.0
445272.446696 4635466.919716 1302700125.0
445243.319761 4635467.365609 1302700127.0
445215.103129 4635467.471519 1302700129.0
445190.620083 4635467.437780 1302700131.0
445166.474114 4635468.067733 1302700134.0
445142.972383 4635466.139032 1302700141.0
445120.728283 4635465.866225 1302700146.0
445101.094444 4635470.458855 1302700151.0
445080.299660 4635475.171524 1302700157.0
445058.246317 4635467.347147 1302700166.0
445033.170354 4635465.764050 1302700172.0
445007.847129 4635464.405017 1302700176.0
444985.861406 4635465.352007 1302700180.0
444964.747379 4635460.962711 1302700186.0
444941.746060 4635459.363907 1302700193.0
444918.488039 4635456.767858 1302700197.0
444892.358066 4635458.413385 1302700200.0
444870.950670 4635459.023155 1302700202.0
444848.046918 4635459.311472 1302700204.0
444816.854716 4635460.996470 1302700207.0
444796.430277 4635459.933343 1302700211.0
444779.239275 4635447.741827 1302700218.0
444760.258638 4635440.227649 1302700235.0
444739.685377 4635441.386514 1302700253.0
444717.933921 4635440.444939 1302700278.0
444694.647922 4635444.956001 1302700283.0
444674.715094 4635453.771417 1302700288.0
444653.048199 4635463.710701 1302700292.0
444627.550127 4635471.903288 1302700295.0
444608.540677 4635482.044122 1302700298.0
444588.599420 4635489.749510 1302700304.0
444561.466862 4635490.515781 1302700308.0
444536.320819 4635490.600485 1302700311.0
444512.010702 4635491.456005 1302700314.0
444489.681040 4635490.852734 1302700317.0
444468.748311 4635488.462100 1302700322.0
444450.093328 4635480.168969 1302700327.0
444431.711361 4635464.323449 1302700351.0
444412.855641 4635451.590623 1302700355.0
444394.842734 4635440.516776 1302700370.0
444375.665336 4635429.118964 1302700379.0
444353.460077 4635433.844773 1302700386.0
444334.780250 4635443.650665 1302700404.0
444316.424616 4635452.454767 1302700418.0
444295.847967 4635453.170806 1302700427.0
444281.907858 4635432.294408 1302700432.0
444276.388187 4635405.689434 1302700435.0
444274.728515 4635384.494933 1302700437.0
444273.310853 4635362.410268 1302700439.0
444271.812800 4635340.659335 1302700441.0
444270.894797 4635318.792832 1302700443.0
444270.869313 4635283.706310 1302700446.0
444273.254407 4635259.704325 1302700448.0
444275.493512 4635238.257265 1302700450.0
444281.200871 4635214.562402 1302700453.0
444305.669756 4635202.046311 1302700457.0
444331.492901 4635203.509994 1302700460.0
444353.242550 4635204.117315 1302700462.0
444375.324158 4635204.722111 1302700464.0
444395.913660 4635205.560689 1302700466.0
444420.741746 4635207.143495 1302700469.0
444441.402968 4635206.538204 1302700472.0
444464.135499 4635205.472691 1302700475.0
444493.010214 4635204.470426 1302700478.0
444515.415117 4635203.962799 1302700480.0
444539.060561 4635202.890415 1302700482.0
444563.535918 4635201.811653 1302700484.0
444586.027275 4635201.747710 1302700486.0
444607.194233 4635202.138271 1302700488.0
444634.924358 4635203.366158 1302700491.0
444658.422807 4635204.738057 1302700495.0
