444274.703350 4636007.173784 1302307359.0
444298.494206 4636014.426969 1302307367.0
444320.812708 4636013.808326 1302307370.0
444351.773415 4636014.676703 1302307373.0
444374.829211 4636012.831094 1302307375.0
444398.308592 4636012.092594 1302307377.0
444421.127592 4636011.803460 1302307379.0
444447.934026 4636012.038468 1302307382.0
444472.008997 4636013.183144 1302307386.0
444493.667119 4636013.014327 1302307410.0
444519.172651 4636016.701795 1302307413.0
444548.639643 4636017.582662 1302307416.0
444570.044485 4636016.860879 1302307418.0
444590.871916 4636016.587788 1302307420.0
444617.505446 4636015.936508 1302307423.0
444638.985511 4636014.215042 1302307426.0
444659.327139 4636015.500403 1302307431.0
444680.355029 4636019.667374 1302307449.0
444691.456842 4636038.678994 1302307453.0
444692.988868 4636064.982143 1302307456.0
444693.854455 4636090.957366 1302307459.0
444695.514492 4636112.374028 1302307463.0
444707.787326 4636132.597954 1302307472.0
444728.147556 4636136.326108 1302307475.0
444747.924322 4636139.725745 1302307477.0
444770.021057 4636142.663309 1302307479.0
444794.767100 4636144.803169 1302307481.0
444822.251457 4636146.921899 1302307483.0
444851.645188 4636149.136984 1302307485.0
444883.031270 4636151.447805 1302307487.0
444915.081166 4636153.753630 1302307489.0
444949.120833 4636155.822151 1302307491.0
444984.406028 4636157.992247 1302307493.0
445018.522629 4636159.283267 1302307495.0
445052.140480 4636160.467264 1302307497.0
445086.677941 4636162.532601 1302307499.0
445122.867268 4636163.586072 1302307501.0
445160.298710 4636164.297061 1302307503.0
445198.145037 4636165.005053 1302307505.0
445235.903252 4636165.047722 1302307507.0
445273.329545 4636165.093141 1302307509.0
445310.670297 4636164.806312 1302307511.0
445347.261678 4636164.192328 1302307513.0
445381.776872 4636163.372386 1302307515.0
445415.459725 4636162.225889 1302307517.0
445449.637911 4636160.742657 1302307519.0
445484.562074 4636159.142845 1302307521.0
445519.236462 4636157.434081 1302307523.0
445552.081919 4636155.295333 1302307525.0
445583.516740 4636153.167514 1302307527.0
445614.869447 4636151.151496 1302307529.0
445646.304301 4636149.023955 1302307531.0
445676.492783 4636146.683992 1302307533.0
445706.350211 4636144.457715 1302307535.0
445736.621708 4636142.117375 1302307537.0
445766.480860 4636140.113404 1302307539.0
445794.764258 4636138.232585 1302307541.0
445821.222960 4636136.476793 1302307543.0
445848.095727 4636134.606918 1302307545.0
445876.538372 4636131.836944 1302307547.0
445906.557654 4636129.055110 1302307549.0
445937.571030 4636126.043790 1302307551.0
445970.000140 4636123.688067 1302307553.0
446003.189557 4636123.103265 1302307555.0
446036.384023 4636123.184782 1302307557.0
446068.334629 4636123.386905 1302307559.0
446097.964317 4636123.939837 1302307561.0
446127.252840 4636123.274104 1302307563.0
446157.192615 4636120.938064 1302307565.0
446188.366201 4636117.149392 1302307567.0
446220.530547 4636112.687174 1302307569.0
446251.535725 4636108.566951 1302307571.0
446279.636635 4636104.468768 1302307573.0
446306.638746 4636097.714176 1302307575.0
446331.431551 4636084.092256 1302307577.0
446353.524753 4636064.605982 1302307579.0
446372.189952 4636041.703551 1302307581.0
446387.013909 4636015.610114 1302307583.0
446396.842382 4635987.333634 1302307585.0
446402.341682 4635957.202178 1302307587.0
446405.341545 4635925.757132 1302307589.0
446408.005330 4635893.759452 1302307591.0
446410.329693 4635860.765027 1302307593.0
446411.898880 4635826.665951 1302307595.0
446413.960140 4635791.785942 1302307597.0
446417.763256 4635756.781800 1302307599.0
446424.640179 4635722.198676 1302307601.0
446433.181880 4635688.269243 1302307603.0
446441.397569 4635655.119509 1302307605.0
446447.615005 4635621.096542 1302307607.0
446452.247424 4635585.975164 1302307609.0
446456.206820 4635549.637483 1302307611.0
446460.330566 4635513.076505 1302307613.0
446464.116569 4635475.740837 1302307615.0
446467.400519 4635437.853780 1302307617.0
446470.439714 4635400.523733 1302307619.0
446473.228312 4635362.973506 1302307621.0
446476.012773 4635324.868147 1302307623.0
446478.548301 4635286.764663 1302307625.0
446480.661403 4635247.665056 1302307627.0
446482.602716 4635207.789509 1302307629.0
446484.378073 4635167.915212 1302307631.0
446484.891884 4635147.925357 1302307632.0
446486.336979 4635108.275612 1302307634.0
446487.536454 4635069.071849 1302307636.0
446488.323488 4635030.204286 1302307638.0
446489.445008 4634991.667313 1302307640.0
446490.569047 4634953.463424 1302307642.0
446491.276466 4634915.040600 1302307644.0
446492.068560 4634876.839209 1302307646.0
446492.612517 4634838.750717 1302307648.0
446493.323309 4634800.772009 1302307650.0
446494.199271 4634762.681029 1302307652.0
446494.825425 4634724.480894 1302307654.0
446495.204269 4634686.504685 1302307656.0
446495.676956 4634649.971206 1302307658.0
