446027.263357 4634842.593637 1303784989.0
446011.954171 4634826.720814 1303785000.0
445991.120753 4634826.656634 1303785005.0
445975.228159 4634843.321093 1303785013.0
445975.632042 4634863.748175 1303785017.0
445974.832260 4634889.625020 1303785021.0
445974.488356 4634909.946740 1303785024.0
445974.676935 4634934.816792 1303785028.0
445973.768921 4634957.363459 1303785035.0
445973.117471 4634980.907482 1303785040.0
445972.882676 4635004.670414 1303785044.0
445972.499579 4635030.766173 1303785048.0
445972.076074 4635051.532635 1303785051.0
445971.831187 4635073.963244 1303785054.0
445971.588829 4635096.726936 1303785057.0
445971.188069 4635120.491131 1303785060.0
445970.706848 4635144.589037 1303785063.0
445969.638802 4635167.914160 1303785066.0
445968.637756 4635189.129141 1303785069.0
445967.722235 4635210.676575 1303785073.0
445953.909542 4635227.880500 1303785077.0
445933.253385 4635229.147566 1303785080.0
445902.130344 4635229.161764 1303785084.0
445877.975954 4635228.790053 1303785087.0
445854.655683 4635228.967252 1303785090.0
445833.407636 4635228.795672 1303785093.0
445809.253237 4635228.424194 1303785097.0
445785.683991 4635228.603513 1303785121.0
445762.362025 4635228.558960 1303785125.0
445740.282376 4635228.171921 1303785128.0
445716.133887 4635228.577949 1303785131.0
445691.237640 4635228.878725 1303785134.0
445665.508103 4635228.741809 1303785137.0
445639.267067 4635226.832353 1303785140.0
445611.709189 4635226.376481 1303785143.0
445583.901486 4635225.811591 1303785146.0
445557.253945 4635225.015877 1303785149.0
445532.024872 4635225.208719 1303785152.0
445508.149971 4635228.833334 1303785156.0
445504.000086 4635250.516625 1303785160.0
445503.042060 4635277.172015 1303785164.0
445502.389672 4635300.383027 1303785167.0
445501.663643 4635324.815972 1303785170.0
445501.191685 4635349.913177 1303785173.0
445500.479261 4635376.122558 1303785176.0
445499.605963 4635402.999373 1303785179.0
445499.310193 4635429.427637 1303785182.0
445499.506408 4635455.074902 1303785185.0
445499.454512 4635480.835101 1303785188.0
445498.812364 4635505.378446 1303785191.0
445497.680796 4635531.035873 1303785194.0
445496.811791 4635558.467831 1303785197.0
445496.038523 4635587.564563 1303785200.0
445495.519319 4635617.325554 1303785203.0
445495.330366 4635646.861952 1303785206.0
445494.895010 4635676.733338 1303785209.0
445495.037156 4635706.156172 1303785212.0
445495.321486 4635732.468977 1303785215.0
445495.929257 4635757.668971 1303785218.0
445497.271987 4635781.308870 1303785222.0
445498.266634 4635802.841794 1303785229.0
445499.279967 4635826.817317 1303785233.0
445499.602245 4635847.245050 1303785236.0
445500.604527 4635869.777222 1303785239.0
445502.860888 4635893.521169 1303785242.0
445503.873350 4635917.385669 1303785245.0
445503.890873 4635941.368815 1303785248.0
445503.650108 4635964.132568 1303785251.0
445503.554072 4635984.119371 1303785254.0
445503.647786 4636007.213668 1303785258.0
445520.338305 4636019.410726 1303785263.0
445545.483282 4636019.440504 1303785267.0
445567.065160 4636020.163804 1303785270.0
445588.562355 4636020.665748 1303785273.0
445610.306794 4636020.943801 1303785276.0
445631.804829 4636021.556903 1303785279.0
445654.131823 4636022.052710 1303785282.0
445677.204795 4636022.431865 1303785285.0
445701.027979 4636023.249509 1303785288.0
445724.682656 4636023.735416 1303785291.0
445748.420310 4636024.220770 1303785294.0
445771.745589 4636025.042443 1303785297.0
445793.572134 4636025.209397 1303785300.0
445815.151423 4636025.600365 1303785303.0
445837.890753 4636025.760511 1303785306.0
445860.794356 4636025.697413 1303785309.0
445883.034953 4636025.750460 1303785312.0
445905.858103 4636026.021219 1303785315.0
445930.010631 4636026.504026 1303785318.0
445955.161453 4636027.312441 1303785321.0
445979.563755 4636027.904555 1303785324.0
446003.878863 4636027.942245 1303785327.0
446028.281998 4636028.645552 1303785330.0
446053.346451 4636029.010834 1303785333.0
446078.826645 4636029.484089 1303785336.0
446104.886021 4636029.730986 1303785339.0
446131.526259 4636029.973585 1303785342.0
446158.501776 4636030.657884 1303785345.0
446184.979399 4636031.346046 1303785348.0
446210.280191 4636030.044591 1303785351.0
446233.905447 4636026.646236 1303785354.0
446254.880360 4636023.934160 1303785357.0
446275.681788 4636020.224153 1303785361.0
446293.368566 4636010.652917 1303785369.0
446297.169166 4635986.418955 1303785373.0
446297.905332 4635962.985335 1303785376.0
446298.286974 4635936.556484 1303785379.0
446298.068493 4635907.578390 1303785382.0
446298.108168 4635879.819718 1303785385.0
446298.903064 4635853.165689 1303785388.0
446299.873979 4635827.842735 1303785391.0
446299.616054 4635804.638683 1303785394.0
446298.550055 4635784.327595 1303785399.0
446300.797552 4635763.214292 1303785423.0
446301.278121 4635738.894341 1303785427.0
446301.851724 4635715.906090 1303785430.0
446302.324771 4635690.586897 1303785433.0
446302.703959 4635663.824977 1303785436.0
446302.654833 4635635.289751 1303785439.0
446303.018128 4635606.418318 1303785442.0
446303.133307 4635577.659790 1303785445.0
446303.328966 4635548.567557 1303785448.0
446303.190171 4635519.144746 1303785451.0
446303.285978 4635498.824908 1303785453.0
446303.548599 4635478.614846 1303785455.0
446303.990724 4635449.187659 1303785458.0
446304.927437 4635419.312612 1303785461.0
446305.522024 4635399.100052 1303785463.0
446305.865140 4635378.556287 1303785465.0
446306.038097 4635357.458638 1303785467.0
446306.296557 4635336.693446 1303785469.0
446306.720998 4635315.927004 1303785471.0
446307.147953 4635295.493643 1303785473.0
446307.526379 4635268.620713 1303785476.0
446308.033823 4635247.853648 1303785481.0
