444713.663323 4635210.971191 1303263313.0
444692.256051 4635211.692518 1303263329.0
444667.685652 4635211.217104 1303263332.0
444645.190878 4635210.836680 1303263334.0
444619.713615 4635211.145715 1303263336.0
444593.989972 4635211.789857 1303263338.0
444568.600021 4635212.653565 1303263340.0
444544.705635 4635213.727788 1303263342.0
444523.298379 4635214.449623 1303263344.0
444497.905848 4635214.980501 1303263347.0
444480.585975 4635228.994685 1303263352.0
444483.018792 4635253.625244 1303263356.0
444481.738680 4635281.060584 1303263359.0
444480.760256 4635304.607389 1303263361.0
444479.809529 4635331.707064 1303263363.0
444479.781208 4635360.020924 1303263365.0
444479.416609 4635387.782236 1303263367.0
444478.285219 4635412.995747 1303263369.0
444478.366642 4635434.091552 1303263371.0
444478.375463 4635456.520330 1303263374.0
444467.065091 4635474.818051 1303263386.0
444443.514801 4635477.333389 1303263390.0
444418.671377 4635484.300250 1303263394.0
444392.303026 4635487.281882 1303263397.0
444371.395392 4635488.111322 1303263399.0
444350.071089 4635488.722011 1303263401.0
444328.086361 4635489.782060 1303263403.0
444305.277840 4635491.625856 1303263406.0
444280.666186 4635496.370711 1303263422.0
444251.963857 4635498.038712 1303263425.0
444228.983319 4635499.106861 1303263427.0
444207.913233 4635500.382190 1303263429.0
444187.005649 4635501.212171 1303263432.0
444167.139486 4635497.259591 1303263445.0
444145.534917 4635493.875865 1303263451.0
444120.193278 4635490.188416 1303263454.0
444096.617003 4635489.374087 1303263456.0
444068.302589 4635487.597729 1303263458.0
444040.230145 4635484.931311 1303263460.0
444017.655796 4635484.886611 1303263462.0
443988.959575 4635487.332862 1303263465.0
443966.658646 4635490.395126 1303263468.0
443946.610626 4635494.994210 1303263475.0
443925.543186 4635496.603456 1303263504.0
443906.315398 4635489.426586 1303263512.0
443885.208592 4635486.039728 1303263537.0
443861.793863 4635484.669732 1303263540.0
443836.800609 4635483.090190 1303263543.0
443812.888808 4635481.835308 1303263546.0
443788.313096 4635480.585744 1303263549.0
443762.169375 4635480.458985 1303263552.0
443734.047103 4635482.013460 1303263555.0
443711.892927 4635482.632614 1303263557.0
443690.315279 4635482.692109 1303263559.0
443669.563995 4635482.300998 1303263561.0
443649.221497 4635481.129476 1303263563.0
443622.484551 4635479.453443 1303263566.0
443600.065586 4635478.076426 1303263569.0
443575.326474 4635477.161993 1303263573.0
443554.826763 4635477.102326 1303263588.0
443535.932243 4635470.145876 1303263603.0
443514.935464 4635470.201298 1303263607.0
443487.217557 4635470.421131 1303263611.0
443457.929932 4635471.541805 1303263614.0
443437.101773 4635471.929220 1303263616.0
443415.185074 4635471.103966 1303263618.0
443393.179206 4635469.502249 1303263620.0
443364.287987 4635468.288439 1303263623.0
443337.464387 4635466.170027 1303263626.0
443311.480367 4635465.266410 1303263629.0
443286.746459 4635465.019141 1303263633.0
443263.779167 4635467.755812 1303263657.0
443237.880780 4635467.184884 1303263661.0
443210.071897 4635466.407212 1303263664.0
443184.180581 4635466.724697 1303263667.0
443162.850053 4635466.561749 1303263672.0
443137.941297 4635465.206049 1303263676.0
443113.210919 4635465.403491 1303263679.0
443089.224770 4635465.261971 1303263682.0
443068.364182 4635471.979678 1303263686.0
443061.500130 4635495.795876 1303263691.0
443061.000406 4635516.341216 1303263694.0
443059.385904 4635542.780284 1303263697.0
443058.147299 4635564.330841 1303263699.0
443056.764920 4635588.658405 1303263701.0
443056.128539 4635612.868973 1303263703.0
443057.236643 4635637.287666 1303263705.0
443058.490300 4635659.151406 1303263707.0
443058.921197 4635681.909999 1303263710.0
443057.263267 4635702.908741 1303263724.0
443055.042205 4635726.132673 1303263728.0
443053.381637 4635746.798335 1303263731.0
443051.957172 4635776.233825 1303263734.0
443051.915044 4635802.105166 1303263736.0
443051.783721 4635827.199980 1303263738.0
443051.816593 4635852.071414 1303263740.0
443052.089539 4635875.830585 1303263742.0
443051.609427 4635898.818538 1303263744.0
443051.689780 4635919.248220 1303263746.0
443050.721546 4635943.461456 1303263749.0
443049.889990 4635964.009465 1303263755.0
443050.386149 4635984.546859 1303263768.0
443061.747567 4636004.331180 1303263777.0
443085.349822 4636008.583916 1303263781.0
443114.649393 4636009.238124 1303263784.0
443137.463990 4636008.389741 1303263786.0
443159.370225 4636008.103852 1303263788.0
443179.875518 4636009.050584 1303263790.0
443209.274873 4636011.814038 1303263793.0
443230.608190 4636012.532245 1303263795.0
443255.248376 4636011.669689 1303263797.0
443282.385084 4636011.675612 1303263799.0
443310.773581 4636012.559950 1303263801.0
443339.075555 4636013.000952 1303263803.0
443365.966839 4636013.453283 1303263805.0
443389.869022 4636013.707404 1303263807.0
443411.117560 4636014.204757 1303263809.0
443432.367857 4636014.924227 1303263812.0
443456.691106 4636015.952468 1303263819.0
443483.004136 4636016.742934 1303263822.0
443505.248430 4636017.232666 1303263824.0
443531.890732 4636017.687598 1303263826.0
443560.853868 4636017.791136 1303263828.0
443590.148047 4636017.781135 1303263830.0
443618.943456 4636017.664169 1303263832.0
443647.408696 4636017.772000 1303263834.0
443675.624111 4636017.770887 1303263836.0
443703.427250 4636018.106246 1303263838.0
443729.821457 4636018.674913 1303263840.0
443754.721116 4636019.144445 1303263842.0
443777.381152 4636019.742778 1303263844.0
443805.219311 4636024.519625 1303263847.0
443825.855373 4636021.025815 1303263850.0
