446281.849352 4635495.544489 1302900388.0
446300.418515 4635481.747376 1302900417.0
446300.070086 4635457.544718 1302900420.0
446299.496390 4635414.468081 1302900424.0
446299.885650 4635389.038497 1302900426.0
446299.772096 4635351.954199 1302900429.0
446298.942474 4635329.975841 1302900431.0
446298.404633 4635302.665682 1302900434.0
446298.731001 4635279.901378 1302900438.0
446298.637403 4635256.474041 1302900458.0
446286.723921 4635239.464713 1302900463.0
446260.503231 4635240.217620 1302900467.0
446236.604591 4635240.731032 1302900470.0
446205.561259 4635240.299170 1302900474.0
446184.811213 4635240.122782 1302900477.0
446160.907540 4635239.970286 1302900480.0
446134.423615 4635238.838078 1302900483.0
446109.522372 4635238.471230 1302900486.0
446082.792821 4635237.785206 1302900489.0
446062.706679 4635237.604149 1302900491.0
446035.230206 4635236.923958 1302900494.0
446009.579509 4635236.230036 1302900497.0
445984.179461 4635235.756372 1302900500.0
445957.531185 4635234.848134 1302900503.0
445937.190158 4635233.892130 1302900505.0
445914.780268 4635233.729124 1302900507.0
445891.372808 4635233.351698 1302900509.0
445867.301421 4635232.979393 1302900511.0
445843.479001 4635232.605277 1302900513.0
445819.822558 4635232.229979 1302900515.0
445796.249101 4635231.854127 1302900517.0
445772.591806 4635231.367959 1302900519.0
445748.270583 4635230.886924 1302900521.0
445723.282050 4635229.966922 1302900523.0
445697.965779 4635229.604674 1302900525.0
445672.733340 4635229.352910 1302900527.0
445647.499205 4635228.879180 1302900529.0
445622.104168 4635229.072970 1302900531.0
445596.042666 4635228.938839 1302900533.0
445570.726377 4635228.577042 1302900535.0
445546.488958 4635228.207090 1302900537.0
445522.914609 4635227.721115 1302900539.0
445500.506367 4635227.781466 1302900541.0
445478.429236 4635227.728320 1302900543.0
445455.686481 4635227.458271 1302900545.0
445432.610911 4635227.079810 1302900547.0
445409.866448 4635226.587853 1302900549.0
445387.289663 4635226.316751 1302900551.0
445365.127827 4635226.042538 1302900553.0
445343.298802 4635225.876874 1302900555.0
445321.219952 4635225.602160 1302900557.0
445298.312047 4635225.444915 1302900559.0
445274.574235 4635225.294117 1302900561.0
445249.921821 4635224.928361 1302900563.0
445225.684354 4635224.559499 1302900565.0
445201.031932 4635224.193911 1302900567.0
445175.799426 4635223.943907 1302900569.0
445151.228277 4635223.355798 1302900571.0
445127.737708 4635222.981519 1302900573.0
445104.665510 4635223.048229 1302900575.0
445082.087830 4635222.667066 1302900577.0
445059.759118 4635222.284055 1302900579.0
445037.513392 4635221.900474 1302900581.0
445015.601339 4635221.736454 1302900583.0
444994.187226 4635221.568657 1302900585.0
444973.435320 4635221.173742 1302900587.0
444944.461346 4635220.065185 1302900590.0
444924.373355 4635219.665282 1302900592.0
444903.126068 4635219.607503 1302900594.0
444880.882036 4635219.446465 1302900596.0
444857.639537 4635218.960123 1302900598.0
444833.319016 4635218.593238 1302900600.0
444808.585259 4635218.451704 1302900602.0
444784.764395 4635218.303182 1302900604.0
444761.941137 4635218.369071 1302900606.0
444740.031635 4635218.538980 1302900608.0
444719.035029 4635218.701873 1302900610.0
444698.622804 4635219.304426 1302900612.0
444678.540820 4635219.682406 1302900614.0
444658.455386 4635219.616334 1302900616.0
444628.743912 4635219.736162 1302900619.0
444599.701541 4635220.517113 1302900622.0
444576.137413 4635221.366596 1302900625.0
444555.228122 4635222.084461 1302900630.0
444534.574720 4635223.688666 1302900649.0
444509.507265 4635223.328702 1302900658.0
444489.199679 4635226.706887 1302900662.0
444485.546498 4635247.831786 1302900667.0
444487.492600 4635273.909579 1302900671.0
444487.323288 4635294.785265 1302900674.0
444486.533321 4635321.217482 1302900678.0
444486.389972 4635345.423984 1302900682.0
444485.319905 4635367.861166 1302900688.0
444485.647675 4635388.621948 1302900692.0
444487.464044 4635408.704927 1302900695.0
444488.041638 4635429.574797 1302900698.0
444487.236123 4635454.008531 1302900702.0
444476.027750 4635474.748188 1302900708.0
444455.376828 4635476.574685 1302900711.0
444431.352872 4635482.202706 1302900715.0
444407.787021 4635482.719673 1302900718.0
444384.152920 4635485.124828 1302900721.0
444361.176664 4635486.747686 1302900725.0
444336.547608 4635489.271804 1302900737.0
444316.390341 4635490.539678 1302900741.0
444294.894864 4635490.485667 1302900746.0
444274.124559 4635487.650198 1302900750.0
444249.786643 4635484.953743 1302900753.0
444223.302333 4635483.717617 1302900756.0
444194.994026 4635482.717947 1302900759.0
444174.819357 4635481.765678 1302900761.0
444151.178355 4635483.283389 1302900764.0
444130.438441 4635484.334290 1302900767.0
444111.060304 4635489.704893 1302900772.0
444107.763865 4635513.825136 1302900776.0
444108.701523 4635538.134227 1302900779.0
444109.563160 4635563.332189 1302900782.0
444110.090234 4635588.199674 1302900785.0
444109.644995 4635616.072708 1302900788.0
444110.017423 4635642.384851 1302900791.0
444109.964470 4635667.367924 1302900794.0
444109.906293 4635691.684835 1302900797.0
444110.484121 4635712.443667 1302900800.0
444100.591944 4635731.508112 1302900808.0
444121.431539 4635732.677011 1302900815.0
