446318.117388 4635726.886835 1304089524.0
446317.120446 4635748.767939 1304089531.0
446316.577759 4635775.864194 1304089534.0
446316.235497 4635796.518998 1304089536.0
446315.480831 4635817.510012 1304089538.0
446314.725335 4635838.389999 1304089540.0
446313.889372 4635859.603694 1304089542.0
446312.452319 4635889.149432 1304089545.0
446309.701921 4635909.600325 1304089547.0
446307.285979 4635930.381799 1304089549.0
446304.782887 4635950.608765 1304089551.0
446303.260407 4635979.822053 1304089554.0
446302.676797 4636001.477987 1304089557.0
446298.685111 4636022.382382 1304089562.0
446279.841648 4636032.628531 1304089566.0
446253.980098 4636036.598776 1304089569.0
446232.757119 4636039.423761 1304089571.0
446209.628952 4636042.707332 1304089573.0
446184.995407 4636044.447883 1304089575.0
446159.609172 4636045.416975 1304089577.0
446135.961338 4636045.817842 1304089579.0
446114.135723 4636045.760867 1304089581.0
446087.498903 4636045.962442 1304089584.0
446065.923909 4636046.125785 1304089587.0
446040.856994 4636045.427379 1304089590.0
446017.781611 4636044.713965 1304089593.0
445994.293844 4636044.336855 1304089597.0
445974.030533 4636042.380892 1304089602.0
445952.375913 4636042.989317 1304089605.0
445930.456340 4636041.490180 1304089622.0
445904.554520 4636040.132389 1304089626.0
445873.761036 4636039.367032 1304089629.0
445850.763524 4636037.987366 1304089631.0
445827.520437 4636037.053776 1304089633.0
445804.029244 4636036.233183 1304089635.0
445781.122292 4636035.852355 1304089637.0
445758.548105 4636035.580100 1304089639.0
445735.559857 4636035.422105 1304089641.0
445712.404798 4636035.154422 1304089643.0
445689.581660 4636034.884283 1304089645.0
445667.589175 4636034.718914 1304089647.0
445647.337593 4636034.318260 1304089649.0
445619.368781 4636033.976582 1304089652.0
445596.382213 4636034.041090 1304089655.0
445573.890136 4636033.657759 1304089659.0
445553.055128 4636032.928731 1304089679.0
445530.807740 4636031.988497 1304089683.0
445505.740691 4636031.291972 1304089686.0
445481.583877 4636030.255467 1304089689.0
445458.510058 4636029.765920 1304089692.0
445434.626839 4636031.947457 1304089696.0
445410.895980 4636032.351367 1304089700.0
445382.511376 4636031.902772 1304089703.0
445360.104805 4636031.852561 1304089705.0
445337.284180 4636031.916632 1304089707.0
445304.169648 4636031.504651 1304089710.0
445282.829883 4636029.892018 1304089712.0
445260.745837 4636028.618270 1304089714.0
445237.836241 4636027.906107 1304089716.0
445214.847073 4636027.638765 1304089718.0
445193.021347 4636027.584612 1304089720.0
445164.637550 4636027.247911 1304089723.0
445142.973505 4636026.637498 1304089726.0
445119.982614 4636026.148407 1304089730.0
445093.175443 4636025.799843 1304089734.0
445070.769692 4636025.861569 1304089737.0
445044.047210 4636025.734605 1304089740.0
445022.634658 4636025.455718 1304089742.0
444999.477786 4636024.968297 1304089744.0
444975.248158 4636025.266476 1304089746.0
444950.187862 4636025.460124 1304089748.0
444925.047161 4636025.987584 1304089750.0
444900.572887 4636026.843078 1304089752.0
444876.763325 4636027.804546 1304089754.0
444853.451656 4636028.762239 1304089756.0
444830.966361 4636029.269471 1304089758.0
444809.310880 4636029.770344 1304089760.0
444780.680686 4636029.770185 1304089763.0
444756.775246 4636029.067289 1304089767.0
444736.429371 4636027.226514 1304089791.0
444713.517103 4636026.182955 1304089798.0
444690.011026 4636023.478571 1304089802.0
444669.834528 4636022.080806 1304089805.0
444645.106998 4636022.383976 1304089808.0
444616.731750 4636023.159731 1304089811.0
444590.999812 4636022.360560 1304089814.0
444567.753845 4636021.097997 1304089818.0
444546.177003 4636021.043888 1304089822.0
444523.328632 4636017.557695 1304089836.0
444502.167547 4636017.611515 1304089841.0
444481.853583 4636019.879475 1304089849.0
444477.435459 4635996.041605 1304089855.0
444479.098344 4635975.154252 1304089858.0
444479.533719 4635945.837885 1304089861.0
444478.616385 4635923.971341 1304089863.0
444477.775972 4635901.326960 1304089866.0
444477.509511 4635877.789835 1304089872.0
444483.739967 4635857.311020 1304089875.0
444497.074154 4635832.557565 1304089878.0
444506.047494 4635812.612570 1304089880.0
444507.903249 4635784.506523 1304089883.0
444507.064653 4635762.084199 1304089887.0
444500.985055 4635738.037199 1304089893.0
444499.709885 4635712.842430 1304089896.0
444498.885967 4635692.307571 1304089898.0
444499.462415 4635670.429395 1304089900.0
444500.438225 4635646.549497 1304089902.0
444500.905748 4635621.341154 1304089904.0
444500.787184 4635595.471174 1304089906.0
444499.173999 4635569.501807 1304089908.0
444497.329146 4635545.754924 1304089910.0
444495.428114 4635525.450530 1304089912.0
444494.167612 4635502.143232 1304089915.0
444488.269319 4635480.093446 1304089925.0
444467.999592 4635477.586614 1304089929.0
444446.082221 4635476.647163 1304089932.0
444425.825460 4635475.805858 1304089935.0
444406.045823 4635472.296073 1304089938.0
444384.454307 4635470.577030 1304089941.0
444360.870208 4635468.762582 1304089945.0
444339.619293 4635468.151354 1304089951.0
444318.383126 4635469.427652 1304089962.0
444298.122851 4635468.142601 1304089976.0
444277.045717 4635468.529507 1304089982.0
444256.853648 4635465.356462 1304089987.0
444236.105850 4635465.407810 1304089990.0
444208.218498 4635465.182028 1304089993.0
444183.655002 4635465.485481 1304089996.0
444157.115466 4635467.803121 1304089999.0
444135.786757 4635467.859315 1304090001.0
444110.157494 4635469.836889 1304090004.0
444083.750854 4635467.934468 1304090009.0
444056.764155 4635466.147733 1304090012.0
444033.937295 4635465.660827 1304090014.0
444008.285357 4635464.752062 1304090016.0
443982.636904 4635464.287498 1304090018.0
443959.644053 4635463.802134 1304090020.0
443931.423843 4635463.469020 1304090023.0
443908.374222 4635466.315291 1304090027.0
443888.418777 4635472.135183 1304090036.0
443885.514403 4635493.254533 1304090040.0
443886.220476 4635519.675080 1304090043.0
443886.552620 4635540.768938 1304090045.0
443886.565062 4635563.419792 1304090047.0
443886.088332 4635587.184841 1304090049.0
443885.283163 4635611.396614 1304090051.0
443884.475377 4635635.275307 1304090053.0
443884.474713 4635656.260756 1304090055.0
443885.920659 4635681.787208 1304090058.0
443884.586112 4635702.005928 1304090064.0
443893.804631 4635723.918065 1304090085.0
443915.229557 4635725.636921 1304090090.0
443936.553135 4635725.024923 1304090093.0
443956.805776 4635725.420722 1304090096.0
