446299.182503 4635306.768053 1303769961.0
446300.892080 4635280.329222 1303769966.0
446300.977021 4635258.566039 1303769969.0
446285.826935 4635241.581110 1303769974.0
446264.643525 4635238.965022 1303769978.0
446243.058551 4635238.128562 1303769981.0
446218.903391 4635237.644669 1303769984.0
446194.331598 4635236.941938 1303769987.0
446169.344848 4635236.242426 1303769990.0
446134.899730 4635235.947609 1303769994.0
446106.846530 4635235.826670 1303769997.0
446077.887998 4635236.711994 1303770000.0
446048.674615 4635236.822131 1303770003.0
446020.040479 4635236.705933 1303770006.0
445997.965091 4635236.873231 1303770009.0
445973.968298 4635235.389667 1303770023.0
445949.888504 4635233.906812 1303770026.0
445919.341360 4635233.250365 1303770029.0
445896.099878 4635232.871663 1303770031.0
445871.611852 4635232.280441 1303770033.0
445846.542889 4635231.693719 1303770035.0
445821.807570 4635231.326615 1303770037.0
445797.652333 4635230.844150 1303770039.0
445773.493712 4635229.917658 1303770041.0
445748.670316 4635228.885277 1303770043.0
445723.603015 4635228.521041 1303770045.0
445697.960701 4635228.938511 1303770047.0
445672.649504 4635229.242515 1303770049.0
445647.666033 4635228.988941 1303770051.0
445623.013672 4635228.621894 1303770053.0
445599.109069 4635228.360255 1303770055.0
445577.693324 4635227.968651 1303770057.0
445555.779633 4635227.580916 1303770061.0
445529.963695 4635227.001015 1303770088.0
445502.490492 4635226.766986 1303770091.0
445482.069767 4635226.257023 1303770093.0
445459.409147 4635225.875300 1303770095.0
445436.332722 4635225.385800 1303770097.0
445413.340984 4635225.117793 1303770099.0
445389.849599 4635224.631623 1303770101.0
445365.859415 4635224.038322 1303770103.0
445341.374691 4635223.893030 1303770105.0
445317.138083 4635223.634884 1303770107.0
445293.644976 4635222.926977 1303770109.0
445271.151159 4635222.655605 1303770111.0
445249.322116 4635222.490229 1303770113.0
445228.488103 4635222.206236 1303770115.0
445200.263667 4635221.423979 1303770118.0
445179.511783 4635221.028464 1303770121.0
445155.778221 4635221.433198 1303770142.0
445134.447963 4635221.375368 1303770145.0
445103.736360 4635220.945748 1303770148.0
445081.075683 4635220.565228 1303770150.0
445057.336982 4635220.304128 1303770152.0
445032.355990 4635220.385792 1303770154.0
445007.290294 4635220.246130 1303770156.0
444982.473566 4635220.104634 1303770158.0
444957.407864 4635219.965148 1303770160.0
444932.587698 4635219.379717 1303770162.0
444907.603263 4635219.017711 1303770164.0
444882.535833 4635218.656433 1303770166.0
444857.220287 4635218.408199 1303770168.0
444831.986869 4635218.048384 1303770170.0
444807.750193 4635217.791971 1303770172.0
444785.090334 4635217.523419 1303770174.0
444756.788836 4635217.520751 1303770177.0
444736.290171 4635217.679732 1303770182.0
444713.549899 4635217.745133 1303770195.0
444682.924662 4635217.760791 1303770198.0
444658.276468 4635217.952217 1303770200.0
444631.717765 4635217.936508 1303770202.0
444604.330018 4635218.038378 1303770204.0
444577.028716 4635218.583816 1303770206.0
444550.227951 4635219.458564 1303770208.0
444524.920157 4635220.210754 1303770210.0
444504.838176 4635220.589224 1303770212.0
444485.650122 4635229.177290 1303770216.0
444483.750129 4635251.620935 1303770220.0
444483.771032 4635275.604087 1303770223.0
444483.597404 4635295.924637 1303770225.0
444483.444545 4635318.909840 1303770227.0
444483.468049 4635343.226076 1303770229.0
444483.657533 4635367.541019 1303770231.0
444483.928276 4635391.633262 1303770233.0
444484.022660 4635414.394473 1303770235.0
444484.105797 4635435.712332 1303770237.0
444484.630696 4635460.468801 1303770240.0
444475.643966 4635478.748400 1303770247.0
444450.095060 4635480.391023 1303770251.0
444425.543747 4635482.248023 1303770254.0
444395.059601 4635478.932820 1303770257.0
444374.463086 4635477.095008 1303770259.0
444345.075078 4635475.992138 1303770262.0
444318.684159 4635476.087335 1303770265.0
444298.346992 4635475.580123 1303770268.0
444275.607523 4635475.646930 1303770275.0
444251.982124 4635479.162795 1303770279.0
444226.984615 4635477.026749 1303770281.0
444201.912799 4635476.001712 1303770283.0
444176.925701 4635475.198167 1303770285.0
444151.698338 4635475.506933 1303770287.0
444130.790684 4635476.337079 1303770289.0
444109.791337 4635476.057666 1303770293.0
444090.966013 4635488.419129 1303770300.0
444087.567482 4635510.097435 1303770303.0
444086.399164 4635530.425831 1303770305.0
444086.664286 4635553.629860 1303770307.0
444087.093639 4635576.610533 1303770309.0
444088.015679 4635598.921136 1303770311.0
444088.598800 4635620.346127 1303770313.0
444089.338304 4635640.548517 1303770315.0
444089.861093 4635664.860869 1303770318.0
444090.432879 4635684.842509 1303770321.0
444090.711939 4635709.822979 1303770325.0
444093.025529 4635729.679915 1303770338.0
444113.738360 4635735.846318 1303770343.0
444133.466661 4635743.463945 1303770361.0
444157.210670 4635744.610169 1303770366.0
444178.130589 4635745.445501 1303770369.0
444202.119186 4635746.034787 1303770372.0
444227.432052 4635746.169649 1303770375.0
444253.325807 4635746.300055 1303770378.0
444279.970761 4635746.979848 1303770381.0
444306.100440 4635745.443090 1303770384.0
444332.986534 4635745.121891 1303770387.0
444358.126485 4635744.370297 1303770390.0
444380.356782 4635742.975306 1303770393.0
444400.757096 4635741.039499 1303770398.0
444425.067219 4635740.294619 1303770421.0
444446.829939 4635742.789673 1303770425.0
444468.903806 4635742.617553 1303770430.0
444479.277542 4635721.329204 1303770436.0
444482.163659 4635697.656479 1303770439.0
444482.510050 4635667.563582 1303770442.0
444482.583346 4635645.023123 1303770444.0
444482.399899 4635621.485359 1303770446.0
444482.547532 4635597.833983 1303770448.0
444482.281101 4635574.296868 1303770450.0
444481.942067 4635552.092727 1303770452.0
444481.473320 4635523.893766 1303770455.0
444481.896746 4635503.682295 1303770458.0
444482.153336 4635483.361091 1303770464.0
444482.238761 4635462.375018 1303770468.0
444482.442575 4635435.281159 1303770471.0
444482.694847 4635414.404821 1303770473.0
444482.852886 4635392.085778 1303770475.0
444483.007466 4635369.322627 1303770477.0
444483.157724 4635346.004341 1303770479.0
444483.225859 4635322.797730 1303770481.0
444483.384774 4635300.589717 1303770483.0
444483.722650 4635280.045818 1303770485.0
444484.122754 4635256.836623 1303770488.0
