445967.093304 4635204.352438 1302125010.0
445960.960349 4635227.382880 1302125016.0
445941.083958 4635232.974315 1302125019.0
445911.112682 4635231.647332 1302125022.0
445888.116792 4635230.822658 1302125024.0
445864.877831 4635230.777139 1302125026.0
445843.132692 4635230.720340 1302125028.0
445818.070474 4635231.021935 1302125031.0
445795.738489 4635230.192510 1302125050.0
445774.984157 4635229.462179 1302125053.0
445746.925828 4635228.676494 1302125056.0
445724.598053 4635228.402427 1302125058.0
445699.282622 4635228.151201 1302125060.0
445671.397029 4635228.252765 1302125062.0
445642.100599 4635228.365202 1302125064.0
445612.134312 4635227.705639 1302125066.0
445582.584665 4635227.265086 1302125068.0
445554.280716 4635226.926169 1302125070.0
445529.718120 4635227.447027 1302125072.0
445504.998037 4635229.079510 1302125075.0
445499.528814 4635251.883232 1302125080.0
445498.132922 4635275.544066 1302125083.0
445496.290920 4635305.981363 1302125086.0
445496.223730 4635329.743068 1302125088.0
445496.749357 4635355.054708 1302125090.0
445496.698310 4635380.925930 1302125092.0
445496.070595 4635407.356732 1302125094.0
445495.773990 4635433.673969 1302125096.0
445495.966820 4635458.877126 1302125098.0
445495.898796 4635482.527809 1302125100.0
445495.646961 4635503.848193 1302125102.0
445494.560163 4635524.508765 1302125104.0
445493.892554 4635545.721298 1302125106.0
445493.241941 4635569.154375 1302125108.0
445493.848869 4635594.243336 1302125110.0
445493.631035 4635620.004810 1302125112.0
445493.165947 4635645.990244 1302125114.0
445492.369774 4635672.089247 1302125116.0
445491.322955 4635697.968102 1302125118.0
445490.936624 4635723.397769 1302125120.0
445491.529118 4635746.599273 1302125122.0
445493.393556 4635773.344123 1302125125.0
445495.301887 4635794.981088 1302125129.0
445496.155210 4635819.735071 1302125133.0
445497.289762 4635848.706183 1302125136.0
445498.711213 4635871.790315 1302125138.0
445499.897301 4635896.652788 1302125140.0
445500.924215 4635922.404750 1302125142.0
445501.697931 4635947.603482 1302125144.0
445502.023604 4635968.475328 1302125146.0
445501.382382 4635993.129719 1302125149.0
445502.199148 4636013.109539 1302125152.0
445522.351931 4636022.282201 1302125156.0
445547.237769 4636020.981563 1302125159.0
445576.204959 4636021.648431 1302125162.0
445605.758096 4636022.977144 1302125165.0
445625.929277 4636023.711395 1302125167.0
445646.181738 4636024.223016 1302125169.0
445676.388534 4636024.214629 1302125172.0
445696.806950 4636024.725128 1302125174.0
445717.637729 4636024.899441 1302125176.0
445738.554024 4636025.406264 1302125178.0
445759.058793 4636026.360418 1302125180.0
445779.481419 4636027.426289 1302125182.0
445799.571269 4636028.383718 1302125184.0
445828.707728 4636029.494458 1302125187.0
445855.104116 4636030.404080 1302125190.0
445876.600401 4636030.795866 1302125209.0
445901.419294 4636031.606613 1302125214.0
445926.820732 4636032.635092 1302125217.0
445956.948703 4636033.183661 1302125220.0
445978.028381 4636033.356846 1302125222.0
445998.442525 4636033.313073 1302125224.0
446024.922689 4636034.333722 1302125227.0
446050.399504 4636034.362767 1302125231.0
446072.063400 4636034.975939 1302125237.0
446094.474118 4636035.583526 1302125253.0
446116.304806 4636036.306604 1302125260.0
446137.475000 4636037.478878 1302125263.0
446161.214235 4636038.187661 1302125266.0
446184.784985 4636038.564695 1302125269.0
446209.990192 4636035.598458 1302125273.0
446230.373308 4636031.447342 1302125282.0
446252.457957 4636032.835122 1302125298.0
446274.092517 4636029.562957 1302125303.0
446289.263047 4636016.457618 1302125306.0
446291.476937 4635990.903216 1302125309.0
446291.400848 4635969.807423 1302125311.0
446291.891400 4635946.819789 1302125313.0
446292.118779 4635921.946571 1302125315.0
446292.256482 4635896.185762 1302125317.0
446292.399211 4635871.091117 1302125319.0
446292.474029 4635847.995588 1302125321.0
446292.931954 4635820.677899 1302125324.0
446293.607754 4635800.242644 1302125351.0
446297.152837 4635775.122351 1302125367.0
446299.188329 4635747.903806 1302125370.0
446299.855789 4635726.358282 1302125372.0
446299.592009 4635702.377044 1302125374.0
446300.057518 4635676.058606 1302125376.0
446300.178536 4635648.077265 1302125378.0
446300.954237 4635618.869622 1302125380.0
446301.636080 4635588.219253 1302125382.0
446302.155307 4635558.014245 1302125384.0
446302.516938 4635528.920762 1302125386.0
446302.474519 4635501.273759 1302125388.0
446302.443819 4635475.181138 1302125390.0
446302.830571 4635449.418471 1302125392.0
446303.469638 4635424.098037 1302125394.0
446304.114571 4635399.554794 1302125396.0
446304.764531 4635375.677714 1302125398.0
446304.924096 4635352.803632 1302125400.0
446304.935260 4635332.262371 1302125402.0
446304.986736 4635306.058104 1302125405.0
446305.381889 4635281.405714 1302125409.0
446305.553181 4635260.086015 1302125432.0
446306.059783 4635239.207922 1302125436.0
446306.950381 4635214.218702 1302125440.0
446307.120011 4635192.676951 1302125455.0
446308.770928 4635169.458536 1302125460.0
446309.327912 4635144.249767 1302125464.0
446309.317349 4635120.821809 1302125468.0
446309.065343 4635098.394972 1302125472.0
446307.003410 4635078.091409 1302125479.0
