445988.489059 4635234.946464 1303917129.0
445967.566264 4635233.883750 1303917136.0
445945.468962 4635231.164507 1303917140.0
445920.738709 4635231.463222 1303917143.0
445891.272109 4635231.020759 1303917146.0
445862.553259 4635230.683770 1303917149.0
445839.310919 4635230.194226 1303917152.0
445816.403069 4635230.035315 1303917155.0
445790.422042 4635229.566760 1303917158.0
445760.874117 4635229.347523 1303917161.0
445739.958871 4635229.284720 1303917163.0
445717.799615 4635229.342492 1303917165.0
445694.891752 4635229.183971 1303917167.0
445671.651926 4635229.028056 1303917169.0
445647.817613 4635227.100215 1303917171.0
445611.789636 4635226.042767 1303917174.0
445588.715774 4635225.885854 1303917176.0
445566.386279 4635225.390229 1303917178.0
445544.971370 4635225.109749 1303917180.0
445517.084058 4635224.989863 1303917183.0
445496.574393 4635223.703304 1303917186.0
445474.233833 4635221.764614 1303917189.0
445446.859748 4635223.639679 1303917192.0
445425.946167 4635223.799853 1303917194.0
445403.039115 4635223.753298 1303917196.0
445378.385858 4635223.276069 1303917198.0
445351.906807 4635222.812931 1303917200.0
445324.682542 4635222.577678 1303917202.0
445297.291439 4635222.232776 1303917204.0
445269.816489 4635221.777589 1303917206.0
445242.174699 4635221.212757 1303917208.0
445215.032553 4635220.866258 1303917210.0
445188.221510 4635220.406281 1303917212.0
445161.826269 4635220.054237 1303917214.0
445135.514869 4635219.812680 1303917216.0
445109.284745 4635219.348526 1303917218.0
445082.890347 4635219.107802 1303917220.0
445056.495090 4635218.756149 1303917222.0
445030.432646 4635218.513059 1303917224.0
445004.951133 4635218.265580 1303917226.0
444979.884569 4635218.014988 1303917228.0
444955.065257 4635217.540505 1303917230.0
444930.330648 4635217.287523 1303917232.0
444905.927139 4635216.921031 1303917234.0
444882.434804 4635216.325506 1303917236.0
444859.857079 4635215.945048 1303917238.0
444838.193106 4635215.668619 1303917240.0
444818.025540 4635215.713767 1303917242.0
444794.037826 4635215.455472 1303917245.0
444773.537435 4635215.392291 1303917253.0
444748.636819 4635215.141225 1303917259.0
444724.984505 4635215.324696 1303917262.0
444696.684719 4635215.544321 1303917265.0
444675.938799 4635215.927462 1303917267.0
444654.113140 4635216.208018 1303917269.0
444631.788676 4635216.381483 1303917271.0
444610.042556 4635216.217420 1303917273.0
444581.331270 4635216.884838 1303917276.0
444558.427599 4635217.285107 1303917280.0
444537.105937 4635218.339336 1303917284.0
444516.864886 4635219.607280 1303917288.0
444495.869142 4635219.881858 1303917308.0
444489.662270 4635243.469395 1303917314.0
444489.415149 4635265.011889 1303917317.0
444489.034927 4635290.774708 1303917320.0
444488.780892 4635311.428987 1303917323.0
444487.111717 4635331.539125 1303917335.0
444486.477355 4635356.637724 1303917340.0
444485.823965 4635379.293728 1303917344.0
444485.493882 4635400.836874 1303917348.0
444484.657222 4635421.273629 1303917352.0
444484.260599 4635444.926939 1303917357.0
444484.177762 4635466.246093 1303917378.0
444462.912250 4635474.406290 1303917386.0
444442.326133 4635473.900608 1303917389.0
444416.009535 4635472.884526 1303917392.0
444390.783035 4635473.303472 1303917395.0
444367.793733 4635473.260901 1303917398.0
444346.879988 4635473.313222 1303917401.0
444326.717468 4635473.914904 1303917404.0
444303.672087 4635477.315030 1303917408.0
444283.338395 4635477.251969 1303917428.0
444262.576733 4635475.526806 1303917432.0
444235.174312 4635473.631615 1303917436.0
444210.276286 4635473.604494 1303917439.0
444185.044569 4635473.358006 1303917442.0
444160.313384 4635473.440786 1303917445.0
444136.495933 4635473.627521 1303917448.0
444111.603127 4635474.266908 1303917452.0
444093.005846 4635483.961760 1303917467.0
444090.462449 4635508.853340 1303917471.0
444089.233792 4635532.069092 1303917474.0
444089.067415 4635553.166862 1303917477.0
444087.320812 4635573.832899 1303917481.0
444084.099641 4635596.953261 1303917485.0
444082.611611 4635618.838647 1303917489.0
444080.317268 4635643.728282 1303917494.0
444078.748021 4635665.836375 1303917498.0
444076.938546 4635689.056697 1303917503.0
444084.241732 4635710.206868 1303917509.0
444093.016815 4635728.569643 1303917520.0
444120.546821 4635725.688806 1303917531.0
444150.582059 4635724.787046 1303917555.0
444174.487745 4635725.376890 1303917558.0
444197.314625 4635725.975266 1303917561.0
444218.815484 4635726.806167 1303917564.0
444240.309384 4635726.748915 1303917568.0
444270.604001 4635727.178039 1303917590.0
444295.671448 4635727.759200 1303917594.0
444321.652588 4635728.444342 1303917597.0
444348.048644 4635729.126337 1303917600.0
444370.117354 4635728.287748 1303917604.0
444390.780529 4635728.126404 1303917609.0
444411.079902 4635734.518962 1303917617.0
444434.058831 4635733.340366 1303917623.0
444455.110940 4635729.845156 1303917629.0
444460.809802 4635705.040148 1303917633.0
444464.010493 4635679.144284 1303917636.0
444466.506754 4635658.694578 1303917638.0
444469.073034 4635636.578818 1303917640.0
444471.133626 4635613.467698 1303917642.0
444473.029126 4635590.468899 1303917644.0
444474.933294 4635568.580374 1303917646.0
444476.599766 4635548.137144 1303917648.0
444478.621475 4635520.029806 1303917651.0
444480.848981 4635497.028427 1303917655.0
444483.823391 4635474.021228 1303917665.0
444484.149134 4635451.922943 1303917668.0
444484.673661 4635423.383145 1303917671.0
444484.923345 4635402.173726 1303917673.0
444485.421134 4635380.851341 1303917675.0
444485.924118 4635360.195120 1303917677.0
444486.357893 4635330.656728 1303917680.0
444486.617109 4635310.668611 1303917682.0
444486.784688 4635289.570870 1303917684.0
444486.953999 4635268.695184 1303917686.0
444487.473378 4635239.489232 1303917689.0
444489.701024 4635216.487866 1303917692.0
444507.712545 4635206.021400 1303917696.0
444528.713517 4635206.413021 1303917699.0
444555.020705 4635206.097203 1303917702.0
444575.107910 4635206.385038 1303917704.0
444595.278104 4635206.672284 1303917706.0
444623.164702 4635206.677536 1303917709.0
444650.720198 4635206.796504 1303917712.0
444679.431526 4635206.129366 1303917715.0
444709.474155 4635205.896147 1303917718.0
444730.802762 4635205.730651 1303917720.0
444752.963858 4635205.891865 1303917722.0
444776.286822 4635206.044141 1303917724.0
444800.609112 4635206.632886 1303917726.0
444826.093266 4635207.212716 1303917728.0
444852.156631 4635207.566086 1303917730.0
444878.880480 4635207.470306 1303917732.0
444905.856734 4635207.816809 1303917734.0
444932.919407 4635208.606881 1303917736.0
444960.060774 4635208.841279 1303917738.0
444987.285986 4635209.186167 1303917740.0
445014.756737 4635209.085129 1303917742.0
445042.971834 4635208.645354 1303917744.0
445070.931968 4635207.430421 1303917746.0
445099.063224 4635206.880480 1303917748.0
445127.034488 4635207.109119 1303917750.0
445155.173438 4635207.558645 1303917752.0
445183.231101 4635208.230974 1303917754.0
445211.288757 4635208.903413 1303917756.0
445238.851023 4635209.912872 1303917758.0
445265.913629 4635210.704208 1303917760.0
445293.057513 4635211.272956 1303917762.0
445320.616344 4635211.838623 1303917764.0
445348.093029 4635212.516060 1303917766.0
445375.072616 4635213.308447 1303917768.0
445401.553401 4635213.993726 1303917770.0
445427.370255 4635214.684189 1303917772.0
445452.441888 4635215.602518 1303917774.0
445477.179003 4635216.190395 1303917776.0
445502.081243 4635216.666061 1303917778.0
445527.311196 4635216.584140 1303917780.0
445553.206768 4635216.719288 1303917782.0
445578.936357 4635216.855799 1303917784.0
445603.589611 4635217.333721 1303917786.0
445627.325728 4635217.263561 1303917788.0
445650.150644 4635217.422498 1303917790.0
445671.816230 4635217.923449 1303917792.0
445700.867115 4635218.257140 1303917795.0
445727.264839 4635218.944262 1303917798.0
445755.655172 4635219.727342 1303917801.0
445776.158873 4635220.237457 1303917803.0
445797.824436 4635220.738791 1303917805.0
445820.315677 4635220.678745 1303917807.0
445842.725614 4635220.841454 1303917809.0
445864.555461 4635221.119675 1303917811.0
445884.971938 4635221.075599 1303917813.0
445909.784375 4635220.665103 1303917816.0
445934.706767 4635223.806930 1303917820.0
445955.474566 4635226.314159 1303917842.0
445974.762360 4635241.601519 1303917847.0
445974.372555 4635266.809071 1303917851.0
445973.297789 4635289.245981 1303917854.0
445972.332965 4635315.235130 1303917857.0
445971.976018 4635344.772742 1303917860.0
445971.797312 4635364.982191 1303917862.0
445971.951404 4635385.300150 1303917864.0
445971.607567 4635405.621886 1303917866.0
445971.166807 4635435.049104 1303917869.0
445970.212971 4635462.481612 1303917872.0
445972.472912 4635486.891842 1303917876.0
445997.077545 4635492.034886 1303917880.0
446021.632505 4635490.627414 1303917883.0
446051.337727 4635489.847222 1303917886.0
446072.830579 4635489.573452 1303917888.0
446094.244645 4635489.855510 1303917890.0
446115.078638 4635490.253055 1303917892.0
446141.721732 4635490.606738 1303917895.0
446162.218734 4635490.340766 1303917899.0
