446682.302731 4636817.053847 1303856402.0
446674.310361 4636835.656300 1303856411.0
446674.983629 4636859.079339 1303856416.0
446671.580509 4636881.089471 1303856420.0
446661.787005 4636902.925405 1303856425.0
446650.631928 4636920.219179 1303856429.0
446667.838611 4636935.412913 1303856433.0
446689.313949 4636944.467881 1303856436.0
446709.148110 4636955.977934 1303856439.0
446727.481272 4636966.499969 1303856442.0
446740.622990 4636981.835324 1303856446.0
446748.490304 4637001.984590 1303856452.0
446747.812567 4637022.308802 1303856462.0
446755.674837 4637041.791913 1303856469.0
446774.968479 4637047.643475 1303856486.0
446787.122597 4637030.786562 1303856504.0
446784.276727 4637005.270112 1303856507.0
446784.176311 4636980.732446 1303856510.0
446791.457743 4636955.806515 1303856512.0
446791.186436 4636930.603927 1303856515.0
446799.863518 4636903.668975 1303856518.0
446783.792938 4636918.334457 1303856524.0
446774.427277 4636941.943572 1303856528.0
446753.137195 4636957.647447 1303856532.0
446724.243680 4636955.198769 1303856535.0
446702.565218 4636952.252064 1303856537.0
446671.816198 4636934.716920 1303856539.0
446649.529187 4636917.007467 1303856540.0
446624.313954 4636896.100058 1303856542.0
446609.318994 4636877.114700 1303856544.0
446596.808096 4636857.444542 1303856546.0
446587.574347 4636832.198143 1303856548.0
446580.751715 4636807.599868 1303856550.0
446577.588973 4636784.195511 1303856552.0
446577.564169 4636758.769010 1303856555.0
446571.343073 4636736.942072 1303856575.0
446571.051005 4636709.074839 1303856579.0
446572.101504 4636683.196137 1303856582.0
446573.566881 4636657.314325 1303856585.0
446574.040749 4636631.995120 1303856588.0
446574.786868 4636609.782813 1303856591.0
446575.352885 4636585.684288 1303856594.0
446574.378718 4636555.379441 1303856597.0
446573.783924 4636531.400661 1303856599.0
446570.856657 4636506.218011 1303856601.0
446566.756883 4636479.600726 1303856603.0
446565.810167 4636452.959784 1303856605.0
446565.945469 4636426.754859 1303856607.0
446566.749586 4636401.211118 1303856609.0
446566.734772 4636377.116958 1303856611.0
446567.149839 4636355.018177 1303856613.0
446565.274540 4636326.274571 1303856616.0
446566.126665 4636296.067068 1303856619.0
446566.940805 4636271.855659 1303856621.0
446567.149114 4636244.317792 1303856623.0
446567.508391 4636214.780192 1303856625.0
446570.419723 4636171.455296 1303856628.0
446573.942243 4636143.226372 1303856630.0
446575.071702 4636116.791936 1303856632.0
446575.328365 4636095.693655 1303856634.0
446575.150142 4636071.933833 1303856638.0
446573.090848 4636051.852226 1303856657.0
446564.820474 4636033.482717 1303856662.0
446543.845487 4636036.193880 1303856666.0
446519.371984 4636037.154837 1303856669.0
446494.633696 4636036.008233 1303856671.0
446464.991184 4636033.788239 1303856673.0
446435.775245 4636033.119630 1303856675.0
446410.630374 4636033.086709 1303856677.0
446384.565190 4636032.061503 1303856680.0
446364.549241 4636029.880502 1303856685.0
446337.822698 4636029.193547 1303856691.0
446308.283166 4636029.638233 1303856694.0
446285.640262 4636031.252396 1303856696.0
446261.926154 4636033.874014 1303856698.0
446239.372119 4636036.264888 1303856700.0
446211.347232 4636039.474383 1303856703.0
446187.883796 4636042.316423 1303856707.0
446164.993689 4636044.154905 1303856711.0
446144.652489 4636042.865247 1303856715.0
446122.417840 4636043.588574 1303856722.0
446101.774112 4636046.187503 1303856728.0
446080.221813 4636049.348537 1303856739.0
446054.500316 4636049.876407 1303856742.0
446033.347807 4636051.035951 1303856744.0
446012.114007 4636052.418241 1303856746.0
445991.279963 4636051.798959 1303856748.0
445966.789710 4636050.541272 1303856751.0
445945.937116 4636047.479524 1303856774.0
445918.042097 4636045.914744 1303856789.0
445886.673680 4636045.930933 1303856792.0
445861.444150 4636045.678527 1303856794.0
445836.874242 4636044.866026 1303856796.0
445813.635398 4636044.487618 1303856798.0
445790.731853 4636044.550868 1303856800.0
445766.748712 4636044.511379 1303856802.0
445741.108491 4636044.817695 1303856804.0
445715.631693 4636044.789756 1303856806.0
445690.072759 4636044.873569 1303856808.0
445665.501971 4636043.950632 1303856810.0
445640.190280 4636043.810670 1303856812.0
445614.132606 4636043.787528 1303856814.0
445589.234118 4636043.422525 1303856816.0
445565.500751 4636043.492838 1303856818.0
445545.252579 4636043.536584 1303856820.0
445525.162725 4636042.579873 1303856824.0
