443933.202521 4635510.200357 1302835022.0
443913.737180 4635504.468781 1302835036.0
443888.668893 4635503.888956 1302835039.0
443865.176485 4635503.185767 1302835041.0
443836.872557 4635502.742655 1302835043.0
443805.247378 4635502.103787 1302835045.0
443771.882085 4635501.811896 1302835047.0
443737.686036 4635501.415688 1302835049.0
443702.078318 4635500.919767 1302835051.0
443665.891437 4635500.650671 1302835053.0
443629.292248 4635500.718125 1302835055.0
443595.856247 4635501.982095 1302835057.0
443566.806271 4635501.656998 1302835059.0
443542.898868 4635500.958157 1302835061.0
443520.959390 4635497.245872 1302835064.0
443501.688909 4635484.740786 1302835090.0
443472.128592 4635482.865642 1302835093.0
443446.641703 4635481.846555 1302835095.0
443417.579281 4635479.967684 1302835097.0
443385.859472 4635477.887982 1302835099.0
443354.136993 4635475.475339 1302835101.0
443326.568293 4635473.584961 1302835103.0
443303.063326 4635471.329243 1302835105.0
443276.159379 4635469.544803 1302835108.0
443256.203399 4635464.818228 1302835136.0
443231.586093 4635468.789523 1302835140.0
443210.941604 4635471.396820 1302835143.0
443190.305984 4635475.114450 1302835149.0
443166.775283 4635469.639392 1302835155.0
443141.879831 4635469.949086 1302835158.0
443119.777597 4635466.683467 1302835161.0
443098.432874 4635464.744277 1302835167.0
443080.764846 4635476.321956 1302835172.0
443077.632530 4635499.775219 1302835175.0
443075.558665 4635520.666238 1302835177.0
443073.267793 4635545.556228 1302835179.0
443072.758699 4635575.317490 1302835181.0
443072.099612 4635607.078570 1302835183.0
443071.609167 4635639.171407 1302835185.0
443069.041432 4635670.947744 1302835187.0
443066.392514 4635702.946802 1302835189.0
443063.323374 4635734.283016 1302835191.0
443061.324187 4635764.500337 1302835193.0
443060.410025 4635795.486227 1302835195.0
443059.577971 4635826.360428 1302835197.0
443058.993102 4635857.010586 1302835199.0
443058.486786 4635887.104947 1302835201.0
443057.547813 4635914.982080 1302835203.0
443056.575121 4635938.640177 1302835205.0
443055.806569 4635967.071123 1302835208.0
443056.053766 4635987.610507 1302835211.0
443075.996439 4636001.219359 1302835216.0
443099.720310 4635999.919452 1302835219.0
443121.962044 4636000.074905 1302835221.0
443147.951242 4636001.866031 1302835223.0
443175.511761 4636002.978508 1302835225.0
443201.658926 4636003.769260 1302835227.0
443226.140258 4636003.796145 1302835229.0
443249.880946 4636004.606256 1302835231.0
443273.955322 4636005.635857 1302835233.0
443298.938951 4636006.214163 1302835235.0
443326.076560 4636006.331280 1302835237.0
443353.378364 4636006.225126 1302835239.0
443380.096647 4636005.790613 1302835241.0
443404.569138 4636004.707838 1302835243.0
443424.909314 4636005.767622 1302835245.0
443447.913706 4636007.916652 1302835249.0
443475.810465 4636009.582792 1302835254.0
443505.857681 4636010.343709 1302835257.0
443529.763382 4636011.042409 1302835259.0
443554.335568 4636012.069009 1302835261.0
443579.654577 4636013.089778 1302835263.0
443607.956513 4636013.531848 1302835265.0
443636.337032 4636013.418238 1302835267.0
443664.057211 4636013.754100 1302835269.0
443692.107556 4636013.865392 1302835271.0
443720.824381 4636014.304630 1302835273.0
443749.209275 4636014.746606 1302835275.0
443775.352790 4636015.095353 1302835277.0
443798.586696 4636014.800950 1302835279.0
443823.626053 4636011.938596 1302835282.0
443845.109481 4636010.658843 1302835297.0
443859.119900 4635987.786393 1302835302.0
443861.210613 4635958.234827 1302835305.0
443862.772973 4635935.349478 1302835307.0
443863.687235 4635914.467852 1302835309.0
443862.681524 4635892.157915 1302835313.0
443864.468358 4635866.161843 1302835338.0
443865.976507 4635836.392809 1302835341.0
443866.531740 4635812.071959 1302835343.0
443868.315990 4635785.742810 1302835345.0
443869.688834 4635759.861041 1302835347.0
443869.436118 4635738.322414 1302835349.0
443879.495391 4635719.478389 1302835353.0
443899.997882 4635719.983092 1302835356.0
443926.892821 4635720.770633 1302835359.0
443954.796672 4635723.215848 1302835362.0
443983.270917 4635724.324277 1302835365.0
444008.680827 4635726.234146 1302835368.0
444032.126132 4635731.601596 1302835372.0
444052.626686 4635742.432921 1302835386.0
444075.792440 4635743.916518 1302835390.0
444102.519545 4635744.483969 1302835394.0
444129.834502 4635745.935182 1302835397.0
444153.006318 4635748.196220 1302835399.0
444179.573517 4635749.542452 1302835401.0
444208.956087 4635750.089493 1302835403.0
444239.738086 4635749.182258 1302835405.0
444270.434501 4635747.942724 1302835407.0
444299.473839 4635747.049381 1302835409.0
444325.448834 4635746.957346 1302835411.0
444349.850592 4635747.321832 1302835413.0
444371.841464 4635747.150059 1302835415.0
444401.038980 4635745.256590 1302835418.0
444427.501488 4635743.828714 1302835421.0
444448.595125 4635745.662790 1302835426.0
444466.951884 4635737.081073 1302835433.0
444469.700545 4635717.073533 1302835437.0
444471.077322 4635691.413959 1302835441.0
444471.684740 4635662.873502 1302835444.0
444474.234590 4635638.648228 1302835446.0
444476.277890 4635613.316565 1302835448.0
444477.078143 4635588.216660 1302835450.0
444476.802176 4635563.458247 1302835452.0
444476.281575 4635539.256911 1302835454.0
444476.360055 4635517.382618 1302835456.0
444477.676425 4635494.610407 1302835459.0
444478.835483 4635472.949762 1302835464.0
444480.867613 4635446.174755 1302835467.0
444481.350673 4635422.964906 1302835469.0
444481.552758 4635395.648994 1302835471.0
444482.313272 4635365.441851 1302835473.0
444483.322764 4635335.232769 1302835475.0
444484.098873 4635307.024117 1302835477.0
444484.741888 4635283.035790 1302835479.0
444485.167085 4635263.046381 1302835481.0
444485.495453 4635241.281186 1302835485.0
