446310.264362 4635081.286801 1302218386.0
446314.410111 4635058.715793 1302218391.0
446314.739907 4635036.395607 1302218395.0
446315.815805 4635013.958767 1302218398.0
446317.110575 4634987.523080 1302218401.0
446317.182207 4634963.983475 1302218404.0
446320.506484 4634942.528999 1302218408.0
446327.063361 4634920.495006 1302218414.0
446328.071385 4634900.057284 1302218418.0
446327.210886 4634873.970940 1302218422.0
446326.602713 4634848.326829 1302218426.0
446326.022975 4634826.457637 1302218429.0
446324.950282 4634805.258359 1302218433.0
446324.517292 4634780.834297 1302218440.0
446323.576290 4634755.081664 1302218444.0
446322.584908 4634733.659709 1302218447.0
446317.042946 4634714.159604 1302218451.0
446295.754069 4634708.768362 1302218457.0
446269.844990 4634707.076120 1302218461.0
446244.349204 4634705.158787 1302218464.0
446217.359468 4634703.252821 1302218467.0
446191.369864 4634701.894572 1302218470.0
446167.870980 4634700.628632 1302218474.0
446141.713683 4634699.049763 1302218483.0
446116.806358 4634698.127738 1302218487.0
446092.393643 4634696.757924 1302218503.0
446070.563892 4634696.701044 1302218506.0
446044.663950 4634696.230916 1302218509.0
446019.344137 4634695.645455 1302218512.0
445996.519262 4634695.707373 1302218516.0
445980.941507 4634710.148757 1302218528.0
445979.542184 4634733.587406 1302218533.0
445978.888151 4634756.798339 1302218536.0
445978.096754 4634783.785450 1302218539.0
445977.514786 4634805.552405 1302218543.0
445976.864981 4634829.318476 1302218551.0
445975.953571 4634851.421030 1302218554.0
445974.837803 4634879.409905 1302218557.0
445974.394418 4634908.504018 1302218560.0
445973.827635 4634932.269464 1302218563.0
445973.320278 4634952.925525 1302218571.0
445972.746770 4634975.802756 1302218575.0
445972.197684 4635001.899773 1302218578.0
445971.771651 4635022.333153 1302218580.0
445971.435349 4635043.654120 1302218582.0
445970.925489 4635063.977104 1302218584.0
445970.795594 4635090.626113 1302218587.0
445970.313528 4635114.612991 1302218590.0
445969.890041 4635135.379455 1302218593.0
445969.299733 4635156.036153 1302218597.0
445968.704378 4635176.026689 1302218615.0
445968.197071 4635196.682758 1302218620.0
445965.951180 4635217.907182 1302218625.0
445945.863696 4635228.496709 1302218630.0
445923.538466 4635228.555100 1302218633.0
445896.480259 4635228.316402 1302218636.0
445869.754010 4635228.075284 1302218639.0
445845.937482 4635228.478350 1302218642.0
445823.614781 4635228.870135 1302218646.0
445802.875653 4635230.138211 1302218653.0
445780.882383 4635230.194523 1302218657.0
445759.052557 4635229.916558 1302218660.0
445732.403370 4635228.898135 1302218663.0
445702.361726 4635229.238068 1302218666.0
445681.867353 4635229.949464 1302218668.0
445661.281525 4635229.551280 1302218670.0
445640.445875 4635229.044029 1302218672.0
445619.363793 4635228.871820 1302218674.0
445598.611974 4635228.475085 1302218676.0
445577.778010 4635228.190071 1302218678.0
445549.226791 4635228.075130 1302218681.0
445526.330796 4635229.471531 1302218684.0
445506.292998 4635235.620586 1302218692.0
445505.312030 4635259.278243 1302218700.0
445503.032960 4635286.832007 1302218704.0
445501.917461 4635314.598939 1302218707.0
445501.308400 4635343.472335 1302218710.0
445500.685758 4635370.569298 1302218713.0
445499.892899 4635397.112397 1302218716.0
445499.250735 4635421.655739 1302218719.0
445499.029462 4635446.973097 1302218723.0
445499.764970 4635467.175589 1302218730.0
445499.115174 4635490.719690 1302218745.0
445497.796391 4635513.602708 1302218748.0
445496.697110 4635543.479167 1302218751.0
445496.111635 4635564.580038 1302218753.0
445495.692986 4635585.790668 1302218755.0
445495.187958 4635606.557825 1302218757.0
445494.928493 4635626.878969 1302218759.0
445494.751167 4635647.088451 1302218761.0
445494.661076 4635667.852435 1302218763.0
445494.571837 4635688.727447 1302218765.0
445494.480051 4635709.269378 1302218767.0
445494.702637 4635738.358497 1302218770.0
445496.460294 4635761.995221 1302218773.0
445497.360068 4635781.974398 1302218777.0
445498.445344 4635804.505932 1302218786.0
445499.194435 4635826.484871 1302218789.0
445500.315382 4635853.679548 1302218792.0
445501.618429 4635882.982474 1302218795.0
445502.693491 4635904.181685 1302218797.0
445503.611078 4635926.492439 1302218799.0
445504.106956 4635947.918151 1302218801.0
445503.637634 4635973.348462 1302218804.0
445503.411315 4635997.999678 1302218808.0
