446308.270242 4635246.186365 1304048020.0
446287.868205 4635237.124385 1304048048.0
446257.590201 4635239.129260 1304048051.0
446233.606054 4635239.310227 1304048053.0
446207.957074 4635238.837646 1304048055.0
446182.469876 4635237.808767 1304048057.0
446160.880690 4635236.417420 1304048059.0
446136.629932 4635234.269027 1304048062.0
446115.781758 4635232.094980 1304048068.0
446090.818502 4635234.504502 1304048073.0
446064.192937 4635236.593596 1304048076.0
446044.119405 4635238.077997 1304048078.0
446021.293744 4635237.806772 1304048080.0
445996.222297 4635236.886442 1304048082.0
445969.656176 4635235.866502 1304048084.0
445941.931553 4635235.299586 1304048086.0
445913.541315 4635234.515764 1304048088.0
445885.976756 4635233.170616 1304048090.0
445860.404793 4635231.921465 1304048092.0
445838.568227 4635230.755040 1304048094.0
445811.004478 4635229.521209 1304048097.0
445781.703836 4635229.077936 1304048100.0
445759.212620 4635229.138105 1304048102.0
445733.397563 4635228.668495 1304048104.0
445705.589040 4635227.992103 1304048106.0
445677.367252 4635227.541038 1304048108.0
445649.225908 4635226.756370 1304048110.0
445622.077050 4635225.520103 1304048112.0
445596.754817 4635224.381025 1304048114.0
445575.165446 4635222.991451 1304048116.0
445551.994156 4635220.947831 1304048119.0
445532.056083 4635218.435432 1304048122.0
445503.822344 4635216.430675 1304048125.0
445479.002244 4635215.843341 1304048127.0
445449.869183 4635215.622217 1304048129.0
445417.830600 4635215.312438 1304048131.0
445384.290523 4635214.015011 1304048133.0
445350.177161 4635213.721442 1304048135.0
445314.824050 4635214.103754 1304048137.0
445278.723172 4635214.380951 1304048139.0
445242.951695 4635214.322699 1304048141.0
445208.503794 4635213.699279 1304048143.0
445175.299888 4635212.955418 1304048145.0
445143.179979 4635212.869566 1304048147.0
445112.056809 4635212.887214 1304048149.0
445081.016627 4635212.904359 1304048151.0
445049.724903 4635212.590477 1304048153.0
445017.933516 4635212.058522 1304048155.0
444986.307245 4635211.414399 1304048157.0
444954.846948 4635210.769135 1304048159.0
444923.304510 4635210.235678 1304048161.0
444892.842661 4635209.916069 1304048163.0
444863.457967 4635209.366187 1304048165.0
444835.153863 4635209.030126 1304048167.0
444807.849083 4635209.130571 1304048169.0
444781.622320 4635209.111731 1304048171.0
444757.219628 4635208.856776 1304048173.0
444737.130724 4635208.346374 1304048175.0
444716.707268 4635207.505522 1304048178.0
444695.922290 4635213.551632 1304048198.0
444670.034396 4635214.418843 1304048201.0
444646.797030 4635214.599351 1304048203.0
444619.988479 4635214.474593 1304048205.0
444589.946746 4635214.819216 1304048207.0
444559.735577 4635214.721150 1304048209.0
444531.930267 4635214.493446 1304048211.0
444508.858878 4635214.673112 1304048213.0
444485.962987 4635216.072857 1304048216.0
444479.155311 4635237.111306 1304048221.0
444480.408099 4635259.419349 1304048224.0
444482.400869 4635280.833356 1304048226.0
444483.177336 4635305.920959 1304048228.0
444482.569805 4635334.461399 1304048230.0
444482.049596 4635363.556330 1304048232.0
444481.112722 4635392.432441 1304048234.0
444480.993627 4635419.747706 1304048236.0
444480.587498 4635442.179717 1304048238.0
444478.365163 4635465.847258 1304048241.0
444465.878268 4635482.266575 1304048245.0
444442.483588 4635483.448296 1304048248.0
444413.526153 4635484.340397 1304048251.0
444389.459785 4635484.528229 1304048253.0
444362.487987 4635484.627799 1304048255.0
444336.091028 4635483.945743 1304048257.0
444315.673502 4635483.772211 1304048259.0
444295.487572 4635481.376248 1304048265.0
444274.587743 4635483.205216 1304048276.0
444254.126741 4635498.687990 1304048280.0
444238.217084 4635512.469687 1304048282.0
444204.783316 4635524.612112 1304048285.0
444179.133363 4635523.924788 1304048287.0
444156.113749 4635519.996950 1304048289.0
444135.487674 4635514.384905 1304048292.0
444112.993166 4635503.346911 1304048303.0
444086.004867 4635501.338013 1304048306.0
444064.437754 4635502.728702 1304048308.0
444040.141662 4635505.362267 1304048310.0
444012.691199 4635507.909672 1304048312.0
443981.394529 4635506.823304 1304048314.0
443949.165768 4635503.301659 1304048316.0
443917.088087 4635497.891390 1304048318.0
443885.090720 4635492.147530 1304048320.0
443852.031962 4635488.632860 1304048322.0
443817.489901 4635486.462450 1304048324.0
443782.285669 4635484.519501 1304048326.0
443747.829178 4635482.681855 1304048328.0
443713.531625 4635479.954847 1304048330.0
443679.401773 4635477.448746 1304048332.0
443646.356882 4635475.711464 1304048334.0
443614.894011 4635474.628017 1304048336.0
443586.084975 4635473.301625 1304048338.0
443561.422675 4635471.609392 1304048340.0
443540.829400 4635470.218096 1304048342.0
443520.389768 4635467.271164 1304048346.0
443495.569377 4635466.579719 1304048367.0
443464.864776 4635466.934364 1304048370.0
443439.137679 4635467.027551 1304048372.0
443410.424786 4635467.366617 1304048374.0
443381.208671 4635467.043593 1304048376.0
443353.647011 4635466.041328 1304048378.0
443328.739185 4635464.795988 1304048380.0
443307.565802 4635463.521014 1304048382.0
443285.487499 4635463.252616 1304048385.0
443262.489252 4635462.103339 1304048400.0
443241.902068 4635461.490097 1304048403.0
443211.785434 4635462.729422 1304048406.0
443191.620268 4635463.001235 1304048408.0
443167.670159 4635456.974347 1304048412.0
443143.261071 4635455.836710 1304048416.0
443115.060238 4635457.949427 1304048419.0
443087.852614 4635459.721219 1304048422.0
443067.328866 4635456.665220 1304048426.0
