445504.093913 4635468.919010 1302536846.0
445505.163903 4635489.452046 1302536854.0
445508.553279 4635509.412171 1302536864.0
445508.043107 4635529.513162 1302536872.0
445507.670281 4635556.719255 1302536875.0
445506.928995 4635579.153721 1302536877.0
445506.208949 4635604.363867 1302536879.0
445505.268832 4635633.350842 1302536881.0
445504.093360 4635664.116157 1302536883.0
445502.836616 4635695.104164 1302536885.0
445501.647580 4635724.093048 1302536887.0
445501.685482 4635750.740840 1302536889.0
445503.020548 4635773.381495 1302536891.0
445504.338620 4635793.801608 1302536894.0
445505.416229 4635815.333899 1302536900.0
445506.348252 4635839.532112 1302536903.0
445507.414809 4635859.621051 1302536905.0
445508.837075 4635882.816212 1302536907.0
445510.111206 4635908.344215 1302536909.0
445510.805305 4635933.987691 1302536911.0
445510.660239 4635958.416216 1302536913.0
445511.455154 4635986.390631 1302536916.0
445511.610590 4636006.708612 1302536921.0
445529.792209 4636018.561183 1302536937.0
445553.934625 4636017.710389 1302536940.0
445580.234555 4636016.843192 1302536943.0
445604.222888 4636017.548218 1302536961.0
445624.554113 4636017.504007 1302536964.0
445651.777854 4636018.073459 1302536967.0
445673.108236 4636018.465898 1302536969.0
445695.352254 4636018.962468 1302536971.0
445717.267727 4636019.905746 1302536973.0
445739.269558 4636021.292568 1302536975.0
445762.096962 4636022.118002 1302536977.0
445784.511145 4636023.168723 1302536979.0
445806.673843 4636023.888326 1302536981.0
445828.254823 4636024.501389 1302536983.0
445856.968790 4636024.616156 1302536986.0
445877.126428 4636023.574683 1302536989.0
445900.430605 4636021.621097 1302537014.0
445924.522927 4636025.102251 1302537018.0
445949.843930 4636026.464523 1302537021.0
445974.985485 4636026.051709 1302537024.0
446003.695225 4636025.611931 1302537027.0
446026.410983 4636022.663917 1302537030.0
446046.396795 4636020.846990 1302537034.0
446069.636531 4636021.337185 1302537039.0
446090.704470 4636019.956324 1302537045.0
446114.832636 4636017.219969 1302537054.0
446137.904735 4636017.489588 1302537057.0
446169.684807 4636017.027263 1302537060.0
446193.739254 4636015.513102 1302537062.0
446216.040207 4636012.568828 1302537064.0
446235.928858 4636008.865598 1302537066.0
446259.212218 4636004.137507 1302537069.0
446279.065741 4635995.771256 1302537074.0
446289.963274 4635977.257508 1302537078.0
446293.015373 4635952.807123 1302537081.0
446293.855442 4635932.148558 1302537083.0
446293.765968 4635909.276332 1302537085.0
446293.221400 4635881.077932 1302537087.0
446296.690985 4635856.957505 1302537089.0
446300.505921 4635834.611013 1302537091.0
446303.671244 4635814.156991 1302537093.0
446307.328630 4635792.922028 1302537096.0
446317.571055 4635775.523608 1302537109.0
446316.747363 4635754.322424 1302537127.0
446315.923667 4635733.121241 1302537130.0
446314.799971 4635705.149280 1302537133.0
446314.648514 4635685.053367 1302537135.0
446314.414073 4635664.958080 1302537137.0
446313.750480 4635642.978459 1302537139.0
446312.983816 4635618.334814 1302537141.0
446313.281741 4635591.795578 1302537143.0
446314.987929 4635564.912629 1302537145.0
446316.725926 4635542.248713 1302537147.0
446319.878060 4635520.018275 1302537150.0
446333.038017 4635504.263408 1302537154.0
446355.693477 4635504.092766 1302537158.0
446377.704262 4635506.480816 1302537161.0
446400.620370 4635507.862822 1302537164.0
446426.682457 4635508.221941 1302537167.0
446453.729534 4635507.130317 1302537170.0
446479.111873 4635505.385104 1302537173.0
446508.234474 4635504.389127 1302537176.0
446531.889106 4635504.655676 1302537178.0
446557.781051 4635504.461384 1302537180.0
446584.000782 4635503.709563 1302537182.0
446609.724258 4635503.183624 1302537184.0
446634.701686 4635502.774400 1302537186.0
446657.348827 4635501.494446 1302537188.0
446682.482263 4635499.751821 1302537191.0
446702.542699 4635496.603806 1302537206.0
446716.438972 4635512.599681 1302537228.0
446715.874796 4635537.031230 1302537231.0
446714.791114 4635558.579800 1302537233.0
446713.726543 4635582.681995 1302537235.0
446712.515112 4635609.339056 1302537237.0
446711.490428 4635638.770554 1302537239.0
446710.216800 4635668.203917 1302537241.0
446708.673465 4635694.863466 1302537243.0
446706.846303 4635716.861739 1302537245.0
446707.829820 4635737.395551 1302537249.0
446716.283557 4635758.095546 1302537263.0
446738.607092 4635758.039624 1302537267.0
446765.071530 4635756.842490 1302537270.0
446785.558634 4635755.357007 1302537272.0
446809.189192 4635752.515709 1302537275.0
446825.531357 4635740.513128 1302537282.0
446822.798875 4635719.104095 1302537286.0
446821.980000 4635698.346978 1302537313.0
446825.721151 4635677.000653 1302537318.0
446825.858323 4635650.906801 1302537321.0
446826.267661 4635627.919851 1302537323.0
446827.081158 4635603.486452 1302537325.0
446827.163535 4635581.168144 1302537327.0
446828.050086 4635555.401802 1302537330.0
446828.328391 4635525.975903 1302537337.0
