443897.589313 4635466.844355 1303697386.0
443872.281551 4635467.487845 1303697401.0
443846.877677 4635466.466672 1303697404.0
443826.538674 4635465.738752 1303697406.0
443804.873613 4635465.243418 1303697408.0
443782.542894 4635464.531335 1303697410.0
443759.465279 4635463.825218 1303697412.0
443736.142202 4635463.565251 1303697414.0
443712.901232 4635463.193677 1303697416.0
443689.994843 4635463.152637 1303697418.0
443667.916574 4635462.883054 1303697420.0
443646.417461 4635462.386889 1303697422.0
443625.252052 4635462.110217 1303697424.0
443604.751422 4635461.939378 1303697426.0
443575.787789 4635462.057694 1303697429.0
443549.980333 4635462.484220 1303697432.0
443528.407897 4635463.210368 1303697436.0
443505.425553 4635464.058796 1303697457.0
443478.121680 4635464.164347 1303697461.0
443450.311946 4635463.274710 1303697464.0
443421.252977 4635461.839932 1303697467.0
443393.440577 4635460.617436 1303697470.0
443365.546060 4635459.506735 1303697473.0
443338.572348 4635459.388127 1303697476.0
443314.265730 4635460.691842 1303697479.0
443292.689765 4635460.974596 1303697483.0
443270.942521 4635460.592573 1303697503.0
443248.103162 4635458.553803 1303697507.0
443223.196170 4635457.419859 1303697510.0
443195.882517 4635456.305192 1303697513.0
443172.972531 4635455.821705 1303697517.0
443148.072601 4635455.576241 1303697525.0
443124.664678 4635455.096883 1303697528.0
443099.264152 4635454.522484 1303697531.0
443075.036099 4635455.271217 1303697535.0
443061.324420 4635473.812490 1303697541.0
443062.647756 4635494.010155 1303697545.0
443063.413248 4635517.099170 1303697548.0
443063.882285 4635544.631928 1303697551.0
443063.866712 4635573.834075 1303697554.0
443063.749521 4635600.705315 1303697557.0
443063.536036 4635625.911812 1303697560.0
443063.221820 4635648.898428 1303697563.0
443063.647377 4635670.990857 1303697566.0
443063.745430 4635693.641076 1303697569.0
443063.298089 4635720.737029 1303697572.0
443062.805492 4635742.170593 1303697574.0
443062.246777 4635765.714340 1303697576.0
443061.947671 4635790.588424 1303697578.0
443061.569135 4635815.907282 1303697580.0
443061.270038 4635840.781368 1303697582.0
443061.047716 4635864.877602 1303697584.0
443060.817409 4635887.974590 1303697586.0
443060.576455 4635909.739252 1303697588.0
443060.324853 4635930.171588 1303697590.0
443060.132722 4635958.042752 1303697593.0
443060.157588 4635981.914945 1303697597.0
443072.256055 4636000.472013 1303697613.0
443094.422792 4636001.627290 1303697617.0
443117.903925 4636001.106623 1303697620.0
443144.961246 4636001.556794 1303697623.0
443171.275271 4636002.457137 1303697626.0
443194.599295 4636003.048320 1303697629.0
443215.101940 4636003.662072 1303697632.0
443237.845082 4636004.258027 1303697636.0
443259.161612 4636002.866801 1303697648.0
443280.404894 4636002.697601 1303697651.0
443308.213440 4636003.697582 1303697654.0
443329.130092 4636004.197332 1303697656.0
443350.708826 4636004.469809 1303697658.0
443371.872649 4636004.745651 1303697660.0
443392.204890 4636004.806095 1303697662.0
443420.421256 4636004.914998 1303697665.0
443443.914726 4636005.949788 1303697669.0
443468.309528 4636005.534055 1303697675.0
443490.877857 4636005.021862 1303697678.0
443519.427020 4636005.239551 1303697681.0
443540.591706 4636005.626921 1303697683.0
443562.586204 4636006.007779 1303697685.0
443584.913503 4636006.497102 1303697687.0
443607.073076 4636006.765755 1303697689.0
443629.396853 4636006.811108 1303697691.0
443651.971329 4636007.076617 1303697693.0
443674.465454 4636007.675935 1303697695.0
443696.874838 4636008.053926 1303697697.0
443718.617735 4636008.104151 1303697699.0
443739.281871 4636008.162964 1303697701.0
443768.748175 4636008.929578 1303697704.0
443795.552056 4636008.829050 1303697707.0
443819.607040 4636007.417894 1303697710.0
443841.845193 4636007.131486 1303697715.0
443861.152590 4635992.988977 1303697725.0
443863.647866 4635972.650058 1303697728.0
443864.770818 4635946.659216 1303697731.0
443865.607352 4635926.444407 1303697733.0
443866.019353 4635905.011570 1303697735.0
443866.591199 4635882.800234 1303697737.0
443867.661825 4635860.696003 1303697739.0
443868.404025 4635839.038498 1303697741.0
443869.061498 4635817.159593 1303697743.0
443870.137396 4635795.721528 1303697745.0
443871.386269 4635775.170374 1303697747.0
443872.350329 4635750.069067 1303697750.0
443877.340529 4635730.376709 1303697755.0
443899.388219 4635726.872008 1303697760.0
443921.720721 4635727.917531 1303697763.0
443944.380785 4635728.405376 1303697766.0
443966.281755 4635727.344787 1303697769.0
443991.436595 4635728.479362 1303697772.0
444018.996234 4635729.373057 1303697775.0
444044.403497 4635730.949971 1303697778.0
444065.078880 4635732.342063 1303697781.0
444085.916737 4635733.288803 1303697788.0
444108.977748 4635731.997479 1303697792.0
444135.207856 4635732.679987 1303697795.0
444155.544310 4635733.186727 1303697797.0
444176.541156 4635733.244214 1303697799.0
444196.958848 4635733.528367 1303697801.0
444225.676735 4635733.969651 1303697804.0
444248.410168 4635733.236514 1303697807.0
444268.645379 4635731.412655 1303697818.0
444290.797061 4635730.573170 1303697822.0
444315.607728 4635730.157104 1303697825.0
444341.996838 4635729.950859 1303697828.0
444367.388399 4635729.530434 1303697831.0
444392.623526 4635730.332695 1303697834.0
444418.937446 4635731.126627 1303697837.0
444443.251068 4635730.825918 1303697840.0
444464.003278 4635731.441330 1303697844.0
444481.415242 4635718.758761 1303697852.0
444480.646564 4635694.670387 1303697856.0
444480.363681 4635669.023752 1303697859.0
444480.211289 4635638.823710 1303697862.0
444480.459206 4635617.392230 1303697864.0
444480.711453 4635596.515886 1303697866.0
444480.800325 4635575.973918 1303697868.0
444480.892661 4635555.876059 1303697870.0
444481.090401 4635528.005005 1303697873.0
444481.149861 4635503.688116 1303697876.0
444480.656100 4635482.928624 1303697881.0
444498.717907 4635468.353473 1303697889.0
444520.209980 4635467.963992 1303697892.0
444546.610425 4635469.090840 1303697895.0
444572.668544 4635468.888043 1303697898.0
444597.408359 4635469.916966 1303697901.0
444621.230986 4635470.397935 1303697904.0
444642.473227 4635469.899731 1303697907.0
444663.966158 4635469.621711 1303697911.0
