446301.212741 4635245.795424 1302788637.0
446285.163130 4635230.593810 1302788651.0
446263.918470 4635230.865054 1302788654.0
446234.708425 4635231.418537 1302788657.0
446214.291992 4635231.461612 1302788659.0
446184.832979 4635232.017179 1302788662.0
446161.515245 4635232.526455 1302788665.0
446141.020858 4635233.236529 1302788671.0
446115.129592 4635233.654380 1302788677.0
446088.321235 4635233.524098 1302788680.0
446067.152847 4635232.907084 1302788682.0
446044.159510 4635232.414988 1302788684.0
446020.339632 4635232.373362 1302788686.0
445996.933861 4635232.217643 1302788688.0
445973.448466 4635232.506739 1302788690.0
445950.208673 4635232.349915 1302788692.0
445926.388788 4635232.308603 1302788694.0
445901.738156 4635232.162646 1302788696.0
445876.589580 4635232.020556 1302788698.0
445851.025207 4635231.770683 1302788700.0
445825.212703 4635231.633821 1302788702.0
445799.481498 4635231.274367 1302788704.0
445773.834124 4635231.025402 1302788706.0
445747.853940 4635230.668030 1302788708.0
445721.377502 4635230.536600 1302788710.0
445694.485264 4635230.297405 1302788712.0
445667.513419 4635230.503052 1302788714.0
445641.116575 4635229.927180 1302788716.0
445617.126445 4635229.333033 1302788718.0
445595.963067 4635229.383581 1302788720.0
445571.231105 4635229.461455 1302788723.0
445549.981341 4635229.068665 1302788728.0
445525.317084 4635227.147577 1302788750.0
445502.492190 4635226.989040 1302788753.0
445474.687023 4635226.757658 1302788756.0
445454.020724 4635226.693789 1302788758.0
445432.106166 4635226.195407 1302788760.0
445409.446391 4635225.924870 1302788762.0
445386.208235 4635225.991940 1302788764.0
445362.801542 4635225.727277 1302788766.0
445338.813062 4635225.356121 1302788768.0
445314.657745 4635224.875293 1302788770.0
445290.835238 4635224.503024 1302788772.0
445267.265109 4635224.573031 1302788774.0
445243.693274 4635224.421062 1302788776.0
445219.786913 4635223.938641 1302788778.0
445195.796702 4635223.345913 1302788780.0
445172.225711 4635223.305207 1302788782.0
445149.150097 4635222.927664 1302788784.0
445126.242170 4635222.770971 1302788786.0
445103.497655 4635222.279992 1302788788.0
445080.836982 4635221.899473 1302788790.0
445058.012037 4635221.742360 1302788792.0
445033.444290 4635221.598766 1302788794.0
445007.711245 4635221.020117 1302788796.0
444981.649663 4635220.888233 1302788798.0
444955.753201 4635220.644135 1302788800.0
444930.354678 4635220.396281 1302788802.0
444905.040002 4635220.258904 1302788804.0
444880.223266 4635220.117764 1302788806.0
444856.734375 4635219.966432 1302788808.0
444834.739312 4635219.803611 1302788810.0
444806.189715 4635219.913702 1302788813.0
444783.199622 4635219.869782 1302788816.0
444763.111613 4635219.470334 1302788821.0
444739.040055 4635219.101840 1302788850.0
444716.880722 4635219.162725 1302788853.0
444691.401766 4635219.249448 1302788856.0
444662.933426 4635219.137415 1302788859.0
444632.555437 4635218.929302 1302788862.0
444611.556239 4635218.759430 1302788864.0
444589.233509 4635219.155083 1302788867.0
444566.577953 4635219.442362 1302788872.0
444543.672562 4635219.620623 1302788876.0
444518.453812 4635221.149380 1302788880.0
444495.394554 4635222.883469 1302788898.0
444487.741382 4635241.929888 1302788903.0
444487.834878 4635264.580067 1302788906.0
444487.243694 4635284.570769 1302788908.0
444486.758864 4635307.558558 1302788910.0
444486.456455 4635332.654570 1302788912.0
444485.994994 4635358.640093 1302788914.0
444485.111675 4635383.740634 1302788916.0
444484.796303 4635407.171241 1302788918.0
444485.266764 4635435.592251 1302788921.0
444485.190845 4635457.799622 1302788925.0
444472.397932 4635477.552328 1302788937.0
444448.001324 4635477.964604 1302788941.0
444428.209740 4635483.559632 1302788945.0
444402.593469 4635487.201562 1302788948.0
444382.000447 4635485.807837 1302788950.0
444352.943560 4635484.591316 1302788953.0
444329.790920 4635484.883245 1302788956.0
444309.463327 4635485.597300 1302788961.0
444289.975664 4635476.977992 1302788979.0
444269.001522 4635479.917898 1302788984.0
444249.403855 4635489.064995 1302788987.0
444227.073280 4635488.351520 1302788989.0
444202.661924 4635486.877174 1302788991.0
444178.000724 4635485.293835 1302788993.0
444156.000335 4635484.355927 1302788995.0
444132.347154 4635484.319320 1302788998.0
444110.993232 4635481.155801 1302789006.0
444101.612581 4635501.992762 1302789014.0
444102.447236 4635523.748879 1302789017.0
444101.975880 4635548.291095 1302789020.0
444101.929916 4635574.162383 1302789023.0
444102.139883 4635600.919935 1302789026.0
444102.003097 4635625.792631 1302789029.0
444102.023573 4635649.553754 1302789032.0
444102.956888 4635673.307714 1302789035.0
444104.216913 4635696.392907 1302789038.0
444106.724316 4635719.801415 1302789042.0
