446261.067390 4635491.037828 1303340389.0
446282.067336 4635491.434609 1303340418.0
446299.711095 4635475.978971 1303340422.0
446301.354368 4635451.761300 1303340425.0
446301.452686 4635431.774545 1303340427.0
446301.359086 4635408.347202 1303340429.0
446301.576518 4635382.141681 1303340431.0
446301.373990 4635355.273126 1303340433.0
446300.183962 4635329.522349 1303340435.0
446299.423102 4635305.655906 1303340437.0
446299.436764 4635285.447727 1303340439.0
446299.114283 4635264.686916 1303340443.0
446295.397579 4635245.062025 1303340455.0
446275.169875 4635237.109100 1303340458.0
446246.114945 4635236.217933 1303340461.0
446224.374036 4635236.715106 1303340463.0
446202.132673 4635236.883024 1303340465.0
446180.882998 4635236.488354 1303340467.0
446151.747575 4635235.931279 1303340470.0
446124.437930 4635235.360517 1303340473.0
446095.139873 4635235.249037 1303340476.0
446074.891947 4635235.624337 1303340478.0
446053.893748 4635235.561241 1303340480.0
446025.352692 4635236.776718 1303340483.0
446004.030948 4635237.826555 1303340486.0
445984.090578 4635234.979812 1303340498.0
445963.500585 4635234.025620 1303340501.0
445935.361845 4635233.572904 1303340504.0
445915.028396 4635233.616207 1303340506.0
445894.028495 4635233.331528 1303340508.0
445872.615327 4635233.272118 1303340510.0
445851.785621 4635233.541439 1303340512.0
445825.557329 4635233.296703 1303340515.0
445804.138244 4635232.460309 1303340519.0
445777.411157 4635232.108511 1303340534.0
445751.103243 4635232.308789 1303340537.0
445730.355677 4635232.466806 1303340539.0
445707.948306 4635232.637531 1303340541.0
445684.045417 4635232.597662 1303340543.0
445658.973040 4635231.567492 1303340545.0
445632.327228 4635230.993551 1303340547.0
445603.437282 4635229.992710 1303340549.0
445573.891036 4635229.996302 1303340551.0
445544.172867 4635229.224095 1303340553.0
445514.041436 4635228.677240 1303340555.0
445483.664425 4635228.576526 1303340557.0
445451.873175 4635228.042635 1303340559.0
445418.505102 4635227.520967 1303340561.0
445384.639929 4635227.114299 1303340563.0
445351.523367 4635226.924116 1303340565.0
445318.737909 4635226.620513 1303340567.0
445286.196302 4635225.648986 1303340569.0
445253.244850 4635225.346958 1303340571.0
445219.130673 4635224.942990 1303340573.0
445184.764955 4635224.208020 1303340575.0
445151.064006 4635223.579130 1303340577.0
445100.513421 4635222.747122 1303340580.0
445066.064680 4635222.013364 1303340582.0
445032.279853 4635221.274649 1303340584.0
444999.906712 4635220.636230 1303340586.0
444968.115353 4635220.104497 1303340588.0
444936.571242 4635219.348927 1303340590.0
444905.360802 4635218.812984 1303340592.0
444876.225117 4635218.261125 1303340594.0
444850.492898 4635217.794070 1303340596.0
444827.501941 4635217.638980 1303340598.0
444804.427990 4635217.484608 1303340600.0
444780.192170 4635217.339315 1303340602.0
444755.542256 4635217.308350 1303340604.0
444731.888227 4635217.269744 1303340606.0
444709.978721 4635217.439745 1303340608.0
444677.857928 4635217.244965 1303340611.0
444655.201505 4635217.420935 1303340613.0
444630.802281 4635217.610521 1303340615.0
444605.326768 4635218.141661 1303340617.0
444583.505434 4635218.977569 1303340619.0
444559.441630 4635219.608926 1303340635.0
444537.539041 4635220.667675 1303340639.0
444516.961712 4635221.383068 1303340646.0
444496.049828 4635221.768026 1303340665.0
444483.846895 4635242.737472 1303340670.0
444483.213393 4635267.947096 1303340673.0
444483.210072 4635288.821488 1303340675.0
444483.483409 4635313.246810 1303340677.0
444483.195721 4635340.230283 1303340679.0
444482.340960 4635368.994719 1303340681.0
444481.641803 4635396.425537 1303340683.0
444480.425689 4635421.417640 1303340685.0
444479.510385 4635442.410180 1303340687.0
444477.692608 4635464.742161 1303340690.0
444463.894358 4635483.281346 1303340696.0
444439.525480 4635487.246520 1303340700.0
444418.866805 4635488.073879 1303340702.0
444392.717097 4635487.167616 1303340704.0
444364.403636 4635485.501109 1303340706.0
444339.426143 4635485.918294 1303340708.0
444311.969442 4635487.687354 1303340711.0
444290.140269 4635487.413897 1303340718.0
444263.214518 4635493.398283 1303340736.0
444235.828680 4635493.612608 1303340738.0
444209.532981 4635495.261941 1303340740.0
444187.707302 4635495.432907 1303340742.0
444167.293278 4635495.703909 1303340745.0
444143.796534 4635494.444665 1303340748.0
444123.375540 4635493.827576 1303340750.0
444099.056746 4635493.574233 1303340752.0
444070.583349 4635492.687387 1303340754.0
444041.366545 4635492.250630 1303340756.0
444013.722133 4635491.246465 1303340758.0
443988.573445 4635491.000021 1303340760.0
443967.326912 4635490.945040 1303340762.0
443946.220143 4635487.558001 1303340766.0
443926.576541 4635480.273315 1303340781.0
