444656.318948 4636023.518221 1302301437.0
444681.154462 4636026.434236 1302301444.0
444703.082168 4636028.928776 1302301447.0
444732.301854 4636030.034389 1302301450.0
444754.214027 4636030.530595 1302301452.0
444777.953501 4636031.234769 1302301454.0
444803.509088 4636030.703575 1302301456.0
444829.479582 4636030.169259 1302301458.0
444855.864124 4636029.520797 1302301460.0
444882.913377 4636028.978324 1302301462.0
444910.209858 4636028.211973 1302301464.0
444937.923824 4636027.775601 1302301466.0
444965.722488 4636027.560751 1302301468.0
444993.527154 4636028.123199 1302301470.0
445021.248833 4636028.686397 1302301472.0
445048.722419 4636029.362650 1302301474.0
445076.113017 4636030.039649 1302301476.0
445103.333367 4636030.162896 1302301478.0
445130.886493 4636030.394718 1302301480.0
445158.522597 4636030.626007 1302301482.0
445185.828483 4636031.082012 1302301484.0
445212.883711 4636031.317983 1302301486.0
445239.691701 4636031.778024 1302301488.0
445266.825637 4636031.458425 1302301490.0
445294.375331 4636031.246770 1302301492.0
445321.678639 4636031.370215 1302301494.0
445351.536466 4636029.142454 1302301496.0
445379.830441 4636028.592318 1302301498.0
445407.138007 4636029.271226 1302301500.0
445433.697036 4636029.733906 1302301502.0
445459.671792 4636029.757023 1302301504.0
445486.554239 4636029.107086 1302301506.0
445514.432461 4636028.449633 1302301508.0
445541.651931 4636028.463528 1302301510.0
445570.198248 4636028.356354 1302301512.0
445598.746259 4636028.471348 1302301514.0
445628.208753 4636028.801544 1302301516.0
445658.418072 4636029.126162 1302301518.0
445687.960998 4636029.122890 1302301520.0
445717.926442 4636030.115823 1302301522.0
445747.389761 4636030.557538 1302301524.0
445776.109628 4636031.449169 1302301526.0
445804.495871 4636032.121388 1302301528.0
445833.048069 4636032.792457 1302301530.0
445862.097302 4636033.348829 1302301532.0
445891.563962 4636034.235250 1302301534.0
445921.859580 4636035.004464 1302301536.0
445952.073892 4636035.996491 1302301538.0
445981.540525 4636036.883283 1302301540.0
446010.171448 4636036.999297 1302301542.0
446037.477198 4636037.458566 1302301544.0
446063.785491 4636037.703427 1302301546.0
446088.846546 4636037.624724 1302301548.0
446112.244624 4636037.114557 1302301550.0
446133.649485 4636036.397474 1302301552.0
446161.611514 4636035.852954 1302301555.0
446181.693721 4636035.812214 1302301558.0
446202.025707 4636035.880678 1302301563.0
446223.478348 4636030.500096 1302301581.0
446247.106122 4636027.434867 1302301585.0
446267.248714 4636024.396009 1302301588.0
446288.322625 4636012.800604 1302301592.0
446294.462592 4635990.658636 1302301596.0
446294.303530 4635969.563469 1302301599.0
446294.116005 4635944.693378 1302301602.0
446293.900017 4635916.048365 1302301605.0
446294.078747 4635895.727888 1302301607.0
446294.591922 4635875.737990 1302301609.0
446294.971054 4635848.976062 1302301612.0
446294.894146 4635827.769247 1302301615.0
446294.823937 4635807.450650 1302301622.0
446295.726095 4635784.015785 1302301640.0
446296.310555 4635762.470886 1302301643.0
446298.597512 4635735.583545 1302301646.0
446299.690777 4635715.478247 1302301648.0
446300.608873 4635694.152902 1302301650.0
446301.201732 4635673.718278 1302301652.0
446301.751910 4635647.621270 1302301655.0
446302.806704 4635622.408727 1302301659.0
446304.065978 4635602.302182 1302301663.0
446306.065440 4635581.301792 1302301667.0
446307.863796 4635555.639514 1302301671.0
446308.541357 4635535.426324 1302301675.0
446308.964105 4635514.437821 1302301689.0
446320.533072 4635496.807355 1302301699.0
446344.519694 4635497.070780 1302301703.0
446369.521384 4635499.880413 1302301707.0
446390.201877 4635501.945417 1302301713.0
446410.886534 4635504.565617 1302301720.0
446430.979411 4635505.746893 1302301723.0
446456.296289 4635506.333791 1302301727.0
446480.363351 4635506.263968 1302301731.0
446502.857828 4635506.761203 1302301734.0
446529.502484 4635507.338390 1302301737.0
446559.464946 4635507.668719 1302301740.0
446580.132863 4635508.068868 1302301742.0
446601.299532 4635508.576371 1302301744.0
446622.050429 4635508.976019 1302301746.0
446649.027007 4635509.551165 1302301749.0
446671.686596 4635509.936663 1302301753.0
446692.283140 4635511.892137 1302301779.0
446701.813508 4635532.250956 1302301784.0
446700.739837 4635555.131854 1302301787.0
446699.784882 4635582.786297 1302301790.0
446698.859754 4635603.334386 1302301792.0
446698.359531 4635625.211696 1302301794.0
446697.951436 4635648.309684 1302301796.0
446697.886086 4635672.848542 1302301798.0
446697.243999 4635697.946884 1302301800.0
446696.262504 4635722.048466 1302301802.0
446695.951538 4635747.033298 1302301805.0
446695.129378 4635770.245423 1302301833.0
446694.208456 4635791.348655 1302301836.0
446693.249426 4635818.447974 1302301839.0
446692.988229 4635838.991103 1302301841.0
446692.654023 4635860.867180 1302301843.0
446692.318159 4635882.521203 1302301845.0
446691.807194 4635902.955170 1302301847.0
446691.253137 4635928.719064 1302301850.0
446690.823501 4635948.930357 1302301853.0
446690.481005 4635969.696166 1302301857.0
446689.985015 4635992.128626 1302301864.0
446689.752932 4636016.557712 1302301868.0
446689.357383 4636041.321123 1302301871.0
446689.160211 4636070.413354 1302301874.0
446688.977878 4636090.400735 1302301876.0
446688.798871 4636110.832224 1302301878.0
446687.610111 4636140.487048 1302301881.0
446685.942471 4636161.595883 1302301883.0
446684.868995 4636184.476807 1302301885.0
446685.445130 4636206.012982 1302301887.0
446685.762353 4636226.218695 1302301889.0
446685.388458 4636253.868822 1302301892.0
446685.659275 4636278.960356 1302301895.0
446686.086074 4636302.718321 1302301898.0
446685.498027 4636323.930114 1302301901.0
446691.220407 4636345.649837 1302301906.0
446687.731483 4636367.327480 1302301935.0
446685.165299 4636390.330620 1302301940.0
446683.671177 4636412.437468 1302301943.0
446683.036752 4636438.535086 1302301946.0
446682.079574 4636465.856490 1302301949.0
446683.256494 4636490.052980 1302301952.0
446681.757418 4636511.493668 1302301955.0
446679.694155 4636535.159252 1302301958.0
446679.156042 4636563.032691 1302301961.0
446678.960641 4636592.347001 1302301964.0
446679.366686 4636613.329295 1302301966.0
446680.365185 4636635.861623 1302301968.0
446681.181938 4636656.285676 1302301970.0
446682.172947 4636677.818760 1302301973.0
