446290.636252 4635802.374685 1302306638.0
446294.039632 4635780.475429 1302306657.0
446295.043193 4635759.482537 1302306660.0
446295.320106 4635730.167615 1302306663.0
446295.646411 4635707.403296 1302306665.0
446296.448866 4635681.748518 1302306667.0
446297.323434 4635654.649762 1302306669.0
446298.032039 4635627.552260 1302306671.0
446298.580539 4635601.233199 1302306673.0
446298.893479 4635576.692451 1302306675.0
446299.217304 4635553.595056 1302306677.0
446300.260394 4635526.828137 1302306680.0
446293.546235 4635505.893436 1302306688.0
446269.144702 4635505.633312 1302306692.0
446241.601389 4635506.951449 1302306695.0
446212.886207 4635506.946139 1302306698.0
446189.488902 4635507.789040 1302306701.0
446167.751340 4635508.619475 1302306726.0
446147.419525 4635508.773149 1302306729.0
446118.029531 4635507.329888 1302306732.0
446095.446140 4635506.057306 1302306734.0
446071.453640 4635505.017529 1302306736.0
446047.127503 4635503.758294 1302306738.0
446022.469407 4635502.501656 1302306740.0
445998.476880 4635501.462125 1302306742.0
445975.398046 4635500.526779 1302306744.0
445952.483494 4635499.368194 1302306746.0
445929.240356 4635498.656311 1302306748.0
445905.998055 4635498.055531 1302306750.0
445883.584777 4635497.337495 1302306752.0
445861.500066 4635496.172898 1302306754.0
445839.090996 4635496.010138 1302306756.0
445816.435495 4635496.182423 1302306758.0
445794.441357 4635496.016647 1302306760.0
445773.359231 4635495.732963 1302306762.0
445746.471381 4635495.937690 1302306765.0
445722.740427 4635496.562598 1302306769.0
445699.585309 4635496.516994 1302306776.0
445675.680764 4635496.144080 1302306780.0
445651.438338 4635494.996589 1302306784.0
445630.517086 4635494.045898 1302306788.0
445603.375175 4635493.586902 1302306792.0
445577.641498 4635492.784149 1302306795.0
445551.580108 4635492.539163 1302306798.0
445526.264750 4635492.177533 1302306801.0
445500.874046 4635492.815872 1302306804.0
445473.732114 4635492.357370 1302306807.0
445444.927880 4635491.578600 1302306810.0
445415.379305 4635491.138751 1302306813.0
445386.412486 4635490.805598 1302306816.0
445356.448964 4635490.369174 1302306819.0
445327.149333 4635489.927781 1302306822.0
445298.265487 4635489.594350 1302306825.0
445269.379929 4635489.038981 1302306828.0
445249.045474 4635488.862137 1302306830.0
445220.243748 4635488.417357 1302306833.0
445195.760774 4635488.383601 1302306836.0
445171.108406 4635487.907098 1302306840.0
445149.943213 4635487.625897 1302306844.0
445127.700891 4635487.575124 1302306848.0
445105.549255 4635488.523024 1302306852.0
445078.820480 4635487.840774 1302306856.0
445058.649413 4635487.330112 1302306859.0
445036.237683 4635486.836796 1302306862.0
445012.915659 4635486.683677 1302306865.0
444991.499770 4635486.182814 1302306868.0
444969.167585 4635485.244959 1302306872.0
444948.425024 4635485.960395 1302306879.0
444927.762878 4635486.342169 1302306904.0
444906.855206 4635487.170037 1302306923.0
444885.853384 4635486.555256 1302306946.0
444861.365226 4635485.856486 1302306954.0
444840.280407 4635485.242481 1302306960.0
444818.950920 4635485.185603 1302306967.0
444795.875254 4635484.698185 1302306973.0
444768.653655 4635484.687120 1302306977.0
444744.998792 4635484.426424 1302306980.0
444722.839423 4635484.376271 1302306984.0
444702.508361 4635484.645095 1302306990.0
444679.264118 4635483.826262 1302306994.0
444651.787507 4635483.040386 1302306997.0
444631.032011 4635482.091340 1302306999.0
444609.696459 4635481.257898 1302307001.0
444587.618332 4635480.985465 1302307003.0
444565.131312 4635481.493520 1302307005.0
444543.220885 4635481.441987 1302307007.0
444516.250813 4635481.763030 1302307010.0
444494.921296 4635481.707122 1302307014.0
444471.847310 4635481.442807 1302307023.0
444444.116495 4635479.993510 1302307026.0
444421.039033 4635479.285251 1302307028.0
444399.302365 4635480.232111 1302307030.0
444378.052357 4635479.731796 1302307032.0
444357.884651 4635479.667227 1302307034.0
444329.750140 4635479.664969 1302307037.0
444307.916605 4635478.836321 1302307040.0
444285.839310 4635478.675851 1302307047.0
444260.411237 4635474.544444 1302307052.0
444235.495833 4635472.296691 1302307055.0
444213.824757 4635471.022924 1302307057.0
444188.689066 4635472.441180 1302307059.0
444164.883795 4635474.182200 1302307061.0
444137.664725 4635474.506627 1302307064.0
444117.023452 4635477.555405 1302307069.0
444094.709375 4635478.951860 1302307082.0
444085.320053 4635498.678572 1302307088.0
444085.253229 4635521.885206 1302307092.0
444086.327308 4635542.418069 1302307096.0
444086.348701 4635566.290216 1302307100.0
444087.105642 4635588.713148 1302307104.0
444091.409196 4635608.332393 1302307111.0
