446321.233521 4635083.091715 1303135161.0
446317.324041 4635059.915203 1303135175.0
446319.204771 4635034.141299 1303135179.0
446318.445641 4635010.496919 1303135183.0
446317.114758 4634988.078215 1303135193.0
446317.831096 4634961.979987 1303135197.0
446317.813046 4634937.552793 1303135200.0
446318.909233 4634906.788306 1303135203.0
446319.064708 4634883.359107 1303135205.0
446319.278924 4634856.709500 1303135207.0
446319.725398 4634827.837479 1303135209.0
446320.416682 4634798.408448 1303135211.0
446321.280658 4634769.866384 1303135213.0
446321.917403 4634744.212899 1303135215.0
446322.918758 4634722.886966 1303135217.0
446320.087231 4634699.591310 1303135221.0
446298.054692 4634694.649796 1303135225.0
446272.416318 4634695.842369 1303135228.0
446251.087904 4634696.225289 1303135230.0
446227.015581 4634695.962780 1303135232.0
446202.198802 4634696.039072 1303135234.0
446180.037908 4634696.095390 1303135236.0
446159.871446 4634696.469807 1303135239.0
446138.954659 4634696.405819 1303135244.0
446112.804896 4634695.826299 1303135247.0
446090.639797 4634695.327760 1303135249.0
446066.815605 4634694.952881 1303135251.0
446043.822215 4634694.682823 1303135253.0
446022.239762 4634694.402152 1303135255.0
445996.260175 4634694.376937 1303135258.0
445977.155325 4634703.404427 1303135264.0
445976.728396 4634723.726770 1303135267.0
445977.027731 4634752.260076 1303135270.0
445976.776902 4634773.913486 1303135272.0
445976.514291 4634794.012519 1303135274.0
445976.678443 4634815.662784 1303135277.0
445976.938219 4634838.977825 1303135282.0
445976.565185 4634866.405901 1303135285.0
445975.657151 4634888.952565 1303135287.0
445974.998106 4634911.497342 1303135289.0
445975.782793 4634938.361476 1303135292.0
445974.773261 4634958.466178 1303135297.0
445973.640687 4634984.234517 1303135301.0
445972.955923 4635014.329766 1303135304.0
445972.544201 4635036.650606 1303135306.0
445972.370516 4635057.526207 1303135308.0
445971.943647 4635077.848562 1303135310.0
445971.363429 4635099.837581 1303135312.0
445970.554448 4635124.493140 1303135314.0
445970.162115 4635149.367606 1303135316.0
445969.185483 4635173.802371 1303135318.0
445967.779591 4635196.352824 1303135320.0
445966.228782 4635221.680214 1303135323.0
445948.383730 4635232.474794 1303135327.0
445925.228610 4635232.539476 1303135330.0
445904.228707 4635232.254767 1303135332.0
445880.154787 4635231.549338 1303135334.0
445857.329091 4635231.278638 1303135336.0
445829.274161 4635230.936737 1303135339.0
445808.854332 4635230.536865 1303135344.0
445784.702471 4635230.498552 1303135360.0
445756.815200 4635230.377727 1303135363.0
445734.071634 4635229.995763 1303135365.0
445708.507239 4635229.746400 1303135367.0
445680.619959 4635229.625874 1303135369.0
445651.816395 4635229.068312 1303135371.0
445623.260101 4635228.286912 1303135373.0
445595.952045 4635227.940229 1303135375.0
445569.887991 4635227.473112 1303135377.0
445545.897842 4635226.879205 1303135379.0
445518.013085 4635227.092396 1303135382.0
445502.538296 4635243.865792 1303135387.0
445505.268106 4635264.386124 1303135390.0
445501.164967 4635292.175909 1303135393.0
445500.419406 4635314.055232 1303135395.0
445500.277708 4635338.927842 1303135397.0
445499.729563 4635364.913899 1303135399.0
445498.846073 4635390.458389 1303135401.0
445497.949001 4635414.226445 1303135403.0
445497.415318 4635442.099967 1303135406.0
445497.829074 4635463.637324 1303135410.0
445495.408517 4635483.530863 1303135434.0
445495.117021 4635510.514266 1303135438.0
445493.778984 4635541.724956 1303135441.0
445493.060677 4635567.157157 1303135443.0
445492.941969 4635595.027511 1303135445.0
445493.244142 4635623.671881 1303135447.0
445492.641970 4635653.433509 1303135449.0
445491.954274 4635682.862692 1303135451.0
445490.754234 4635710.408225 1303135453.0
445489.288260 4635735.735121 1303135455.0
445489.132201 4635758.720286 1303135457.0
445489.585922 4635785.475932 1303135460.0
445493.317352 4635806.765845 1303135466.0
445495.729523 4635829.176192 1303135469.0
445496.636941 4635850.154616 1303135471.0
445497.900075 4635874.239263 1303135473.0
445498.599315 4635900.548899 1303135475.0
445499.139384 4635927.748025 1303135477.0
445499.582028 4635953.060324 1303135479.0
445500.318368 4635973.373859 1303135481.0
445501.141084 4635994.130869 1303135484.0
