445970.371440 4635341.120807 1304036893.0
445967.994147 4635366.898604 1304036911.0
445967.075296 4635388.001936 1304036914.0
445966.112201 4635414.213144 1304036917.0
445965.645358 4635440.198523 1304036920.0
445965.890039 4635461.515099 1304036925.0
445979.901353 4635481.505899 1304036949.0
446003.674443 4635486.433204 1304036952.0
446025.173195 4635486.936480 1304036954.0
446050.238713 4635487.190741 1304036956.0
446077.632072 4635487.982637 1304036958.0
446105.027104 4635488.996692 1304036960.0
446130.086730 4635488.474044 1304036962.0
446151.167167 4635488.536730 1304036964.0
446176.898243 4635489.008472 1304036967.0
446199.579749 4635492.279174 1304036988.0
446223.437302 4635497.428638 1304036992.0
446248.948697 4635501.788468 1304036995.0
446272.863208 4635503.495631 1304036998.0
446292.915102 4635499.236189 1304037026.0
446297.864448 4635473.217057 1304037031.0
446296.471614 4635442.582335 1304037034.0
446295.868350 4635417.604366 1304037036.0
446296.564441 4635388.841467 1304037038.0
446297.672136 4635359.631333 1304037040.0
446298.707734 4635331.865178 1304037042.0
446299.266330 4635306.878455 1304037044.0
446300.431802 4635285.329193 1304037046.0
446302.144738 4635259.334471 1304037049.0
446300.322585 4635237.807731 1304037053.0
446274.495906 4635235.781782 1304037057.0
446243.624402 4635236.125691 1304037060.0
446218.480059 4635236.537531 1304037062.0
446191.172102 4635236.188567 1304037064.0
446165.435082 4635235.050602 1304037066.0
446142.355416 4635234.114708 1304037068.0
446117.114640 4635232.751099 1304037071.0
446096.262253 4635230.021974 1304037093.0
446067.980228 4635232.567720 1304037097.0
446039.610185 4635234.448046 1304037100.0
446013.224347 4635235.314147 1304037103.0
445983.263201 4635235.319186 1304037106.0
445959.357812 4635234.945312 1304037108.0
445933.210840 4635234.477496 1304037110.0
445906.725158 4635233.124080 1304037112.0
445881.649455 4635231.649017 1304037114.0
445859.568141 4635231.039555 1304037116.0
445832.255057 4635230.025804 1304037119.0
445808.761207 4635229.205171 1304037123.0
445787.430167 4635229.034359 1304037127.0
445766.683438 4635229.303297 1304037130.0
445739.784434 4635228.175714 1304037133.0
445719.771080 4635226.662666 1304037135.0
445696.445718 4635226.174221 1304037137.0
445669.804972 4635226.266302 1304037139.0
445640.095276 4635226.603966 1304037141.0
445608.053375 4635225.849224 1304037143.0
445576.507711 4635224.868768 1304037145.0
445545.540422 4635223.550930 1304037147.0
445514.414780 4635223.233739 1304037149.0
445482.297497 4635223.479441 1304037151.0
445449.096238 4635223.067386 1304037153.0
445415.973709 4635222.099714 1304037155.0
445384.091769 4635220.567518 1304037157.0
445351.638248 4635220.261218 1304037159.0
445318.686779 4635219.958888 1304037161.0
445285.484628 4635219.436568 1304037163.0
445251.784526 4635218.918229 1304037165.0
445218.167408 4635218.399411 1304037167.0
445184.798399 4635217.767810 1304037169.0
445151.508952 4635216.691617 1304037171.0
445118.803848 4635216.055213 1304037173.0
445086.103014 4635215.974094 1304037175.0
445052.571415 4635215.788500 1304037177.0
445018.542726 4635215.717933 1304037179.0
444984.011803 4635215.096238 1304037181.0
444949.897539 4635214.693558 1304037183.0
444915.949250 4635214.289758 1304037185.0
444883.333098 4635214.430983 1304037187.0
444852.622290 4635214.113473 1304037189.0
444823.238467 4635213.674784 1304037191.0
444796.427346 4635213.216280 1304037193.0
444773.270389 4635213.062652 1304037195.0
444746.377130 4635212.716007 1304037198.0
444724.792681 4635211.995171 1304037202.0
444702.730104 4635213.831889 1304037223.0
444675.771093 4635215.706697 1304037226.0
444651.788542 4635216.115043 1304037228.0
444624.812290 4635215.769503 1304037230.0
444598.823286 4635214.306048 1304037232.0
444576.568849 4635212.813634 1304037234.0
444556.068437 4635212.751079 1304037236.0
444534.578187 4635213.473526 1304037238.0
444507.356399 4635213.574476 1304037241.0
444484.721588 4635216.526666 1304037255.0
444478.981542 4635236.113356 1304037260.0
444479.591177 4635261.091224 1304037263.0
444478.926544 4635282.303872 1304037265.0
444479.041703 4635307.729731 1304037267.0
444478.932124 4635336.266291 1304037269.0
444478.334999 4635366.139058 1304037271.0
444477.570175 4635395.791067 1304037273.0
444477.949022 4635423.102451 1304037275.0
444478.462694 4635446.415566 1304037277.0
444480.737275 4635472.046669 1304037280.0
444480.163449 4635494.257922 1304037285.0
444454.860963 4635495.565506 1304037290.0
444429.402745 4635487.547546 1304037293.0
444409.153810 4635487.705534 1304037295.0
444387.500155 4635488.651782 1304037297.0
444364.256738 4635487.945003 1304037299.0
444341.173217 4635486.459813 1304037301.0
444320.919070 4635485.951888 1304037303.0
444297.585700 4635484.357758 1304037307.0
444277.550976 4635480.073086 1304037324.0
444254.658578 4635481.806665 1304037328.0
444228.198596 4635483.679282 1304037331.0
444205.209317 4635483.637236 1304037333.0
444181.219837 4635483.047931 1304037335.0
444158.633307 4635481.448403 1304037337.0
444138.366064 4635479.275590 1304037339.0
444116.598062 4635476.226334 1304037342.0
444093.831576 4635472.851879 1304037347.0
444072.755328 4635473.350416 1304037350.0
444052.591074 4635473.730819 1304037352.0
444030.180049 4635473.351694 1304037354.0
444008.100971 4635472.970029 1304037356.0
443986.765287 4635472.138452 1304037358.0
443960.879248 4635473.119277 1304037361.0
443938.822005 4635475.513507 1304037366.0
