444651.168076 4636022.781009 1302549683.0
444676.469573 4636021.585130 1302549699.0
444699.950663 4636021.069679 1302549702.0
444728.829841 4636021.067583 1302549705.0
444749.990906 4636021.014436 1302549707.0
444773.634518 4636020.053831 1302549709.0
444799.438227 4636019.409665 1302549711.0
444826.234274 4636018.313770 1302549713.0
444853.278412 4636017.105021 1302549715.0
444881.066810 4636015.557513 1302549717.0
444908.607993 4636014.234094 1302549719.0
444935.652154 4636013.025658 1302549721.0
444961.952066 4636012.156178 1302549723.0
444986.846445 4636011.963853 1302549725.0
445010.000790 4636012.118152 1302549727.0
445030.501446 4636012.515073 1302549729.0
445055.234999 4636012.990432 1302549732.0
445077.157458 4636014.819959 1302549749.0
445105.874095 4636015.264781 1302549753.0
445126.372166 4636015.328896 1302549755.0
445149.110728 4636015.375816 1302549757.0
445173.347223 4636015.966446 1302549759.0
445198.742032 4636016.104112 1302549761.0
445224.884524 4636016.347152 1302549763.0
445251.607026 4636016.474795 1302549765.0
445278.741020 4636016.155242 1302549767.0
445305.961406 4636016.279264 1302549769.0
445332.681346 4636016.074130 1302549771.0
445358.572326 4636015.986489 1302549773.0
445382.882405 4636015.355897 1302549775.0
445405.699677 4636014.847863 1302549777.0
445425.949638 4636015.025776 1302549779.0
445449.188620 4636015.402920 1302549782.0
445471.022019 4636016.457104 1302549799.0
445498.678533 4636019.354366 1302549803.0
445525.406946 4636020.260227 1302549806.0
445546.239449 4636020.656094 1302549808.0
445568.402191 4636021.374956 1302549810.0
445591.390498 4636021.532412 1302549812.0
445614.626897 4636021.577015 1302549814.0
445638.527992 4636021.727653 1302549816.0
445663.921896 4636021.755950 1302549818.0
445689.315798 4636021.784337 1302549820.0
445714.375236 4636021.482262 1302549822.0
445738.683615 4636020.630830 1302549824.0
445761.838719 4636020.898599 1302549826.0
445784.489172 4636020.282015 1302549828.0
445806.888150 4636019.334316 1302549830.0
445828.298115 4636019.282479 1302549832.0
445854.938420 4636019.524044 1302549835.0
445876.929250 4636019.467937 1302549839.0
445897.016574 4636020.092559 1302549867.0
445922.751665 4636021.340556 1302549886.0
445951.053259 4636021.791935 1302549889.0
445972.218478 4636022.297555 1302549891.0
445994.129680 4636022.686549 1302549893.0
446016.372804 4636023.073093 1302549895.0
446037.867412 4636023.243312 1302549897.0
446058.948794 4636023.638791 1302549899.0
446080.031014 4636024.145360 1302549901.0
446102.027701 4636024.867139 1302549903.0
446125.182757 4636025.136089 1302549905.0
446148.753554 4636025.513004 1302549907.0
446172.407328 4636025.889371 1302549909.0
446195.144114 4636025.717575 1302549911.0
446216.872553 4636023.887963 1302549913.0
446237.018496 4636021.293128 1302549915.0
446261.729248 4636018.774941 1302549918.0
446285.108132 4636015.711717 1302549922.0
446295.499389 4635996.091460 1302549926.0
446295.316052 4635971.776504 1302549929.0
446295.079035 4635951.348127 1302549931.0
446294.830297 4635929.365370 1302549933.0
446294.732456 4635905.382873 1302549935.0
446294.713413 4635880.844615 1302549937.0
446294.954204 4635857.747834 1302549939.0
446294.713004 4635836.764325 1302549941.0
446292.018404 4635809.581440 1302549944.0
446291.938979 4635788.041544 1302549947.0
446295.186448 4635767.475867 1302549953.0
446299.289846 4635739.353464 1302549957.0
446299.881020 4635718.696783 1302549959.0
446300.202319 4635695.266302 1302549961.0
446301.093637 4635670.388089 1302549963.0
446301.485378 4635645.291577 1302549965.0
446301.707804 4635619.752209 1302549967.0
446302.191746 4635595.876371 1302549969.0
446302.530644 4635574.777464 1302549971.0
446302.767309 4635551.125560 1302549974.0
446304.007352 4635528.465393 1302549979.0
446305.413378 4635505.803977 1302550007.0
446305.381852 4635479.600329 1302550010.0
446305.475158 4635458.947410 1302550012.0
446305.898744 4635438.069937 1302550014.0
446306.323170 4635417.303491 1302550016.0
446307.239673 4635395.756103 1302550018.0
446307.899686 4635373.211349 1302550020.0
446308.643530 4635350.776998 1302550022.0
446309.227260 4635329.121088 1302550024.0
446309.850474 4635301.691145 1302550027.0
446310.335328 4635277.926347 1302550031.0
446310.760625 4635257.270934 1302550042.0
446311.557368 4635230.838988 1302550047.0
446312.124392 4635206.962541 1302550050.0
446312.914458 4635179.642380 1302550053.0
446314.124507 4635152.985256 1302550056.0
446314.427519 4635127.112201 1302550059.0
446315.763246 4635106.116834 1302550062.0
446314.532090 4635085.918042 1302550067.0
446311.940424 4635061.399203 1302550087.0
446314.525231 4635040.949591 1302550090.0
446315.267483 4635018.293199 1302550093.0
446315.443850 4634997.639671 1302550096.0
