444673.455203 4635473.212125 1303094904.0
444696.617356 4635474.142611 1303094912.0
444722.438550 4635475.496674 1303094915.0
444743.853643 4635475.885702 1303094917.0
444765.101896 4635476.165053 1303094919.0
444786.018197 4635476.447041 1303094921.0
444815.065551 4635476.444029 1303094924.0
444838.715276 4635476.038794 1303094927.0
444860.793396 4635476.312005 1303094931.0
444882.374446 4635476.700164 1303094939.0
444908.367569 4635478.830807 1303094943.0
444938.914687 4635479.593938 1303094946.0
444961.154472 4635479.311041 1303094948.0
444983.643220 4635479.026291 1303094950.0
445006.049838 4635478.853280 1303094952.0
445028.707989 4635479.011499 1303094954.0
445050.454132 4635479.287859 1303094956.0
445071.617647 4635479.346711 1303094958.0
445092.034274 4635479.411382 1303094960.0
445112.456888 4635480.253301 1303094962.0
445134.788207 4635481.080579 1303094964.0
445158.526887 4635481.452956 1303094966.0
445182.846475 4635481.820943 1303094968.0
445207.410751 4635481.631962 1303094970.0
445231.975027 4635481.443065 1303094972.0
445256.291194 4635481.367194 1303094974.0
445280.692906 4635481.623850 1303094976.0
445304.760960 4635481.661083 1303094978.0
445328.164261 4635481.592466 1303094980.0
445352.151029 4635481.852551 1303094982.0
445376.301213 4635481.778363 1303094984.0
445399.623225 4635481.932671 1303094986.0
445422.449863 4635482.423952 1303094988.0
445444.281497 4635483.033960 1303094990.0
445472.340579 4635484.040499 1303094993.0
445493.676826 4635484.987550 1303094997.0
445504.187840 4635502.894582 1303095006.0
445500.606314 4635522.908035 1303095011.0
445499.006555 4635552.455222 1303095014.0
445498.614230 4635577.107693 1303095016.0
445498.324434 4635604.313154 1303095018.0
445497.869520 4635631.630913 1303095020.0
445497.498448 4635659.059066 1303095022.0
445496.958862 4635686.155408 1303095024.0
445497.075515 4635712.247427 1303095026.0
445497.511364 4635736.671500 1303095028.0
445497.342536 4635757.991258 1303095030.0
445498.014594 4635780.748020 1303095033.0
445500.085478 4635801.939608 1303095038.0
445501.365594 4635828.244797 1303095041.0
445502.196809 4635850.112075 1303095043.0
445503.116099 4635872.644881 1303095045.0
445504.117519 4635895.066026 1303095047.0
445504.296756 4635918.492766 1303095049.0
445504.310030 4635941.920777 1303095051.0
445503.147970 4635963.581241 1303095053.0
445501.922475 4635987.795968 1303095056.0
445503.592838 4636010.878201 1303095060.0
445523.166456 4636020.277364 1303095064.0
445548.386772 4636019.307273 1303095067.0
445570.377616 4636019.250219 1303095069.0
445594.365095 4636019.844185 1303095071.0
445619.346647 4636020.208573 1303095073.0
445645.158005 4636020.566717 1303095075.0
445671.717036 4636021.030284 1303095077.0
445698.525851 4636021.603080 1303095079.0
445725.251679 4636022.176609 1303095081.0
445751.895365 4636022.861897 1303095083.0
445777.957333 4636023.440680 1303095085.0
445803.940537 4636024.575326 1303095087.0
445829.669722 4636025.045796 1303095089.0
445854.483579 4636025.190217 1303095091.0
445877.550614 4636024.792830 1303095093.0
445900.127354 4636025.398544 1303095095.0
445923.533055 4636025.887002 1303095097.0
445949.345202 4636026.357274 1303095099.0
445976.479985 4636026.151407 1303095101.0
446004.361598 4636025.939980 1303095103.0
446032.246576 4636026.172772 1303095105.0
446060.048568 4636026.406302 1303095107.0
446088.099500 4636026.638055 1303095109.0
446115.733844 4636026.651004 1303095111.0
446143.201384 4636026.554287 1303095113.0
446170.422498 4636026.792640 1303095115.0
446196.725785 4636026.371828 1303095117.0
446221.516135 4636023.408766 1303095119.0
446245.304028 4636019.565087 1303095121.0
446266.935276 4636015.848792 1303095123.0
446289.615995 4636008.238476 1303095126.0
446298.828795 4635986.406441 1303095130.0
446300.957239 4635960.519588 1303095133.0
446303.363942 4635938.516811 1303095135.0
446304.498308 4635912.859522 1303095137.0
446303.621014 4635884.552596 1303095139.0
446302.403415 4635855.137902 1303095141.0
446300.774240 4635826.170446 1303095143.0
446299.900277 4635798.307633 1303095145.0
446298.965927 4635773.443179 1303095147.0
446298.781778 4635749.017205 1303095149.0
446299.586747 4635723.695507 1303095151.0
446300.382518 4635697.152512 1303095153.0
446300.350119 4635670.837828 1303095155.0
446300.066256 4635644.191941 1303095157.0
446299.202330 4635617.661461 1303095159.0
446298.592380 4635591.795268 1303095161.0
446297.581725 4635567.819665 1303095163.0
446296.047199 4635540.405976 1303095166.0
446295.220084 4635518.760694 1303095171.0
