444766.413157 4635217.113027 1303747621.0
444743.172359 4635216.849113 1303747626.0
444719.767299 4635216.808616 1303747629.0
444692.379552 4635216.910148 1303747632.0
444663.164287 4635216.803912 1303747635.0
444642.497911 4635216.742397 1303747637.0
444621.252325 4635216.907512 1303747639.0
444599.595240 4635217.520026 1303747641.0
444577.854303 4635218.022224 1303747643.0
444557.110119 4635218.627766 1303747645.0
444529.231343 4635219.622016 1303747648.0
444508.902118 4635220.224467 1303747652.0
444489.449515 4635226.815974 1303747667.0
444488.324971 4635252.917693 1303747672.0
444488.421927 4635276.011981 1303747675.0
444488.386644 4635303.437621 1303747678.0
444488.127422 4635323.425737 1303747680.0
444488.037641 4635343.856670 1303747682.0
444487.535514 4635364.623918 1303747684.0
444487.194177 4635384.723711 1303747686.0
444486.169973 4635413.045333 1303747689.0
444486.036152 4635438.473137 1303747692.0
444485.285081 4635459.242328 1303747696.0
444472.639972 4635476.662171 1303747705.0
444447.318376 4635475.527184 1303747709.0
444424.327352 4635475.262376 1303747712.0
444398.848431 4635475.239127 1303747715.0
444375.723504 4635479.083777 1303747718.0
444354.720717 4635478.359533 1303747721.0
444332.066850 4635478.758593 1303747724.0
444310.664741 4635480.036211 1303747727.0
444288.587451 4635479.875732 1303747740.0
444267.414335 4635478.597908 1303747744.0
444245.813238 4635475.657987 1303747747.0
444217.605280 4635476.878120 1303747750.0
444197.023488 4635476.928282 1303747752.0
444176.358709 4635476.979154 1303747754.0
444147.894836 4635477.313297 1303747757.0
444125.901383 4635477.263698 1303747760.0
444104.893325 4635475.874028 1303747769.0
444091.182528 4635494.857402 1303747777.0
444090.850167 4635515.956474 1303747781.0
444090.773742 4635537.941809 1303747784.0
444090.887691 4635563.034603 1303747787.0
444091.004256 4635588.460480 1303747790.0
444090.634033 4635625.881855 1303747795.0
444090.696176 4635665.520519 1303747802.0
444090.688212 4635717.373481 1303747814.0
444111.827330 4635724.979976 1303747821.0
444133.305306 4635733.472147 1303747848.0
444157.497347 4635738.834152 1303747853.0
444177.924595 4635740.339550 1303747858.0
444199.928540 4635741.832655 1303747864.0
444224.831715 4635742.636921 1303747868.0
444245.008243 4635743.922406 1303747871.0
444266.753650 4635744.196367 1303747875.0
444287.669209 4635744.476884 1303747878.0
444312.235213 4635744.617889 1303747881.0
444337.636266 4635745.418657 1303747884.0
444360.712012 4635746.015610 1303747887.0
444385.753373 4635743.266272 1303747891.0
444408.224833 4635740.870180 1303747918.0
444430.641905 4635742.138705 1303747922.0
444453.866302 4635740.514121 1303747926.0
444474.746371 4635736.243072 1303747939.0
444480.306152 4635714.881218 1303747944.0
444481.669122 4635687.445211 1303747948.0
444483.361452 4635659.673537 1303747951.0
444484.938012 4635638.342736 1303747953.0
444486.343419 4635616.347065 1303747955.0
444486.755599 4635594.692238 1303747957.0
444487.083931 4635572.927031 1303747959.0
444487.749405 4635551.825401 1303747961.0
444487.674923 4635531.617810 1303747963.0
444486.222465 4635504.980991 1303747966.0
444485.733910 4635484.887661 1303747971.0
444487.696917 4635459.889737 1303747992.0
444489.689354 4635438.666737 1303747995.0
444490.145625 4635412.015048 1303747998.0
444490.565630 4635391.359472 1303748000.0
444490.809280 4635369.372865 1303748002.0
444491.218046 4635347.273938 1303748004.0
444491.378713 4635325.287979 1303748006.0
444491.456394 4635303.302668 1303748008.0
444491.458872 4635282.317248 1303748010.0
444492.250595 4635256.107088 1303748013.0
444492.573796 4635233.675730 1303748017.0
444489.988002 4635210.711869 1303748044.0
444509.812364 4635198.565777 1303748050.0
444536.208623 4635199.026433 1303748054.0
444562.441487 4635199.821560 1303748057.0
444591.248785 4635200.818828 1303748060.0
444617.903491 4635202.499148 1303748063.0
444641.817764 4635203.978794 1303748066.0
444664.482854 4635204.913053 1303748069.0
444688.638321 4635205.391678 1303748072.0
444716.105656 4635204.845380 1303748075.0
444736.352803 4635204.355192 1303748077.0
444757.763543 4635204.078106 1303748079.0
444780.091485 4635204.349144 1303748081.0
444802.339013 4635204.953977 1303748083.0
444824.755957 4635206.001702 1303748085.0
444847.918950 4635206.932688 1303748087.0
444871.410462 4635207.417072 1303748089.0
444894.901969 4635207.901533 1303748091.0
444918.395188 4635208.608127 1303748093.0
444942.048376 4635208.536325 1303748095.0
444965.455165 4635208.799606 1303748097.0
444989.113494 4635209.394123 1303748099.0
445012.855666 4635210.099105 1303748101.0
445036.182878 4635210.807368 1303748103.0
445059.342391 4635211.294932 1303748105.0
445082.909149 4635210.780130 1303748107.0
445106.229505 4635210.600405 1303748109.0
445129.551570 4635210.642810 1303748111.0
445153.374142 4635211.014540 1303748113.0
445177.526963 4635211.161741 1303748115.0
445201.099702 4635211.424519 1303748117.0
445224.173641 4635211.580176 1303748119.0
445246.752194 4635212.072817 1303748121.0
445269.245193 4635212.233085 1303748123.0
445291.572209 4635212.394698 1303748125.0
445313.983066 4635212.666772 1303748127.0
445336.808020 4635212.824705 1303748129.0
445360.215609 4635213.200310 1303748131.0
445383.790026 4635213.685747 1303748133.0
445407.281448 4635214.171897 1303748135.0
445430.689875 4635214.658761 1303748137.0
445453.934867 4635215.480054 1303748139.0
445476.431239 4635216.085084 1303748141.0
445498.760775 4635216.580428 1303748143.0
445521.338429 4635216.962911 1303748145.0
445544.580003 4635217.340391 1303748147.0
445568.150990 4635217.382329 1303748149.0
445591.476396 4635217.870355 1303748151.0
445614.468141 4635218.138937 1303748153.0
445636.958551 4635217.967284 1303748155.0
445658.289636 4635218.137646 1303748157.0
445678.876344 4635218.646848 1303748159.0
445698.966798 4635219.381959 1303748161.0
445729.094012 4635219.374461 1303748164.0
445749.511345 4635219.441023 1303748166.0
445779.725770 4635219.988243 1303748169.0
445799.891594 4635219.723763 1303748171.0
445829.191428 4635220.056083 1303748174.0
445857.326860 4635220.064272 1303748177.0
445883.140246 4635220.312278 1303748180.0
445905.715318 4635220.362898 1303748184.0
445927.226681 4635222.420265 1303748198.0
445947.655787 4635224.041774 1303748202.0
445968.658237 4635224.659691 1303748209.0
445977.264692 4635243.248045 1303748214.0
445977.254467 4635263.789313 1303748217.0
445975.437836 4635286.898049 1303748221.0
445974.351284 4635307.780582 1303748226.0
445974.007431 4635328.102315 1303748229.0
445973.697262 4635352.865132 1303748232.0
445973.411516 4635380.847737 1303748235.0
445972.802241 4635409.943131 1303748238.0
445972.254070 4635436.151193 1303748241.0
445970.512922 4635458.260064 1303748244.0
