444684.920118 4635207.530188 1303305345.0
444702.104098 4635218.722235 1303305348.0
444708.084050 4635240.660513 1303305351.0
444707.064104 4635269.648251 1303305354.0
444706.239709 4635291.750377 1303305356.0
444705.668599 4635314.405707 1303305358.0
444705.178760 4635336.838340 1303305360.0
444704.609384 4635359.715726 1303305362.0
444703.705473 4635382.262608 1303305364.0
444703.149036 4635406.805403 1303305366.0
444702.844155 4635431.679348 1303305368.0
444701.952331 4635455.780613 1303305370.0
444701.305168 4635479.324811 1303305372.0
444700.572438 4635502.536572 1303305374.0
444700.424071 4635526.187934 1303305376.0
444700.944772 4635550.500305 1303305378.0
444701.792246 4635574.143938 1303305380.0
444702.465987 4635596.789616 1303305382.0
444702.216539 4635618.110054 1303305384.0
444702.547131 4635639.314957 1303305386.0
444701.941370 4635668.188466 1303305389.0
444701.913925 4635696.724386 1303305392.0
444702.567840 4635716.816442 1303305394.0
444702.377015 4635745.686734 1303305397.0
444702.429975 4635773.888932 1303305400.0
444702.979116 4635801.865211 1303305403.0
444702.712213 4635831.624368 1303305406.0
444702.714325 4635853.275964 1303305408.0
444702.890162 4635875.925516 1303305410.0
444702.737517 4635899.021756 1303305412.0
444698.077105 4635918.710942 1303305414.0
444692.328251 4635947.846468 1303305417.0
444690.574854 4635967.846191 1303305419.0
444689.360742 4635993.171356 1303305422.0
444695.918427 4636014.772052 1303305426.0
444716.216700 4636021.165473 1303305429.0
444745.948083 4636024.043714 1303305432.0
444769.608904 4636025.303640 1303305434.0
444794.341584 4636025.667066 1303305436.0
444819.150361 4636025.141717 1303305438.0
444843.540795 4636024.175558 1303305440.0
444868.263159 4636023.206913 1303305442.0
444893.482555 4636022.123475 1303305444.0
444919.446213 4636020.701269 1303305446.0
444946.241408 4636019.494798 1303305448.0
444974.031526 4636018.169708 1303305450.0
445001.908063 4636017.288195 1303305452.0
445028.541602 4636016.638451 1303305454.0
445053.770458 4636016.776881 1303305456.0
445078.503137 4636017.141293 1303305458.0
445103.734554 4636017.612981 1303305460.0
445130.209829 4636017.964142 1303305462.0
445157.762146 4636018.085041 1303305464.0
445185.813201 4636018.313242 1303305466.0
445213.944671 4636018.207833 1303305468.0
445241.328456 4636017.997250 1303305470.0
445268.547132 4636017.899075 1303305472.0
445295.939444 4636018.798974 1303305474.0
445323.746653 4636019.695793 1303305476.0
445352.052591 4636020.699928 1303305478.0
445380.522779 4636021.480848 1303305480.0
445409.241051 4636022.148947 1303305482.0
445437.546111 4636023.042394 1303305484.0
445464.687727 4636023.722794 1303305486.0
445490.668451 4636024.523216 1303305488.0
445516.230865 4636024.882797 1303305490.0
445541.459653 4636025.022954 1303305492.0
445565.775646 4636025.170175 1303305494.0
445590.921448 4636025.311141 1303305496.0
445617.397487 4636025.775140 1303305498.0
445644.705026 4636026.454959 1303305500.0
445672.012557 4636027.134882 1303305502.0
445699.320928 4636027.925937 1303305504.0
445725.877387 4636028.056625 1303305506.0
445751.522742 4636028.416418 1303305508.0
445776.752344 4636028.668435 1303305510.0
445800.903189 4636028.928750 1303305512.0
445824.970206 4636029.078751 1303305514.0
445849.788270 4636029.778292 1303305516.0
445874.027148 4636030.704387 1303305518.0
445896.767301 4636030.975747 1303305520.0
445916.933357 4636031.044659 1303305522.0
445946.474571 4636030.820404 1303305525.0
445967.221490 4636030.885049 1303305527.0
445987.802446 4636030.951013 1303305529.0
446007.890565 4636031.686975 1303305531.0
446033.037150 4636031.940528 1303305534.0
446059.428444 4636032.184744 1303305538.0
446080.015275 4636033.028165 1303305541.0
446100.186355 4636033.763758 1303305544.0
446121.930707 4636034.043373 1303305547.0
446145.000232 4636033.979933 1303305550.0
446169.064687 4636033.798015 1303305553.0
446193.193670 4636031.172953 1303305556.0
446214.334518 4636028.459503 1303305559.0
446239.114810 4636024.164176 1303305563.0
446260.482857 4636018.562278 1303305568.0
446285.784540 4636017.372118 1303305582.0
446307.102302 4636016.101047 1303305585.0
446331.257323 4636016.918297 1303305588.0
446356.830541 4636018.724248 1303305591.0
446381.071869 4636019.985150 1303305594.0
446405.968680 4636020.130867 1303305597.0
446432.867054 4636021.594020 1303305600.0
446460.762021 4636023.160816 1303305603.0
446485.151753 4636022.089253 1303305606.0
446508.617026 4636019.470249 1303305610.0
446530.297574 4636022.305359 1303305625.0
446551.734993 4636025.919593 1303305630.0
446575.724810 4636026.849944 1303305634.0
446599.465676 4636027.782242 1303305638.0
446622.628165 4636029.052054 1303305643.0
446645.719307 4636031.876943 1303305648.0
446666.881918 4636032.051545 1303305652.0
446687.950742 4636030.783478 1303305675.0
446694.517260 4636054.384447 1303305680.0
446690.734467 4636081.171813 1303305683.0
446687.913390 4636103.399613 1303305685.0
446686.928692 4636127.057104 1303305687.0
446687.109038 4636151.150008 1303305689.0
446687.868578 4636175.016511 1303305691.0
446688.626452 4636198.660961 1303305693.0
446689.241636 4636225.415416 1303305696.0
446690.237635 4636247.614650 1303305700.0
