446199.266275 4635505.716588 1304049510.0
446218.929168 4635515.894223 1304049538.0
446240.855307 4635518.060423 1304049541.0
446263.931523 4635518.663547 1304049544.0
446283.654770 4635514.850691 1304049551.0
446297.788742 4635496.201545 1304049559.0
446296.462869 4635474.448990 1304049562.0
446296.003819 4635446.583064 1304049565.0
446295.577411 4635423.047196 1304049567.0
446295.797332 4635397.174755 1304049569.0
446296.520209 4635371.964723 1304049571.0
446296.587553 4635347.869969 1304049573.0
446295.754573 4635325.447503 1304049575.0
446294.143717 4635298.922667 1304049578.0
446295.705711 4635274.927681 1304049582.0
446280.644496 4635258.719326 1304049610.0
446306.139278 4635249.755494 1304049621.0
446299.433264 4635229.931065 1304049644.0
446270.964266 4635229.701580 1304049647.0
446247.562694 4635230.100173 1304049649.0
446224.571885 4635229.940575 1304049651.0
446199.672298 4635229.795466 1304049653.0
446175.597578 4635228.978012 1304049655.0
446154.509662 4635228.027030 1304049657.0
446131.429972 4635227.091171 1304049660.0
446110.008401 4635225.920777 1304049687.0
446089.763809 4635226.740143 1304049691.0
446063.044297 4635227.386517 1304049694.0
446041.300001 4635227.440140 1304049696.0
446017.228611 4635227.067329 1304049698.0
445992.573760 4635226.365922 1304049700.0
445967.005167 4635225.560496 1304049702.0
445940.280600 4635225.541169 1304049704.0
445911.895381 4635225.423515 1304049706.0
445884.006414 4635225.080138 1304049708.0
445856.705126 4635225.620672 1304049710.0
445830.402257 4635226.486819 1304049712.0
445805.340024 4635226.788459 1304049714.0
445780.862104 4635227.529873 1304049716.0
445755.716883 4635227.832319 1304049718.0
445729.158291 4635227.812519 1304049720.0
445701.180399 4635226.693301 1304049722.0
445671.204801 4635224.812191 1304049724.0
445640.472953 4635221.715608 1304049726.0
445609.504820 4635220.286465 1304049728.0
445579.785768 4635219.403082 1304049730.0
445553.550609 4635218.271131 1304049732.0
445532.213575 4635217.323893 1304049734.0
445508.800924 4635216.281560 1304049738.0
445486.494326 4635218.783916 1304049742.0
445457.446818 4635218.895207 1304049745.0
445433.034019 4635217.305613 1304049747.0
445406.299175 4635215.955962 1304049749.0
445377.822370 4635214.730801 1304049751.0
445348.440322 4635214.512001 1304049753.0
445319.049749 4635213.183050 1304049755.0
445289.740449 4635211.631530 1304049757.0
445260.769067 4635210.854768 1304049759.0
445232.053477 4635210.964428 1304049761.0
445204.085655 4635211.179485 1304049763.0
445177.941916 4635211.158548 1304049765.0
445155.200789 4635211.111512 1304049767.0
445133.125296 4635211.281489 1304049769.0
445111.797573 4635211.556807 1304049771.0
445090.799245 4635211.496550 1304049773.0
445069.545096 4635210.550057 1304049775.0
445047.128216 4635209.501562 1304049777.0
445023.717154 4635208.682877 1304049779.0
444998.566710 4635208.321832 1304049781.0
444971.264509 4635208.754732 1304049783.0
444942.553184 4635209.420693 1304049785.0
444913.509043 4635209.978310 1304049787.0
444885.127110 4635210.308855 1304049789.0
444857.824057 4635210.631163 1304049791.0
444831.686311 4635211.388686 1304049793.0
444807.291373 4635212.132803 1304049795.0
444783.889743 4635212.536204 1304049797.0
444762.896564 4635213.143076 1304049799.0
444736.751942 4635213.012731 1304049802.0
444715.830557 4635212.175745 1304049806.0
444692.763475 4635212.909951 1304049821.0
444669.935885 4635212.420999 1304049824.0
444639.383259 4635211.103875 1304049827.0
444616.387948 4635210.394331 1304049829.0
444592.407969 4635211.135958 1304049831.0
444569.507735 4635211.980299 1304049833.0
444548.018346 4635212.813732 1304049835.0
444527.777279 4635214.081646 1304049837.0
444504.805311 4635216.370194 1304049840.0
444483.738679 4635218.199833 1304049845.0
444482.906315 4635239.191718 1304049850.0
444486.153449 4635261.817323 1304049853.0
444490.042110 4635302.869552 1304049857.0
444491.456512 4635324.621170 1304049859.0
444492.372107 4635346.265641 1304049861.0
444492.297888 4635368.695063 1304049863.0
444492.305794 4635391.012812 1304049865.0
444491.986075 4635413.888283 1304049867.0
444490.576268 4635435.328809 1304049869.0
444490.019709 4635459.760603 1304049872.0
444472.231957 4635477.553622 1304049877.0
444449.335186 4635478.731440 1304049880.0
444419.686978 4635476.186850 1304049883.0
444399.073997 4635472.239451 1304049885.0
444377.559397 4635469.742592 1304049887.0
444354.971145 4635467.920387 1304049889.0
444332.726110 4635467.539013 1304049891.0
444311.830573 4635469.923008 1304049893.0
444291.996886 4635480.737340 1304049899.0
444278.860439 4635498.938616 1304049904.0
444258.217861 4635512.424188 1304049907.0
444235.675771 4635516.486803 1304049909.0
444212.952950 4635518.663327 1304049911.0
444185.499008 4635520.765958 1304049914.0
444161.359341 4635522.176511 1304049917.0
444132.442400 4635517.628774 1304049920.0
444108.428633 4635513.930954 1304049922.0
444086.326160 4635510.551314 1304049924.0
444060.384454 4635504.426040 1304049926.0
444035.310955 4635503.179536 1304049928.0
444011.469166 4635500.257928 1304049930.0
443985.450478 4635494.910768 1304049932.0
443961.703853 4635493.543055 1304049934.0
443937.376306 4635492.179992 1304049937.0
443919.291115 4635482.551347 1304049950.0
