446314.657003 4635741.236230 1303473812.0
446313.662585 4635763.450417 1303473825.0
446312.119088 4635789.888015 1303473829.0
446310.885781 4635813.436407 1303473832.0
446309.852762 4635841.535662 1303473835.0
446309.344561 4635862.191720 1303473837.0
446308.589928 4635883.182737 1303473839.0
446307.251076 4635903.734024 1303473841.0
446305.081574 4635924.180541 1303473843.0
446303.159359 4635944.403129 1303473845.0
446301.881643 4635973.059404 1303473848.0
446301.241003 4635998.157806 1303473851.0
446294.272886 4636020.528080 1303473855.0
446272.444624 4636031.129857 1303473859.0
446247.076768 4636034.541234 1303473862.0
446219.139045 4636038.305208 1303473865.0
446189.949088 4636041.079450 1303473868.0
446160.248678 4636042.192168 1303473871.0
446131.368847 4636042.077434 1303473874.0
446102.485651 4636041.518708 1303473877.0
446082.070694 4636041.451156 1303473879.0
446060.826768 4636041.500975 1303473881.0
446039.748803 4636041.549599 1303473883.0
446018.587015 4636041.487887 1303473885.0
445998.503976 4636041.418059 1303473887.0
445971.030590 4636040.738144 1303473890.0
445944.555495 4636040.383858 1303473893.0
445917.336097 4636040.368424 1303473896.0
445889.865225 4636040.021903 1303473899.0
445861.566227 4636039.903850 1303473902.0
445834.180860 4636039.889995 1303473905.0
445806.707442 4636039.210713 1303473908.0
445778.236556 4636038.317064 1303473911.0
445749.015449 4636036.985107 1303473914.0
445720.125408 4636035.539714 1303473917.0
445692.814530 4636034.415497 1303473920.0
445667.998151 4636033.938559 1303473923.0
445645.505235 4636033.443974 1303473926.0
445623.596571 4636033.389135 1303473929.0
445602.433886 4636033.217632 1303473932.0
445575.959569 4636032.975744 1303473936.0
445550.812096 4636032.612777 1303473940.0
445528.646839 4636031.560888 1303473947.0
445506.571350 4636031.396651 1303473965.0
445483.748181 4636031.127171 1303473968.0
445463.581251 4636030.948459 1303473970.0
445441.752998 4636030.560462 1303473972.0
445419.344725 4636030.288010 1303473974.0
445396.769636 4636029.905875 1303473976.0
445373.945600 4636029.525719 1303473978.0
445350.707508 4636029.259848 1303473980.0
445327.053654 4636028.886210 1303473982.0
445303.150854 4636028.514563 1303473984.0
445278.996548 4636027.811826 1303473986.0
445254.430744 4636027.556469 1303473988.0
445229.532159 4636027.192723 1303473990.0
445205.049329 4636026.936898 1303473992.0
445181.229491 4636026.565021 1303473994.0
445157.658591 4636026.191307 1303473996.0
445134.168958 4636025.594977 1303473998.0
445111.095081 4636025.106554 1303474000.0
445088.852723 4636024.833863 1303474002.0
445066.858449 4636024.448295 1303474004.0
445043.868397 4636024.070477 1303474006.0
445019.963836 4636023.477725 1303474008.0
444995.562240 4636022.999925 1303474010.0
444971.328317 4636022.742981 1303474012.0
444947.179946 4636022.818560 1303474014.0
444923.036726 4636023.560384 1303474016.0
444898.812246 4636024.524987 1303474018.0
444875.003536 4636025.597488 1303474020.0
444851.775700 4636026.665571 1303474022.0
444829.541063 4636027.392935 1303474024.0
444808.549424 4636027.888668 1303474026.0
444782.406935 4636027.647157 1303474029.0
444761.161188 4636027.478797 1303474032.0
444740.909490 4636027.080720 1303474036.0
444718.669689 4636027.142266 1303474050.0
444696.838758 4636026.423470 1303474054.0
444670.109347 4636025.409690 1303474058.0
444646.876352 4636025.812278 1303474061.0
444620.981919 4636025.458397 1303474064.0
444593.611095 4636027.336774 1303474067.0
444567.979430 4636028.757586 1303474070.0
444545.005763 4636030.490896 1303474073.0
444523.416840 4636028.882475 1303474077.0
444500.269433 4636029.617976 1303474083.0
444480.824260 4636036.875700 1303474093.0
444471.208614 4636016.964540 1303474103.0
444462.432254 4635998.268222 1303474109.0
444459.678017 4635974.972559 1303474112.0
444462.308073 4635950.413538 1303474115.0
444463.231013 4635930.420224 1303474118.0
444465.316581 4635910.528879 1303474122.0
444467.813613 4635890.190193 1303474133.0
444466.722484 4635867.325700 1303474139.0
444471.162665 4635840.753965 1303474143.0
444474.792953 4635816.742328 1303474146.0
444474.171182 4635790.210058 1303474149.0
444475.091592 4635769.883669 1303474152.0
444471.596526 4635747.371021 1303474161.0
444470.549434 4635719.509663 1303474165.0
444472.730965 4635690.623831 1303474168.0
444474.723276 4635669.400818 1303474170.0
444476.711273 4635647.622671 1303474172.0
444477.961066 4635626.960618 1303474174.0
444478.567658 4635598.309137 1303474177.0
444479.751703 4635569.209021 1303474180.0
444481.681776 4635539.992059 1303474183.0
444482.156172 4635515.671935 1303474186.0
444483.486404 4635494.676160 1303474191.0
444475.365580 4635474.975417 1303474201.0
444450.784807 4635473.057406 1303474206.0
444423.972015 4635472.267232 1303474209.0
444393.927031 4635472.057557 1303474212.0
444364.716255 4635472.396664 1303474215.0
444335.761382 4635473.622162 1303474218.0
444309.624625 4635474.381610 1303474221.0
444288.205139 4635473.438752 1303474228.0
444267.804083 4635475.374874 1303474239.0
444240.473354 4635472.035661 1303474244.0
444217.054320 4635470.109362 1303474246.0
444193.985489 4635470.512110 1303474248.0
444166.589987 4635469.505400 1303474251.0
444140.024353 4635468.492289 1303474254.0
444116.707424 4635469.008266 1303474257.0
444093.891038 4635469.853494 1303474263.0
444064.841861 4635469.637391 1303474267.0
444035.792681 4635469.421408 1303474270.0
444015.623181 4635469.135752 1303474272.0
443991.216068 4635468.217266 1303474275.0
443967.642318 4635467.736444 1303474279.0
443942.908482 4635467.486897 1303474282.0
443919.924377 4635468.111934 1303474285.0
443899.683242 4635469.270614 1303474289.0
443880.316597 4635476.085199 1303474298.0
443879.356821 4635501.741630 1303474302.0
443880.256881 4635531.713739 1303474305.0
443880.762888 4635553.805534 1303474307.0
443881.011188 4635574.789019 1303474309.0
443880.925794 4635595.553066 1303474311.0
443880.442091 4635618.429899 1303474313.0
443879.708561 4635641.197667 1303474315.0
443878.958418 4635661.855919 1303474317.0
443878.489602 4635686.620217 1303474320.0
443878.995616 4635708.712018 1303474325.0
