444375.892471 4635458.208079 1303252816.0
444352.955752 4635454.278956 1303252845.0
444330.547302 4635454.231967 1303252848.0
444308.154473 4635456.183536 1303252851.0
444287.112037 4635461.011498 1303252861.0
444269.440383 4635472.364155 1303252879.0
444253.040532 4635487.148958 1303252885.0
444245.350505 4635511.969716 1303252889.0
444245.345293 4635532.511042 1303252892.0
444244.942528 4635555.276160 1303252895.0
444245.716351 4635579.919647 1303252899.0
444249.177007 4635608.539331 1303252904.0
444259.358194 4635626.336127 1303252907.0
444267.824431 4635647.699444 1303252908.0
444277.200851 4635668.722548 1303252909.0
444292.965333 4635689.473635 1303252911.0
444310.649316 4635700.993928 1303252913.0
444332.298292 4635710.151564 1303252915.0
444353.494991 4635714.538336 1303252917.0
444373.607660 4635718.267432 1303252919.0
444394.141297 4635722.770537 1303252921.0
444422.296500 4635725.548720 1303252924.0
444444.648817 4635729.149507 1303252927.0
444465.850579 4635734.202776 1303252932.0
444488.546896 4635739.355494 1303252936.0
444519.100757 4635741.116060 1303252939.0
444542.683043 4635742.819996 1303252941.0
444566.679374 4635744.409755 1303252943.0
444589.760273 4635745.673613 1303252945.0
444610.345587 4635746.179714 1303252947.0
444634.504405 4635747.324302 1303252950.0
444654.384258 4635753.165641 1303252954.0
444675.967079 4635753.886248 1303252968.0
444695.832224 4635757.840240 1303252973.0
444698.765513 4635782.911126 1303252978.0
444697.623963 4635806.903311 1303252981.0
444697.878487 4635828.997082 1303252983.0
444698.302426 4635851.533674 1303252985.0
444698.304553 4635873.185270 1303252987.0
444697.879699 4635893.285707 1303252989.0
444695.778598 4635921.948772 1303252992.0
444691.257244 4635948.854090 1303252995.0
444688.535658 4635972.414417 1303252998.0
444687.456478 4635993.741313 1303253003.0
444688.692159 4636013.939894 1303253016.0
444711.861790 4636026.750973 1303253021.0
444738.195234 4636030.210728 1303253024.0
444760.036480 4636032.261978 1303253026.0
444783.626339 4636035.076976 1303253028.0
444808.945874 4636036.213140 1303253030.0
444837.167154 4636036.993817 1303253032.0
444867.211429 4636037.427393 1303253034.0
444898.333593 4636037.741722 1303253036.0
444928.453970 4636037.286697 1303253038.0
444956.504972 4636037.513994 1303253040.0
444980.579745 4636038.660387 1303253042.0
445000.749262 4636039.170813 1303253044.0
445022.575822 4636039.335404 1303253047.0
445045.080790 4636041.382402 1303253050.0
445065.328134 4636041.226208 1303253052.0
445091.369591 4636039.137825 1303253054.0
445119.989459 4636037.806906 1303253056.0
445164.721319 4636038.128580 1303253059.0
445196.005134 4636037.887796 1303253061.0
445227.368514 4636037.202403 1303253063.0
445259.982585 4636037.284772 1303253065.0
445293.008146 4636036.919994 1303253067.0
445325.285175 4636036.339048 1303253069.0
445354.988946 4636035.666957 1303253071.0
445380.541969 4636034.804752 1303253073.0
445404.433676 4636033.733305 1303253075.0
445427.254292 4636033.669449 1303253077.0
445450.244270 4636034.048503 1303253079.0
445473.484888 4636034.647781 1303253081.0
445497.059123 4636035.466649 1303253083.0
445523.281948 4636035.377066 1303253085.0
445551.746105 4636035.381479 1303253087.0
445581.787747 4636035.484987 1303253089.0
445612.409404 4636035.473159 1303253091.0
445643.114887 4636035.571857 1303253093.0
445673.740773 4636036.115428 1303253095.0
445704.033036 4636036.439607 1303253097.0
445734.324448 4636036.652888 1303253099.0
445764.035836 4636036.981748 1303253101.0
445792.665932 4636036.985860 1303253103.0
445820.055536 4636037.554692 1303253105.0
445847.521361 4636037.234780 1303253107.0
445874.156534 4636036.810253 1303253109.0
445899.547839 4636036.506307 1303253111.0
445926.109307 4636037.303904 1303253113.0
445952.182149 4636039.326678 1303253115.0
445976.590305 4636040.695971 1303253117.0
445998.581065 4636040.640240 1303253119.0
446025.878389 4636039.989192 1303253122.0
446046.364559 4636038.501573 1303253125.0
446068.859933 4636039.330505 1303253130.0
446094.023291 4636041.804818 1303253134.0
446120.670204 4636042.935593 1303253137.0
446143.649164 4636041.873532 1303253139.0
446167.960017 4636041.356646 1303253141.0
446191.041259 4636042.847736 1303253143.0
446211.472137 4636045.025117 1303253145.0
446234.228976 4636047.518098 1303253148.0
446252.384961 4636056.152714 1303253164.0
446275.169454 4636051.317404 1303253175.0
446293.373392 4636033.303717 1303253179.0
446294.502675 4636006.980259 1303253182.0
446295.181798 4635986.989107 1303253184.0
446296.586833 4635964.216644 1303253186.0
446297.144480 4635939.118869 1303253188.0
446297.608268 4635912.578367 1303253190.0
446299.818882 4635886.579863 1303253192.0
446302.289344 4635862.022838 1303253194.0
446304.696929 4635840.131092 1303253196.0
446308.055975 4635812.347402 1303253199.0
446307.570049 4635791.920907 1303253202.0
