446304.073587 4635074.782489 1302646816.0
446306.899811 4635053.331755 1302646829.0
446306.475121 4635030.017955 1302646833.0
446306.806570 4635007.919823 1302646837.0
446309.794637 4634985.912707 1302646845.0
446312.298150 4634965.685776 1302646849.0
446315.604844 4634941.899730 1302646853.0
446317.755504 4634918.899630 1302646856.0
446320.631378 4634893.007201 1302646859.0
446321.662159 4634864.574909 1302646862.0
446322.087544 4634843.919511 1302646864.0
446323.686762 4634813.817440 1302646867.0
446324.532153 4634793.825080 1302646869.0
446325.541869 4634773.609415 1302646871.0
446325.631948 4634752.512413 1302646873.0
446324.193809 4634726.874559 1302646876.0
446318.054981 4634705.269317 1302646892.0
446298.089000 4634699.201902 1302646897.0
446278.016424 4634701.018709 1302646900.0
446252.369700 4634701.101085 1302646903.0
446223.480251 4634700.430792 1302646906.0
446194.510313 4634700.094324 1302646909.0
446170.938492 4634700.161325 1302646912.0
446147.531825 4634700.116122 1302646917.0
446120.558828 4634700.431062 1302646921.0
446094.827418 4634700.292578 1302646924.0
446066.109816 4634700.398856 1302646927.0
446045.607177 4634700.220974 1302646929.0
446016.640582 4634700.329337 1302646932.0
445996.299724 4634699.595205 1302646935.0
445979.132423 4634712.383140 1302646941.0
445979.390502 4634735.476124 1302646945.0
445979.413904 4634760.458455 1302646948.0
445979.694712 4634786.549169 1302646951.0
445978.784126 4634808.762749 1302646954.0
445975.976450 4634832.545181 1302646960.0
445974.471453 4634852.986736 1302646963.0
445974.768279 4634881.186967 1302646966.0
445975.226884 4634908.830806 1302646969.0
445976.231928 4634931.918133 1302646972.0
445978.221945 4634953.554558 1302646977.0
445976.755701 4634979.103360 1302646981.0
445976.227647 4635007.976052 1302646984.0
445976.147885 4635030.294374 1302646986.0
445975.996078 4635054.056678 1302646988.0
445975.763807 4635078.152693 1302646990.0
445975.689946 4635101.248207 1302646992.0
445976.025993 4635123.674413 1302646994.0
445976.183429 4635144.436473 1302646996.0
445975.373599 4635168.981005 1302646999.0
445974.947578 4635189.414390 1302647003.0
445973.775489 4635209.964467 1302647015.0
445963.379699 4635229.030031 1302647020.0
445936.188377 4635233.122498 1302647024.0
445907.149382 4635234.342227 1302647027.0
445879.196016 4635236.442095 1302647030.0
445851.233381 4635237.320775 1302647033.0
445829.991268 4635237.926394 1302647036.0
445807.763410 4635239.871977 1302647050.0
445787.263994 4635239.916907 1302647053.0
445757.877020 4635239.030257 1302647056.0
445735.629730 4635238.422442 1302647058.0
445711.803930 4635237.604659 1302647060.0
445687.644469 4635236.567431 1302647062.0
445662.408668 4635235.871595 1302647064.0
445636.346346 4635235.626290 1302647066.0
445608.624216 4635235.393751 1302647068.0
445579.742763 4635235.503277 1302647070.0
445551.108582 4635235.388964 1302647072.0
445527.944965 4635234.344666 1302647074.0
445507.122051 4635235.503211 1302647077.0
445501.639237 4635256.530499 1302647083.0
445499.671755 4635281.417074 1302647086.0
445499.164973 4635301.962166 1302647088.0
445498.834366 4635323.838314 1302647090.0
445498.760374 4635346.711802 1302647092.0
445498.688933 4635369.918373 1302647094.0
445498.863911 4635392.789958 1302647096.0
445499.285306 4635415.326558 1302647098.0
445499.873526 4635437.972916 1302647100.0
445500.537936 4635459.730423 1302647102.0
445501.438565 4635479.820619 1302647104.0
445501.644968 4635506.800212 1302647107.0
445500.026512 4635533.904801 1302647110.0
445498.757856 4635563.338422 1302647113.0
445498.168130 4635583.884158 1302647115.0
445497.992490 4635604.315693 1302647117.0
445498.228382 4635624.299946 1302647119.0
445498.134882 4635644.619820 1302647121.0
445498.207353 4635664.938426 1302647123.0
445498.113006 4635685.147274 1302647125.0
445497.106679 4635705.474135 1302647127.0
445495.664468 4635733.909790 1302647130.0
445497.080841 4635756.327755 1302647133.0
445497.432008 4635780.530410 1302647137.0
445499.603717 4635804.052934 1302647148.0
445500.267272 4635825.699426 1302647151.0
445501.649057 4635854.446580 1302647154.0
445502.726670 4635875.978872 1302647156.0
445503.391913 4635897.847421 1302647158.0
445503.971623 4635919.383524 1302647160.0
445504.381120 4635940.365761 1302647162.0
445503.687485 4635969.017765 1302647165.0
445502.299426 4635993.677871 1302647168.0
445502.619151 4636013.772528 1302647173.0
