444281.271079 4635244.763077 1303309931.0
444281.439792 4635223.887382 1303309936.0
444295.634817 4635203.013037 1303309941.0
444319.437548 4635200.828356 1303309944.0
444340.268236 4635200.665583 1303309946.0
444364.089194 4635200.812620 1303309948.0
444387.583387 4635201.628490 1303309950.0
444415.978358 4635202.961370 1303309953.0
444440.137327 4635203.883261 1303309957.0
444463.698042 4635202.589221 1303309970.0
444492.073960 4635201.479807 1303309973.0
444515.059807 4635200.967652 1303309975.0
444540.120426 4635200.439420 1303309977.0
444565.929692 4635200.127519 1303309979.0
444591.160613 4635200.153311 1303309981.0
444616.232456 4635201.068699 1303309983.0
444641.475449 4635202.649048 1303309985.0
444663.810304 4635203.807939 1303309987.0
444691.824721 4635209.586224 1303309990.0
444710.816970 4635229.202822 1303309993.0
444713.466942 4635249.834543 1303309995.0
444712.654587 4635273.491047 1303309997.0
444711.103088 4635298.152593 1303309999.0
444709.969995 4635323.255028 1303310001.0
444708.917316 4635348.023738 1303310003.0
444707.861199 4635372.348342 1303310005.0
444706.961590 4635395.450360 1303310007.0
444705.887394 4635417.443395 1303310009.0
444704.801141 4635437.882052 1303310011.0
444704.294086 4635458.094146 1303310013.0
444703.787898 4635478.417268 1303310015.0
444703.039647 4635499.630540 1303310017.0
444702.372665 4635520.621115 1303310019.0
444702.290906 4635542.162317 1303310021.0
444702.465003 4635564.589804 1303310023.0
444701.896534 4635587.578226 1303310025.0
444701.416228 4635611.232167 1303310027.0
444700.114690 4635636.002824 1303310029.0
444698.823506 4635662.105808 1303310031.0
444697.700890 4635688.540586 1303310033.0
444696.331055 4635715.199353 1303310035.0
444695.952735 4635741.295254 1303310037.0
444695.906358 4635767.388579 1303310039.0
444696.102901 4635792.702782 1303310041.0
444696.123994 4635816.796975 1303310043.0
444697.210081 4635839.106357 1303310045.0
444697.739417 4635864.529013 1303310048.0
444696.922064 4635887.519379 1303310071.0
444696.086614 4635908.178174 1303310074.0
444693.946731 4635931.845015 1303310077.0
444691.650384 4635956.734446 1303310080.0
444690.286684 4635984.170417 1303310083.0
444689.789233 4636005.603829 1303310086.0
444706.868270 4636024.902160 1303310090.0
444730.612939 4636026.272341 1303310093.0
444759.314937 4636024.828302 1303310096.0
444780.790698 4636022.552127 1303310098.0
444805.651493 4636018.029107 1303310100.0
444829.615864 4636015.622762 1303310102.0
444853.919911 4636014.213173 1303310104.0
444878.971658 4636012.908914 1303310106.0
444903.858308 4636011.717055 1303310108.0
444927.664491 4636010.311569 1303310110.0
444950.814555 4636009.910539 1303310112.0
444973.635269 4636009.845230 1303310114.0
444996.544965 4636010.556544 1303310116.0
445018.540146 4636011.052923 1303310118.0
445039.871474 4636011.554493 1303310120.0
445060.370415 4636011.729446 1303310122.0
445081.034461 4636011.792151 1303310124.0
445102.447049 4636012.071213 1303310126.0
445124.772427 4636012.343308 1303310128.0
445147.432292 4636012.945998 1303310130.0
445169.015961 4636013.890146 1303310132.0
445189.852792 4636014.840107 1303310134.0
445211.433885 4636015.451302 1303310136.0
445234.169880 4636015.165411 1303310138.0
445257.655266 4636015.206935 1303310140.0
445281.807912 4636015.687545 1303310142.0
445305.709905 4636015.948094 1303310144.0
445329.112303 4636015.990491 1303310146.0
445352.186182 4636016.479620 1303310148.0
445374.346413 4636016.864797 1303310150.0
445395.432992 4636017.924477 1303310152.0
445422.407821 4636018.494961 1303310155.0
445443.811002 4636017.553750 1303310158.0
445464.553739 4636017.061796 1303310174.0
445491.774956 4636017.297555 1303310179.0
445518.749774 4636017.868405 1303310182.0
445539.246964 4636017.822681 1303310184.0
445561.157378 4636018.099315 1303310186.0
445582.984808 4636018.376651 1303310188.0
445605.310970 4636018.761279 1303310190.0
445627.803091 4636019.144709 1303310192.0
445649.881149 4636019.642404 1303310194.0
445672.623053 4636020.135104 1303310196.0
445695.860298 4636020.290998 1303310198.0
445719.266042 4636020.778785 1303310200.0
445743.168823 4636021.151830 1303310202.0
445767.572021 4636021.854244 1303310204.0
445792.229227 4636023.221011 1303310206.0
445817.632407 4636024.471155 1303310208.0
445843.118557 4636025.720758 1303310210.0
445867.689374 4636026.644308 1303310212.0
445890.761465 4636026.913127 1303310214.0
445912.753114 4636026.968158 1303310216.0
445934.828585 4636027.133654 1303310218.0
445956.326557 4636027.747735 1303310220.0
445976.831278 4636028.702515 1303310222.0
446006.301303 4636030.033519 1303310225.0
446032.198087 4636030.725517 1303310228.0
446052.287040 4636031.572630 1303310233.0
446077.093292 4636030.718581 1303310239.0
446101.412584 4636031.311740 1303310243.0
446124.479599 4636030.915153 1303310247.0
446145.301933 4636029.980444 1303310250.0
446173.591717 4636028.878326 1303310253.0
446201.961133 4636027.331584 1303310256.0
446227.082568 4636024.255006 1303310259.0
446246.891561 4636020.996542 1303310263.0
446266.441577 4636016.407684 1303310271.0
446289.123132 4636008.908394 1303310278.0
