445513.357983 4635226.128695 1303172730.0
445501.062309 4635246.208788 1303172735.0
445500.170295 4635270.643002 1303172738.0
445498.658542 4635300.855704 1303172741.0
445497.826603 4635322.291554 1303172743.0
445497.327477 4635343.835891 1303172745.0
445496.910494 4635365.268567 1303172747.0
445496.741632 4635386.588312 1303172749.0
445496.405097 4635407.687274 1303172751.0
445496.064318 4635428.231100 1303172753.0
445496.052945 4635448.439307 1303172755.0
445496.267861 4635476.529170 1303172758.0
445495.733346 4635504.291667 1303172761.0
445494.290230 4635532.616286 1303172764.0
445493.356941 4635562.491477 1303172767.0
445493.180463 4635582.811984 1303172769.0
445492.927798 4635604.021345 1303172771.0
445492.510863 4635625.454030 1303172773.0
445492.345438 4635647.217893 1303172775.0
445491.926812 4635668.428526 1303172777.0
445491.588626 4635689.305443 1303172779.0
445491.564817 4635718.729547 1303172782.0
445492.761138 4635744.924340 1303172785.0
445494.194510 4635769.562848 1303172788.0
445494.858082 4635791.209339 1303172794.0
445495.599538 4635812.189032 1303172798.0
445496.184370 4635834.391295 1303172801.0
445496.963201 4635860.256186 1303172804.0
445498.831848 4635887.556177 1303172807.0
445500.206837 4635915.415116 1303172810.0
445500.410725 4635942.061645 1303172813.0
445500.272492 4635967.378389 1303172816.0
445500.353473 4635988.807277 1303172819.0
445501.014474 4636010.120693 1303172825.0
445522.908172 4636019.057968 1303172832.0
445550.047243 4636019.405612 1303172836.0
445572.459780 4636020.233611 1303172839.0
445596.115331 4636020.830119 1303172842.0
445620.686212 4636021.752817 1303172845.0
445645.755818 4636022.782828 1303172848.0
445672.483343 4636023.578213 1303172851.0
445700.372595 4636024.364842 1303172854.0
445727.343972 4636024.492372 1303172857.0
445752.577818 4636025.299440 1303172860.0
445777.229099 4636025.888964 1303172863.0
445801.798238 4636026.590233 1303172866.0
445826.200565 4636027.181821 1303172869.0
445849.937350 4636027.556485 1303172872.0
445873.172026 4636027.379877 1303172876.0
445894.503200 4636027.884005 1303172890.0
445921.059643 4636028.015420 1303172894.0
445945.378966 4636028.608046 1303172897.0
445971.108961 4636029.190055 1303172900.0
445996.844001 4636030.438319 1303172903.0
446021.744172 4636031.026802 1303172906.0
446046.475853 4636031.283548 1303172909.0
446072.121161 4636031.644495 1303172912.0
446099.258441 4636031.772176 1303172915.0
446126.810623 4636031.896823 1303172918.0
446154.201876 4636032.688994 1303172921.0
446180.263750 4636033.269248 1303172924.0
446206.396020 4636032.183563 1303172927.0
446231.686753 4636029.549857 1303172930.0
446255.897914 4636026.813354 1303172933.0
446276.373272 4636023.883044 1303172936.0
446292.849749 4636007.880991 1303172940.0
446293.187733 4635986.671042 1303172943.0
446293.658196 4635961.018755 1303172946.0
446293.941772 4635932.592041 1303172949.0
446294.385458 4635903.386886 1303172952.0
446295.077261 4635874.068829 1303172955.0
446295.275361 4635845.309663 1303172958.0
446295.887544 4635816.436342 1303172961.0
446296.513966 4635789.450485 1303172964.0
446296.977776 4635762.909989 1303172967.0
446297.180919 4635734.816991 1303172970.0
446297.623813 4635705.500819 1303172973.0
446297.897396 4635675.741791 1303172976.0
446298.173495 4635646.315845 1303172979.0
446298.788238 4635617.775616 1303172982.0
446299.169097 4635591.235753 1303172985.0
446299.644665 4635566.249645 1303172988.0
446300.292907 4635542.150504 1303172992.0
446300.531243 4635518.720655 1303173006.0
446300.954807 4635497.843179 1303173009.0
446301.175575 4635472.081762 1303173012.0
446301.372076 4635443.100561 1303173015.0
446301.633860 4635422.779474 1303173017.0
446301.893137 4635402.125306 1303173019.0
446302.069428 4635381.471765 1303173021.0
446302.510726 4635351.933555 1303173024.0
446303.382040 4635324.390707 1303173027.0
446304.100774 4635298.625544 1303173030.0
446304.682825 4635276.747581 1303173033.0
446305.421656 4635253.647070 1303173044.0
446305.478999 4635228.219996 1303173048.0
446306.731683 4635207.225248 1303173051.0
446309.144573 4635185.999691 1303173054.0
446311.052840 4635163.889672 1303173057.0
446311.942635 4635138.789428 1303173060.0
446312.182729 4635115.581649 1303173063.0
446313.016318 4635094.034898 1303173076.0
446312.316735 4635067.281134 1303173081.0
446312.634811 4635043.406570 1303173084.0
446313.171750 4635015.533157 1303173087.0
446313.608135 4634985.328804 1303173090.0
446313.781154 4634964.231168 1303173092.0
446314.610594 4634942.129288 1303173094.0
446315.103047 4634919.363748 1303173096.0
446315.427007 4634896.266378 1303173098.0
446315.340181 4634873.727271 1303173100.0
446315.583662 4634850.963610 1303173102.0
446316.076131 4634828.198073 1303173104.0
446316.737942 4634805.875394 1303173106.0
446317.242132 4634784.664237 1303173108.0
446317.586192 4634764.231520 1303173110.0
