445966.574920 4635486.159342 1301848366.0
445946.597305 4635500.190090 1301848372.0
445923.611558 4635500.586608 1301848375.0
445895.047124 4635498.582830 1301848378.0
445873.628848 4635497.746235 1301848380.0
445850.881927 4635496.808770 1301848382.0
445828.296752 4635495.314980 1301848384.0
445805.960528 4635493.819367 1301848386.0
445784.541377 4635492.872012 1301848388.0
445764.035080 4635491.917772 1301848390.0
445735.554388 4635490.025029 1301848393.0
445714.716124 4635489.073459 1301848397.0
445692.644048 4635489.574792 1301848402.0
445669.241637 4635489.753239 1301848405.0
445639.438191 4635488.537169 1301848408.0
445618.021537 4635487.923397 1301848410.0
445596.354220 4635487.089535 1301848412.0
445573.936618 4635485.817337 1301848414.0
445551.769667 4635484.765361 1301848416.0
445530.025284 4635484.709525 1301848418.0
445508.280901 4635484.653756 1301848420.0
445485.620256 4635484.160930 1301848422.0
445462.289758 4635482.896069 1301848424.0
445438.541762 4635481.301381 1301848426.0
445414.466059 4635480.264451 1301848428.0
445389.977963 4635479.563865 1301848430.0
445365.494970 4635479.529525 1301848432.0
445341.088147 4635478.606416 1301848434.0
445317.182651 4635478.123677 1301848436.0
445294.442385 4635478.076205 1301848438.0
445273.110345 4635477.684885 1301848440.0
445252.273667 4635476.956721 1301848442.0
445222.475189 4635476.408558 1301848445.0
445194.334746 4635475.625695 1301848448.0
445167.352702 4635474.389892 1301848451.0
445138.310494 4635475.057631 1301848454.0
445117.821134 4635476.325792 1301848456.0
445096.821876 4635476.043470 1301848458.0
445076.482235 4635475.200955 1301848460.0
445047.587165 4635473.425186 1301848463.0
445020.528088 4635472.967769 1301848466.0
444996.126322 4635472.712004 1301848469.0
444970.313764 4635472.467221 1301848473.0
444943.339377 4635472.231510 1301848477.0
444917.855328 4635471.540243 1301848481.0
444897.366845 4635472.920066 1301848486.0
444877.283857 4635473.075438 1301848495.0
444855.158839 4635477.465958 1301848498.0
444828.607136 4635478.226715 1301848501.0
444800.878986 4635477.109111 1301848504.0
444776.216201 4635475.301649 1301848507.0
444754.633413 4635474.691757 1301848510.0
444732.561308 4635475.196065 1301848514.0
444711.635520 4635473.692935 1301848536.0
444689.721630 4635473.196843 1301848540.0
444666.318271 4635473.267558 1301848543.0
444637.598529 4635472.713460 1301848546.0
444616.345075 4635471.768326 1301848548.0
444594.923048 4635470.491464 1301848550.0
444574.247901 4635469.208856 1301848552.0
444553.903832 4635467.812697 1301848554.0
444526.927657 4635467.356508 1301848557.0
444502.866424 4635468.210119 1301848561.0
444478.890780 4635469.396246 1301848577.0
444454.080071 4635469.922762 1301848581.0
444430.119161 4635472.996515 1301848584.0
444403.658245 4635474.757452 1301848587.0
444376.426179 4635473.415560 1301848590.0
444351.367390 4635474.055404 1301848593.0
444328.135199 4635474.792096 1301848596.0
444306.818670 4635476.402158 1301848600.0
444300.259014 4635497.216794 1301848610.0
444275.970647 4635500.848798 1301848615.0
444249.728413 4635498.722410 1301848618.0
444223.238938 4635496.820123 1301848621.0
444200.153669 4635495.113335 1301848624.0
444178.722045 4635492.616426 1301848628.0
444154.926720 4635485.030547 1301848633.0
444131.673676 4635483.103228 1301848636.0
444103.367089 4635482.325976 1301848639.0
444082.608876 4635481.045445 1301848641.0
444061.608665 4635480.655147 1301848643.0
444038.272589 4635478.728784 1301848645.0
444015.763757 4635476.462893 1301848647.0
443993.168431 4635473.753618 1301848649.0
443967.997847 4635470.731567 1301848652.0
443946.222749 4635466.794614 1301848658.0
443924.728052 4635466.852745 1301848662.0
443900.070202 4635465.714476 1301848665.0
443880.059657 4635464.539680 1301848667.0
443856.642231 4635462.836619 1301848669.0
443832.654382 4635462.470542 1301848671.0
443808.091745 4635462.886317 1301848673.0
443782.782219 4635463.308071 1301848675.0
443756.973892 4635463.622819 1301848677.0
443730.913970 4635463.606546 1301848679.0
443705.349342 4635463.253351 1301848681.0
443679.942785 4635461.899692 1301848683.0
443653.866166 4635459.774184 1301848685.0
443628.960147 4635458.749849 1301848687.0
443605.474581 4635458.935732 1301848689.0
443583.145569 4635458.446328 1301848691.0
443556.170112 4635458.104841 1301848694.0
443535.178578 4635458.826366 1301848699.0
443512.830188 4635455.894584 1301848720.0
443489.427597 4635456.080191 1301848723.0
443461.370633 4635455.414540 1301848726.0
443440.115147 4635454.250859 1301848728.0
443417.122196 4635453.767246 1301848730.0
443394.300510 4635453.948551 1301848732.0
443372.225716 4635454.123992 1301848734.0
443351.393975 4635454.067549 1301848736.0
443322.428529 4635453.964840 1301848739.0
443297.284062 4635454.275972 1301848742.0
443275.701889 4635453.781586 1301848748.0
443248.895892 4635453.884050 1301848752.0
443220.180286 4635453.890800 1301848755.0
443194.031993 4635453.210989 1301848758.0
443171.619924 4635452.723536 1301848763.0
443146.887731 4635452.698806 1301848767.0
443119.586455 4635453.138812 1301848770.0
443094.443755 4635453.672714 1301848773.0
443071.667308 4635459.517440 1301848777.0
443068.522591 4635481.416326 1301848783.0
443069.114104 4635503.507423 1301848794.0
443068.074266 4635529.164657 1301848797.0
443067.585176 4635551.042323 1301848799.0
443067.115612 4635575.362589 1301848801.0
443067.145747 4635599.900931 1301848803.0
443067.086686 4635623.662746 1301848805.0
443066.678823 4635645.317698 1301848807.0
443065.813873 4635672.083883 1301848810.0
443065.131764 4635700.958261 1301848813.0
443064.225121 4635722.506168 1301848815.0
443063.079295 4635745.277366 1301848817.0
443062.437596 4635768.821776 1301848819.0
443061.547838 4635792.479204 1301848821.0
443061.331722 4635817.352626 1301848823.0
443061.616172 4635842.555151 1301848825.0
443061.233208 4635867.318875 1301848827.0
443061.089434 4635890.859309 1301848829.0
443061.267830 4635913.175791 1301848831.0
443061.436464 4635934.270974 1301848833.0
443062.231239 4635961.023905 1301848836.0
443062.478417 4635981.563289 1301848841.0
443084.307492 4635992.381226 1301848850.0
443105.059128 4635992.992672 1301848853.0
443133.863530 4635993.984019 1301848856.0
443156.109710 4635994.694716 1301848858.0
443179.017082 4635995.067104 1301848860.0
443202.846101 4635996.542560 1301848862.0
443237.467145 4635998.487253 1301848865.0
443260.794710 4635999.522762 1301848867.0
443285.116278 4636000.328363 1301848869.0
443309.603801 4636001.132726 1301848871.0
443334.833736 4636001.376095 1301848873.0
443360.724871 4636001.281193 1301848875.0
443386.118998 4636001.301369 1301848877.0
443410.099790 4636000.999763 1301848879.0
443431.426055 4636000.830353 1301848881.0
443452.338292 4636000.775329 1301848884.0
443476.079833 4636001.697221 1301848890.0
443499.326118 4636002.956223 1301848893.0
443527.385323 4636004.177139 1301848896.0
443557.603794 4636005.603123 1301848899.0
443580.263021 4636006.089801 1301848901.0
443604.249069 4636006.455012 1301848903.0
443628.893692 4636006.148885 1301848905.0
443653.707791 4636006.285640 1301848907.0
443678.688730 4636006.532196 1301848909.0
443703.419843 4636006.669781 1301848911.0
443727.985867 4636006.919789 1301848913.0
443752.466277 4636006.837456 1301848915.0
443776.784229 4636007.200626 1301848917.0
443799.774473 4636007.574355 1301848919.0
443820.932992 4636007.185367 1301848921.0
443844.908504 4636006.219061 1301848924.0
443863.175651 4635996.970261 1301848932.0
443868.115762 4635970.949334 1301848936.0
443870.396981 4635944.505228 1301848939.0
443871.441356 4635919.070178 1301848942.0
443871.585180 4635895.196703 1301848946.0
443873.225326 4635871.644541 1301848968.0
443873.848689 4635845.435573 1301848971.0
443874.577788 4635822.112661 1301848973.0
443875.715689 4635798.009289 1301848975.0
443877.444987 4635775.233669 1301848977.0
443878.521794 4635753.906634 1301848979.0
443880.915868 4635731.236813 1301848982.0
443897.247142 4635718.450279 1301848986.0
443918.401275 4635717.395426 1301848989.0
443944.287296 4635716.525464 1301848992.0
443965.521804 4635715.137016 1301848995.0
443986.181537 4635714.530390 1301849010.0
444008.024006 4635716.579344 1301849014.0
444031.763770 4635717.170015 1301849017.0
444061.308106 4635717.160008 1301849021.0
444081.971322 4635716.997768 1301849025.0
444102.411722 4635720.168358 1301849030.0
444123.335205 4635721.447639 1301849033.0
444144.340794 4635722.615303 1301849035.0
444169.078946 4635723.531704 1301849037.0
444194.974527 4635723.883952 1301849039.0
444221.368882 4635724.343424 1301849041.0
444247.428686 4635724.472509 1301849043.0
444273.153942 4635724.271205 1301849045.0
444298.800555 4635724.625779 1301849047.0
444323.700301 4635724.986283 1301849049.0
444347.519508 4635725.133247 1301849051.0
444370.086138 4635724.290768 1301849053.0
444392.153131 4635723.230193 1301849055.0
444413.893389 4635722.838440 1301849057.0
444434.974100 4635723.007068 1301849059.0
444459.707868 4635723.369342 1301849062.0
444480.096140 4635719.879382 1301849068.0
444485.381902 4635695.299684 1301849073.0
444486.936826 4635671.193202 1301849076.0
444488.028382 4635640.872432 1301849079.0
444489.011947 4635617.991778 1301849081.0
444489.740506 4635594.335875 1301849083.0
444490.055869 4635570.905261 1301849085.0
444490.298632 4635548.807621 1301849087.0
444490.635632 4635528.152687 1301849089.0
444491.244890 4635499.834294 1301849092.0
444491.253409 4635479.626057 1301849095.0
444502.140246 4635460.221336 1301849102.0
444527.523257 4635458.580193 1301849106.0
444554.840922 4635460.255099 1301849109.0
444583.310036 4635460.588746 1301849112.0
444608.546077 4635461.391781 1301849115.0
444633.366310 4635462.087102 1301849118.0
444660.419441 4635461.765859 1301849121.0
444689.215315 4635461.431187 1301849124.0
444709.550752 4635461.717461 1301849126.0
444730.133426 4635461.779807 1301849128.0
444759.444444 4635463.662099 1301849131.0
444788.169367 4635464.882851 1301849134.0
444816.059242 4635465.443984 1301849137.0
444842.448456 4635465.128575 1301849140.0
444864.855122 4635464.955121 1301849143.0
444885.857011 4635465.569841 1301849149.0
444911.105860 4635468.039353 1301849155.0
444934.763337 4635468.633682 1301849158.0
444960.408221 4635468.657565 1301849161.0
444989.618998 4635468.320901 1301849164.0
445009.951817 4635468.274951 1301849166.0
445030.451467 4635468.338805 1301849168.0
445056.335033 4635467.028787 1301849171.0
445076.464213 4635462.099113 1301849179.0
445097.128141 4635461.939825 1301849201.0
445119.590426 4635458.213663 1301849224.0
445146.670064 4635461.336108 1301849228.0
445173.647891 4635462.016698 1301849231.0
445194.559070 4635461.633722 1301849233.0
445217.464517 4635461.568573 1301849235.0
445241.198985 4635461.386091 1301849237.0
445265.595649 4635460.976533 1301849239.0
445290.326822 4635460.897590 1301849241.0
445314.732010 4635461.598472 1301849243.0
445339.051648 4635461.966992 1301849245.0
445363.367876 4635461.891487 1301849247.0
445387.765389 4635461.593374 1301849249.0
445411.829250 4635461.075835 1301849251.0
445435.231763 4635460.896543 1301849253.0
445456.980474 4635461.507226 1301849255.0
445483.460324 4635462.192800 1301849258.0
445503.732235 4635465.035600 1301849265.0
445512.509009 4635484.066247 1301849270.0
445511.354458 4635506.725938 1301849273.0
445508.909495 4635534.280980 1301849276.0
445508.656777 4635555.490338 1301849278.0
445510.252691 4635579.683464 1301849280.0
445510.676602 4635602.553152 1301849282.0
445510.030191 4635626.541365 1301849284.0
445508.880777 4635649.867225 1301849286.0
445508.220791 4635672.079005 1301849288.0
445507.798723 4635692.845529 1301849290.0
445506.458732 4635712.952873 1301849292.0
445506.092734 4635741.047192 1301849295.0
445506.689425 4635764.803833 1301849298.0
445508.170906 4635784.889595 1301849304.0
445508.617761 4635810.757025 1301849308.0
445509.257761 4635840.176056 1301849311.0
445510.502167 4635861.818106 1301849313.0
445511.080157 4635883.132153 1301849315.0
445511.818164 4635903.667742 1301849317.0
445511.868784 4635931.980949 1301849320.0
445511.489208 4635958.298841 1301849323.0
445511.238229 4635979.730267 1301849326.0
445511.486838 4636001.379940 1301849331.0
445533.399228 4636012.759846 1301849339.0
445554.223265 4636012.045464 1301849342.0
445579.118473 4636011.966237 1301849345.0
445607.003548 4636012.197365 1301849348.0
445627.170521 4636012.376483 1301849350.0
445648.835389 4636013.099397 1301849352.0
445671.745816 4636013.923909 1301849354.0
445694.906027 4636014.857624 1301849356.0
445718.316019 4636015.900544 1301849358.0
445741.724313 4636016.721487 1301849360.0
445764.882810 4636017.433375 1301849362.0
445787.125974 4636017.819204 1301849364.0
445808.040593 4636018.104178 1301849366.0
445837.084823 4636017.994285 1301849369.0
445864.720061 4636018.117287 1301849372.0
445887.295980 4636018.611934 1301849375.0
445909.708462 4636019.440994 1301849381.0
445932.701806 4636020.265715 1301849385.0
445959.185401 4636021.730229 1301849388.0
445980.682543 4636022.233356 1301849390.0
446003.175454 4636022.728999 1301849392.0
446025.003671 4636023.118716 1301849394.0
446046.082532 4636023.181076 1301849396.0
446067.329876 4636023.575323 1301849398.0
446088.329955 4636024.193572 1301849400.0
446108.997264 4636024.703368 1301849402.0
446129.497768 4636025.103451 1301849404.0
446150.409816 4636025.056348 1301849406.0
446170.742674 4636025.235750 1301849408.0
446200.036637 4636025.236483 1301849411.0
446229.142843 4636022.351882 1301849414.0
446256.090726 4636019.372653 1301849417.0
446276.976824 4636015.884078 1301849420.0
446296.728098 4636004.964876 1301849424.0
446303.301421 4635985.262386 1301849427.0
446302.617710 4635960.618103 1301849430.0
446302.900485 4635932.080362 1301849433.0
446300.864781 4635904.226303 1301849436.0
446299.085544 4635877.369612 1301849439.0
446299.229973 4635852.497023 1301849442.0
446300.366020 4635827.061791 1301849445.0
446301.277399 4635804.848226 1301849448.0
446303.274271 4635783.514745 1301849452.0
446310.590503 4635763.251505 1301849467.0
446311.580727 4635740.482182 1301849471.0
446310.640557 4635714.840540 1301849474.0
446309.409449 4635694.641731 1301849476.0
446308.744167 4635672.440055 1301849478.0
446308.737744 4635649.567214 1301849480.0
446308.900642 4635627.137231 1301849482.0
446309.156570 4635606.038948 1301849484.0
446309.455320 4635579.610740 1301849487.0
446305.649105 4635559.098244 1301849500.0
446304.724807 4635535.566125 1301849505.0
446307.287630 4635512.229789 1301849518.0
446306.425400 4635485.921368 1301849522.0
446307.364072 4635434.283757 1301849527.0
446307.936907 4635411.184491 1301849529.0
446308.349628 4635388.863667 1301849531.0
446308.525939 4635368.210127 1301849533.0
446309.137428 4635339.225803 1301849536.0
446308.520821 4635312.471404 1301849539.0
446308.338405 4635288.267501 1301849543.0
446307.937981 4635268.173478 1301849548.0
