445488.127804 4636256.381126 1303702318.0
445495.175603 4636277.312567 1303702341.0
445519.142689 4636275.352644 1303702346.0
445543.453585 4636274.944645 1303702349.0
445571.081063 4636274.178281 1303702352.0
445599.208110 4636273.630275 1303702355.0
445619.369257 4636273.143201 1303702357.0
445640.110405 4636272.540723 1303702359.0
445660.602621 4636271.940206 1303702361.0
445690.473912 4636271.601320 1303702364.0
445719.744895 4636268.713359 1303702367.0
445740.819664 4636268.330700 1303702369.0
445762.398222 4636268.721502 1303702371.0
445783.555124 4636268.227310 1303702373.0
445804.636654 4636268.733058 1303702375.0
445825.211020 4636268.021355 1303702377.0
445846.291702 4636268.416199 1303702379.0
445866.545973 4636269.261521 1303702381.0
445892.436849 4636269.286839 1303702384.0
445911.895401 4636263.698384 1303702388.0
445915.277972 4636239.245291 1303702393.0
445917.863661 4636219.128565 1303702407.0
445917.457908 4636198.479388 1303702411.0
445916.046285 4636176.505447 1303702414.0
445915.273198 4636151.195648 1303702417.0
445914.750733 4636126.106014 1303702420.0
445914.155404 4636102.349338 1303702423.0
445913.570190 4636079.924990 1303702426.0
445911.635363 4636054.624017 1303702430.0
445904.684221 4636035.356958 1303702443.0
445882.036343 4636036.306242 1303702448.0
445856.821971 4636038.052342 1303702452.0
445830.018307 4636038.145114 1303702456.0
445809.922577 4636036.410410 1303702459.0
445789.574513 4636034.233548 1303702462.0
445768.489752 4636033.394757 1303702465.0
445747.571792 4636032.665791 1303702468.0
445727.238923 4636032.487597 1303702471.0
445700.925500 4636031.577816 1303702475.0
445675.446958 4636031.327966 1303702479.0
445652.456996 4636030.948185 1303702483.0
445627.888695 4636030.358459 1303702488.0
445604.582911 4636032.090883 1303702493.0
445578.691154 4636032.066602 1303702498.0
445555.614807 4636031.243658 1303702502.0
445535.750091 4636027.176252 1303702506.0
445514.393391 4636023.342381 1303702510.0
445494.085684 4636015.614366 1303702517.0
445489.348376 4635992.999741 1303702522.0
445489.346095 4635971.015082 1303702525.0
445489.397908 4635945.254863 1303702528.0
445489.030563 4635918.942685 1303702531.0
445488.994299 4635892.516941 1303702534.0
445489.294217 4635866.643793 1303702537.0
445489.852435 4635841.990040 1303702540.0
445489.939948 4635820.892969 1303702543.0
445490.109597 4635799.684236 1303702549.0
445489.590737 4635775.260796 1303702553.0
445488.992290 4635751.282101 1303702556.0
445488.869657 4635724.412889 1303702559.0
445488.804521 4635694.212229 1303702562.0
445489.128255 4635671.447850 1303702564.0
445490.110778 4635648.012229 1303702566.0
445490.851149 4635625.466730 1303702568.0
445491.680460 4635603.697788 1303702570.0
445492.594462 4635582.150266 1303702572.0
445493.089292 4635560.050784 1303702574.0
445493.929666 4635539.725198 1303702576.0
445495.392316 4635513.954202 1303702579.0
445496.712790 4635491.293238 1303702583.0
445514.213530 4635479.056696 1303702595.0
445538.420391 4635475.540582 1303702602.0
445560.752500 4635476.480221 1303702606.0
445581.160625 4635475.436023 1303702617.0
445600.689706 4635467.958647 1303702622.0
445621.432352 4635467.245111 1303702625.0
445645.244693 4635466.397178 1303702628.0
445668.656496 4635467.439952 1303702631.0
445691.649122 4635467.930829 1303702636.0
445712.832093 4635470.545210 1303702642.0
445734.009127 4635472.382463 1303702645.0
445757.579259 4635472.425020 1303702648.0
445780.863245 4635467.584356 1303702651.0
445804.263192 4635467.073195 1303702654.0
445827.660607 4635466.229030 1303702657.0
445854.634086 4635466.357061 1303702660.0
445882.082714 4635463.483680 1303702663.0
445908.534668 4635460.506940 1303702666.0
445930.079418 4635456.124107 1303702669.0
445953.299951 4635453.838262 1303702681.0
445976.967432 4635455.768376 1303702685.0
446000.049777 4635457.147837 1303702688.0
446026.609179 4635457.390693 1303702691.0
446053.588561 4635458.296668 1303702694.0
446080.484105 4635459.092346 1303702697.0
446107.629445 4635459.997270 1303702700.0
446133.700135 4635461.465589 1303702703.0
446160.518540 4635463.039387 1303702706.0
446187.170957 4635464.614539 1303702709.0
446213.322920 4635465.860469 1303702712.0
446238.240115 4635468.448214 1303702715.0
446261.320679 4635469.606466 1303702718.0
446284.394537 4635469.876577 1303702722.0
