446809.708303 4636577.601055 1301694074.0
446790.708823 4636566.861712 1301694101.0
446766.691837 4636573.148047 1301694105.0
446744.813961 4636576.975729 1301694108.0
446723.829721 4636578.243024 1301694111.0
446703.571485 4636576.729109 1301694140.0
446681.320188 4636575.008106 1301694143.0
446660.658702 4636575.051801 1301694145.0
446638.835571 4636575.104261 1301694147.0
446618.339199 4636575.035808 1301694149.0
446596.342624 4636574.090396 1301694151.0
446572.850834 4636572.934203 1301694153.0
446549.115111 4636572.446119 1301694155.0
446524.795227 4636571.518366 1301694157.0
446499.399168 4636570.931882 1301694159.0
446473.012415 4636571.019137 1301694161.0
446447.537547 4636570.988598 1301694163.0
446422.561360 4636571.065432 1301694165.0
446397.336248 4636571.144228 1301694167.0
446373.437893 4636571.102087 1301694169.0
446352.608760 4636570.925871 1301694171.0
446327.211837 4636570.228974 1301694174.0
446306.204191 4636568.388735 1301694203.0
446285.620619 4636567.766728 1301694229.0
446267.869110 4636557.574521 1301694243.0
446250.797246 4636571.471523 1301694249.0
446223.752555 4636572.341903 1301694252.0
446202.515251 4636573.057477 1301694254.0
446182.183959 4636572.877998 1301694256.0
446157.536306 4636572.509144 1301694259.0
446137.125393 4636572.774531 1301694262.0
446115.703663 4636571.049019 1301694267.0
446093.133725 4636571.108801 1301694275.0
446071.723748 4636570.937803 1301694278.0
446049.729583 4636570.327160 1301694281.0
446027.400148 4636569.274992 1301694285.0
446005.894559 4636567.439411 1301694294.0
445983.564264 4636566.276353 1301694298.0
445955.843974 4636565.598403 1301694301.0
445933.439117 4636565.546404 1301694303.0
445910.455966 4636565.831970 1301694305.0
445875.764098 4636564.985220 1301694308.0
445840.160342 4636564.256608 1301694311.0
445817.085763 4636563.432833 1301694313.0
445795.011100 4636563.156690 1301694315.0
445773.517257 4636562.876192 1301694317.0
445745.380354 4636561.980166 1301694320.0
445724.798380 4636561.581834 1301694323.0
445704.139353 4636561.961386 1301694330.0
445682.652273 4636562.569381 1301694339.0
445660.825671 4636562.180728 1301694342.0
445632.026641 4636561.512269 1301694345.0
445610.696184 4636560.897914 1301694347.0
445588.370025 4636560.291231 1301694349.0
445565.465582 4636560.022139 1301694351.0
445541.652659 4636560.315237 1301694353.0
445518.167389 4636560.050740 1301694355.0
445495.429739 4636559.891631 1301694357.0
445472.855486 4636559.398242 1301694359.0
445449.949329 4636558.907467 1301694361.0
445426.215121 4636558.645179 1301694363.0
445401.406493 4636558.946377 1301694365.0
445376.343831 4636558.583407 1301694367.0
445352.193036 4636558.102493 1301694369.0
445330.201289 4636557.827154 1301694371.0
445304.059941 4636557.472719 1301694374.0
445280.488252 4636556.765533 1301694380.0
445254.175824 4636555.746393 1301694384.0
445224.546953 4636555.085959 1301694387.0
445201.228440 4636554.932257 1301694389.0
445176.661882 4636554.344104 1301694391.0
445152.345098 4636553.865146 1301694393.0
445130.519268 4636553.589145 1301694395.0
445105.535253 4636552.671351 1301694398.0
445085.198684 4636551.828840 1301694421.0
445060.384887 4636551.465061 1301694427.0
445034.162225 4636551.334312 1301694430.0
445013.166984 4636551.163293 1301694432.0
444990.677334 4636550.892846 1301694434.0
444968.020873 4636550.512725 1301694436.0
444944.948674 4636550.024857 1301694438.0
444922.708798 4636549.863727 1301694440.0
444896.070384 4636549.625667 1301694443.0
444874.407890 4636549.016085 1301694449.0
444848.596639 4636548.438697 1301694453.0
444820.707566 4636547.433367 1301694456.0
444789.915216 4636546.561688 1301694459.0
444767.585453 4636545.513467 1301694461.0
444745.502884 4636544.241331 1301694463.0
444724.257813 4636543.962068 1301694465.0
444696.294343 4636544.068142 1301694468.0
444676.426205 4636539.448001 1301694471.0
444669.694327 4636516.738325 1301694475.0
444670.066398 4636489.865198 1301694478.0
444670.229228 4636468.101264 1301694480.0
444670.877841 4636444.779079 1301694482.0
444671.440033 4636421.013432 1301694484.0
444671.846628 4636398.581402 1301694486.0
444672.223038 4636372.263417 1301694489.0
444672.944301 4636347.608264 1301694493.0
444673.369887 4636327.618837 1301694496.0
444673.764426 4636303.632429 1301694499.0
444673.969725 4636276.649574 1301694502.0
444674.184517 4636250.888020 1301694505.0
444674.077746 4636226.461373 1301694508.0
444674.548381 4636201.586105 1301694511.0
444674.839263 4636174.935691 1301694514.0
444675.015938 4636154.948204 1301694516.0
444675.271283 4636134.404937 1301694518.0
444675.272516 4636113.197440 1301694520.0
444675.115551 4636092.990479 1301694522.0
444675.144572 4636064.676595 1301694525.0
444674.059295 4636042.478234 1301694528.0
444656.766636 4636027.734032 1301694533.0
444636.349829 4636027.448569 1301694536.0
444617.687812 4636018.044735 1301694539.0
444591.208224 4636006.481081 1301694542.0
444567.551619 4636005.776883 1301694544.0
444542.312311 4636004.307848 1301694546.0
444519.150985 4636003.266851 1301694548.0
444493.174340 4636003.025108 1301694551.0
444478.939408 4635986.703026 1301694557.0
444476.930327 4635963.179481 1301694560.0
444476.285195 4635933.649470 1301694563.0
444477.080191 4635907.883389 1301694566.0
444480.063904 4635886.097471 1301694571.0
444474.823661 4635863.265321 1301694577.0
444481.370479 4635840.785427 1301694580.0
444491.604092 4635822.829202 1301694582.0
444493.063036 4635797.057955 1301694585.0
444487.175344 4635776.340488 1301694588.0
444481.379257 4635756.732652 1301694593.0
444476.893584 4635734.893928 1301694602.0
444477.726700 4635714.013052 1301694605.0
444478.831186 4635685.357686 1301694608.0
444479.901159 4635662.920491 1301694610.0
444481.708493 4635639.256177 1301694612.0
444482.849357 4635615.263957 1301694614.0
444482.996992 4635591.612580 1301694616.0
444483.160205 4635569.959694 1301694618.0
444484.265459 4635520.096853 1301694627.0
444485.841198 4635498.655029 1301694649.0
444471.368425 4635483.889286 1301694666.0
444447.880371 4635483.739311 1301694670.0
444425.548944 4635482.914186 1301694675.0
444404.893723 4635484.185694 1301694679.0
