443063.689324 4635489.338389 1302986413.0
443063.767842 4635509.546004 1302986435.0
443063.580080 4635537.972285 1302986438.0
443063.347064 4635560.736180 1302986440.0
443062.952516 4635584.056539 1302986442.0
443062.301028 4635606.379643 1302986444.0
443062.135923 4635627.255415 1302986446.0
443061.510181 4635652.798310 1302986449.0
443061.434282 4635674.450610 1302986455.0
443060.634593 4635698.995590 1302986461.0
443060.799667 4635719.646656 1302986464.0
443060.495235 4635743.854575 1302986467.0
443060.023950 4635767.952795 1302986470.0
443059.646306 4635793.382679 1302986473.0
443059.274879 4635819.589755 1302986476.0
443059.402246 4635845.903880 1302986479.0
443059.518076 4635870.774651 1302986482.0
443059.302863 4635895.759103 1302986485.0
443059.230543 4635917.855521 1302986488.0
443059.747089 4635940.946541 1302986493.0
443060.666118 4635962.479864 1302986511.0
443061.422729 4635984.458622 1302986516.0
443064.742004 4636005.195518 1302986532.0
443085.244660 4636005.808897 1302986538.0
443109.542293 4636003.616161 1302986541.0
443130.195841 4636002.340880 1302986543.0
443153.349477 4636002.378116 1302986545.0
443177.747835 4636002.405497 1302986547.0
443202.393365 4636002.208922 1302986549.0
443226.712279 4636002.681242 1302986551.0
443250.709877 4636004.488617 1302986553.0
443275.111758 4636004.960441 1302986555.0
443301.330390 4636004.307542 1302986557.0
443328.135197 4636004.316282 1302986559.0
443354.696355 4636004.993267 1302986561.0
443379.679092 4636005.460829 1302986563.0
443403.247609 4636005.495579 1302986565.0
443424.245462 4636005.772895 1302986567.0
443446.494205 4636006.817580 1302986570.0
443470.316065 4636007.405712 1302986576.0
443497.533994 4636007.189742 1302986579.0
443520.769691 4636007.116487 1302986581.0
443547.328168 4636007.461107 1302986583.0
443574.968038 4636008.130363 1302986585.0
443603.359130 4636009.348949 1302986587.0
443631.909143 4636009.678115 1302986589.0
443660.374414 4636009.785999 1302986591.0
443688.096360 4636010.344009 1302986593.0
443715.735318 4636010.902784 1302986595.0
443743.618830 4636010.904562 1302986597.0
443770.589544 4636010.913656 1302986599.0
443796.649213 4636011.152110 1302986601.0
443820.303294 4636011.520667 1302986603.0
443846.439810 4636010.981457 1302986606.0
443865.130605 4636002.839664 1302986610.0
443867.438050 4635979.726373 1302986613.0
443868.181102 4635958.179891 1302986615.0
443868.837679 4635936.189955 1302986617.0
443869.124709 4635909.428463 1302986620.0
443869.538473 4635888.217681 1302986640.0
443872.682809 4635865.986075 1302986644.0
443872.951490 4635836.893015 1302986647.0
443873.181811 4635813.462999 1302986649.0
443874.821113 4635789.799813 1302986651.0
443876.387066 4635767.358582 1302986653.0
443877.008710 4635740.927564 1302986656.0
443885.246707 4635722.653068 1302986660.0
443905.144688 4635720.164627 1302986663.0
443932.872968 4635721.389764 1302986666.0
443959.608914 4635723.066952 1302986669.0
443979.962006 4635725.682709 1302986675.0
444003.852808 4635734.932756 1302986686.0
444033.743840 4635736.807487 1302986689.0
444056.499054 4635738.849417 1302986692.0
444079.510181 4635741.777684 1302986697.0
444105.569933 4635741.906249 1302986700.0
444127.906700 4635743.507554 1302986702.0
444150.982482 4635744.103829 1302986704.0
444172.985552 4635745.485823 1302986706.0
444193.485324 4635745.658288 1302986708.0
444217.965739 4635745.466537 1302986711.0
444237.942395 4635742.423240 1302986716.0
444265.239080 4635741.543401 1302986723.0
444291.130243 4635741.340863 1302986726.0
444320.767859 4635742.663608 1302986729.0
444341.099923 4635742.615742 1302986731.0
444370.964797 4635741.161071 1302986734.0
444399.996369 4635739.268894 1302986737.0
444427.706265 4635738.164384 1302986740.0
444449.926202 4635735.437285 1302986743.0
444471.294670 4635729.941044 1302986751.0
444474.361439 4635708.154484 1302986755.0
444475.651788 4635682.051450 1302986758.0
444478.377999 4635659.157209 1302986760.0
444481.666957 4635633.926872 1302986762.0
444483.370553 4635607.598554 1302986764.0
444484.406813 4635580.831303 1302986766.0
444484.200013 4635554.295808 1302986768.0
444484.919915 4635529.529635 1302986770.0
444487.283130 4635502.641013 1302986773.0
444489.948103 4635482.523110 1302986778.0
444508.111079 4635470.278907 1302986782.0
444536.072724 4635469.394945 1302986785.0
444558.558917 4635468.775771 1302986787.0
444581.113418 4635466.268562 1302986789.0
444605.007823 4635465.305479 1302986791.0
444627.079093 4635464.689749 1302986793.0
444651.468845 4635463.389870 1302986796.0
