446309.427748 4635080.404839 1303170066.0
446312.419971 4635058.952856 1303170079.0
446313.226800 4635033.853242 1303170084.0
446313.959011 4635009.864525 1303170089.0
446314.361765 4634986.211392 1303170094.0
446314.349558 4634962.561386 1303170098.0
446315.143028 4634935.685344 1303170102.0
446315.305181 4634913.144359 1303170105.0
446315.375140 4634889.382704 1303170108.0
446315.607745 4634865.175691 1303170111.0
446315.997977 4634839.857158 1303170114.0
446316.058744 4634814.874208 1303170117.0
446316.533653 4634789.777106 1303170120.0
446317.336368 4634764.122369 1303170123.0
446317.733313 4634739.692056 1303170126.0
446317.737866 4634718.262599 1303170129.0
446313.349465 4634697.643473 1303170137.0
446288.108507 4634696.501296 1303170142.0
446264.786506 4634696.677137 1303170146.0
446239.051743 4634696.094024 1303170150.0
446218.295087 4634695.251362 1303170153.0
446196.297670 4634694.973295 1303170156.0
446174.882063 4634694.801935 1303170159.0
446151.556697 4634694.534038 1303170166.0
446130.637386 4634694.136994 1303170170.0
446110.296528 4634693.402536 1303170173.0
446087.800276 4634693.017543 1303170176.0
446063.895601 4634692.976383 1303170179.0
446040.820048 4634692.817990 1303170182.0
446018.986076 4634692.206133 1303170185.0
445993.833922 4634691.841558 1303170189.0
445975.655497 4634702.638565 1303170199.0
445974.433967 4634727.630334 1303170205.0
445974.427080 4634748.615693 1303170208.0
445974.175417 4634770.158076 1303170211.0
445974.086380 4634791.255093 1303170214.0
445973.579002 4634811.911149 1303170218.0
445972.770798 4634836.677723 1303170224.0
445972.638345 4634862.993641 1303170228.0
445972.224079 4634884.981394 1303170231.0
445971.977489 4634907.189944 1303170234.0
445971.387982 4634927.957661 1303170237.0
445971.299808 4634949.165710 1303170242.0
445970.743146 4634974.263482 1303170248.0
445970.367630 4635001.358483 1303170252.0
445969.713673 4635024.569427 1303170255.0
445969.066458 4635048.668589 1303170258.0
445968.754586 4635073.209342 1303170261.0
445968.610386 4635097.970891 1303170264.0
445967.973291 4635123.402380 1303170267.0
445967.002555 4635148.614334 1303170270.0
445966.183495 4635171.937570 1303170273.0
445965.132311 4635197.483236 1303170277.0
445964.213434 4635218.586563 1303170283.0
445944.391774 4635231.394747 1303170289.0
445917.665541 4635231.153450 1303170293.0
445894.256386 4635230.553960 1303170296.0
445869.438077 4635230.187321 1303170299.0
445843.621350 4635229.495257 1303170302.0
445817.640324 4635229.026604 1303170305.0
445791.244341 4635228.561202 1303170308.0
445765.259079 4635227.537604 1303170311.0
445740.024949 4635227.063547 1303170314.0
445714.874650 4635226.699974 1303170317.0
445688.398194 4635226.568667 1303170320.0
445660.920771 4635225.778891 1303170323.0
445632.867491 4635225.659818 1303170326.0
445604.898894 4635225.762275 1303170329.0
445578.089616 4635225.522885 1303170332.0
445552.775859 4635225.494233 1303170335.0
445530.118640 4635225.556394 1303170338.0
445509.370199 4635225.604027 1303170344.0
445500.301808 4635244.438069 1303170350.0
445499.004191 4635270.096755 1303170354.0
445498.345019 4635292.419550 1303170357.0
445497.779036 4635316.074036 1303170360.0
445497.387531 4635340.837524 1303170363.0
445496.998580 4635365.934095 1303170366.0
445496.514752 4635389.476922 1303170369.0
445496.184164 4635411.353074 1303170372.0
445496.377841 4635436.667257 1303170376.0
445497.132894 4635459.423373 1303170380.0
445496.892945 4635482.298136 1303170405.0
445496.430373 4635508.616646 1303170409.0
445495.786541 4635532.937938 1303170412.0
445494.577102 4635559.262165 1303170415.0
445493.957922 4635586.803247 1303170418.0
445493.265110 4635615.566264 1303170421.0
445492.736577 4635644.105958 1303170424.0
445492.456157 4635672.532721 1303170427.0
445492.257878 4635700.847823 1303170430.0
445492.963937 4635728.045670 1303170433.0
445493.737685 4635753.244393 1303170436.0
445494.738292 4635775.554506 1303170439.0
445495.486545 4635797.422416 1303170446.0
445496.305885 4635817.735311 1303170450.0
445497.493685 4635842.819837 1303170454.0
445498.401097 4635863.798262 1303170457.0
445501.418752 4635889.423956 1303170461.0
445502.899382 4635909.398694 1303170467.0
