445499.429335 4636009.022485 1303399716.0
445519.108875 4636021.418737 1303399731.0
445541.338470 4636020.027363 1303399734.0
445565.737462 4636020.173950 1303399737.0
445586.409936 4636021.348393 1303399750.0
445611.645513 4636022.377016 1303399754.0
445638.456027 4636023.171640 1303399757.0
445659.537452 4636023.565938 1303399759.0
445683.025324 4636023.941946 1303399761.0
445708.091525 4636024.528067 1303399763.0
445734.235627 4636024.995030 1303399765.0
445761.294207 4636025.677192 1303399767.0
445788.185128 4636026.138666 1303399769.0
445814.660294 4636026.492371 1303399771.0
445839.556283 4636026.525081 1303399773.0
445860.217709 4636026.256964 1303399775.0
445882.374480 4636026.199613 1303399778.0
445902.543079 4636026.601565 1303399781.0
445927.369568 4636028.411648 1303399784.0
445957.345074 4636030.737914 1303399787.0
445979.666947 4636030.568578 1303399789.0
446002.729755 4636029.616460 1303399791.0
446025.046582 4636028.781104 1303399793.0
446045.790138 4636028.401869 1303399795.0
446074.757217 4636029.070764 1303399798.0
446095.019692 4636030.915987 1303399800.0
446115.775842 4636032.202364 1303399802.0
446138.020602 4636032.811343 1303399804.0
446161.833601 4636032.298201 1303399806.0
446186.137776 4636030.893160 1303399808.0
446210.353110 4636028.711637 1303399810.0
446233.983399 4636025.979447 1303399812.0
446256.119210 4636023.147578 1303399814.0
446280.572644 4636019.521063 1303399817.0
446296.304821 4636003.857732 1303399821.0
446298.387937 4635982.967727 1303399824.0
446298.686597 4635956.539501 1303399827.0
446298.943296 4635935.552235 1303399829.0
446299.013107 4635911.790540 1303399831.0
446299.485277 4635886.360311 1303399833.0
446299.872796 4635860.708654 1303399835.0
446300.181522 4635835.612760 1303399837.0
446299.347736 4635813.079250 1303399839.0
446299.582690 4635789.205282 1303399842.0
446304.903942 4635768.512942 1303399859.0
446306.988843 4635747.845002 1303399862.0
446307.774593 4635719.969681 1303399865.0
446307.945850 4635698.649967 1303399867.0
446308.102882 4635675.442792 1303399869.0
446308.586000 4635651.455926 1303399871.0
446309.800233 4635614.361605 1303399874.0
446310.867616 4635590.814472 1303399876.0
446312.870449 4635570.258192 1303399878.0
446314.507044 4635545.152303 1303399881.0
446314.013606 4635523.726572 1303399886.0
446318.732455 4635500.151926 1303399891.0
446342.003319 4635493.536665 1303399895.0
446368.828231 4635495.999462 1303399899.0
446392.659739 4635497.707652 1303399911.0
446416.326931 4635499.639223 1303399915.0
446440.575852 4635501.677533 1303399918.0
446465.730106 4635502.709821 1303399921.0
446491.785533 4635502.180961 1303399924.0
446521.414406 4635502.291570 1303399927.0
446542.332971 4635502.911794 1303399929.0
446563.416672 4635503.419807 1303399931.0
446584.915304 4635503.924772 1303399933.0
446606.828035 4635504.315664 1303399935.0
446627.744918 4635504.714085 1303399937.0
446649.572992 4635504.883676 1303399940.0
446673.220959 4635504.262477 1303399951.0
446694.407567 4635507.434907 1303399955.0
446706.361993 4635530.107293 1303399959.0
446705.895792 4635556.536711 1303399962.0
446704.968980 4635576.862744 1303399964.0
446703.804846 4635598.745019 1303399966.0
446702.982633 4635621.957138 1303399968.0
446701.830146 4635645.393795 1303399970.0
446700.763978 4635669.273941 1303399972.0
446699.612341 4635692.821628 1303399974.0
446698.776866 4635714.257316 1303399976.0
446697.938906 4635735.359924 1303399979.0
446698.356514 4635757.896571 1303399999.0
446722.791190 4635762.710270 1303400003.0
446750.504518 4635762.058907 1303400006.0
446778.212873 4635760.741489 1303400009.0
446801.107334 4635759.349097 1303400013.0
446818.029529 4635747.231133 1303400022.0
446814.710333 4635725.049250 1303400026.0
446814.222544 4635704.178628 1303400031.0
446816.526399 4635679.289963 1303400036.0
446817.586321 4635654.521620 1303400039.0
446819.360797 4635625.417646 1303400042.0
446821.304576 4635596.756542 1303400045.0
446821.933027 4635569.770759 1303400048.0
446820.205437 4635549.575597 1303400051.0
446821.215569 4635529.248964 1303400057.0
446806.331186 4635514.259566 1303400064.0
446786.087367 4635515.076960 1303400067.0
446761.519109 4635514.705363 1303400070.0
446737.613912 4635514.217860 1303400074.0
446713.383406 4635514.621136 1303400081.0
446691.054953 4635514.121995 1303400084.0
446663.741464 4635512.883012 1303400087.0
446638.260329 4635512.518675 1303400090.0
446616.762561 4635512.124577 1303400095.0
446593.356091 4635511.744853 1303400108.0
446573.025129 4635512.008339 1303400111.0
446551.530685 4635512.058546 1303400117.0
446526.295995 4635511.359660 1303400122.0
446500.981647 4635511.105595 1303400125.0
446470.854887 4635510.998813 1303400128.0
446449.775370 4635511.046209 1303400130.0
446428.280083 4635510.985761 1303400132.0
446407.026238 4635509.924261 1303400134.0
446386.432938 4635508.413719 1303400136.0
446359.200669 4635506.953224 1303400139.0
446335.958455 4635506.351042 1303400143.0
446312.941768 4635502.638300 1303400154.0
446303.741354 4635482.166462 1303400158.0
446303.800343 4635456.961433 1303400161.0
446304.479583 4635436.970300 1303400163.0
446304.561174 4635414.763004 1303400165.0
446305.060219 4635392.885662 1303400167.0
446305.560106 4635371.119348 1303400169.0
446306.388606 4635348.906425 1303400171.0
446307.968199 4635327.243009 1303400173.0
446309.889801 4635306.909417 1303400175.0
446311.093949 4635279.475098 1303400178.0
446311.754830 4635257.041375 1303400182.0
