446302.243769 4635250.451055 1302799229.0
446279.653017 4635237.297360 1302799241.0
446251.764139 4635236.952544 1302799244.0
446229.018971 4635236.346946 1302799246.0
446203.538476 4635236.206208 1302799248.0
446175.321818 4635236.419334 1302799250.0
446145.444518 4635236.534090 1302799252.0
446115.727319 4635235.870528 1302799254.0
446086.591884 4635235.313720 1302799256.0
446058.700454 4635234.636578 1302799258.0
446030.563411 4635234.405540 1302799260.0
446002.428889 4635234.507694 1302799262.0
445975.452861 4635234.157041 1302799264.0
445949.805514 4635233.907442 1302799266.0
445925.489379 4635234.091965 1302799268.0
445901.172400 4635234.165544 1302799270.0
445876.438782 4635234.020305 1302799272.0
445851.210596 4635234.323044 1302799274.0
445825.900265 4635234.737531 1302799276.0
445799.917567 4635234.046887 1302799278.0
445773.355620 4635233.582815 1302799280.0
445746.625151 4635232.787024 1302799282.0
445719.235828 4635232.662555 1302799284.0
445692.426587 4635232.422735 1302799286.0
445668.272185 4635232.051735 1302799288.0
445647.437391 4635231.655491 1302799290.0
445621.957679 4635231.627860 1302799293.0
445598.139467 4635231.809700 1302799297.0
445573.980812 4635230.883884 1302799323.0
445552.567617 4635230.825436 1302799326.0
445522.189770 4635230.613531 1302799329.0
445498.699266 4635230.238029 1302799331.0
445474.879346 4635230.198227 1302799333.0
445450.893443 4635230.159775 1302799335.0
445425.989543 4635229.462234 1302799337.0
445400.588544 4635228.879624 1302799339.0
445375.522907 4635228.738667 1302799341.0
445350.873071 4635228.705643 1302799343.0
445325.807429 4635228.564861 1302799345.0
445300.408118 4635228.204662 1302799347.0
445274.927518 4635228.067245 1302799349.0
445250.111692 4635228.035844 1302799351.0
445228.033693 4635227.872446 1302799353.0
445202.964623 4635227.287988 1302799356.0
445177.732983 4635227.149004 1302799360.0
445157.647600 4635227.081525 1302799386.0
445132.499801 4635227.053089 1302799391.0
445111.415109 4635226.549302 1302799394.0
445087.590017 4635225.844631 1302799397.0
445065.176613 4635225.240189 1302799400.0
445043.260289 4635224.520949 1302799403.0
445018.441009 4635224.046246 1302799406.0
444990.138696 4635223.931624 1302799409.0
444969.139540 4635223.760698 1302799411.0
444947.556017 4635223.150215 1302799413.0
444924.229690 4635222.553270 1302799415.0
444900.655244 4635222.069354 1302799417.0
444877.743000 4635221.358325 1302799419.0
444855.996054 4635221.082485 1302799421.0
444835.164581 4635221.132723 1302799423.0
444808.356930 4635221.118284 1302799426.0
444785.036600 4635221.298984 1302799429.0
444764.950316 4635221.121585 1302799432.0
444744.370393 4635221.503240 1302799438.0
444722.783387 4635220.449329 1302799451.0
444696.309412 4635220.654789 1302799454.0
444675.478792 4635220.816522 1302799456.0
444652.072878 4635220.665221 1302799458.0
444627.509409 4635221.078162 1302799460.0
444603.773257 4635221.151654 1302799462.0
444581.866350 4635221.655131 1302799464.0
444553.072097 4635222.323308 1302799467.0
444531.161737 4635222.382832 1302799477.0
444509.499482 4635222.329458 1302799481.0
444485.891307 4635228.176106 1302799485.0
444482.765495 4635253.072048 1302799489.0
444482.562522 4635280.276927 1302799492.0
444482.323214 4635302.818667 1302799494.0
444482.189395 4635328.246467 1302799496.0
444482.400513 4635355.337088 1302799498.0
444481.938205 4635381.211585 1302799500.0
444481.289160 4635404.422726 1302799502.0
444481.262572 4635432.958643 1302799505.0
444481.674208 4635453.829807 1302799508.0
444482.994381 4635474.138722 1302799521.0
444459.398319 4635481.428822 1302799528.0
444432.983176 4635478.414836 1302799531.0
444411.887012 4635476.358745 1302799533.0
444388.552770 4635474.653290 1302799535.0
444365.475283 4635473.945211 1302799537.0
444344.563274 4635474.219593 1302799539.0
444320.084534 4635474.743982 1302799542.0
444296.519528 4635475.372345 1302799562.0
444270.028245 4635473.247828 1302799569.0
444243.128089 4635471.903848 1302799572.0
444221.135495 4635471.964982 1302799574.0
444197.398419 4635471.817782 1302799576.0
444173.247273 4635471.784939 1302799578.0
444150.590774 4635471.851495 1302799580.0
444129.598381 4635472.460240 1302799582.0
444106.620385 4635473.861865 1302799585.0
444089.543027 4635486.875821 1302799591.0
444088.145778 4635509.759794 1302799594.0
444088.140148 4635530.190098 1302799596.0
444087.898630 4635552.287763 1302799598.0
444087.242183 4635574.388687 1302799600.0
444087.580705 4635596.370767 1302799602.0
444087.077166 4635616.804982 1302799604.0
444087.554450 4635645.892153 1302799607.0
444086.783468 4635674.544987 1302799610.0
444084.965254 4635696.655035 1302799613.0
444081.469055 4635716.446541 1302799618.0
444098.426502 4635730.525799 1302799631.0
444119.068774 4635727.699014 1302799653.0
444139.568601 4635727.871325 1302799657.0
444165.385537 4635728.779253 1302799660.0
444186.798189 4635728.944544 1302799662.0
444210.537887 4635729.535810 1302799664.0
444235.358987 4635730.451791 1302799666.0
444273.716995 4635732.594350 1302799669.0
444300.861642 4635733.492382 1302799671.0
444328.495509 4635733.276353 1302799673.0
444352.895580 4635733.418795 1302799675.0
444379.620083 4635733.654205 1302799678.0
444402.279205 4635734.032479 1302799694.0
444425.293651 4635737.405969 1302799698.0
444445.882473 4635738.355704 1302799702.0
444468.149911 4635731.075900 1302799708.0
444470.842319 4635703.851593 1302799712.0
444471.447138 4635674.978053 1302799715.0
444472.013984 4635651.878575 1302799717.0
444473.064038 4635626.887755 1302799719.0
444474.274880 4635601.229479 1302799721.0
444474.912618 4635576.574977 1302799723.0
444475.567670 4635554.141020 1302799725.0
444475.600281 4635526.382287 1302799728.0
444474.691568 4635505.626029 1302799733.0
444478.180321 4635484.724462 1302799752.0
444480.260035 4635464.055947 1302799761.0
444480.253816 4635441.960250 1302799764.0
444480.262308 4635421.752015 1302799766.0
444480.656325 4635397.765624 1302799768.0
444480.863602 4635371.115876 1302799770.0
444480.971454 4635342.357261 1302799772.0
444480.831207 4635313.711614 1302799774.0
444481.218318 4635288.837010 1302799776.0
444481.557919 4635268.515166 1302799778.0
444481.813668 4635248.082942 1302799781.0
