445486.103091 4636035.217395 1303135878.0
445464.356134 4636034.606639 1303135881.0
445443.770055 4636033.876024 1303135885.0
445418.197455 4636032.184376 1303135902.0
445391.380978 4636030.613390 1303135905.0
445370.382526 4636030.219250 1303135907.0
445347.309545 4636029.841090 1303135909.0
445323.246755 4636030.247839 1303135911.0
445298.184783 4636030.218208 1303135913.0
445272.706198 4636029.969799 1303135915.0
445247.228463 4636029.832508 1303135917.0
445221.001334 4636029.367971 1303135919.0
445195.025707 4636029.234696 1303135921.0
445168.633462 4636028.882655 1303135923.0
445142.988042 4636028.524960 1303135925.0
445117.840505 4636028.163522 1303135927.0
445092.444876 4636027.915118 1303135929.0
445065.966208 4636027.119988 1303135931.0
445039.326711 4636026.992401 1303135933.0
445012.684640 4636026.531832 1303135935.0
444985.297449 4636026.299186 1303135937.0
444957.249837 4636026.515884 1303135939.0
444929.291216 4636027.509242 1303135941.0
444901.665383 4636028.611169 1303135943.0
444874.618707 4636029.486653 1303135945.0
444848.152902 4636030.357741 1303135947.0
444822.350091 4636031.112759 1303135949.0
444798.202602 4636031.299870 1303135951.0
444774.466575 4636031.039737 1303135953.0
444751.230153 4636030.997876 1303135955.0
444729.320566 4636030.834761 1303135957.0
444708.653107 4636030.328968 1303135959.0
444680.847545 4636029.656604 1303135962.0
444658.855830 4636029.605376 1303135965.0
444635.778454 4636028.674384 1303135968.0
444607.386826 4636027.340659 1303135971.0
444586.716750 4636026.502138 1303135973.0
444564.776027 4636022.342547 1303135975.0
444541.549063 4636012.863407 1303135977.0
444519.334245 4636005.486104 1303135979.0
444492.828570 4636001.251259 1303135982.0
444477.671633 4636015.692781 1303135986.0
444479.220896 4636044.105408 1303135996.0
444464.228792 4636026.456850 1303136014.0
444466.474231 4636005.787018 1303136020.0
444475.502112 4636024.814482 1303136026.0
444502.067264 4636015.391617 1303136030.0
444530.669001 4636011.726758 1303136034.0
444535.134390 4635988.374848 1303136035.0
444536.960817 4635967.153136 1303136036.0
444537.767251 4635932.171156 1303136038.0
444533.842839 4635907.774242 1303136040.0
444529.913215 4635882.711169 1303136042.0
444526.412316 4635859.421302 1303136045.0
444522.432520 4635838.577914 1303136047.0
444519.119166 4635818.062440 1303136049.0
444514.979373 4635787.338282 1303136052.0
444511.626191 4635761.715561 1303136054.0
444511.108301 4635737.847298 1303136055.0
444510.911059 4635701.873839 1303136056.0
444510.058631 4635677.675082 1303136057.0
444513.159234 4635649.559346 1303136058.0
444509.365118 4635620.609048 1303136060.0
444507.667252 4635594.418269 1303136062.0
444506.400742 4635570.333777 1303136064.0
444503.413993 4635549.149568 1303136066.0
444498.334388 4635525.649954 1303136069.0
444491.924360 4635501.827609 1303136071.0
444487.205189 4635481.989315 1303136086.0
444471.822983 4635467.674793 1303136095.0
444450.331775 4635468.175447 1303136099.0
444426.509119 4635467.695049 1303136102.0
444395.805414 4635468.156708 1303136105.0
444372.485013 4635468.227739 1303136107.0
444349.582150 4635468.628687 1303136109.0
444329.499135 4635468.785604 1303136111.0
444306.266060 4635469.411340 1303136114.0
444284.765308 4635468.691195 1303136126.0
444259.783869 4635458.005292 1303136131.0
444230.576923 4635448.240827 1303136134.0
444207.806060 4635444.310871 1303136136.0
444183.252061 4635445.835624 1303136138.0
444159.449313 4635447.909743 1303136140.0
444138.288262 4635448.186682 1303136142.0
444113.732544 4635449.489620 1303136145.0
444094.649467 4635460.742753 1303136149.0
444069.020187 4635462.720476 1303136176.0
444043.121026 4635462.035594 1303136179.0
444013.576504 4635462.156693 1303136182.0
443992.579722 4635462.210707 1303136184.0
443942.537215 4635462.493287 1303136189.0
443893.529035 4635467.653571 1303136199.0
443874.963627 4635491.894209 1303136217.0
443879.257756 4635552.373949 1303136223.0
443880.192695 4635576.238911 1303136225.0
443880.983851 4635634.525574 1303136230.0
443881.480236 4635655.396074 1303136232.0
443882.497602 4635710.794076 1303136240.0
443898.472764 4635726.546116 1303136247.0
443971.980627 4635723.857903 1303136257.0
443997.957469 4635723.986729 1303136283.0
444057.546610 4635724.295728 1303136290.0
444077.792268 4635723.803653 1303136301.0
444102.188034 4635723.390101 1303136306.0
