444663.093212 4636019.579398 1302006129.0
444688.663497 4636020.935255 1302006140.0
444717.043927 4636020.825950 1302006143.0
444739.619980 4636021.316960 1302006145.0
444764.602483 4636021.789378 1302006147.0
444791.494408 4636022.358117 1302006149.0
444819.708865 4636022.250508 1302006151.0
444848.998637 4636021.690549 1302006153.0
444879.529692 4636020.676968 1302006155.0
444910.722026 4636019.325301 1302006157.0
444942.165889 4636018.304929 1302006159.0
444973.947687 4636018.059322 1302006161.0
445004.903102 4636018.264373 1302006163.0
445033.536754 4636018.709543 1302006165.0
445059.599696 4636019.396726 1302006167.0
445085.161321 4636019.643733 1302006169.0
445112.630653 4636019.765097 1302006171.0
445142.426021 4636020.201753 1302006173.0
445173.964841 4636020.736146 1302006175.0
445206.494303 4636020.596855 1302006177.0
445239.188018 4636020.234382 1302006179.0
445272.050256 4636020.203866 1302006181.0
445305.326545 4636020.059288 1302006183.0
445337.521521 4636019.590062 1302006185.0
445368.133045 4636018.244858 1302006187.0
445397.091764 4636017.800726 1302006189.0
445423.649986 4636018.152342 1302006191.0
445445.227635 4636018.320136 1302006193.0
445467.882336 4636018.257681 1302006197.0
445490.875759 4636019.080977 1302006210.0
445518.279064 4636021.425084 1302006213.0
445540.611166 4636022.586699 1302006215.0
445565.350559 4636023.841020 1302006217.0
445592.578525 4636024.965382 1302006219.0
445620.880995 4636025.526476 1302006221.0
445649.845613 4636025.860562 1302006223.0
445679.722171 4636026.076777 1302006225.0
445709.767225 4636026.624934 1302006227.0
445739.894408 4636027.061558 1302006229.0
445769.690507 4636027.611864 1302006231.0
445798.073387 4636027.839948 1302006233.0
445823.459658 4636026.869568 1302006235.0
445845.279440 4636026.148463 1302006237.0
445867.597955 4636025.534667 1302006240.0
445888.344894 4636025.599083 1302006264.0
445908.599848 4636026.444531 1302006284.0
445929.682921 4636027.061682 1302006287.0
445958.066630 4636027.401431 1302006290.0
445979.147166 4636027.685647 1302006292.0
446000.724744 4636027.855123 1302006294.0
446021.723136 4636028.251122 1302006296.0
446042.222798 4636028.539927 1302006298.0
446071.934183 4636028.870071 1302006301.0
446092.765762 4636029.156508 1302006303.0
446114.264546 4636029.882093 1302006305.0
446136.754898 4636030.045076 1302006307.0
446159.996271 4636030.757620 1302006309.0
446183.733847 4636031.244424 1302006311.0
446206.794992 4636030.070912 1302006313.0
446228.266095 4636027.132943 1302006315.0
446255.790637 4636023.594191 1302006318.0
446277.259265 4636020.323288 1302006322.0
446295.392865 4636003.975642 1302006328.0
446295.965569 4635980.876354 1302006331.0
446295.655722 4635950.788611 1302006334.0
446295.394429 4635927.140446 1302006336.0
446295.534655 4635901.712719 1302006338.0
446296.089796 4635876.281864 1302006340.0
446296.159603 4635852.520172 1302006342.0
446295.753278 4635831.648941 1302006344.0
446293.666354 4635808.014545 1302006347.0
446295.747023 4635786.791464 1302006366.0
446298.446377 4635759.567913 1302006370.0
446299.729997 4635731.688837 1302006373.0
446300.228982 4635709.811483 1302006375.0
446300.711231 4635685.713588 1302006377.0
446301.343554 4635659.504927 1302006379.0
446301.969188 4635632.408050 1302006381.0
446302.418814 4635603.980100 1302006383.0
446302.614467 4635574.887866 1302006385.0
446303.059920 4635545.904783 1302006387.0
446303.908732 4635504.371884 1302006390.0
446304.785040 4635477.495192 1302006392.0
446305.492871 4635450.286671 1302006394.0
446305.613936 4635422.305340 1302006396.0
446305.662895 4635395.767988 1302006398.0
446306.292084 4635358.122924 1302006401.0
446306.698113 4635334.913885 1302006403.0
446306.735370 4635306.822158 1302006406.0
446307.246153 4635286.499199 1302006409.0
446307.259001 4635266.179994 1302006423.0
446306.744623 4635241.978595 1302006437.0
446307.290710 4635215.326471 1302006441.0
446308.931581 4635190.775731 1302006444.0
446310.312615 4635164.783517 1302006447.0
446311.495885 4635134.573527 1302006450.0
446312.247314 4635113.138428 1302006452.0
446312.922450 4635092.592172 1302006454.0
446313.708359 4635064.716881 1302006457.0
446314.683686 4635039.949097 1302006460.0
446315.427612 4635017.514759 1302006463.0
446316.006396 4634995.192699 1302006467.0
