443063.414830 4635683.428560 1303573284.0
443063.859911 4635707.963590 1303573293.0
443063.878531 4635731.058583 1303573296.0
443063.263451 4635757.933809 1303573299.0
443062.337742 4635787.476344 1303573302.0
443061.006444 4635807.806272 1303573304.0
443060.840476 4635828.571023 1303573306.0
443060.263144 4635849.783200 1303573308.0
443059.598396 4635870.440905 1303573310.0
443059.750617 4635899.863795 1303573313.0
443059.721787 4635927.400550 1303573316.0
443059.428924 4635953.051832 1303573319.0
443059.673447 4635973.258134 1303573322.0
443061.250115 4635994.008959 1303573340.0
443079.336999 4636003.857487 1303573346.0
443100.586491 4636004.464941 1303573350.0
443123.497384 4636005.281260 1303573353.0
443150.386066 4636005.399696 1303573356.0
443177.607558 4636005.626612 1303573359.0
443205.415230 4636006.515165 1303573362.0
443235.296545 4636007.276265 1303573365.0
443255.880385 4636007.667418 1303573367.0
443276.545434 4636007.835915 1303573369.0
443297.786933 4636007.444712 1303573371.0
443319.447758 4636007.605406 1303573373.0
443341.360175 4636008.097268 1303573375.0
443363.026291 4636008.924259 1303573377.0
443383.858175 4636009.202775 1303573379.0
443422.039357 4636010.120756 1303573383.0
443445.527520 4636010.489387 1303573386.0
443470.336332 4636009.959339 1303573392.0
443491.004882 4636010.572568 1303573395.0
443517.317046 4636011.252134 1303573398.0
443537.487697 4636011.869445 1303573400.0
443559.067269 4636012.253581 1303573402.0
443581.809456 4636012.739606 1303573404.0
443604.713206 4636012.669254 1303573406.0
443628.449405 4636012.925490 1303573408.0
443652.351565 4636013.180491 1303573410.0
443675.672851 4636013.440167 1303573412.0
443698.413264 4636013.704510 1303573414.0
443720.821749 4636013.971548 1303573416.0
443742.734097 4636014.464645 1303573418.0
443763.565053 4636014.633244 1303573420.0
443792.528180 4636014.737724 1303573423.0
443815.424907 4636013.779831 1303573426.0
443835.813812 4636010.510069 1303573444.0
443855.698720 4636006.467099 1303573449.0
443861.883522 4635980.436355 1303573453.0
443863.358520 4635956.996523 1303573456.0
443864.842280 4635934.666964 1303573459.0
443865.966995 4635908.898177 1303573463.0
443867.604494 4635885.012932 1303573484.0
443868.644499 4635859.022747 1303573488.0
443869.434688 4635832.923499 1303573491.0
443871.198820 4635804.040723 1303573494.0
443873.793684 4635775.262438 1303573497.0
443874.921972 4635749.937769 1303573500.0
443884.478085 4635730.431511 1303573504.0
443911.200024 4635730.332081 1303573508.0
443935.098734 4635730.032905 1303573511.0
443958.252331 4635729.961739 1303573514.0
443979.346154 4635731.794427 1303573533.0
444001.338830 4635731.843565 1303573538.0
444023.514051 4635734.000984 1303573541.0
444048.180540 4635736.360971 1303573544.0
444068.194645 4635738.091368 1303573547.0
444090.590019 4635736.583143 1303573553.0
444116.316109 4635736.492299 1303573557.0
444141.466529 4635737.072267 1303573560.0
444168.850565 4635736.746543 1303573563.0
444196.233731 4635736.309898 1303573566.0
444222.626301 4635736.547319 1303573569.0
444245.284562 4635736.814066 1303573572.0
444265.691813 4635735.766090 1303573596.0
444292.229508 4635733.337818 1303573602.0
444317.129224 4635733.698298 1303573605.0
444346.832500 4635732.799960 1303573608.0
444367.575179 4635732.193791 1303573610.0
444388.324795 4635732.475900 1303573612.0
444408.490917 4635732.429522 1303573614.0
444435.964012 4635732.881369 1303573617.0
444458.533220 4635732.372251 1303573620.0
444478.312015 4635725.222918 1303573627.0
444480.108938 4635700.226275 1303573631.0
444480.830529 4635675.682150 1303573634.0
444481.602230 4635646.918346 1303573637.0
444482.864933 4635617.262446 1303573640.0
444483.037661 4635596.830858 1303573642.0
444482.791134 4635575.847368 1303573644.0
444483.044257 4635555.082053 1303573646.0
444483.384696 4635534.871227 1303573648.0
444483.751884 4635507.442990 1303573651.0
444484.334372 4635486.342009 1303573655.0
444503.559734 4635471.979871 1303573662.0
444525.383746 4635471.587819 1303573665.0
444552.359041 4635471.932974 1303573668.0
444580.242013 4635471.604967 1303573671.0
444605.889500 4635471.960655 1303573674.0
444629.713845 4635472.663707 1303573677.0
444653.616859 4635472.811058 1303573681.0
444676.767808 4635472.298127 1303573686.0
444698.355786 4635473.573946 1303573689.0
444724.422498 4635474.481975 1303573692.0
444753.889969 4635475.141658 1303573695.0
444783.523407 4635475.800175 1303573698.0
444810.830607 4635476.143736 1303573701.0
444836.063114 4635476.503467 1303573704.0
444861.056108 4635478.086513 1303573708.0
444882.559320 4635479.141477 1303573716.0
444902.901558 4635480.316520 1303573720.0
444925.156792 4635482.031999 1303573723.0
444952.309130 4635483.820738 1303573726.0
444980.532572 4635484.602004 1303573729.0
445008.505328 4635485.163249 1303573732.0
445037.637332 4635485.382558 1303573735.0
445060.376735 4635485.318183 1303573738.0
445082.034733 4635484.929117 1303573751.0
445109.855186 4635487.268473 1303573755.0
445138.076021 4635487.717281 1303573758.0
445158.995672 4635488.444472 1303573760.0
445181.405673 4635488.716120 1303573762.0
445205.222185 4635488.421852 1303573764.0
445229.871133 4635488.454364 1303573766.0
445255.017149 4635488.372108 1303573768.0
445280.161459 4635488.067886 1303573770.0
445304.976377 4635488.099383 1303573772.0
445329.044408 4635488.136699 1303573774.0
445352.530674 4635488.067524 1303573776.0
445375.104930 4635488.116455 1303573778.0
445396.685039 4635488.395144 1303573780.0
445425.651866 4635488.728339 1303573783.0
445448.877261 4635487.107010 1303573787.0
445468.829066 4635491.506632 1303573801.0
445489.238838 4635490.684224 1303573829.0
445495.951988 4635511.174079 1303573834.0
445495.115851 4635532.054801 1303573837.0
445495.403569 4635558.811707 1303573840.0
445495.807988 4635579.127769 1303573842.0
445495.723835 4635600.668941 1303573844.0
445495.311139 4635622.656762 1303573846.0
445494.898448 4635644.644584 1303573848.0
445494.650032 4635666.409082 1303573850.0
445494.559943 4635687.173066 1303573852.0
445494.465608 4635707.381916 1303573854.0
445494.428197 4635735.029586 1303573857.0
445494.626997 4635761.009946 1303573860.0
445495.724178 4635785.095859 1303573864.0
445497.490319 4635809.842857 1303573871.0
445498.564549 4635830.931038 1303573874.0
445500.009785 4635857.123931 1303573877.0
445502.806521 4635886.415428 1303573880.0
445504.785042 4635906.386357 1303573882.0
445505.667209 4635934.915269 1303573885.0
445505.128489 4635962.122650 1303573888.0
445504.404275 4635986.777676 1303573891.0
445504.403962 4636008.429253 1303573895.0
