444372.656433 4635479.551862 1303947567.0
444348.719593 4635475.075394 1303947582.0
444324.147456 4635474.268091 1303947586.0
444303.982336 4635474.536756 1303947589.0
444282.429005 4635477.703218 1303947595.0
444279.852813 4635498.486718 1303947602.0
444278.891604 4635524.143082 1303947606.0
444277.936484 4635550.576638 1303947609.0
444277.913330 4635579.445652 1303947612.0
444277.082510 4635600.548606 1303947615.0
444280.321479 4635622.063862 1303947622.0
444279.354217 4635646.943041 1303947625.0
444279.760369 4635667.037016 1303947627.0
444279.921908 4635687.688075 1303947629.0
444279.516449 4635710.120114 1303947632.0
444288.637725 4635730.367991 1303947640.0
444315.106348 4635729.716888 1303947644.0
444345.143314 4635729.038002 1303947647.0
444365.305112 4635728.436366 1303947649.0
444395.095730 4635728.092717 1303947652.0
444415.353513 4635729.155982 1303947654.0
444436.270835 4635729.658990 1303947656.0
444461.912215 4635729.347988 1303947659.0
444486.229304 4635729.491534 1303947665.0
444509.300756 4635729.533834 1303947668.0
444529.878346 4635729.040458 1303947670.0
444553.531553 4635729.189404 1303947672.0
444579.755554 4635729.096358 1303947674.0
444607.973774 4635729.321003 1303947676.0
444636.517887 4635728.765990 1303947678.0
444661.658772 4635728.126495 1303947680.0
444693.435616 4635737.761713 1303947684.0
444699.841327 4635761.140131 1303947687.0
444699.174399 4635782.130715 1303947689.0
444698.283523 4635806.343021 1303947691.0
444697.745277 4635833.217405 1303947693.0
444697.720453 4635862.086414 1303947695.0
444697.358528 4635890.291838 1303947697.0
444696.805645 4635915.278762 1303947699.0
444696.727386 4635937.264087 1303947701.0
444696.591147 4635962.469846 1303947704.0
444696.580356 4635982.456037 1303947710.0
444695.433690 4636005.782067 1303947720.0
444712.050404 4636018.977134 1303947725.0
444736.864372 4636019.117662 1303947728.0
444757.857757 4636018.843771 1303947730.0
444781.753763 4636018.325372 1303947732.0
444808.306892 4636018.008530 1303947734.0
444836.849850 4636017.454308 1303947736.0
444866.715354 4636016.223759 1303947738.0
444897.241280 4636014.544091 1303947740.0
444927.685953 4636013.087250 1303947742.0
444957.222991 4636012.303756 1303947744.0
444983.942959 4636012.097314 1303947746.0
445008.008383 4636012.022501 1303947748.0
445029.006927 4636012.415574 1303947750.0
445051.914892 4636012.905011 1303947753.0
445072.757741 4636014.631820 1303947766.0
445100.565009 4636015.527768 1303947771.0
445130.444233 4636016.074762 1303947774.0
445154.263257 4636016.335442 1303947776.0
445180.571714 4636016.577041 1303947778.0
445223.225754 4636016.470942 1303947781.0
445252.687488 4636016.688557 1303947783.0
445283.058601 4636016.455173 1303947785.0
445313.849733 4636016.884896 1303947787.0
445344.888099 4636017.090788 1303947789.0
445376.256683 4636017.072214 1303947791.0
445407.875059 4636017.162898 1303947793.0
445439.329170 4636017.477048 1303947795.0
445469.956015 4636018.130771 1303947797.0
445499.747943 4636018.124812 1303947799.0
445529.873492 4636018.338494 1303947801.0
445560.083715 4636018.773724 1303947803.0
445590.459894 4636019.207814 1303947805.0
445620.669258 4636019.532273 1303947807.0
445650.795636 4636019.857493 1303947809.0
445680.259853 4636020.409958 1303947811.0
445709.478506 4636021.408552 1303947813.0
445738.028225 4636021.746159 1303947815.0
445766.577939 4636022.083881 1303947817.0
445795.958305 4636022.526429 1303947819.0
445825.753569 4636022.965943 1303947821.0
445855.551360 4636023.738662 1303947823.0
445884.519332 4636024.517812 1303947825.0
445912.651584 4636024.526189 1303947827.0
445940.119143 4636024.428690 1303947829.0
445967.007518 4636024.557757 1303947831.0
445992.071151 4636024.811796 1303947833.0
446013.904412 4636025.867642 1303947835.0
446041.962080 4636026.987432 1303947838.0
446069.021443 4636027.781790 1303947841.0
446099.893721 4636027.992227 1303947844.0
446124.042019 4636027.920556 1303947846.0
446150.181019 4636027.722883 1303947848.0
446176.314146 4636026.748114 1303947850.0
446200.117102 4636024.902775 1303947852.0
446220.430676 4636022.528693 1303947854.0
446243.061027 4636019.248916 1303947857.0
446263.121497 4636016.321699 1303947864.0
446288.471842 4636010.578808 1303947881.0
446297.539600 4635991.523703 1303947884.0
446297.239804 4635962.768286 1303947887.0
446296.732918 4635939.566106 1303947889.0
446296.706345 4635914.028602 1303947891.0
446296.590932 4635887.714535 1303947893.0
446296.645672 4635861.954353 1303947895.0
446296.549515 4635838.193913 1303947897.0
446296.397164 4635817.986969 1303947899.0
446296.489579 4635797.223012 1303947902.0
446295.839326 4635777.019823 1303947930.0
446295.224340 4635750.487461 1303947934.0
446295.080473 4635720.398477 1303947937.0
446295.234113 4635696.747192 1303947939.0
446295.284680 4635670.431883 1303947941.0
446295.653800 4635642.337637 1303947943.0
446295.929894 4635612.911693 1303947945.0
446296.285632 4635583.041017 1303947947.0
446296.912934 4635556.166197 1303947949.0
446297.663407 4635534.620054 1303947951.0
446296.184957 4635514.645183 1303947955.0
446277.132389 4635508.348904 1303947963.0
446255.803058 4635508.287725 1303947968.0
446228.659606 4635507.604293 1303947971.0
446208.570883 4635506.978723 1303947973.0
446186.486272 4635505.813120 1303947976.0
