445979.486647 4634835.738535 1302523140.0
445975.743311 4634856.530161 1302523148.0
445976.315707 4634877.289065 1302523152.0
445976.135260 4634897.276445 1302523155.0
445975.313595 4634920.266589 1302523158.0
445975.979087 4634942.357190 1302523162.0
445975.556402 4634963.234676 1302523168.0
445975.896655 4634986.216012 1302523171.0
445975.721271 4635006.869558 1302523173.0
445975.400110 4635030.189011 1302523175.0
445975.421867 4635054.949300 1302523177.0
445974.941464 4635079.158230 1302523179.0
445974.346081 4635099.148763 1302523181.0
445973.687918 4635121.804575 1302523185.0
445973.738315 4635150.339787 1302523189.0
445974.059215 4635170.767507 1302523191.0
445974.476576 4635192.971032 1302523193.0
445974.897305 4635215.618666 1302523195.0
445975.081691 4635239.933595 1302523197.0
445975.277865 4635265.802904 1302523199.0
445975.322375 4635293.560933 1302523201.0
445974.709709 4635322.212215 1302523203.0
445973.759201 4635350.088826 1302523205.0
445972.969628 4635377.298017 1302523207.0
445972.582375 4635402.838656 1302523209.0
445972.104561 4635427.380681 1302523211.0
445971.531133 4635450.257930 1302523213.0
445968.909972 4635476.703783 1302523216.0
445968.819327 4635497.578769 1302523236.0
445990.277993 4635503.744952 1302523240.0
446017.151502 4635501.653685 1302523243.0
446039.552972 4635500.817761 1302523245.0
446063.524476 4635499.081752 1302523247.0
446086.177439 4635498.577172 1302523249.0
446106.342470 4635498.313552 1302523251.0
446127.740554 4635496.486196 1302523254.0
446149.290354 4635492.770188 1302523262.0
446172.164615 4635488.600105 1302523278.0
446197.054076 4635487.523811 1302523283.0
446217.465584 4635486.925544 1302523286.0
446239.950938 4635486.200652 1302523291.0
446262.427921 4635484.365559 1302523311.0
446286.286288 4635489.626261 1302523315.0
446303.033937 4635476.398057 1302523319.0
446303.348582 4635452.079368 1302523322.0
446303.191247 4635431.206273 1302523324.0
446303.257771 4635407.000490 1302523326.0
446303.303376 4635380.019030 1302523328.0
446304.088350 4635352.032698 1302523330.0
446304.632735 4635325.158514 1302523332.0
446304.856047 4635299.730186 1302523334.0
446305.004742 4635275.412755 1302523336.0
446305.411614 4635252.314746 1302523338.0
446305.909849 4635230.326383 1302523340.0
446307.155840 4635208.443419 1302523342.0
446308.805080 4635185.002949 1302523344.0
446309.533064 4635160.459091 1302523346.0
446309.757250 4635135.141796 1302523348.0
446309.737485 4635110.492542 1302523350.0
446309.732783 4635087.841774 1302523352.0
446310.389509 4635064.852924 1302523354.0
446311.216410 4635042.417958 1302523356.0
446311.639231 4635021.429472 1302523358.0
446313.657495 4634991.879398 1302523361.0
446316.006079 4634962.104771 1302523364.0
446318.769654 4634932.327019 1302523367.0
446319.691311 4634911.445813 1302523369.0
446319.529869 4634890.017601 1302523371.0
446319.863048 4634868.141529 1302523373.0
446320.193721 4634845.932378 1302523375.0
446320.534436 4634825.055551 1302523377.0
446321.814219 4634796.621387 1302523380.0
446322.904413 4634776.072016 1302523383.0
446327.040368 4634752.168704 1302523399.0
446322.543924 4634728.219387 1302523404.0
446303.463358 4634718.481190 1302523409.0
446282.959114 4634718.080572 1302523413.0
446262.939447 4634715.899825 1302523418.0
446238.813579 4634708.531550 1302523423.0
446212.646274 4634705.620097 1302523427.0
446188.299836 4634702.028789 1302523431.0
446166.547232 4634701.193800 1302523436.0
446143.718185 4634700.700112 1302523439.0
446117.968308 4634698.118951 1302523442.0
446089.073784 4634696.783041 1302523445.0
446066.990002 4634696.061894 1302523447.0
446046.812611 4634694.993280 1302523449.0
446021.991614 4634694.515065 1302523452.0
445998.864200 4634698.465436 1302523458.0
445990.706778 4634717.291900 1302523462.0
445988.306424 4634740.071935 1302523465.0
445984.860810 4634767.301230 1302523468.0
445982.649213 4634793.077739 1302523471.0
445978.738169 4634813.648566 1302523476.0
445976.344628 4634837.316825 1302523483.0
445975.170767 4634857.644836 1302523486.0
445974.998741 4634878.742485 1302523489.0
445974.653152 4634898.842150 1302523492.0
445975.479583 4634920.265330 1302523496.0
445974.732499 4634942.144576 1302523502.0
445976.091404 4634968.116089 1302523507.0
445976.007430 4634989.879275 1302523510.0
445975.711522 4635016.529539 1302523513.0
445974.775252 4635046.293596 1302523516.0
445974.180707 4635066.395154 1302523518.0
445973.311451 4635094.049070 1302523521.0
445972.488149 4635116.817168 1302523525.0
445972.068865 4635138.138768 1302523543.0
445970.764470 4635163.131185 1302523548.0
445969.512763 4635184.126000 1302523551.0
445960.203403 4635204.182629 1302523554.0
445943.226972 4635220.078172 1302523557.0
445920.724382 4635229.575762 1302523560.0
445890.292248 4635233.137838 1302523563.0
445868.638544 4635234.190602 1302523565.0
445847.404017 4635235.795413 1302523567.0
445819.775876 4635237.004774 1302523570.0
445799.133277 4635240.048664 1302523575.0
445776.661533 4635242.662400 1302523591.0
445748.195069 4635242.768086 1302523594.0
445725.620059 4635242.717966 1302523596.0
445701.054976 4635242.905152 1302523598.0
445674.830090 4635243.105079 1302523600.0
445647.440800 4635242.980886 1302523602.0
445619.633167 4635242.415857 1302523604.0
445593.066989 4635241.397322 1302523606.0
445567.671995 4635241.591306 1302523608.0
445545.427233 4635241.317166 1302523610.0
445518.966950 4635243.296004 1302523613.0
445501.457120 4635254.422254 1302523619.0
445503.025073 4635274.951473 1302523624.0
445501.564873 4635301.055538 1302523628.0
445500.691555 4635327.932350 1302523631.0
445500.021347 4635348.811794 1302523633.0
445499.527314 4635371.022295 1302523635.0
445498.862212 4635392.567904 1302523637.0
445499.101492 4635412.996258 1302523639.0
445499.969255 4635439.637688 1302523642.0
445501.367812 4635459.724074 1302523645.0
445500.452909 4635481.160563 1302523656.0
445502.816130 4635508.012622 1302523662.0
445502.013098 4635533.223401 1302523665.0
445502.171087 4635553.874449 1302523667.0
445501.352777 4635577.086741 1302523669.0
445500.206778 4635600.856709 1302523671.0
445499.550208 4635623.512597 1302523673.0
445499.379664 4635644.610296 1302523675.0
445499.273683 4635674.146061 1302523678.0
445498.947369 4635696.577358 1302523681.0
445497.456726 4635718.684463 1302523686.0
445497.223602 4635742.447453 1302523691.0
445496.916842 4635767.432378 1302523694.0
445497.997874 4635789.408775 1302523696.0
445498.854586 4635814.606866 1302523698.0
445499.632558 4635840.360730 1302523700.0
445499.834744 4635866.785202 1302523702.0
445499.695656 4635891.990916 1302523704.0
445499.579509 4635920.194365 1302523707.0
445498.990685 4635940.851140 1302523710.0
445504.579047 4635966.235101 1302523735.0
445527.783598 4635972.941689 1302523739.0
445550.949061 4635974.541101 1302523742.0
445578.178915 4635975.887464 1302523745.0
445607.158154 4635978.108841 1302523748.0
445636.299946 4635979.884960 1302523751.0
445665.856629 4635981.658033 1302523754.0
445685.949169 4635982.948224 1302523756.0
445706.537050 4635983.901595 1302523758.0
445726.548285 4635985.414587 1302523760.0
445756.192126 4635987.742538 1302523763.0
445775.892542 4635992.033877 1302523765.0
445803.974051 4635996.261492 1302523768.0
445831.723600 4636000.491742 1302523771.0
445857.229244 4636004.295023 1302523774.0
445878.582425 4636007.685811 1302523777.0
445901.246416 4636008.846035 1302523781.0
445924.330363 4636010.669344 1302523784.0
445951.551559 4636010.906860 1302523787.0
445981.262186 4636011.125600 1302523790.0
446010.882254 4636010.345848 1302523793.0
446040.007803 4636010.014100 1302523796.0
446069.564232 4636011.788846 1302523799.0
446089.820876 4636012.856863 1302523801.0
446109.908191 4636013.482086 1302523803.0
446129.994661 4636013.996337 1302523805.0
446150.327552 4636014.175682 1302523807.0
446171.153294 4636013.685158 1302523809.0
446191.891023 4636012.529159 1302523811.0
446220.477595 4636006.761578 1302523814.0
446244.743320 4636000.249486 1302523817.0
446264.635369 4635996.990445 1302523821.0
446284.928108 4635991.840869 1302523839.0
446289.539251 4635965.047020 1302523843.0
446291.493334 4635938.051144 1302523846.0
446292.083617 4635917.283429 1302523848.0
446292.499569 4635895.406695 1302523850.0
446292.909665 4635872.752770 1302523852.0
446297.647437 4635851.731720 1302523854.0
446300.552075 4635829.725192 1302523856.0
446301.799573 4635808.064260 1302523858.0
446302.055461 4635786.965971 1302523860.0
446302.227531 4635765.757282 1302523862.0
446302.397929 4635744.326538 1302523864.0
446302.399850 4635722.563966 1302523866.0
446302.474714 4635699.468442 1302523868.0
446302.542047 4635675.373676 1302523870.0
446302.527235 4635651.390563 1302523872.0
446302.679232 4635627.517227 1302523874.0
446302.325785 4635602.648401 1302523876.0
446301.310959 4635578.117661 1302523878.0
446300.965041 4635554.248081 1302523880.0
446300.784260 4635530.266224 1302523882.0
446300.937938 4635506.614946 1302523884.0
446300.677520 4635483.077825 1302523886.0
446300.500089 4635459.540078 1302523888.0
446300.408995 4635436.445816 1302523890.0
446300.726984 4635412.571236 1302523892.0
446300.636730 4635389.588003 1302523894.0
446300.558195 4635368.159149 1302523896.0
446300.674228 4635339.511659 1302523899.0
446301.421404 4635317.521416 1302523902.0
446304.340537 4635297.402370 1302523909.0
