446813.900094 4636272.227763 1303479887.0
446820.677083 4636246.306370 1303479891.0
446823.725888 4636221.190054 1303479894.0
446828.690692 4636197.058737 1303479897.0
446831.767731 4636175.717352 1303479900.0
446832.694785 4636155.391320 1303479903.0
446831.864354 4636133.079807 1303479906.0
446825.497476 4636113.918562 1303479908.0
446819.093259 4636089.761100 1303479911.0
446817.365751 4636069.565923 1303479915.0
446812.639324 4636047.838673 1303479919.0
446792.482530 4636037.885187 1303479923.0
446767.471298 4636033.519706 1303479926.0
446746.640622 4636033.342323 1303479928.0
446725.235722 4636034.057563 1303479930.0
446703.744522 4636034.329380 1303479932.0
446674.183401 4636031.885842 1303479935.0
446646.169785 4636025.544663 1303479938.0
446618.485546 4636018.868025 1303479941.0
446597.600138 4636022.466624 1303479943.0
446568.460493 4636020.908630 1303479946.0
446545.075687 4636023.193733 1303479948.0
446522.707507 4636028.247116 1303479950.0
446500.891868 4636029.521282 1303479952.0
446479.890193 4636028.679762 1303479954.0
446459.556533 4636028.388450 1303479956.0
446430.014493 4636028.499550 1303479959.0
446402.042406 4636027.710689 1303479962.0
446377.547151 4636025.785427 1303479965.0
446354.897533 4636026.511152 1303479968.0
446330.085394 4636026.587042 1303479972.0
446309.826326 4636025.185260 1303479987.0
446297.745638 4636007.844075 1303479992.0
446295.753459 4635985.763428 1303479995.0
446295.534127 4635956.674304 1303479998.0
446295.043142 4635935.581641 1303480000.0
446293.468363 4635913.830949 1303480002.0
446291.818128 4635893.080130 1303480004.0
446290.422694 4635873.104624 1303480006.0
446287.389458 4635845.036024 1303480009.0
446285.403912 4635823.843602 1303480012.0
446291.380592 4635802.035972 1303480037.0
446294.877841 4635781.579444 1303480040.0
446293.717122 4635759.714602 1303480042.0
446292.295725 4635736.297258 1303480044.0
446291.599416 4635709.987578 1303480046.0
446292.664205 4635686.107357 1303480048.0
446292.819515 4635662.678127 1303480050.0
446291.974816 4635638.701271 1303480052.0
446291.129276 4635614.613389 1303480054.0
446290.618188 4635590.856086 1303480056.0
446289.801105 4635570.543128 1303480058.0
446290.780422 4635546.330456 1303480061.0
446277.779352 4635528.107976 1303480066.0
446252.050105 4635527.857925 1303480070.0
446226.314989 4635526.830777 1303480073.0
446204.058601 4635524.889182 1303480076.0
446182.864253 4635520.718965 1303480082.0
446160.181989 4635517.337290 1303480102.0
446136.219763 4635520.294272 1303480105.0
446110.108297 4635524.377929 1303480108.0
446086.065647 4635527.668789 1303480111.0
446059.091579 4635527.428856 1303480114.0
446035.850231 4635526.938680 1303480117.0
446015.696218 4635528.645853 1303480141.0
445995.064152 4635522.029194 1303480150.0
445969.597290 4635523.554710 1303480155.0
445939.148701 4635524.785021 1303480158.0
445916.658425 4635524.844701 1303480160.0
445893.579652 4635523.909621 1303480162.0
445870.911587 4635522.416326 1303480164.0
445848.081757 4635521.479502 1303480166.0
445826.748218 4635520.864471 1303480168.0
445801.008765 4635519.283723 1303480171.0
445780.096062 4635519.442866 1303480174.0
445758.598224 4635519.051357 1303480179.0
445738.573850 4635515.983884 1303480183.0
445715.485708 4635513.828081 1303480186.0
445690.756432 4635514.127604 1303480189.0
445663.562953 4635517.777016 1303480192.0
445638.275657 4635521.078884 1303480195.0
445616.469595 4635523.799097 1303480198.0
445592.907256 4635524.756253 1303480202.0
445577.737761 4635537.974095 1303480225.0
445555.421121 4635539.032892 1303480229.0
445530.697024 4635539.999134 1303480232.0
445502.794804 4635537.769800 1303480234.0
445476.057780 4635535.975790 1303480236.0
445452.321867 4635535.935437 1303480238.0
445427.922059 4635535.900250 1303480240.0
445403.417988 4635533.090104 1303480242.0
445375.311408 4635525.866318 1303480244.0
445350.476184 4635523.169926 1303480246.0
445325.227709 4635520.698859 1303480248.0
445299.980919 4635518.449936 1303480250.0
445273.735710 4635515.875671 1303480252.0
445248.226269 4635511.852409 1303480254.0
445224.470626 4635509.259191 1303480256.0
445202.048737 4635507.433027 1303480258.0
445180.128176 4635506.047211 1303480260.0
445159.286438 4635504.653157 1303480262.0
445138.539648 4635504.812904 1303480264.0
445108.817413 4635503.376361 1303480267.0
445088.060349 4635502.203930 1303480269.0
445067.637794 4635501.362081 1303480271.0
445046.555618 4635501.080547 1303480273.0
445024.557152 4635500.362013 1303480275.0
445002.398706 4635500.422017 1303480277.0
444982.069409 4635500.912098 1303480279.0
444955.992548 4635498.670802 1303480282.0
444935.922507 4635500.491417 1303480286.0
444915.966369 4635506.308424 1303480291.0
444895.094828 4635511.799468 1303480295.0
444871.311541 4635505.654557 1303480299.0
444852.334596 4635498.584244 1303480302.0
444826.189309 4635498.231527 1303480306.0
444806.725151 4635503.267794 1303480310.0
444788.133056 4635513.738014 1303480318.0
444769.231286 4635505.668034 1303480321.0
444749.513377 4635499.380976 1303480334.0
