444121.503444 4635720.684770 1303499408.0
444144.001890 4635721.729688 1303499418.0
444166.995625 4635722.437692 1303499421.0
444193.886158 4635722.671105 1303499424.0
444221.514855 4635721.788498 1303499427.0
444243.006163 4635721.398173 1303499430.0
444263.187960 4635723.349873 1303499434.0
444288.443968 4635726.816418 1303499438.0
444309.699327 4635728.093649 1303499441.0
444329.957994 4635729.267699 1303499444.0
444353.694201 4635729.415333 1303499448.0
444377.184053 4635729.898072 1303499464.0
444398.657137 4635727.176645 1303499481.0
444418.525122 4635731.462947 1303499486.0
444438.900515 4635736.966719 1303499493.0
444460.214554 4635735.134990 1303499509.0
444475.016762 4635717.698295 1303499518.0
444474.743377 4635693.272959 1303499522.0
444475.386293 4635669.284616 1303499525.0
444476.579824 4635641.405795 1303499528.0
444477.253044 4635621.303406 1303499530.0
444477.755104 4635600.536149 1303499532.0
444477.925224 4635579.771479 1303499534.0
444477.848117 4635559.230805 1303499536.0
444477.443390 4635539.247855 1303499538.0
444475.995222 4635513.166173 1303499541.0
444474.918803 4635492.189155 1303499566.0
444477.160154 4635470.964209 1303499587.0
444480.813179 4635449.839297 1303499593.0
444481.638575 4635427.959187 1303499596.0
444482.014424 4635401.641226 1303499599.0
444482.365187 4635372.103479 1303499602.0
444482.372825 4635351.784219 1303499604.0
444482.462589 4635331.353286 1303499606.0
444482.482271 4635301.929156 1303499609.0
444483.037966 4635277.386341 1303499612.0
444483.617892 4635255.952286 1303499616.0
444483.262434 4635231.638641 1303499634.0
444485.904157 4635208.523013 1303499638.0
444506.000841 4635199.372703 1303499642.0
444527.330338 4635199.317625 1303499645.0
444553.142200 4635199.338759 1303499648.0
444580.447031 4635199.237338 1303499651.0
444607.096567 4635200.251455 1303499654.0
444630.341747 4635201.070062 1303499657.0
444652.419875 4635201.231608 1303499661.0
444672.590076 4635201.519074 1303499664.0
444700.395422 4635201.747327 1303499667.0
444720.812004 4635201.699915 1303499669.0
444741.812966 4635202.092163 1303499671.0
444763.561702 4635202.589710 1303499673.0
444785.975220 4635203.193205 1303499675.0
444808.885816 4635203.681885 1303499677.0
444831.711698 4635203.949228 1303499679.0
444854.537577 4635204.216643 1303499681.0
444877.779266 4635204.591949 1303499683.0
444901.353772 4635205.075789 1303499685.0
444924.842708 4635205.227269 1303499687.0
444947.917547 4635205.493059 1303499689.0
444970.994097 4635205.980978 1303499691.0
444994.567730 4635206.354100 1303499693.0
445089.280598 4635208.288278 1303499701.0
445112.941478 4635209.216287 1303499703.0
445136.598075 4635209.589240 1303499705.0
445160.005696 4635209.964187 1303499707.0
445183.163488 4635210.230100 1303499709.0
445206.154441 4635210.386338 1303499711.0
445228.814284 4635210.656229 1303499713.0
445250.977886 4635211.152072 1303499715.0
445273.391309 4635211.757100 1303499717.0
445295.637893 4635212.252445 1303499719.0
445317.964055 4635212.303114 1303499721.0
445340.787306 4635212.239006 1303499723.0
445364.111906 4635212.615261 1303499725.0
445387.352661 4635212.881201 1303499727.0
445409.928637 4635213.041277 1303499729.0
445432.258191 4635213.536413 1303499731.0
445454.920552 4635214.140104 1303499733.0
445478.246833 4635214.738786 1303499735.0
445502.236183 4635215.221439 1303499737.0
445526.225528 4635215.704172 1303499739.0
445550.047191 4635215.966201 1303499741.0
445573.535192 4635216.008791 1303499743.0
445597.190868 4635216.272245 1303499745.0
445621.095512 4635216.533878 1303499747.0
445645.001847 4635217.017645 1303499749.0
445668.826881 4635217.724179 1303499751.0
445692.318254 4635218.211269 1303499753.0
445715.724095 4635218.365987 1303499755.0
445738.554074 4635219.191370 1303499757.0
445760.306016 4635220.136066 1303499759.0
445781.971581 4635220.637352 1303499761.0
445803.221345 4635221.030834 1303499763.0
445823.391387 4635221.321556 1303499765.0
445846.461870 4635221.035120 1303499768.0
445866.629377 4635220.992883 1303499772.0
445889.117241 4635220.488945 1303499794.0
445914.433523 4635220.851873 1303499798.0
445937.189737 4635222.899820 1303499801.0
445959.605554 4635223.840086 1303499806.0
