446319.987981 4635071.997765 1302718766.0
446319.315193 4635048.796867 1302718781.0
446315.923724 4635028.281254 1302718787.0
446312.930469 4635005.541975 1302718803.0
446311.924848 4634982.232555 1302718807.0
446311.240319 4634957.477282 1302718811.0
446309.745094 4634935.281885 1302718814.0
446307.486182 4634910.871578 1302718817.0
446304.943133 4634881.800015 1302718820.0
446303.524178 4634858.715781 1302718822.0
446302.929308 4634834.848104 1302718824.0
446302.335272 4634811.091454 1302718826.0
446300.995950 4634787.562489 1302718828.0
446297.684807 4634766.713185 1302718830.0
446298.434587 4634745.056043 1302718834.0
446300.772178 4634724.830368 1302718842.0
446276.800654 4634715.906336 1302718847.0
446249.131086 4634711.895744 1302718850.0
446225.695973 4634708.075368 1302718852.0
446200.858278 4634705.375991 1302718854.0
446176.757467 4634701.338734 1302718856.0
446155.067719 4634697.838505 1302718859.0
446129.324551 4634696.145519 1302718863.0
446099.704051 4634697.590887 1302718866.0
446074.464726 4634696.671521 1302718868.0
446048.819658 4634696.976683 1302718870.0
446024.654230 4634695.383162 1302718872.0
445997.915056 4634693.698194 1302718875.0
445977.406839 4634703.735620 1302718881.0
445977.327888 4634726.164959 1302718885.0
445977.064770 4634757.145264 1302718888.0
445976.909564 4634780.463449 1302718890.0
445976.930452 4634805.112701 1302718893.0
445976.777777 4634828.763970 1302718897.0
445975.754255 4634857.973512 1302718900.0
445975.027364 4634882.517403 1302718902.0
445974.717133 4634907.280203 1302718904.0
445975.544406 4634928.814411 1302718906.0
445976.281104 4634949.350005 1302718909.0
445975.217204 4634973.230255 1302718913.0
445974.541692 4635004.546800 1302718916.0
445974.731118 4635029.527883 1302718918.0
445974.508951 4635054.956222 1302718920.0
445973.458552 4635080.612910 1302718922.0
445972.903588 4635105.932741 1302718924.0
445973.005825 4635130.359322 1302718926.0
445972.691424 4635154.566997 1302718928.0
445971.714784 4635179.001761 1302718930.0
445970.962706 4635200.214854 1302718932.0
445966.312614 4635221.790611 1302718935.0
445942.080684 4635233.077785 1302718939.0
445921.244236 4635232.458686 1302718941.0
445897.919762 4635232.080608 1302718943.0
445875.006017 4635231.144319 1302718945.0
445854.005262 4635230.748732 1302718947.0
445825.783504 4635230.297079 1302718950.0
445803.386264 4635231.799829 1302718954.0
445783.175693 4635226.179864 1302718979.0
445762.352727 4635227.337662 1302718982.0
445734.908302 4635230.877658 1302718985.0
445714.169192 4635232.145992 1302718987.0
445692.595953 4635232.865578 1302718989.0
445670.008208 4635231.150228 1302718991.0
445647.153691 4635227.105280 1302718993.0
445622.728261 4635223.849630 1302718995.0
445598.146154 4635221.816628 1302718997.0
445574.731834 4635220.552025 1302718999.0
445553.888511 4635219.045783 1302719001.0
445529.566369 4635218.454468 1302719004.0
445509.243050 4635219.831253 1302719018.0
445498.805437 4635244.116415 1302719023.0
445499.096524 4635271.317418 1302719026.0
445499.334100 4635291.523714 1302719028.0
445498.823073 4635311.513671 1302719030.0
445498.395039 4635331.502994 1302719032.0
445499.114666 4635360.477259 1302719035.0
445498.953441 4635382.796248 1302719038.0
445499.273161 4635402.890886 1302719044.0
445494.948946 4635423.465189 1302719055.0
445495.849592 4635443.555383 1302719058.0
445496.879094 4635469.640408 1302719061.0
445496.411422 4635495.292755 1302719064.0
445496.020797 4635520.167277 1302719067.0
445494.902835 4635547.601140 1302719070.0
445494.150544 4635568.592255 1302719072.0
445494.319601 4635590.686657 1302719074.0
445494.740165 4635613.112237 1302719076.0
445494.832183 4635635.984465 1302719078.0
445495.079980 4635657.523099 1302719080.0
445495.405664 4635678.394936 1302719082.0
445495.126938 4635707.043754 1302719085.0
445496.067496 4635732.352235 1302719088.0
445498.656691 4635756.204664 1302719092.0
445500.419428 4635780.507552 1302719098.0
445501.090627 4635803.153288 1302719101.0
445500.420496 4635824.032748 1302719103.0
445501.260209 4635847.010297 1302719105.0
445502.350565 4635870.207997 1302719107.0
445503.777094 4635893.958294 1302719109.0
445503.127359 4635917.502410 1302719111.0
445503.046611 4635939.487702 1302719113.0
445503.151368 4635964.025350 1302719116.0
445501.230589 4635984.137149 1302719122.0
445501.728173 4636005.784917 1302719136.0
445522.216299 4636015.399148 1302719141.0
445542.705856 4636014.354189 1302719144.0
445563.363925 4636013.641102 1302719147.0
445585.219361 4636017.582343 1302719165.0
445606.139085 4636018.532887 1302719168.0
445635.019057 4636018.645492 1302719171.0
445658.667828 4636018.353990 1302719173.0
445684.474109 4636018.046112 1302719175.0
445710.947624 4636018.177377 1302719177.0
445738.086677 4636018.525738 1302719179.0
445766.137672 4636018.756224 1302719181.0
445794.269109 4636018.653107 1302719183.0
445821.404773 4636018.557676 1302719185.0
445847.631864 4636019.024424 1302719187.0
445872.115503 4636019.393485 1302719189.0
445894.609280 4636019.999812 1302719191.0
445916.274927 4636020.834566 1302719193.0
445939.690754 4636022.655404 1302719195.0
445965.423298 4636023.570473 1302719197.0
445991.566529 4636023.927354 1302719199.0
446016.550547 4636024.626216 1302719201.0
446041.531193 4636024.881058 1302719203.0
446066.259531 4636024.693764 1302719205.0
446090.992910 4636025.172718 1302719207.0
446115.726284 4636025.651759 1302719209.0
446140.049787 4636026.800186 1302719211.0
446164.703525 4636027.724133 1302719213.0
446190.437685 4636028.862069 1302719215.0
446216.989069 4636028.328424 1302719217.0
446243.442391 4636025.797015 1302719219.0
446267.306567 4636021.064567 1302719221.0
446293.207627 4636011.320331 1302719224.0
446304.080061 4635989.475789 1302719227.0
446304.171646 4635968.600800 1302719229.0
446302.412521 4635944.408759 1302719231.0
446300.803447 4635918.105952 1302719233.0
446299.861572 4635892.242249 1302719235.0
446300.500551 4635866.921797 1302719237.0
446301.057390 4635841.712998 1302719239.0
446299.717336 4635818.072970 1302719241.0
446298.845044 4635790.432212 1302719244.0
446301.499926 4635768.316536 1302719263.0
446304.475883 4635744.755008 1302719270.0
446304.069583 4635723.883780 1302719273.0
446303.209859 4635697.908432 1302719276.0
446302.506058 4635670.599509 1302719279.0
446302.105612 4635650.505473 1302719281.0
446302.016184 4635627.633258 1302719283.0
446302.503474 4635604.201529 1302719285.0
446302.244730 4635580.886458 1302719287.0
446302.343041 4635560.899699 1302719289.0
446301.754026 4635537.809187 1302719292.0
446304.751020 4635517.023345 1302719295.0
446322.007435 4635505.234785 1302719298.0
446345.496943 4635505.612992 1302719301.0
446365.751626 4635506.237698 1302719304.0
446387.624265 4635501.298615 1302719319.0
446412.939494 4635501.663305 1302719323.0
446440.826483 4635501.897715 1302719326.0
446468.713468 4635502.132235 1302719329.0
446494.277646 4635502.495343 1302719332.0
446521.752189 4635503.066267 1302719335.0
446542.337970 4635503.577957 1302719337.0
446564.083899 4635503.858936 1302719339.0
446586.241431 4635503.692762 1302719341.0
446609.228833 4635503.520437 1302719343.0
446632.386367 4635503.902078 1302719345.0
446654.546391 4635504.069198 1302719347.0
446680.937088 4635503.982653 1302719350.0
446701.030740 4635505.275717 1302719354.0
446707.846617 4635528.874820 1302719358.0
446706.093251 4635549.651168 1302719360.0
446704.363987 4635573.647304 1302719362.0
446703.231421 4635599.748610 1302719364.0
446702.437454 4635626.735650 1302719366.0
446702.140576 4635653.607940 1302719368.0
446701.674410 4635680.037363 1302719370.0
446701.860496 4635704.907441 1302719372.0
446701.857354 4635726.670002 1302719374.0
446703.537156 4635751.528905 1302719377.0
446710.980963 4635770.348883 1302719381.0
446737.969822 4635772.700791 1302719385.0
446759.362230 4635770.209163 1302719387.0
446782.750414 4635768.257854 1302719389.0
446809.856305 4635764.058193 1302719392.0
446820.847675 4635746.765960 1302719395.0
446818.421421 4635721.912609 1302719398.0
446815.800170 4635693.174550 1302719401.0
446811.429580 4635663.561288 1302719404.0
446808.272985 4635640.934062 1302719406.0
446806.933766 4635617.182934 1302719408.0
446807.383751 4635588.532982 1302719410.0
446808.279348 4635563.987935 1302719412.0
446805.527691 4635540.025290 1302719415.0
446784.913893 4635524.634590 1302719419.0
446761.471802 4635519.480149 1302719422.0
446736.876992 4635515.555769 1302719425.0
446710.390065 4635513.866295 1302719428.0
446679.918922 4635512.095706 1302719431.0
446657.586300 4635511.041533 1302719433.0
446633.930038 4635510.552514 1302719435.0
446610.521901 4635509.950679 1302719437.0
446587.774323 4635508.899835 1302719439.0
446566.183559 4635507.174187 1302719441.0
446545.090705 4635505.444867 1302719443.0
446523.922353 4635504.715476 1302719445.0
446502.008781 4635504.213812 1302719447.0
446479.681104 4635503.826360 1302719449.0
446456.934315 4635502.886960 1302719451.0
446435.105386 4635502.606932 1302719453.0
446413.854857 4635501.989520 1302719455.0
446392.931259 4635500.703510 1302719457.0
446372.254942 4635499.193633 1302719459.0
446343.607672 4635497.188683 1302719462.0
446322.433409 4635495.682701 1302719465.0
446302.119269 4635487.175193 1302719476.0
446300.264517 4635461.318389 1302719480.0
446299.076168 4635435.789662 1302719483.0
446300.909698 4635414.790527 1302719495.0
446302.562200 4635391.794157 1302719499.0
446303.555827 4635369.468954 1302719502.0
446304.018055 4635342.706423 1302719505.0
446305.057029 4635315.384378 1302719508.0
446306.478180 4635294.721457 1302719514.0
446309.397339 4635274.602415 1302719543.0
446310.470656 4635251.832484 1302719548.0
446310.558976 4635230.513411 1302719552.0
446311.142730 4635208.857506 1302719555.0
446311.127148 4635184.763383 1302719558.0
446308.568967 4635164.685624 1302719561.0
446307.071251 4635142.157140 1302719565.0
446300.024812 4635121.224945 1302719572.0
446295.864631 4635097.828265 1302719582.0
446295.211014 4635077.180990 1302719590.0
446303.035156 4635058.135314 1302719600.0
446310.028579 4635038.984876 1302719614.0
