444131.985647 4635723.933570 1302299307.0
444153.766814 4635728.759301 1302299319.0
444175.701738 4635732.029418 1302299322.0
444197.968579 4635735.297001 1302299325.0
444219.318222 4635738.016666 1302299328.0
444243.971584 4635738.711922 1302299332.0
444264.510917 4635733.332582 1302299341.0
444284.863853 4635735.949208 1302299348.0
444309.455928 4635739.421020 1302299352.0
444335.765491 4635739.659508 1302299355.0
444356.752767 4635738.496226 1302299358.0
444377.751319 4635738.776360 1302299363.0
444400.416491 4635739.931818 1302299378.0
444424.904715 4635740.740023 1302299383.0
444448.711739 4635739.332945 1302299387.0
444467.021773 4635724.755759 1302299392.0
444469.709852 4635696.976317 1302299396.0
444471.709839 4635666.093290 1302299399.0
444474.012462 4635642.092011 1302299401.0
444476.633200 4635616.311711 1302299403.0
444478.099074 4635591.428686 1302299405.0
444478.327952 4635567.554609 1302299407.0
444477.976791 4635543.796088 1302299409.0
444478.650896 4635523.804730 1302299411.0
444480.630305 4635500.916317 1302299414.0
444482.797334 4635480.802292 1302299419.0
444487.250831 4635455.895993 1302299425.0
444489.843152 4635426.451810 1302299428.0
444490.397986 4635401.797964 1302299430.0
444490.692614 4635375.702705 1302299432.0
444490.729627 4635348.499117 1302299434.0
444491.016477 4635321.404616 1302299436.0
444491.396703 4635295.641796 1302299438.0
444492.037149 4635271.320390 1302299440.0
444492.524597 4635248.665684 1302299442.0
444493.233341 4635222.456172 1302299445.0
444501.370655 4635201.629447 1302299449.0
444526.012859 4635200.660290 1302299453.0
444550.089688 4635201.694227 1302299456.0
444570.424151 4635201.758057 1302299459.0
444590.497550 4635200.269501 1302299478.0
444613.575889 4635200.978317 1302299490.0
444637.727924 4635201.012661 1302299493.0
444665.780523 4635201.016791 1302299496.0
444694.993267 4635200.789957 1302299499.0
444715.163465 4635201.077542 1302299501.0
444735.831605 4635201.361322 1302299503.0
444757.249242 4635201.972452 1302299505.0
444779.496781 4635202.577213 1302299507.0
444802.656352 4635203.063944 1302299509.0
444826.645827 4635203.544323 1302299511.0
444850.718287 4635204.024140 1302299513.0
444873.378182 4635204.292901 1302299515.0
444894.709366 4635204.460977 1302299517.0
444923.347160 4635205.016763 1302299520.0
444949.911896 4635205.810749 1302299523.0
444974.648259 4635206.285854 1302299527.0
444995.228226 4635205.904865 1302299545.0
445015.317963 4635206.527022 1302299549.0
445041.050202 4635206.994672 1302299552.0
445061.962130 4635206.611315 1302299554.0
445084.121487 4635206.551504 1302299556.0
445107.112460 4635206.707423 1302299558.0
445131.681963 4635207.073325 1302299560.0
445156.750260 4635207.546506 1302299562.0
445181.153773 4635207.913857 1302299564.0
445205.807108 4635208.390403 1302299566.0
445230.042925 4635208.537144 1302299568.0
445253.616521 4635208.911123 1302299570.0
445277.688056 4635209.281355 1302299572.0
445303.420252 4635209.749952 1302299574.0
445331.394892 4635210.423501 1302299576.0
445361.112326 4635211.083794 1302299578.0
445390.164126 4635211.527246 1302299580.0
445418.216632 4635211.534338 1302299582.0
445445.025978 4635211.773127 1302299584.0
445470.840283 4635212.130666 1302299586.0
445495.658699 4635212.495917 1302299588.0
445520.892912 4635212.969109 1302299590.0
445547.621797 4635213.542000 1302299592.0
445575.095895 4635213.887230 1302299594.0
445602.153341 4635214.013681 1302299596.0
445628.797526 4635214.365456 1302299598.0
445655.108897 4635214.608835 1302299600.0
445680.592054 4635215.080693 1302299602.0
445704.831195 4635215.673157 1302299604.0
445730.147514 4635216.035430 1302299606.0
445756.459715 4635216.390211 1302299608.0
445781.942008 4635216.751405 1302299610.0
445806.592702 4635216.896948 1302299612.0
445829.915548 4635217.052673 1302299614.0
445850.415872 4635217.118893 1302299616.0
445872.244042 4635217.175084 1302299619.0
445892.913718 4635217.684274 1302299624.0
445914.838360 4635219.516398 1302299651.0
445935.278431 4635222.581224 1302299654.0
445961.847977 4635224.045144 1302299659.0
445973.685172 4635241.831754 1302299681.0
445974.876387 4635267.582484 1302299684.0
445974.717031 4635290.345553 1302299686.0
445974.415274 4635316.218640 1302299688.0
445973.799248 4635344.425815 1302299690.0
445973.185756 4635372.966072 1302299692.0
445972.479178 4635400.174634 1302299694.0
445971.588108 4635424.941861 1302299696.0
445970.002829 4635445.717148 1302299698.0
445965.368077 4635469.291403 1302299701.0
445963.039313 4635490.516467 1302299715.0
445984.481168 4635494.462091 1302299725.0
446005.550656 4635493.080993 1302299728.0
446025.960459 4635492.260123 1302299730.0
