444251.217265 4635264.762231 1303302729.0
444256.702480 4635244.511135 1303302737.0
444271.578684 4635225.852088 1303302745.0
444275.319447 4635205.392588 1303302751.0
444296.194918 4635200.343844 1303302755.0
444321.939419 4635202.363277 1303302758.0
444344.022771 4635203.190030 1303302760.0
444369.924558 4635204.098069 1303302762.0
444398.310859 4635204.320607 1303302764.0
444427.109512 4635204.206940 1303302766.0
444456.075012 4635204.203123 1303302768.0
444484.453517 4635203.426760 1303302770.0
444513.411233 4635202.423932 1303302772.0
444542.286829 4635201.532894 1303302774.0
444571.580838 4635201.082854 1303302776.0
444601.131592 4635201.630243 1303302778.0
444629.857609 4635202.850366 1303302780.0
444656.586662 4635203.419915 1303302782.0
444677.845219 4635204.920312 1303302784.0
444698.353149 4635216.641708 1303302787.0
444708.401363 4635238.770476 1303302790.0
444709.054407 4635258.751492 1303302792.0
444706.907338 4635281.530085 1303302794.0
444705.430233 4635305.080717 1303302796.0
444704.694872 4635327.959390 1303302798.0
444704.364122 4635349.502518 1303302800.0
444704.838875 4635378.589694 1303302803.0
444706.373517 4635405.225901 1303302806.0
444707.313445 4635430.090183 1303302809.0
444707.138334 4635450.299700 1303302812.0
444706.632136 4635470.622822 1303302816.0
444706.211516 4635491.278381 1303302819.0
444705.739799 4635516.042590 1303302823.0
444705.436647 4635541.138593 1303302827.0
444703.903353 4635568.131722 1303302830.0
444703.159427 4635589.900133 1303302832.0
444702.352345 4635614.222815 1303302834.0
444701.642046 4635640.321288 1303302836.0
444701.097726 4635666.418474 1303302838.0
444701.052184 4635692.622822 1303302840.0
444700.662639 4635717.275368 1303302842.0
444700.417519 4635739.150947 1303302844.0
444700.645936 4635768.573155 1303302847.0
444700.780165 4635796.552655 1303302850.0
444700.566946 4635822.536243 1303302853.0
444701.551934 4635842.514699 1303302856.0
444696.900967 4635863.425183 1303302870.0
444695.896961 4635883.752185 1303302874.0
444695.663081 4635907.071124 1303302877.0
444694.354746 4635930.953575 1303302880.0
444692.788854 4635953.727689 1303302883.0
444693.319932 4635979.372404 1303302886.0
444693.818249 4636000.798084 1303302889.0
444694.164395 4636024.001489 1303302893.0
444717.219117 4636032.705222 1303302898.0
444746.162279 4636030.259952 1303302901.0
444770.378118 4636028.184557 1303302903.0
444795.181722 4636026.992961 1303302905.0
444821.302710 4636024.458838 1303302907.0
444846.848864 4636022.706500 1303302909.0
444874.129900 4636019.941521 1303302911.0
444901.664193 4636017.729857 1303302913.0
444929.284059 4636015.850740 1303302915.0
444958.154662 4636014.739301 1303302917.0
444988.601915 4636013.615803 1303302919.0
445018.722393 4636013.161160 1303302921.0
445048.179023 4636012.711766 1303302923.0
445074.983679 4636012.727079 1303302925.0
445100.712144 4636013.083890 1303302927.0
445127.104455 4636013.435679 1303302929.0
445153.662725 4636013.786289 1303302931.0
445181.298891 4636014.017667 1303302933.0
445209.268687 4636014.468653 1303302935.0
445236.909113 4636015.255383 1303302937.0
445265.706149 4636015.367129 1303302939.0
445294.336366 4636015.369239 1303302941.0
445322.550824 4636015.263622 1303302943.0
445350.101430 4636015.163210 1303302945.0
445376.823076 4636015.180296 1303302947.0
445402.797037 4636015.092180 1303302949.0
445427.281590 4636015.570739 1303302951.0
445447.860922 4636015.413089 1303302953.0
445468.193859 4636015.590487 1303302956.0
445489.790206 4636018.201015 1303302972.0
445512.451701 4636019.026920 1303302975.0
445543.663639 4636020.231652 1303302978.0
445567.648573 4636020.492446 1303302980.0
445592.299049 4636020.970304 1303302982.0
445617.116330 4636021.558006 1303302984.0
445642.349358 4636022.253656 1303302986.0
445667.506174 4636023.838247 1303302988.0
445692.657898 4636024.756762 1303302990.0
445717.810460 4636025.786394 1303302992.0
445742.879187 4636026.705719 1303302994.0
445768.028351 4636027.291419 1303302996.0
445793.423916 4636027.542231 1303302998.0
445819.148869 4636027.457527 1303303000.0
445844.629099 4636027.929945 1303303002.0
445870.026343 4636028.403085 1303303004.0
445895.251716 4636028.100386 1303303006.0
445919.567671 4636028.248815 1303303008.0
445943.301914 4636028.290709 1303303010.0
445966.954860 4636028.555366 1303303012.0
445990.689099 4636028.597418 1303303014.0
446014.011798 4636029.086802 1303303016.0
446036.502159 4636029.249469 1303303018.0
446058.908697 4636029.301807 1303303020.0
446080.985830 4636029.689810 1303303022.0
446103.563367 4636030.407196 1303303024.0
446125.809813 4636031.238191 1303303026.0
446148.302678 4636031.734292 1303303028.0
446170.215511 4636032.345881 1303303030.0
446191.293497 4636032.297643 1303303032.0
446211.618786 4636031.477917 1303303034.0
446240.887580 4636028.148002 1303303037.0
446271.133745 4636022.368097 1303303041.0
