444119.764008 4635731.690786 1302193800.0
444146.750553 4635733.588777 1302193813.0
444174.390517 4635734.149341 1302193816.0
444194.971566 4635734.099106 1302193818.0
444223.599512 4635733.652814 1302193821.0
444246.097027 4635734.587027 1302193824.0
444269.504760 4635735.181087 1302193849.0
444290.504198 4635735.571991 1302193852.0
444319.467547 4635735.567597 1302193855.0
444345.609419 4635735.585365 1302193858.0
444367.433490 4635735.303849 1302193861.0
444389.987954 4635732.907052 1302193865.0
444410.645917 4635732.079602 1302193885.0
444434.338964 4635737.335403 1302193889.0
444456.492370 4635736.718489 1302193897.0
444477.545344 4635733.334372 1302193910.0
444481.266490 4635710.321341 1302193915.0
444481.478057 4635684.226716 1302193919.0
444483.081344 4635655.678499 1302193922.0
444484.312982 4635632.684876 1302193924.0
444485.047579 4635609.806162 1302193926.0
444484.366225 4635586.272281 1302193929.0
444484.126624 4635566.177009 1302193937.0
444484.514576 4635541.413423 1302193941.0
444483.975831 4635514.880517 1302193944.0
444483.465638 4635492.011508 1302193948.0
444483.514726 4635466.362294 1302193958.0
444484.969421 4635440.035924 1302193961.0
444485.376429 4635417.714940 1302193963.0
444485.595834 4635392.619572 1302193965.0
444486.134220 4635365.856210 1302193967.0
444486.580973 4635337.983225 1302193969.0
444486.618840 4635310.890665 1302193971.0
444486.265985 4635286.910099 1302193973.0
444486.130090 4635258.819590 1302193976.0
444486.461057 4635237.387476 1302193980.0
444486.539595 4635215.513195 1302194008.0
444497.195168 4635198.330960 1302194013.0
444523.176476 4635198.794801 1302194017.0
444552.806780 4635198.897234 1302194020.0
444575.049175 4635198.835194 1302194022.0
444596.049297 4635199.115986 1302194024.0
444621.785069 4635200.026231 1302194027.0
444643.122323 4635200.970744 1302194032.0
444665.945642 4635200.904474 1302194042.0
444693.086203 4635201.026829 1302194045.0
444715.331170 4635201.298309 1302194047.0
444740.313966 4635201.437587 1302194049.0
444767.207268 4635201.784210 1302194051.0
444796.012794 4635202.560251 1302194053.0
444826.229153 4635203.325482 1302194055.0
444857.687786 4635203.748125 1302194057.0
444889.729066 4635204.388467 1302194059.0
444921.767762 4635204.695872 1302194061.0
444953.308508 4635205.007268 1302194063.0
444983.855077 4635205.548548 1302194065.0
445013.735142 4635205.762003 1302194067.0
445042.787010 4635206.204038 1302194069.0
445071.506054 4635206.537725 1302194071.0
445100.308084 4635206.870887 1302194073.0
445128.612165 4635207.208002 1302194075.0
445157.166068 4635207.654339 1302194077.0
445185.305867 4635208.215010 1302194079.0
445212.696182 4635208.448455 1302194081.0
445239.175304 4635208.911076 1302194083.0
445265.073487 4635209.378259 1302194085.0
445291.550042 4635209.507994 1302194087.0
445318.608379 4635209.744395 1302194089.0
445345.669269 4635210.313981 1302194091.0
445372.149218 4635210.888123 1302194093.0
445398.297200 4635211.464908 1302194095.0
445423.863391 4635211.935213 1302194097.0
445448.850343 4635212.632111 1302194099.0
445473.999872 4635212.883718 1302194101.0
445499.730330 4635213.130970 1302194103.0
445526.042568 4635213.484900 1302194105.0
445553.018726 4635213.833853 1302194107.0
445580.242154 4635213.958952 1302194109.0
445606.389247 4635214.425473 1302194111.0
445631.042505 4635214.903491 1302194113.0
445653.786131 4635215.285127 1302194115.0
445683.252828 4635215.726608 1302194118.0
445713.629030 4635215.717146 1302194121.0
445736.372644 4635216.099046 1302194123.0
445759.780179 4635216.475964 1302194125.0
445783.519671 4635216.850432 1302194127.0
445806.181973 4635217.455240 1302194129.0
445827.927154 4635217.511926 1302194131.0
445848.428322 4635217.689168 1302194133.0
445877.314049 4635218.135867 1302194136.0
445900.305767 4635218.405372 1302194139.0
445921.069382 4635220.357365 1302194164.0
445944.746071 4635223.397650 1302194169.0
445965.587595 4635224.682980 1302194174.0
445975.449855 4635244.705242 1302194193.0
445974.889859 4635269.358917 1302194196.0
445974.380863 4635289.792935 1302194198.0
445973.892079 4635312.891604 1302194200.0
445973.497235 4635337.432996 1302194202.0
445973.195489 4635363.306085 1302194204.0
445972.737875 4635390.512759 1302194206.0
445971.942420 4635416.944762 1302194208.0
445970.954894 4635439.936185 1302194210.0
445967.823174 4635464.720408 1302194213.0
445971.311090 4635486.900654 1302194220.0
445996.069914 4635490.488055 1302194224.0
446025.769248 4635488.930567 1302194227.0
446049.084459 4635488.198784 1302194229.0
446074.564906 4635488.449988 1302194231.0
446100.796435 4635489.250768 1302194233.0
446125.780630 4635489.727977 1302194235.0
446148.691818 4635490.443010 1302194237.0
446174.919972 4635490.799954 1302194240.0
