443264.748794 4636006.264358 1302966851.0
443287.402751 4636006.083941 1302966854.0
443314.792841 4636006.643143 1302966857.0
443343.759573 4636007.189907 1302966860.0
443373.634681 4636007.174396 1302966863.0
443402.848582 4636007.497367 1302966866.0
443429.239344 4636007.620812 1302966869.0
443450.738603 4636008.338360 1302966874.0
443471.158216 4636008.953508 1302966878.0
443495.891980 4636009.423453 1302966881.0
443526.269358 4636009.959769 1302966884.0
443549.094538 4636010.445032 1302966886.0
443572.500584 4636010.925767 1302966888.0
443595.990486 4636011.516948 1302966890.0
443619.312662 4636011.887467 1302966892.0
443642.799918 4636012.145721 1302966894.0
443665.956124 4636012.517705 1302966896.0
443688.447597 4636012.783985 1302966898.0
443711.022926 4636013.160708 1302966900.0
443733.181590 4636013.318726 1302966902.0
443754.759383 4636013.481399 1302966904.0
443775.257538 4636013.541626 1302966906.0
443804.136812 4636013.535781 1302966909.0
443828.101795 4636011.237091 1302966912.0
443848.847146 4636011.073512 1302966918.0
443862.562403 4635992.866831 1302966923.0
443864.378077 4635970.534654 1302966926.0
443865.407550 4635943.212139 1302966929.0
443865.498119 4635923.114244 1302966931.0
443865.827138 4635901.682060 1302966933.0
443866.645308 4635879.135681 1302966935.0
443867.124552 4635855.703701 1302966937.0
443867.519944 4635832.161349 1302966939.0
443868.834286 4635809.388994 1302966941.0
443870.823009 4635787.943737 1302966943.0
443872.157495 4635767.725011 1302966945.0
443872.726758 4635745.180599 1302966948.0
443885.544641 4635728.868631 1302966956.0
443913.004705 4635727.653053 1302966960.0
443937.570798 4635727.792766 1302966963.0
443959.813317 4635727.950844 1302966966.0
443982.979142 4635729.434140 1302966985.0
444006.814071 4635731.578455 1302966989.0
444030.722372 4635732.500899 1302966992.0
444053.550993 4635733.320868 1302966995.0
444073.968696 4635733.604669 1302966999.0
444098.277088 4635732.636619 1302967005.0
444120.186770 4635732.686775 1302967008.0
444145.491855 4635731.822102 1302967011.0
444215.283662 4635731.497254 1302967019.0
444242.013401 4635732.398311 1302967022.0
444271.231800 4635733.168963 1302967025.0
444300.774316 4635732.937894 1302967028.0
444320.856588 4635732.780890 1302967030.0
444341.273400 4635732.954429 1302967032.0
444361.360874 4635733.463702 1302967034.0
444389.994889 4635733.795269 1302967037.0
444417.965022 4635734.132132 1302967040.0
444442.527588 4635733.829478 1302967043.0
444464.614467 4635735.322753 1302967047.0
444476.996280 4635716.128390 1302967053.0
444477.572657 4635694.250211 1302967056.0
444479.259776 4635665.812372 1302967059.0
444480.344466 4635645.262640 1302967061.0
444481.255403 4635623.714958 1302967063.0
444481.838731 4635602.725000 1302967065.0
444481.843754 4635582.072651 1302967067.0
444482.029380 4635552.647216 1302967070.0
444482.313574 4635525.219625 1302967073.0
444482.877018 4635501.676045 1302967076.0
444485.367351 4635480.449162 1302967082.0
444505.382001 4635471.521539 1302967086.0
444528.299552 4635473.008554 1302967089.0
444554.702570 4635474.468513 1302967092.0
444581.409886 4635472.373119 1302967095.0
444608.964358 4635472.491915 1302967098.0
444635.438263 4635472.397148 1302967101.0
444658.093876 4635472.221107 1302967104.0
444682.166312 4635472.811373 1302967120.0
444708.895207 4635473.492136 1302967124.0
444735.130477 4635474.731998 1302967127.0
444764.348982 4635475.393654 1302967130.0
444784.438852 4635476.126181 1302967132.0
444813.902866 4635476.342003 1302967135.0
444840.959378 4635476.465553 1302967138.0
444863.702255 4635476.844660 1302967141.0
444885.785524 4635477.784111 1302967148.0
444910.851183 4635478.034364 1302967152.0
444936.418197 4635478.724964 1302967155.0
444964.721218 4635479.061417 1302967158.0
444993.440029 4635479.505806 1302967161.0
445021.826884 4635479.952872 1302967164.0
445048.880796 4635479.744131 1302967167.0
445075.933851 4635479.424465 1302967170.0
445104.240275 4635480.205581 1302967173.0
445133.545106 4635481.312220 1302967176.0
445153.967707 4635482.154259 1302967178.0
445174.967797 4635482.547776 1302967180.0
445196.463245 4635482.604444 1302967182.0
445218.373628 4635482.657985 1302967184.0
445240.781935 4635482.707766 1302967186.0
445263.357921 4635482.978397 1302967188.0
445286.103290 4635483.691933 1302967190.0
445308.349876 4635484.298337 1302967192.0
445330.178965 4635484.574914 1302967194.0
445351.927618 4635485.185275 1302967196.0
445373.008962 4635485.356686 1302967198.0
445393.425554 4635485.422220 1302967200.0
445413.512748 4635485.823438 1302967202.0
445441.819937 4635486.716922 1302967205.0
445465.896463 4635487.864971 1302967208.0
