445970.412926 4635204.327261 1303514690.0
445961.859768 4635225.599523 1303514701.0
445934.911506 4635228.912916 1303514705.0
445905.943682 4635228.577641 1303514708.0
445885.525541 4635228.399603 1303514710.0
445864.028523 4635228.229823 1303514712.0
445841.702445 4635228.177443 1303514714.0
445818.547306 4635228.242471 1303514716.0
445795.057671 4635227.977020 1303514718.0
445769.907382 4635227.613253 1303514720.0
445744.423436 4635227.030048 1303514722.0
445719.522955 4635226.775590 1303514724.0
445694.205825 4635226.302328 1303514726.0
445669.552614 4635225.824092 1303514728.0
445645.395646 4635225.120089 1303514730.0
445621.404653 4635224.414900 1303514732.0
445598.661052 4635224.033368 1303514734.0
445570.440083 4635223.693753 1303514737.0
445548.107183 4635222.754076 1303514741.0
445526.046170 4635224.810297 1303514757.0
445505.048755 4635224.859846 1303514765.0
445501.318923 4635247.206128 1303514770.0
445499.685097 4635272.312217 1303514773.0
445498.358610 4635294.195983 1303514775.0
445498.121187 4635317.403821 1303514777.0
445497.970153 4635341.055134 1303514779.0
445497.900413 4635364.483759 1303514781.0
445497.497872 4635387.803896 1303514783.0
445497.257064 4635410.567630 1303514785.0
445497.256730 4635432.219188 1303514787.0
445497.328342 4635452.426759 1303514789.0
445497.378128 4635480.628919 1303514792.0
445496.765719 4635509.058214 1303514795.0
445496.673911 4635529.600140 1303514797.0
445495.676049 4635551.037267 1303514799.0
445495.093976 4635572.582247 1303514801.0
445495.014922 4635594.789582 1303514803.0
445494.532834 4635618.554472 1303514805.0
445493.890728 4635643.097823 1303514807.0
445493.418846 4635668.195041 1303514809.0
445493.522767 4635692.621652 1303514811.0
445493.702028 4635716.048385 1303514813.0
445494.042160 4635738.807685 1303514815.0
445494.957234 4635760.785351 1303514817.0
445495.795268 4635783.540843 1303514820.0
445498.972979 4635808.388074 1303514826.0
445499.595179 4635835.475533 1303514829.0
445500.247690 4635855.678673 1303514831.0
445501.069562 4635876.324652 1303514833.0
445501.732262 4635897.860119 1303514835.0
445502.405154 4635920.727913 1303514837.0
445503.320193 4635942.705586 1303514839.0
445504.060769 4635963.574257 1303514841.0
445503.509318 4635989.116231 1303514844.0
445504.763070 4636011.979584 1303514849.0
445526.661004 4636021.472007 1303514865.0
445549.893164 4636020.961262 1303514869.0
445573.380208 4636021.225881 1303514872.0
445601.518430 4636022.010221 1303514875.0
445631.732018 4636022.889863 1303514878.0
445653.309637 4636023.058287 1303514880.0
445676.050682 4636023.439970 1303514882.0
445699.289610 4636023.817930 1303514884.0
445723.191536 4636024.079880 1303514886.0
445747.510901 4636024.671831 1303514888.0
445772.078358 4636025.150943 1303514890.0
445795.562833 4636025.083213 1303514892.0
445818.209896 4636024.022627 1303514894.0
445840.446279 4636023.520405 1303514896.0
445862.023881 4636023.689462 1303514898.0
445883.437205 4636024.081899 1303514900.0
445904.684563 4636024.475661 1303514902.0
445926.512785 4636024.865077 1303514904.0
445949.086990 4636025.137864 1303514906.0
445972.243744 4636025.628372 1303514908.0
445995.646910 4636025.783985 1303514910.0
446018.136442 4636025.835566 1303514912.0
446039.216978 4636026.119960 1303514914.0
446059.549001 4636026.188018 1303514916.0
446080.632053 4636026.805616 1303514918.0
446103.122417 4636026.968492 1303514920.0
446125.030232 4636026.913779 1303514922.0
446147.105687 4636027.079933 1303514924.0
446169.928808 4636027.351538 1303514926.0
446192.498789 4636027.069961 1303514928.0
446213.643002 4636024.800619 1303514930.0
446241.328481 4636020.594394 1303514933.0
446263.210342 4636017.098263 1303514936.0
446283.684056 4636013.945920 1303514941.0
446295.261328 4635997.536690 1303514946.0
446295.251488 4635974.219728 1303514949.0
446295.292820 4635946.683108 1303514952.0
446295.303076 4635926.030800 1303514954.0
446294.723248 4635904.161574 1303514956.0
446294.556656 4635882.067165 1303514958.0
446294.637340 4635859.748826 1303514960.0
446294.567128 4635839.430228 1303514962.0
446295.522964 4635812.108785 1303514965.0
446296.068912 4635785.456636 1303514968.0
446295.697858 4635758.256233 1303514971.0
446296.143253 4635729.273141 1303514974.0
446296.315311 4635708.064453 1303514976.0
446296.479000 4635685.745495 1303514978.0
446296.632648 4635662.094211 1303514980.0
446297.031070 4635637.885916 1303514982.0
446297.098391 4635613.791152 1303514984.0
446297.091935 4635590.918312 1303514986.0
446297.512968 4635569.707752 1303514988.0
446298.184639 4635548.717370 1303514990.0
446298.769143 4635527.172479 1303514992.0
446298.938717 4635505.630716 1303514994.0
446299.436058 4635483.531317 1303514996.0
446299.506749 4635459.880667 1303514998.0
446299.911068 4635436.449569 1303515000.0
446300.493084 4635414.571601 1303515002.0
446300.581360 4635393.252522 1303515004.0
446300.836452 4635372.043220 1303515006.0
446301.183742 4635352.054591 1303515008.0
446301.307312 4635324.406346 1303515011.0
446301.723371 4635302.529632 1303515014.0
446302.288677 4635278.431127 1303515018.0
446299.795077 4635255.910147 1303515022.0
446290.010045 4635234.998603 1303515026.0
446271.033859 4635227.924521 1303515029.0
446242.320905 4635228.363190 1303515032.0
446220.997438 4635229.190323 1303515034.0
446200.917152 4635229.786066 1303515036.0
446173.195894 4635229.662358 1303515039.0
446148.710414 4635229.403265 1303515042.0
446127.046599 4635229.122918 1303515046.0
446105.547083 4635228.619327 1303515069.0
446084.963816 4635228.553001 1303515072.0
446056.741239 4635227.989406 1303515075.0
446028.854823 4635227.978544 1303515078.0
446006.683795 4635226.481038 1303515081.0
445986.587515 4635224.967870 1303515088.0
445966.232150 4635222.124322 1303515113.0
