445941.418235 4636042.517308 1303141154.0
445919.424950 4636042.240135 1303141183.0
445892.866874 4636041.886672 1303141187.0
445862.904891 4636041.337112 1303141190.0
445840.829459 4636041.171840 1303141192.0
445817.589759 4636040.682391 1303141194.0
445792.774263 4636040.316045 1303141196.0
445766.962993 4636039.957367 1303141198.0
445740.238083 4636039.494710 1303141200.0
445713.180399 4636038.923655 1303141202.0
445685.540149 4636038.135078 1303141204.0
445657.735623 4636037.569929 1303141206.0
445629.350225 4636037.009323 1303141208.0
445600.217144 4636036.343507 1303141210.0
445571.252563 4636036.009623 1303141212.0
445543.697804 4636035.554044 1303141214.0
445517.471584 4636035.199442 1303141216.0
445492.822847 4636034.943898 1303141218.0
445471.409514 4636034.552636 1303141220.0
445443.356001 4636033.990229 1303141223.0
445419.701323 4636033.505256 1303141226.0
445393.724024 4636033.149203 1303141230.0
445366.657749 4636031.469192 1303141233.0
445345.736314 4636030.297297 1303141235.0
445323.571008 4636029.246046 1303141237.0
445300.410775 4636028.313538 1303141239.0
445277.005003 4636027.827127 1303141241.0
445253.269863 4636027.676426 1303141243.0
445229.284070 4636027.305664 1303141245.0
445205.464235 4636026.933706 1303141247.0
445181.480143 4636026.785160 1303141249.0
445157.993935 4636026.632860 1303141251.0
445135.169863 4636026.253470 1303141253.0
445112.845385 4636026.092370 1303141255.0
445090.852829 4636025.928782 1303141257.0
445068.444509 4636025.657434 1303141259.0
445045.706832 4636025.721800 1303141261.0
445022.054647 4636025.571229 1303141263.0
444997.239868 4636025.318681 1303141265.0
444970.933140 4636025.299813 1303141267.0
444944.131958 4636025.729001 1303141269.0
444917.829521 4636026.265466 1303141271.0
444892.276495 4636027.129332 1303141273.0
444868.302691 4636028.314166 1303141275.0
444845.403350 4636028.935592 1303141277.0
444822.089966 4636029.671333 1303141279.0
444798.025453 4636029.857802 1303141281.0
444773.379212 4636029.937829 1303141283.0
444748.896348 4636029.683573 1303141285.0
444725.987537 4636029.084083 1303141287.0
444705.320934 4636028.689327 1303141289.0
444677.022653 4636028.687007 1303141292.0
444651.546591 4636028.773901 1303141295.0
444623.830901 4636028.989333 1303141298.0
444603.001779 4636029.040273 1303141300.0
444580.672949 4636028.325705 1303141302.0
444558.012189 4636027.613791 1303141304.0
444536.690361 4636028.334964 1303141306.0
444508.828598 4636031.105763 1303141309.0
444488.575153 4636030.486348 1303141312.0
444471.139483 4636018.741623 1303141333.0
444472.469552 4635997.745828 1303141337.0
444472.099313 4635971.544691 1303141340.0
444472.039364 4635942.565288 1303141343.0
444471.995863 4635915.695402 1303141346.0
444471.747559 4635894.489848 1303141351.0
444475.657057 4635874.362222 1303141355.0
444481.527020 4635850.222094 1303141358.0
444495.925291 4635823.572766 1303141361.0
444499.102688 4635794.679179 1303141364.0
444497.250954 4635770.044070 1303141367.0
444495.094090 4635748.853393 1303141372.0
444494.015150 4635727.543283 1303141376.0
444494.554376 4635700.890936 1303141379.0
444495.139461 4635680.123031 1303141381.0
444496.212946 4635658.129947 1303141383.0
444497.110953 4635634.916859 1303141385.0
444498.174940 4635611.702479 1303141387.0
444498.913045 4635589.267877 1303141389.0
444498.915524 4635568.282448 1303141391.0
444496.953081 4635540.095124 1303141394.0
444495.448815 4635517.455928 1303141397.0
444494.623146 4635496.699021 1303141402.0
444485.925768 4635477.557929 1303141410.0
444461.501461 4635474.417289 1303141415.0
444434.845991 4635472.515508 1303141418.0
444414.256399 4635471.565798 1303141420.0
444394.000485 4635470.835611 1303141422.0
444364.370430 4635470.622822 1303141425.0
444336.651690 4635470.728323 1303141428.0
444315.486369 4635470.449600 1303141431.0
444292.582646 4635470.739704 1303141442.0
444281.655307 4635453.059732 1303141450.0
444254.981453 4635448.827052 1303141453.0
444234.230999 4635448.545323 1303141455.0
444212.078442 4635449.384975 1303141457.0
444191.259785 4635450.991483 1303141459.0
444164.625893 4635451.866391 1303141462.0
444142.343939 4635457.370701 1303141465.0
444122.478244 4635464.077502 1303141469.0
444100.316159 4635463.696203 1303141492.0
444077.150374 4635462.323546 1303141495.0
444047.432903 4635461.557590 1303141498.0
444025.607115 4635461.729051 1303141500.0
444003.699213 4635462.012259 1303141502.0
443983.366332 4635462.061081 1303141504.0
443954.902395 4635462.395995 1303141507.0
443930.097786 4635463.701525 1303141510.0
443910.033977 4635466.302222 1303141514.0
443890.213988 4635478.783087 1303141521.0
443889.800107 4635499.993853 1303141524.0
443890.197829 4635529.414749 1303141527.0
443890.360490 4635550.065806 1303141529.0
443890.511001 4635579.710720 1303141532.0
443890.253486 4635599.698883 1303141534.0
443889.417695 4635620.024704 1303141536.0
443888.415939 4635640.351834 1303141538.0
443889.386700 4635668.768915 1303141541.0
443889.839430 4635694.636294 1303141544.0
443892.084593 4635716.270260 1303141548.0
443912.124153 4635721.220008 1303141553.0
443932.943718 4635719.834730 1303141556.0
443955.429102 4635719.213645 1303141559.0
443976.262651 4635719.604929 1303141563.0
