445919.231168 4636038.577497 1301688585.0
445895.737466 4636037.423520 1301688588.0
445866.848310 4636036.088559 1301688591.0
445845.268215 4636035.586407 1301688593.0
445822.195303 4636035.206708 1301688595.0
445797.131691 4636034.953268 1301688597.0
445769.325478 4636034.165629 1301688599.0
445740.112811 4636033.943981 1301688601.0
445709.406483 4636033.733838 1301688603.0
445677.701840 4636033.198341 1301688605.0
445645.333342 4636032.668050 1301688607.0
445613.544855 4636032.022444 1301688609.0
445583.417676 4636031.586355 1301688611.0
445555.696091 4636031.020970 1301688613.0
445531.380965 4636030.984810 1301688615.0
445510.136135 4636030.925243 1301688617.0
445482.847288 4636032.688539 1301688620.0
445459.869211 4636033.863760 1301688623.0
445439.705689 4636034.129224 1301688628.0
445415.052687 4636033.318814 1301688648.0
445388.976231 4636030.853896 1301688651.0
445368.389278 4636030.012471 1301688653.0
445346.062274 4636029.517559 1301688655.0
445322.905455 4636029.029087 1301688657.0
445299.169470 4636028.767206 1301688659.0
445275.347941 4636028.172960 1301688661.0
445250.946394 4636027.694286 1301688663.0
445225.963974 4636027.220162 1301688665.0
445201.729233 4636026.851408 1301688667.0
445178.655368 4636026.362766 1301688669.0
445149.105554 4636025.479933 1301688672.0
445125.118887 4636024.998495 1301688676.0
445104.448892 4636024.158472 1301688695.0
445080.796707 4636024.007706 1301688699.0
445055.982784 4636023.865980 1301688702.0
445035.400039 4636023.580653 1301688704.0
445012.410839 4636023.313964 1301688706.0
444988.425862 4636023.055040 1301688708.0
444963.946427 4636023.244153 1301688710.0
444939.137641 4636023.768998 1301688712.0
444914.167190 4636024.850349 1301688714.0
444889.197603 4636026.042815 1301688716.0
444864.393986 4636027.234084 1301688718.0
444840.334625 4636028.086574 1301688720.0
444816.774876 4636029.157342 1301688722.0
444794.121900 4636029.443922 1301688724.0
444773.375768 4636029.493720 1301688726.0
444749.140985 4636029.126505 1301688729.0
444728.558228 4636028.842066 1301688733.0
444703.829860 4636029.034005 1301688757.0
444677.195515 4636029.573936 1301688761.0
444653.711865 4636029.756381 1301688764.0
444623.910429 4636028.544579 1301688767.0
444601.241904 4636026.833282 1301688769.0
444578.078936 4636025.570040 1301688771.0
444556.494329 4636024.516655 1301688773.0
444530.176329 4636023.056061 1301688776.0
444509.584884 4636021.661981 1301688780.0
444485.522930 4636022.182588 1301688804.0
444472.033119 4636005.632644 1301688809.0
444475.737637 4635980.510081 1301688814.0
444478.198320 4635955.508252 1301688817.0
444478.318209 4635928.303991 1301688820.0
444477.308367 4635905.216795 1301688824.0
444475.078013 4635885.248065 1301688829.0
444486.210511 4635865.508279 1301688832.0
444483.434678 4635839.436931 1301688836.0
444477.235726 4635810.727452 1301688839.0
444476.545694 4635786.083292 1301688842.0
444479.686780 4635763.185813 1301688848.0
444482.765672 4635742.953637 1301688851.0
444484.859931 4635713.513319 1301688854.0
444486.089830 4635690.297640 1301688856.0
444486.968761 4635664.641951 1301688858.0
444487.424986 4635637.990252 1301688860.0
444487.307237 4635612.231299 1301688862.0
444487.200737 4635587.915700 1301688864.0
444487.524745 4635565.595357 1301688866.0
444487.470953 4635537.393163 1301688869.0
444487.038567 4635513.857343 1301688873.0
444485.304339 4635493.662687 1301688881.0
444466.387445 4635483.706046 1301688886.0
444441.060677 4635481.904919 1301688889.0
444420.223018 4635481.068161 1301688891.0
444392.578642 4635480.062525 1301688894.0
444370.330181 4635479.236926 1301688898.0
444350.138188 4635476.063617 1301688905.0
444325.083748 4635477.258690 1301688909.0
444301.694274 4635479.107037 1301688913.0
444279.205516 4635479.393940 1301688920.0
444258.764516 4635476.222838 1301688923.0
444229.480740 4635467.236217 1301688926.0
444204.335467 4635467.433120 1301688928.0
444180.684843 4635467.729433 1301688930.0
444160.193844 4635468.778296 1301688932.0
444134.881728 4635468.865718 1301688935.0
444113.637751 4635469.143381 1301688939.0
444092.069665 4635470.422958 1301688960.0
444069.642943 4635468.045219 1301688963.0
444040.173586 4635467.166312 1301688966.0
444018.926984 4635467.111176 1301688968.0
443996.103615 4635467.068500 1301688970.0
443972.699329 4635467.030465 1301688972.0
443950.044553 4635467.319713 1301688974.0
443929.057396 4635468.595212 1301688976.0
443905.666226 4635470.222806 1301688979.0
443884.571706 4635478.938565 1301688984.0
443884.446161 4635505.143594 1301688988.0
443884.939136 4635536.118217 1301688991.0
443884.882589 4635560.546159 1301688993.0
443884.756178 4635586.640164 1301688995.0
443884.138851 4635613.626310 1301688997.0
443883.688377 4635640.722177 1301688999.0
443883.634468 4635665.483206 1301689001.0
443883.439083 4635693.354304 1301689004.0
443883.431428 4635713.451537 1301689009.0
443899.403959 4635728.870498 1301689022.0
443921.479633 4635728.918736 1301689025.0
443946.691251 4635726.721683 1301689028.0
443968.682198 4635726.548666 1301689032.0
443992.275171 4635729.583109 1301689053.0
444018.669531 4635730.041829 1301689056.0
444045.804643 4635729.717590 1301689059.0
444070.027446 4635728.417013 1301689063.0
444090.521174 4635727.811993 1301689069.0
444111.085694 4635725.651999 1301689074.0
444133.542329 4635721.367578 1301689091.0
444159.110335 4635722.277436 1301689095.0
444181.766908 4635722.321927 1301689098.0
444206.083173 4635722.353490 1301689101.0
444229.572198 4635722.724715 1301689104.0
444254.219529 4635722.642816 1301689108.0
444275.555287 4635723.586215 1301689123.0
444295.889145 4635723.760274 1301689126.0
444322.446853 4635723.885740 1301689129.0
444351.742185 4635723.878883 1301689132.0
444379.213587 4635724.108457 1301689135.0
444404.691619 4635724.131627 1301689138.0
444424.955475 4635725.972110 1301689142.0
444446.408812 4635731.356460 1301689150.0
444467.661525 4635732.301080 1301689157.0
444480.920202 4635751.073499 1301689164.0
444480.466616 4635778.058285 1301689168.0
444479.616290 4635807.377877 1301689171.0
444478.257690 4635835.369026 1301689174.0
444477.835183 4635855.691536 1301689178.0
444479.833897 4635877.882750 1301689189.0
444480.541226 4635904.747459 1301689193.0
444479.177457 4635932.072448 1301689196.0
444478.136975 4635958.284579 1301689199.0
444478.143241 4635980.380295 1301689204.0
