443936.111374 4635479.087929 1303961770.0
443911.529563 4635477.060750 1303961793.0
443891.270090 4635475.887883 1303961795.0
443867.117189 4635475.634024 1303961797.0
443840.221315 4635474.846700 1303961799.0
443811.245488 4635473.409679 1303961801.0
443780.531287 4635472.541664 1303961803.0
443748.746126 4635472.681546 1303961805.0
443716.128455 4635472.495044 1303961807.0
443683.095841 4635472.311972 1303961809.0
443651.060832 4635472.343230 1303961811.0
443620.768562 4635472.360839 1303961813.0
443591.886202 4635472.256379 1303961815.0
443566.328625 4635472.791901 1303961817.0
443540.185737 4635472.776983 1303961820.0
443516.541281 4635473.852693 1303961845.0
443491.901860 4635475.047407 1303961848.0
443469.739741 4635474.668069 1303961850.0
443443.925278 4635474.206762 1303961852.0
443416.033472 4635473.428945 1303961854.0
443387.066346 4635473.103920 1303961856.0
443359.345797 4635472.991169 1303961858.0
443334.362074 4635472.634688 1303961860.0
443312.285569 4635472.588261 1303961862.0
443287.799766 4635472.227980 1303961865.0
443266.450693 4635469.733151 1303961875.0
443241.139420 4635469.934776 1303961879.0
443211.342382 4635469.617077 1303961882.0
443185.113814 4635469.271042 1303961885.0
443163.943954 4635468.440604 1303961890.0
443138.207099 4635467.313579 1303961894.0
443113.966675 4635466.507799 1303961897.0
443090.747821 4635468.913935 1303961900.0
443069.515364 4635470.638066 1303961913.0
443061.218333 4635491.689860 1303961918.0
443062.484415 4635515.107977 1303961921.0
443062.602872 4635540.311816 1303961924.0
443062.409794 4635568.071936 1303961927.0
443061.496033 4635588.731622 1303961929.0
443060.418969 4635609.725716 1303961931.0
443060.763323 4635632.040862 1303961933.0
443060.368794 4635655.361223 1303961935.0
443059.731526 4635679.460766 1303961937.0
443059.514514 4635704.223157 1303961939.0
443059.797190 4635729.203623 1303961941.0
443059.172362 4635754.857550 1303961943.0
443059.050772 4635781.173662 1303961945.0
443058.847976 4635807.712492 1303961947.0
443059.233169 4635835.134899 1303961949.0
443059.117800 4635862.228205 1303961951.0
443058.909689 4635888.100875 1303961953.0
443058.188597 4635912.090063 1303961955.0
443057.686280 4635932.302335 1303961957.0
443057.041081 4635955.402643 1303961961.0
443056.040882 4635975.618897 1303961970.0
443056.297843 4635997.379582 1303961974.0
443074.540927 4636006.005471 1303961978.0
443098.020272 4636005.262683 1303961981.0
443129.223998 4636005.346567 1303961984.0
443154.707310 4636006.142447 1303961986.0
443180.765286 4636006.156593 1303961988.0
443204.405286 4636004.746669 1303961990.0
443231.525210 4636002.642880 1303961993.0
443251.406288 4635998.154111 1303962001.0
443280.215943 4635999.812213 1303962005.0
443302.123086 4635999.637791 1303962007.0
443327.928597 4635999.210348 1303962009.0
443355.732732 4635999.655378 1303962011.0
443383.867905 4635999.986851 1303962013.0
443410.835157 4635999.550474 1303962015.0
443433.489131 4635999.370522 1303962017.0
443455.224137 4635998.420698 1303962020.0
443477.728010 4636000.240696 1303962026.0
443505.951432 4636001.238156 1303962029.0
443530.268550 4636001.489457 1303962031.0
443557.323176 4636001.608114 1303962033.0
443584.630261 4636002.169010 1303962035.0
443612.188043 4636002.950095 1303962037.0
443640.241949 4636003.505291 1303962039.0
443668.300239 4636004.615735 1303962041.0
443697.187456 4636005.608702 1303962043.0
443725.400284 4636005.274704 1303962045.0
443752.702946 4636005.281108 1303962047.0
443778.761761 4636005.408469 1303962049.0
443803.821292 4636005.099673 1303962051.0
443827.388032 4636004.913772 1303962053.0
443855.250555 4636002.251334 1303962056.0
443870.055107 4635985.368491 1303962060.0
443871.592989 4635959.374379 1303962063.0
443872.164844 4635937.163043 1303962065.0
443873.363820 4635910.283331 1303962068.0
443873.261327 4635886.744900 1303962092.0
443874.029656 4635857.869970 1303962096.0
443874.025025 4635836.218351 1303962098.0
443874.651897 4635810.453493 1303962100.0
443876.194224 4635785.014526 1303962102.0
443877.092810 4635762.134418 1303962104.0
443877.561609 4635737.370116 1303962107.0
443896.875067 4635723.893881 1303962112.0
443921.208827 4635726.145016 1303962115.0
443942.552501 4635728.086662 1303962117.0
443966.466066 4635729.675053 1303962119.0
443990.791050 4635730.816153 1303962121.0
444015.193774 4635731.290521 1303962123.0
444039.098586 4635731.768884 1303962125.0
444060.765423 4635732.598004 1303962127.0
444081.009314 4635731.883884 1303962130.0
444102.735605 4635729.714745 1303962134.0
444131.712053 4635731.374996 1303962137.0
444156.042218 4635733.182824 1303962139.0
444182.362258 4635734.753073 1303962141.0
444208.014061 4635735.773483 1303962143.0
444230.667111 4635735.374020 1303962145.0
444256.381033 4635733.729302 1303962148.0
444277.711547 4635734.006543 1303962171.0
444298.137042 4635735.290231 1303962174.0
444329.271006 4635736.934413 1303962177.0
444353.845706 4635738.185834 1303962179.0
444378.253561 4635739.327608 1303962181.0
444402.570622 4635739.470869 1303962183.0
444427.218753 4635739.500595 1303962185.0
444450.367100 4635738.764865 1303962187.0
444472.758204 4635736.702706 1303962190.0
444486.045947 4635716.613026 1303962198.0
444484.674757 4635689.753499 1303962201.0
444484.329670 4635666.772163 1303962203.0
444484.041610 4635640.459366 1303962205.0
444483.996450 4635613.367440 1303962207.0
444483.982443 4635590.272493 1303962209.0
444483.301950 4635566.849639 1303962212.0
444482.219500 4635545.095428 1303962216.0
444482.049903 4635523.334103 1303962220.0
444481.946852 4635499.462616 1303962224.0
444480.710532 4635479.264081 1303962231.0
444481.662959 4635452.386454 1303962235.0
444482.158135 4635430.730986 1303962237.0
444482.871997 4635405.187627 1303962239.0
444483.559909 4635376.313456 1303962241.0
444484.403425 4635346.105667 1303962243.0
444485.333402 4635316.341342 1303962245.0
444486.036050 4635289.354636 1303962247.0
444486.610792 4635267.254418 1303962249.0
444486.516426 4635244.493212 1303962252.0
