446325.972145 4635051.078413 1302541177.0
446330.796959 4635030.500900 1302541181.0
446335.107120 4635007.706602 1302541184.0
446335.434478 4634985.053339 1302541187.0
446337.503865 4634962.275923 1302541191.0
446343.488180 4634941.356590 1302541194.0
446345.577895 4634910.251528 1302541197.0
446346.053730 4634885.265452 1302541199.0
446346.024915 4634859.394910 1302541201.0
446345.490608 4634832.528877 1302541203.0
446344.873304 4634805.663470 1302541205.0
446343.099914 4634779.584003 1302541207.0
446340.937454 4634756.949499 1302541209.0
446337.761471 4634731.990930 1302541212.0
446330.225968 4634712.283762 1302541222.0
446304.202122 4634706.372995 1302541226.0
446276.034556 4634702.366051 1302541229.0
446254.099225 4634699.311507 1302541231.0
446231.997045 4634696.147255 1302541233.0
446211.387104 4634692.749740 1302541235.0
446190.441802 4634688.910683 1302541238.0
446169.676729 4634686.957893 1302541241.0
446147.492311 4634683.905556 1302541244.0
446130.149275 4634673.488486 1302541251.0
446106.973873 4634671.109967 1302541256.0
446076.762211 4634671.227501 1302541259.0
446053.767905 4634670.846384 1302541261.0
446026.950697 4634669.828097 1302541264.0
446006.193088 4634668.875024 1302541271.0
445992.453802 4634684.967951 1302541279.0
445991.482040 4634710.068856 1302541283.0
445990.045132 4634739.503589 1302541286.0
445988.620539 4634759.611427 1302541288.0
445987.404029 4634785.269358 1302541291.0
445985.655892 4634806.489985 1302541294.0
445984.678288 4634830.813706 1302541297.0
445983.829141 4634861.132259 1302541300.0
445983.252218 4634883.565378 1302541302.0
445983.497665 4634904.992962 1302541304.0
445984.204377 4634932.523888 1302541307.0
445981.088338 4634959.417596 1302541311.0
445979.785546 4634984.632058 1302541314.0
445979.360330 4635005.176464 1302541316.0
445978.868962 4635027.942040 1302541318.0
445978.381809 4635051.262753 1302541320.0
445977.822612 4635076.027447 1302541322.0
445977.268473 4635101.458305 1302541324.0
445976.206289 4635125.560615 1302541326.0
445975.534654 4635146.439995 1302541328.0
445974.475853 4635170.986415 1302541331.0
445972.670146 4635195.538501 1302541348.0
445958.794634 4635215.407694 1302541351.0
445930.026445 4635219.512145 1302541354.0
445905.126798 4635219.368065 1302541356.0
445875.994638 4635219.256226 1302541358.0
445844.783495 4635218.605141 1302541360.0
445812.333399 4635218.740851 1302541362.0
445779.807071 4635219.765557 1302541364.0
445748.435006 4635219.782320 1302541366.0
445717.394901 4635219.796692 1302541368.0
445686.192198 4635220.256573 1302541370.0
445656.730602 4635220.481242 1302541372.0
445631.992681 4635219.781716 1302541374.0
445604.183260 4635218.994692 1302541377.0
445583.104538 4635219.266699 1302541387.0
445560.534533 4635219.883264 1302541391.0
445534.141030 4635219.751895 1302541394.0
445510.248277 4635221.044934 1302541397.0
445502.213129 4635244.756548 1302541401.0
445502.839559 4635272.399120 1302541404.0
445502.346356 4635294.720645 1302541406.0
445502.446822 4635318.703133 1302541408.0
445501.564162 4635344.358647 1302541410.0
445500.856831 4635371.234191 1302541412.0
445499.994574 4635399.554358 1302541414.0
445500.382242 4635428.531166 1302541416.0
445500.352424 4635457.178069 1302541418.0
445499.487639 4635485.165159 1302541420.0
445499.036100 4635512.927021 1302541422.0
445498.670102 4635541.021331 1302541424.0
445499.061180 4635570.442254 1302541426.0
445499.305824 4635602.418073 1302541428.0
445499.636004 4635634.726340 1302541430.0
445499.462326 4635666.261227 1302541432.0
445498.944821 4635696.244276 1302541434.0
445497.666870 4635724.456606 1302541436.0
445496.615797 4635749.780326 1302541438.0
445496.539302 4635772.320748 1302541440.0
445496.917657 4635800.076274 1302541443.0
445496.444939 4635825.062471 1302541447.0
445497.397382 4635851.925336 1302541451.0
445498.246448 4635876.124185 1302541454.0
445500.374229 4635904.754599 1302541457.0
445500.698206 4635925.404389 1302541459.0
445499.366790 4635946.622015 1302541461.0
445501.792498 4635970.808804 1302541464.0
445517.661781 4635984.122477 1302541467.0
445542.536926 4635992.259772 1302541470.0
445563.136687 4635994.767109 1302541472.0
445583.341036 4635999.831302 1302541474.0
445605.121999 4636004.883510 1302541476.0
445630.866536 4636007.351753 1302541478.0
445659.175847 4636008.801217 1302541480.0
445688.662121 4636012.240425 1302541482.0
445719.962950 4636014.222488 1302541484.0
445752.008053 4636015.865919 1302541486.0
445782.383374 4636016.189800 1302541488.0
445810.354771 4636016.865200 1302541490.0
445836.089049 4636018.001858 1302541492.0
445860.757223 4636020.812215 1302541494.0
445886.325513 4636021.950315 1302541496.0
445912.805742 4636022.970548 1302541498.0
445939.615358 4636023.655278 1302541500.0
445967.082076 4636023.446855 1302541502.0
445994.215187 4636023.019001 1302541504.0
446019.435528 4636022.050578 1302541506.0
446041.008073 4636021.554014 1302541508.0
446070.142824 4636022.443688 1302541511.0
446097.274257 4636021.794171 1302541514.0
446117.427728 4636020.198242 1302541519.0
446142.099124 4636023.453682 1302541523.0
446162.692680 4636025.185560 1302541525.0
446185.856957 4636026.676007 1302541527.0
446208.025451 4636028.174049 1302541529.0
446229.595467 4636027.344974 1302541531.0
446251.141188 4636023.296175 1302541533.0
446271.272068 4636018.702948 1302541535.0
446294.494303 4636005.869987 1302541538.0
446301.949444 4635982.052607 1302541541.0
446301.531414 4635959.626991 1302541543.0
446299.838520 4635933.213782 1302541545.0
446298.117991 4635903.136677 1302541547.0
446296.631331 4635871.059207 1302541549.0
446294.397814 4635838.987371 1302541551.0
446294.491166 4635807.342125 1302541553.0
446295.427755 4635777.467060 1302541555.0
446296.710522 4635749.476955 1302541557.0
446297.752718 4635722.599000 1302541559.0
446299.121006 4635694.941353 1302541561.0
446300.066847 4635666.287592 1302541563.0
446300.596935 4635637.525934 1302541565.0
446300.641669 4635610.433437 1302541567.0
446301.118914 4635585.669383 1302541569.0
446301.700073 4635563.680382 1302541571.0
446302.510112 4635539.024855 1302541574.0
446307.889459 4635515.001088 1302541596.0
446315.787745 4635494.844513 1302541600.0
446341.489506 4635491.430901 1302541604.0
446369.729388 4635494.438210 1302541607.0
446395.303630 4635496.133289 1302541610.0
446419.136800 4635498.063621 1302541614.0
