445508.063362 4635488.763664 1303066953.0
445486.731377 4635488.371705 1303066959.0
445463.652405 4635487.438016 1303066962.0
445438.665568 4635486.630047 1303066965.0
445413.849802 4635486.487058 1303066968.0
445387.869657 4635486.019979 1303066971.0
445359.150925 4635485.574001 1303066974.0
445338.733479 4635485.397538 1303066976.0
445317.650428 4635485.004175 1303066978.0
445296.486092 4635484.833565 1303066980.0
445275.488581 4635484.772771 1303066982.0
445254.242106 4635484.713952 1303066984.0
445232.910935 4635484.433780 1303066986.0
445212.408782 4635484.036262 1303066988.0
445192.156442 4635483.747915 1303066990.0
445162.856763 4635483.307197 1303066993.0
445137.044259 4635483.061810 1303066996.0
445115.406786 4635486.115361 1303067000.0
445092.078775 4635485.184793 1303067015.0
445071.066699 4635483.237140 1303067018.0
445046.727404 4635480.315911 1303067021.0
445019.912174 4635479.190413 1303067024.0
444992.191787 4635479.071309 1303067027.0
444965.966888 4635479.162828 1303067030.0
444941.979217 4635478.793016 1303067033.0
444920.981667 4635478.733266 1303067037.0
444900.314348 4635478.448956 1303067044.0
444879.650462 4635478.608815 1303067054.0
444857.651042 4635477.779768 1303067057.0
444831.755502 4635477.536129 1303067060.0
444805.279905 4635477.408113 1303067063.0
444779.052408 4635477.167237 1303067066.0
444751.663082 4635476.935469 1303067069.0
444723.616745 4635477.597175 1303067072.0
444693.243312 4635477.832923 1303067075.0
444672.160170 4635477.441469 1303067077.0
444650.826336 4635476.829958 1303067079.0
444629.570308 4635475.551703 1303067081.0
444608.155202 4635475.163019 1303067083.0
444587.486980 4635474.768590 1303067085.0
444558.103332 4635474.219977 1303067088.0
444530.878219 4635473.765712 1303067091.0
444507.314933 4635474.615431 1303067094.0
444487.229343 4635474.438821 1303067100.0
444466.644095 4635474.044096 1303067104.0
444443.063496 4635472.673484 1303067107.0
444419.732717 4635471.412035 1303067110.0
444391.582577 4635469.411044 1303067113.0
444370.256484 4635469.799617 1303067115.0
444340.628157 4635469.808981 1303067118.0
444314.899380 4635469.676951 1303067121.0
444294.656469 4635470.612453 1303067126.0
444274.245849 4635471.327257 1303067131.0
444248.789496 4635474.191252 1303067137.0
444218.067560 4635472.322107 1303067140.0
444194.415213 4635472.396321 1303067142.0
444172.760659 4635473.232195 1303067144.0
444152.683744 4635474.166800 1303067146.0
444126.793346 4635474.591886 1303067149.0
444106.684208 4635471.418616 1303067155.0
444082.472921 4635463.725206 1303067165.0
444058.889576 4635462.022784 1303067168.0
444031.088671 4635462.241152 1303067171.0
444002.207178 4635462.246055 1303067174.0
443974.736476 4635462.239980 1303067177.0
443948.676564 4635462.222910 1303067180.0
443928.613619 4635464.934582 1303067183.0
443906.551115 4635466.662748 1303067197.0
443881.641673 4635465.193422 1303067201.0
443857.479109 4635463.718296 1303067204.0
443830.079134 4635462.157744 1303067207.0
443800.943408 4635461.499263 1303067210.0
443780.607889 4635461.215583 1303067212.0
443760.187626 4635460.710561 1303067214.0
443739.270309 4635460.320557 1303067216.0
443718.272633 4635460.264351 1303067218.0
443697.770249 4635459.871191 1303067220.0
443677.020655 4635459.702112 1303067222.0
443656.519143 4635459.420098 1303067224.0
443627.472516 4635459.538860 1303067227.0
443600.914643 4635459.527002 1303067230.0
443576.849043 4635459.828606 1303067233.0
443539.266103 4635461.458788 1303067239.0
443512.967760 4635462.777611 1303067246.0
443457.028673 4635462.555189 1303067253.0
443428.303418 4635461.339803 1303067256.0
443398.333333 4635460.134422 1303067259.0
443378.245855 4635459.738884 1303067261.0
443349.196564 4635459.525699 1303067264.0
443322.387942 4635459.294806 1303067267.0
443300.651300 4635460.245018 1303067270.0
443280.758959 4635463.512332 1303067291.0
443257.503789 4635461.365808 1303067306.0
443235.412204 4635459.432157 1303067309.0
443210.753291 4635458.185246 1303067312.0
443188.174378 4635457.588037 1303067315.0
443164.520161 4635457.443615 1303067321.0
443139.956618 4635457.750667 1303067325.0
443115.973106 4635457.942138 1303067328.0
443093.067549 4635458.014044 1303067331.0
443070.750892 4635459.080626 1303067335.0
443064.768624 4635479.003574 1303067341.0
443064.965621 4635503.651613 1303067353.0
443064.566623 4635526.416833 1303067356.0
443063.949727 4635553.069996 1303067359.0
443062.936543 4635582.058049 1303067362.0
443062.340075 4635611.264841 1303067365.0
443062.066684 4635639.358709 1303067368.0
443061.958382 4635667.340224 1303067371.0
443061.529680 4635696.767748 1303067374.0
443061.025987 4635727.195182 1303067377.0
443060.696704 4635748.294339 1303067379.0
443060.120248 4635769.617540 1303067381.0
443059.797186 4635791.493889 1303067383.0
443059.305497 4635813.038484 1303067385.0
443058.647847 4635834.584406 1303067387.0
443058.238264 4635856.017312 1303067389.0
443057.989326 4635876.782727 1303067391.0
443057.902806 4635897.102708 1303067393.0
443057.968504 4635926.082154 1303067396.0
443058.593777 4635952.392302 1303067399.0
443060.671005 4635973.472228 1303067403.0
443067.150690 4635995.072135 1303067421.0
443090.899419 4635996.880962 1303067425.0
443114.067263 4635998.694508 1303067428.0
443140.883626 4636000.145898 1303067431.0
443169.606781 4636001.360106 1303067434.0
443197.746396 4636002.245980 1303067437.0
443222.481988 4636002.937031 1303067440.0
443243.244191 4636004.881207 1303067446.0
443270.222037 4636005.776625 1303067471.0
443296.116695 4636006.125597 1303067474.0
443325.495690 4636006.335902 1303067477.0
443345.746713 4636006.618929 1303067479.0
443366.079833 4636006.790327 1303067481.0
443395.626545 4636007.221656 1303067484.0
443422.934514 4636007.892960 1303067487.0
443443.519214 4636008.395682 1303067490.0
