444271.010643 4635736.723781 1303824639.0
444293.997364 4635736.543978 1303824642.0
444319.892884 4635736.896680 1303824645.0
444345.040671 4635737.144285 1303824648.0
444368.280678 4635737.517912 1303824651.0
444391.011506 4635736.452148 1303824655.0
444410.956390 4635739.960591 1303824673.0
444431.314442 4635743.243798 1303824680.0
444455.209638 4635742.502257 1303824687.0
444471.104467 4635726.833576 1303824697.0
444472.150172 4635701.287617 1303824701.0
444474.183920 4635674.734652 1303824704.0
444475.856320 4635644.409351 1303824707.0
444476.603869 4635623.196043 1303824709.0
444476.936493 4635601.985971 1303824711.0
444477.689246 4635581.438828 1303824713.0
444477.115949 4635561.124089 1303824715.0
444476.897008 4635533.034215 1303824718.0
444476.970299 4635510.493759 1303824721.0
444474.732924 4635489.636824 1303824733.0
444476.366536 4635464.974564 1303824739.0
444476.849579 4635441.764714 1303824742.0
444477.381001 4635414.113133 1303824745.0
444477.967811 4635393.567290 1303824747.0
444478.887446 4635373.129887 1303824749.0
444479.539085 4635350.251829 1303824751.0
444479.524219 4635327.045864 1303824753.0
444479.940743 4635305.946182 1303824755.0
444480.626068 4635276.738934 1303824758.0
444480.739987 4635248.757512 1303824761.0
444482.378021 4635224.650400 1303824764.0
444501.174442 4635208.404040 1303824768.0
444521.675734 4635208.577465 1303824771.0
444547.899924 4635208.262267 1303824774.0
444568.400350 4635208.324799 1303824776.0
444591.059394 4635208.481635 1303824778.0
444615.461241 4635208.624994 1303824780.0
444640.363617 4635209.097648 1303824782.0
444664.849311 4635209.351559 1303824784.0
444688.832747 4635209.054284 1303824786.0
444712.567213 4635208.759021 1303824788.0
444736.637086 4635208.905372 1303824790.0
444761.206622 4635209.269997 1303824792.0
444786.441801 4635209.851615 1303824794.0
444812.256188 4635210.206768 1303824796.0
444838.485524 4635210.558802 1303824798.0
444864.795268 4635210.577209 1303824800.0
444891.604673 4635210.813915 1303824802.0
444918.499639 4635211.383163 1303824804.0
444945.644429 4635212.061614 1303824806.0
444972.619801 4635212.297343 1303824808.0
444999.346197 4635212.535096 1303824810.0
445026.159007 4635213.216417 1303824812.0
445053.467185 4635213.560917 1303824814.0
445080.608522 4635213.795774 1303824816.0
445107.589006 4635214.698176 1303824818.0
445134.648198 4635215.044906 1303824820.0
445161.541403 4635215.393016 1303824822.0
445188.266915 4635215.520450 1303824824.0
445214.578326 4635215.762203 1303824826.0
445240.308799 4635216.008518 1303824828.0
445265.957132 4635216.366590 1303824830.0
445291.605460 4635216.724755 1303824832.0
445317.089508 4635217.306340 1303824834.0
445341.742793 4635217.783357 1303824836.0
445363.820815 4635217.947107 1303824838.0
445391.961393 4635218.619621 1303824841.0
445417.362429 4635219.202201 1303824845.0
445439.359151 4635219.588875 1303824857.0
445464.425665 4635219.841084 1303824862.0
445487.913659 4635219.883391 1303824865.0
445515.474126 4635220.671865 1303824868.0
445535.977854 4635221.181289 1303824870.0
445557.477462 4635221.683162 1303824872.0
445579.472465 4635221.848214 1303824874.0
445601.136351 4635222.126896 1303824876.0
445621.805198 4635222.524273 1303824878.0
445651.273563 4635223.187675 1303824881.0
445680.491256 4635223.631044 1303824884.0
445729.547869 4635224.478546 1303824889.0
445760.011247 4635225.023785 1303824892.0
445781.094175 4635225.307437 1303824894.0
445803.089994 4635225.584207 1303824896.0
445825.747200 4635225.522914 1303824898.0
445848.904035 4635225.679963 1303824900.0
445872.311526 4635226.057250 1303824902.0
445894.971257 4635226.329259 1303824904.0
445923.365744 4635227.668143 1303824907.0
445948.113700 4635229.701006 1303824910.0
445969.540347 4635231.537076 1303824923.0
445973.268903 4635252.605157 1303824928.0
445973.017299 4635274.147557 1303824931.0
445972.467420 4635300.133559 1303824934.0
445972.024955 4635329.338718 1303824937.0
445971.602332 4635350.216217 1303824939.0
445971.174662 4635370.427554 1303824941.0
445970.477731 4635409.849727 1303824945.0
445970.131375 4635429.838383 1303824947.0
445968.100387 4635457.501128 1303824950.0
445966.116192 4635480.389079 1303824954.0
445984.057813 4635493.354966 1303824966.0
446004.215286 4635492.091813 1303824969.0
446030.186077 4635491.339840 1303824972.0
446060.228289 4635491.223333 1303824975.0
446082.387556 4635491.277646 1303824977.0
446104.297859 4635491.333912 1303824979.0
446125.209796 4635491.064695 1303824981.0
446152.354166 4635491.858761 1303824984.0
446173.783318 4635494.139546 1303825000.0
446199.447316 4635496.721512 1303825029.0
446225.929431 4635497.742926 1303825033.0
446251.165054 4635498.551776 1303825036.0
446274.573279 4635499.152430 1303825039.0
