443903.535649 4635473.681639 1303776353.0
443881.368322 4635472.634858 1303776359.0
443850.310804 4635470.325804 1303776362.0
443824.657972 4635469.306673 1303776364.0
443797.097290 4635468.413720 1303776366.0
443768.791461 4635467.748823 1303776368.0
443740.401761 4635466.973667 1303776370.0
443711.763089 4635466.200591 1303776372.0
443683.373373 4635465.425662 1303776374.0
443655.564562 4635464.646252 1303776376.0
443627.843125 4635464.421429 1303776378.0
443601.283513 4635464.187516 1303776380.0
443577.296520 4635463.933325 1303776382.0
443550.323721 4635463.924943 1303776385.0
443529.646554 4635462.423309 1303776414.0
443505.993260 4635462.388782 1303776419.0
443482.419429 4635461.909565 1303776422.0
443454.773901 4635460.796540 1303776425.0
443433.024910 4635460.191968 1303776427.0
443408.452562 4635459.387822 1303776429.0
443382.473825 4635459.150109 1303776431.0
443356.913555 4635459.353301 1303776433.0
443332.598986 4635459.657709 1303776435.0
443309.778200 4635459.950313 1303776437.0
443284.308874 4635461.152349 1303776440.0
443263.719922 4635460.316990 1303776454.0
443238.655810 4635460.294586 1303776458.0
443218.568315 4635459.899498 1303776460.0
443197.819569 4635459.842842 1303776462.0
443176.564039 4635458.679947 1303776465.0
443154.157301 4635458.858712 1303776470.0
443126.606198 4635459.189651 1303776473.0
443105.274756 4635458.915848 1303776475.0
443081.121722 4635458.664653 1303776478.0
443064.123819 4635471.014258 1303776484.0
443064.893744 4635494.658409 1303776510.0
443064.085133 4635518.093109 1303776513.0
443063.171357 4635538.752792 1303776515.0
443062.283323 4635562.632266 1303776517.0
443061.727243 4635586.509087 1303776519.0
443061.663762 4635609.715766 1303776521.0
443061.755604 4635631.588793 1303776523.0
443061.973920 4635658.901491 1303776526.0
443060.986068 4635680.672116 1303776530.0
443057.967087 4635707.899660 1303776534.0
443056.888285 4635728.671704 1303776536.0
443056.417898 4635752.880951 1303776538.0
443056.392615 4635780.861808 1303776540.0
443056.464521 4635810.618439 1303776542.0
443056.287479 4635840.377062 1303776544.0
443056.603902 4635869.576569 1303776546.0
443056.915001 4635898.109914 1303776548.0
443057.130690 4635925.089542 1303776550.0
443056.996700 4635949.851279 1303776552.0
443056.825432 4635969.949871 1303776554.0
443060.240133 4635992.240483 1303776558.0
443080.043018 4635998.744263 1303776562.0
443104.033580 4635999.662926 1303776565.0
443132.837068 4636000.543241 1303776568.0
443153.424483 4636001.378208 1303776570.0
443174.667772 4636001.208692 1303776572.0
443195.331961 4636001.265927 1303776574.0
443222.806834 4636002.046167 1303776577.0
443242.977552 4636002.662645 1303776580.0
443264.141391 4636002.938167 1303776583.0
443289.703250 4636003.178732 1303776586.0
443319.502466 4636004.051873 1303776589.0
443341.996647 4636004.650142 1303776591.0
443365.401855 4636005.019169 1303776593.0
443388.803530 4636004.944163 1303776595.0
443410.879263 4636005.101838 1303776597.0
443434.528116 4636004.802951 1303776600.0
443458.184902 4636005.503387 1303776606.0
443478.364388 4636007.230805 1303776609.0
443498.539460 4636008.403143 1303776611.0
443522.865358 4636009.764691 1303776613.0
443549.506806 4636010.108662 1303776615.0
443577.223490 4636010.000078 1303776617.0
443604.192460 4636009.786487 1303776619.0
443630.254786 4636010.357414 1303776621.0
443657.394108 4636010.697848 1303776623.0
443684.615529 4636010.926701 1303776625.0
443712.085890 4636011.153692 1303776627.0
443739.804316 4636011.267794 1303776629.0
443767.275547 4636011.606025 1303776631.0
443793.751873 4636012.063247 1303776633.0
443816.898429 4636011.214421 1303776635.0
443840.117465 4636009.032690 1303776638.0
443858.787255 4635998.226226 1303776653.0
443862.755193 4635975.210880 1303776656.0
443864.281676 4635947.773412 1303776659.0
443865.349654 4635925.336097 1303776662.0
443868.263384 4635905.438022 1303776676.0
443869.415243 4635883.111082 1303776681.0
443870.242177 4635861.674976 1303776684.0
443870.767674 4635833.579199 1303776687.0
443871.843573 4635812.141134 1303776689.0
443873.578103 4635790.031675 1303776691.0
443875.317894 4635768.588381 1303776693.0
443875.574475 4635748.489184 1303776695.0
443883.204451 4635726.777419 1303776699.0
443905.756183 4635724.046005 1303776703.0
443928.573492 4635723.422221 1303776706.0
443950.977626 4635723.023829 1303776709.0
443972.400791 4635724.520803 1303776723.0
443987.214809 4635740.393205 1303776730.0
444009.240622 4635744.661402 1303776734.0
444033.969128 4635744.356034 1303776738.0
444059.175486 4635741.493215 1303776743.0
444081.817187 4635739.649925 1303776747.0
444103.700711 4635736.369215 1303776755.0
444124.528969 4635736.094768 1303776766.0
444147.603904 4635736.580005 1303776769.0
444176.816213 4635736.573079 1303776772.0
444196.979723 4635736.193020 1303776774.0
444224.116546 4635736.091514 1303776777.0
444246.696169 4635736.914052 1303776780.0
444268.508076 4635735.077851 1303776793.0
444294.812449 4635734.650026 1303776797.0
444322.036597 4635735.103380 1303776800.0
444351.483974 4635733.318789 1303776803.0
444376.543585 4635732.900990 1303776806.0
444399.120592 4635733.390929 1303776809.0
444419.186583 4635741.783944 1303776817.0
444439.431331 4635741.181870 1303776822.0
444456.771498 4635729.943241 1303776828.0
444460.066400 4635705.490081 1303776832.0
444462.682730 4635679.154636 1303776835.0
444466.268941 4635649.480615 1303776838.0
444468.849072 4635629.141291 1303776840.0
444471.348830 4635609.135697 1303776842.0
444473.694651 4635580.026523 1303776845.0
444474.645297 4635552.926836 1303776848.0
444476.433612 4635526.819927 1303776851.0
444477.494095 4635503.161439 1303776854.0
444479.157133 4635482.274103 1303776859.0
444480.473521 4635459.501894 1303776864.0
444482.253237 4635432.284719 1303776867.0
444482.591093 4635411.740816 1303776869.0
444482.511414 4635390.867066 1303776871.0
444483.096512 4635370.099170 1303776873.0
444483.928851 4635349.107280 1303776875.0
444484.514825 4635328.450413 1303776877.0
444484.769711 4635307.907160 1303776879.0
444485.189714 4635287.251587 1303776881.0
444486.302126 4635259.595487 1303776884.0
444485.730582 4635239.502812 1303776890.0
