446314.840654 4634972.661718 1302136917.0
446313.657337 4634947.799170 1302136922.0
446314.316610 4634925.143406 1302136925.0
446314.559246 4634902.268715 1302136928.0
446315.360258 4634876.391919 1302136931.0
446316.137019 4634847.295341 1302136934.0
446316.566572 4634827.195078 1302136936.0
446317.170666 4634797.211537 1302136939.0
446317.683224 4634777.110650 1302136941.0
446318.047545 4634748.350285 1302136944.0
446318.682609 4634722.474746 1302136947.0
446315.112466 4634700.294989 1302136951.0
446292.844325 4634697.131799 1302136955.0
446272.597380 4634697.839603 1302136958.0
446249.358379 4634698.014868 1302136961.0
446224.788922 4634697.867150 1302136964.0
446199.718129 4634697.279168 1302136967.0
446176.642601 4634697.120336 1302136970.0
446156.554104 4634696.827973 1302136975.0
446133.146585 4634696.671791 1302136980.0
446105.258095 4634696.660610 1302136984.0
446081.768415 4634696.616250 1302136987.0
446058.112741 4634696.573225 1302136990.0
446034.291072 4634696.531536 1302136993.0
446012.543473 4634696.363178 1302136996.0
445991.297216 4634696.635220 1302137000.0
445975.035299 4634708.417002 1302137010.0
445976.023520 4634729.283782 1302137014.0
445976.092890 4634749.380296 1302137017.0
445975.598128 4634771.701756 1302137020.0
445975.260942 4634792.911688 1302137023.0
445975.166011 4634813.231517 1302137027.0
445975.406429 4634833.992937 1302137033.0
445975.082722 4634856.979303 1302137037.0
445974.903119 4634877.077709 1302137040.0
445974.901292 4634898.729235 1302137043.0
445974.651328 4634920.493677 1302137046.0
445974.582507 4634944.255348 1302137050.0
445974.420593 4634966.685324 1302137057.0
445973.848768 4634989.784610 1302137061.0
445973.514982 4635011.438658 1302137064.0
445973.367391 4635035.756096 1302137067.0
445972.901305 4635061.852486 1302137070.0
445972.359811 4635088.948749 1302137073.0
445972.151973 4635116.264550 1302137076.0
445971.771421 4635142.693395 1302137079.0
445970.886193 4635168.237801 1302137082.0
445969.739370 4635192.118690 1302137085.0
445968.900943 4635212.888304 1302137088.0
445951.353690 4635230.120559 1302137093.0
445923.798393 4635229.996562 1302137097.0
445900.138577 4635229.176888 1302137100.0
445876.479599 4635228.468320 1302137103.0
445854.818288 4635228.521883 1302137106.0
445834.072402 4635228.901651 1302137109.0
445809.425129 4635229.200121 1302137113.0
445786.524033 4635229.929523 1302137129.0
445764.196264 4635229.655331 1302137133.0
445742.532416 4635229.376154 1302137136.0
445718.626980 4635229.003087 1302137139.0
445693.557983 4635228.416903 1302137142.0
445667.078145 4635227.841567 1302137145.0
445640.762588 4635227.043008 1302137148.0
445613.537519 4635226.695624 1302137151.0
445587.642836 4635226.671284 1302137154.0
445563.407958 4635226.634355 1302137157.0
445542.081983 4635227.130440 1302137160.0
445519.427317 4635227.525715 1302137164.0
445501.516084 4635240.431571 1302137175.0
445501.201600 4635264.417231 1302137179.0
445500.620315 4635286.073228 1302137182.0
445500.050076 4635309.172579 1302137185.0
445500.073508 4635333.932892 1302137188.0
445499.269602 4635359.032637 1302137191.0
445498.543595 4635383.465585 1302137194.0
445498.140205 4635406.674696 1302137197.0
445497.719831 4635427.663266 1302137200.0
445498.666338 4635453.748926 1302137204.0
445499.572919 4635474.616312 1302137226.0
445499.324470 4635496.380804 1302137231.0
445498.239358 4635517.263429 1302137234.0
445496.852890 4635542.145571 1302137237.0
445496.149013 4635569.465233 1302137240.0
445495.702597 4635597.893262 1302137243.0
445495.511941 4635627.207605 1302137246.0
445495.157868 4635656.856301 1302137249.0
445494.804650 4635686.616026 1302137252.0
445495.023835 4635715.261035 1302137255.0
445497.132122 4635741.337816 1302137258.0
445498.556984 4635764.866053 1302137261.0
445499.214597 4635785.735354 1302137265.0
445500.535226 4635806.488548 1302137272.0
445501.567239 4635832.906669 1302137276.0
445502.493329 4635856.327693 1302137279.0
445504.253489 4635880.297504 1302137282.0
445506.092374 4635903.711546 1302137285.0
445507.021843 4635927.576681 1302137288.0
445506.610855 4635949.786567 1302137291.0
445505.641936 4635974.998632 1302137295.0
445505.300348 4635995.431450 1302137299.0
445509.455037 4636017.828474 1302137308.0
445534.359567 4636018.970390 1302137313.0
445559.755185 4636019.220370 1302137317.0
445581.747726 4636019.385406 1302137320.0
445605.235620 4636019.761157 1302137323.0
445628.970759 4636019.913031 1302137326.0
445653.204629 4636020.172213 1302137329.0
445677.605305 4636020.541238 1302137332.0
445702.005977 4636020.910346 1302137335.0
445725.579373 4636021.618943 1302137338.0
445749.399168 4636021.992641 1302137341.0
445772.059761 4636022.708344 1302137344.0
445793.304601 4636022.768692 1302137347.0
445814.716246 4636022.938869 1302137350.0
445836.456435 4636022.662476 1302137353.0
445856.624205 4636022.953271 1302137356.0
445877.704764 4636023.237188 1302137361.0
445898.787007 4636023.743220 1302137382.0
445918.873474 4636024.256876 1302137386.0
445938.960780 4636024.881616 1302137389.0
445960.622192 4636025.161369 1302137392.0
445982.364057 4636025.107476 1302137395.0
446004.690997 4636025.604382 1302137398.0
446027.098389 4636025.767648 1302137401.0
446050.087487 4636026.037612 1302137404.0
446073.161244 4636026.529076 1302137407.0
446097.644833 4636026.898911 1302137410.0
446123.124189 4636027.261298 1302137413.0
446148.187797 4636027.515886 1302137416.0
446173.253080 4636027.992616 1302137419.0
446198.723199 4636027.133974 1302137422.0
446223.009793 4636023.397488 1302137425.0
446246.136353 4636019.891906 1302137428.0
446267.026633 4636016.958438 1302137431.0
446287.084607 4636013.698208 1302137438.0
446294.820470 4635994.097976 1302137444.0
446294.247338 4635973.116965 1302137447.0
446294.477233 4635948.576827 1302137450.0
446294.944359 4635922.480433 1302137453.0
446295.323485 4635895.718502 1302137456.0
446295.783087 4635868.622866 1302137459.0
446295.998769 4635842.195271 1302137462.0
446296.061045 4635817.434335 1302137465.0
446295.404932 4635796.453955 1302137468.0
