444678.040427 4635465.182078 1301762998.0
444700.953643 4635466.114512 1301763005.0
444721.134290 4635467.845460 1301763008.0
444746.791247 4635469.422954 1301763011.0
444773.433714 4635469.660494 1301763014.0
444800.408128 4635469.895562 1301763017.0
444827.963451 4635470.126232 1301763020.0
444853.442362 4635470.151015 1301763023.0
444875.270677 4635470.315171 1301763027.0
444900.079672 4635469.568069 1301763039.0
444924.314624 4635469.713761 1301763042.0
444950.870653 4635469.508497 1301763045.0
444975.935478 4635469.647952 1301763048.0
445002.992002 4635469.772118 1301763051.0
445024.070847 4635469.609415 1301763053.0
445045.483356 4635469.666268 1301763055.0
445066.146407 4635469.395863 1301763057.0
445086.312388 4635469.240383 1301763059.0
445115.860242 4635469.567842 1301763062.0
445144.915296 4635470.565419 1301763065.0
445173.057477 4635471.570141 1301763068.0
445199.618615 4635472.031968 1301763071.0
445227.010476 4635472.598539 1301763074.0
445256.057815 4635472.597326 1301763077.0
445284.679129 4635471.156065 1301763080.0
445309.168122 4635471.967317 1301763083.0
445330.590831 4635473.357352 1301763086.0
445354.418465 4635474.506936 1301763089.0
445379.736458 4635475.201037 1301763092.0
445406.466083 4635475.995443 1301763095.0
445433.276136 4635476.456233 1301763098.0
445458.511973 4635477.262276 1301763101.0
445479.109853 4635479.325274 1301763104.0
445499.777118 4635479.611263 1301763129.0
445507.816343 4635499.868916 1301763140.0
445502.501423 4635521.116999 1301763163.0
445501.912529 4635541.773760 1301763166.0
445501.732883 4635572.531453 1301763169.0
445501.584412 4635596.515857 1301763171.0
445501.524027 4635621.165789 1301763173.0
445500.968280 4635646.152613 1301763175.0
445500.414239 4635671.361493 1301763177.0
445500.112555 4635697.012577 1301763179.0
445499.981943 4635723.328556 1301763181.0
445500.743773 4635746.972900 1301763183.0
445502.591188 4635771.497208 1301763186.0
445504.082024 4635792.804268 1301763200.0
445504.373120 4635820.005294 1301763204.0
445505.929349 4635849.861450 1301763207.0
445507.419315 4635871.057487 1301763209.0
445508.907575 4635892.031470 1301763211.0
445510.730305 4635913.335996 1301763213.0
445511.358406 4635941.200651 1301763216.0
445510.849136 4635961.412681 1301763219.0
445510.423702 4635981.735105 1301763223.0
445510.247215 4636002.055626 1301763228.0
445526.030885 4636015.036871 1301763240.0
445548.109818 4636015.645278 1301763243.0
445568.196349 4636016.157945 1301763245.0
445591.350635 4636016.314133 1301763247.0
445617.161163 4636016.561148 1301763249.0
445645.047063 4636016.903452 1301763251.0
445674.093847 4636017.125976 1301763253.0
445703.060186 4636017.682333 1301763255.0
445731.365207 4636018.576948 1301763257.0
445759.252777 4636019.141753 1301763259.0
445786.058206 4636019.270769 1301763261.0
445811.703587 4636019.630779 1301763263.0
445836.103403 4636019.889320 1301763265.0
445856.847829 4636019.620563 1301763267.0
445881.152005 4636018.214480 1301763270.0
445902.971816 4636017.493552 1301763275.0
445924.970237 4636018.436838 1301763285.0
445952.031338 4636019.452807 1301763288.0
445973.361684 4636019.846144 1301763290.0
445994.857147 4636020.127260 1301763292.0
446016.851335 4636020.515694 1301763294.0
446039.842974 4636021.118706 1301763296.0
446063.165692 4636021.608252 1301763298.0
446086.571386 4636022.097246 1301763300.0
446110.140517 4636022.251979 1301763302.0
446133.383600 4636023.186491 1301763304.0
446156.627514 4636024.232106 1301763306.0
446180.203345 4636025.275289 1301763308.0
446203.353360 4636024.878330 1301763310.0
446226.406984 4636022.705638 1301763312.0
446248.379354 4636020.208079 1301763314.0
446273.582137 4636016.908986 1301763317.0
446293.614161 4636010.206931 1301763321.0
446299.920947 4635988.174743 1301763325.0
446299.808888 4635962.304782 1301763328.0
446299.845216 4635934.101999 1301763331.0
446299.644320 4635907.455475 1301763334.0
446299.804652 4635884.692401 1301763337.0
446299.856055 4635858.488111 1301763341.0
446300.515966 4635835.943339 1301763344.0
446301.244636 4635811.510481 1301763347.0
446301.082255 4635789.971211 1301763350.0
446300.968542 4635763.879204 1301763354.0
446300.921074 4635735.566028 1301763357.0
446301.083101 4635713.025015 1301763359.0
446301.323931 4635689.928241 1301763361.0
446301.400468 4635667.054773 1301763363.0
446301.724290 4635643.957375 1301763365.0
446301.886329 4635621.416364 1301763367.0
446301.982124 4635601.096523 1301763369.0
446301.797996 4635576.670555 1301763372.0
446302.125178 4635554.017269 1301763377.0
446301.941053 4635529.591303 1301763400.0
446302.501301 4635504.826627 1301763403.0
446302.591249 4635483.729600 1301763405.0
446302.997248 4635460.520556 1301763407.0
446303.648867 4635436.865528 1301763409.0
446303.714555 4635412.548717 1301763411.0
446304.033395 4635388.785166 1301763413.0
446304.439412 4635365.576126 1301763415.0
446304.114434 4635344.482230 1301763417.0
446301.751687 4635317.296859 1301763420.0
446301.352081 4635297.313862 1301763424.0
