444277.378327 4635999.047370 1302730977.0
444290.781286 4636015.042463 1302730994.0
444309.696174 4636024.887607 1302731000.0
444328.521952 4636033.956260 1302731004.0
444349.154179 4636040.568097 1302731008.0
444370.162248 4636042.180527 1302731012.0
444393.958720 4636039.551956 1302731016.0
444416.700716 4636040.040646 1302731019.0
444438.008812 4636048.201941 1302731022.0
444457.870686 4636051.822182 1302731024.0
444481.662063 4636059.187004 1302731027.0
444501.835042 4636060.140126 1302731029.0
444528.671551 4636064.261391 1302731032.0
444552.356494 4636057.970095 1302731035.0
444571.607203 4636047.049959 1302731040.0
444588.430791 4636033.483943 1302731043.0
444614.200775 4636028.509042 1302731046.0
444639.594723 4636028.533687 1302731049.0
444667.812613 4636028.869585 1302731052.0
444688.721265 4636028.374081 1302731054.0
444712.872215 4636028.630707 1302731056.0
444739.427029 4636028.535662 1302731058.0
444766.974171 4636027.988886 1302731060.0
444796.753200 4636026.314578 1302731062.0
444826.032635 4636024.422197 1302731064.0
444855.646586 4636022.860448 1302731066.0
444884.512858 4636021.193574 1302731068.0
444912.219981 4636019.868885 1302731070.0
444951.876405 4636018.451940 1302731073.0
444975.606453 4636017.935473 1302731075.0
444996.850497 4636017.882419 1302731077.0
445019.004762 4636017.489300 1302731080.0
445040.580730 4636017.433814 1302731100.0
445065.315121 4636018.020235 1302731104.0
445090.463556 4636018.492516 1302731107.0
445110.797367 4636018.779921 1302731109.0
445133.453793 4636018.938457 1302731111.0
445157.441335 4636019.530951 1302731113.0
445182.752297 4636019.558171 1302731115.0
445207.897295 4636019.586758 1302731117.0
445232.464839 4636020.064009 1302731119.0
445256.864708 4636020.320565 1302731121.0
445281.676921 4636020.240936 1302731123.0
445305.495918 4636020.502122 1302731125.0
445328.484248 4636020.658730 1302731127.0
445350.061896 4636020.826236 1302731129.0
445378.523569 4636020.496876 1302731132.0
445401.498276 4636018.877283 1302731135.0
445422.649958 4636017.604836 1302731138.0
445445.807652 4636018.204659 1302731142.0
445467.299768 4636018.040074 1302731170.0
445491.453228 4636018.632422 1302731175.0
445513.197682 4636018.910179 1302731178.0
445536.520472 4636019.398001 1302731181.0
445563.761190 4636022.187661 1302731184.0
445584.015360 4636022.921159 1302731186.0
445605.348279 4636023.646476 1302731188.0
445626.845459 4636024.148536 1302731190.0
445649.419694 4636024.420374 1302731192.0
445672.493506 4636024.910540 1302731194.0
445696.063507 4636025.174931 1302731196.0
445719.802851 4636025.882243 1302731198.0
445743.708151 4636026.588370 1302731200.0
445767.778562 4636027.182287 1302731202.0
445791.850658 4636027.998339 1302731204.0
445816.334273 4636028.367208 1302731206.0
445840.817039 4636028.625133 1302731208.0
445863.889970 4636029.004892 1302731210.0
445884.304132 4636028.960792 1302731212.0
445910.527804 4636028.983662 1302731215.0
445938.661722 4636029.214197 1302731218.0
445959.327350 4636029.501504 1302731220.0
445979.824488 4636029.457047 1302731222.0
446000.237802 4636029.302252 1302731224.0
446028.850244 4636026.975743 1302731227.0
446052.830064 4636026.572006 1302731230.0
446075.070647 4636026.625653 1302731235.0
446100.098333 4636033.098223 1302731242.0
446126.091508 4636035.566370 1302731245.0
446153.579159 4636038.134346 1302731248.0
446177.236247 4636038.954836 1302731251.0
446199.211068 4636036.790207 1302731254.0
446219.107187 4636034.086174 1302731257.0
446238.982370 4636028.606517 1302731275.0
446261.923691 4636022.548614 1302731281.0
446282.469485 4636017.952287 1302731286.0
446293.923582 4635996.214375 1302731291.0
446295.393174 4635970.998688 1302731294.0
446296.390839 4635949.228600 1302731296.0
446296.957695 4635925.352124 1302731298.0
446297.604192 4635901.030914 1302731300.0
446297.762007 4635877.934759 1302731302.0
446298.181330 4635856.502134 1302731304.0
446298.480005 4635830.073914 1302731307.0
446296.973974 4635806.435138 1302731311.0
446297.804875 4635784.555280 1302731335.0
446300.683598 4635759.106913 1302731339.0
446304.937090 4635728.873746 1302731342.0
446306.179606 4635706.546655 1302731344.0
446306.747371 4635682.781217 1302731346.0
446307.470234 4635657.571176 1302731348.0
446307.939126 4635631.696849 1302731350.0
446308.159903 4635605.935427 1302731352.0
446309.976668 4635582.715746 1302731354.0
446312.169049 4635554.274665 1302731357.0
446311.987469 4635530.181780 1302731361.0
446314.153791 4635509.291171 1302731387.0
446330.961009 4635492.953648 1302731393.0
446352.374205 4635493.125455 1302731396.0
446382.027362 4635496.455270 1302731399.0
446409.436498 4635499.357956 1302731402.0
446430.143697 4635504.975944 1302731407.0
