446253.285023 4635493.539276 1302907099.0
446275.054455 4635496.928132 1302907123.0
446296.430816 4635492.214579 1302907127.0
446299.233386 4635467.655066 1302907131.0
446299.206025 4635442.006554 1302907134.0
446300.214695 4635421.679837 1302907137.0
446302.054092 4635401.457893 1302907148.0
446301.967191 4635378.918768 1302907154.0
446302.090761 4635351.270521 1302907158.0
446302.175700 4635329.507336 1302907161.0
446300.828063 4635304.868082 1302907164.0
446299.399103 4635280.451509 1302907167.0
446299.494083 4635260.020651 1302907172.0
446282.931490 4635242.824308 1302907198.0
446258.352188 4635241.122113 1302907201.0
446237.263485 4635240.059860 1302907203.0
446213.357301 4635239.574107 1302907205.0
446187.374682 4635238.882051 1302907207.0
446161.724016 4635238.187581 1302907209.0
446137.402026 4635237.594192 1302907211.0
446114.495063 4635237.545349 1302907213.0
446093.579022 4635237.370482 1302907215.0
446070.337573 4635236.991213 1302907218.0
446049.076954 4635235.153583 1302907243.0
446022.520090 4635235.354744 1302907249.0
445997.457051 4635235.544681 1302907252.0
445969.480933 4635234.646463 1302907255.0
445949.390563 4635233.910590 1302907257.0
445927.065350 4635233.968970 1302907259.0
445901.917626 4635233.937818 1302907261.0
445875.110095 4635233.919365 1302907263.0
445848.466855 4635233.677698 1302907265.0
445823.152300 4635233.537059 1302907267.0
445799.083441 4635233.498066 1302907269.0
445776.840365 4635233.445258 1302907271.0
445755.759151 4635233.383673 1302907273.0
445734.428120 4635233.213019 1302907275.0
445711.683714 4635232.720099 1302907277.0
445687.361642 4635232.128246 1302907279.0
445664.853495 4635229.968171 1302907281.0
445643.099871 4635228.801712 1302907283.0
445621.938188 4635229.074237 1302907285.0
445596.378866 4635229.491439 1302907288.0
445573.222024 4635229.335211 1302907292.0
445551.061912 4635229.282474 1302907317.0
445530.477766 4635229.106723 1302907320.0
445501.595434 4635229.105538 1302907323.0
445478.022782 4635228.841766 1302907325.0
445452.294078 4635228.816648 1302907327.0
445424.156951 4635228.588004 1302907329.0
445395.687008 4635228.250989 1302907331.0
445366.968090 4635227.915997 1302907333.0
445337.995085 4635226.916868 1302907335.0
445310.853824 4635226.681031 1302907337.0
445284.376482 4635226.440198 1302907339.0
445256.984536 4635225.984424 1302907341.0
445230.176933 4635225.968397 1302907343.0
445204.446494 4635225.722119 1302907345.0
445178.963315 4635225.251964 1302907347.0
445151.489215 4635224.908261 1302907349.0
445121.776080 4635224.803978 1302907351.0
445090.319288 4635224.602225 1302907353.0
445057.532931 4635224.188796 1302907355.0
445024.083502 4635223.891668 1302907357.0
444991.463114 4635223.477263 1302907359.0
444959.755615 4635223.055954 1302907361.0
444929.375099 4635222.513494 1302907363.0
444901.152329 4635221.954476 1302907365.0
444876.579415 4635221.145261 1302907367.0
444854.915459 4635220.868781 1302907369.0
444834.579349 4635220.582086 1302907371.0
444807.686125 4635220.235210 1302907374.0
444785.686756 4635219.517405 1302907377.0
444765.186376 4635219.454248 1302907391.0
444741.450225 4635219.527281 1302907395.0
444711.490645 4635219.759722 1302907398.0
444687.175283 4635220.059498 1302907400.0
444660.121234 4635220.380631 1302907402.0
444631.238806 4635220.382974 1302907404.0
444601.942286 4635220.499688 1302907406.0
444574.227768 4635221.270418 1302907408.0
444548.256919 4635222.138718 1302907410.0
444525.016980 4635221.986542 1302907412.0
444500.032509 4635221.625965 1302907415.0
444486.037454 4635236.280439 1302907419.0
444484.293925 4635257.501492 1302907422.0
444483.363939 4635287.265815 1302907425.0
444483.220597 4635311.472316 1302907427.0
444483.096292 4635338.121414 1302907429.0
444482.814666 4635365.882079 1302907431.0
444482.272831 4635392.201332 1302907433.0
444481.461272 4635415.857875 1302907435.0
444481.375844 4635436.843947 1302907437.0
444482.144525 4635460.932311 1302907440.0
444472.001169 4635479.887133 1302907449.0
444450.852337 4635481.717525 1302907452.0
444424.209017 4635481.370164 1302907455.0
444401.293199 4635480.105539 1302907457.0
444377.655624 4635482.066606 1302907459.0
444354.840997 4635483.133053 1302907461.0
444334.179713 4635483.627576 1302907463.0
444312.665122 4635481.130913 1302907466.0
444290.186789 4635482.750107 1302907475.0
444260.678854 4635487.533323 1302907483.0
444234.449602 4635487.072399 1302907485.0
444209.959604 4635486.153814 1302907487.0
444186.719630 4635485.891722 1302907489.0
444165.214559 4635484.616803 1302907491.0
444143.461386 4635483.454927 1302907494.0
444124.848413 4635491.151207 1302907499.0
444119.588977 4635518.950963 1302907503.0
444119.622449 4635544.377489 1302907506.0
444120.836024 4635572.126473 1302907509.0
444122.780792 4635597.871110 1302907512.0
444123.717525 4635622.069179 1302907515.0
444122.017874 4635648.730679 1302907519.0
444119.203719 4635670.848527 1302907523.0
444112.410654 4635693.552764 1302907528.0
444095.683190 4635708.784655 1302907537.0
444115.240389 4635715.737372 1302907548.0
