443900.849442 4635469.816600 1303648759.0
443879.607213 4635470.317016 1303648784.0
443856.862458 4635469.718996 1303648787.0
443829.385646 4635468.936291 1303648790.0
443799.088119 4635468.286979 1303648793.0
443777.925371 4635468.342935 1303648795.0
443756.348559 4635468.513257 1303648797.0
443734.851228 4635468.238880 1303648799.0
443713.601979 4635467.851573 1303648801.0
443692.518703 4635467.463018 1303648803.0
443671.519289 4635467.184897 1303648805.0
443650.850945 4635466.793184 1303648807.0
443630.516305 4635466.620959 1303648809.0
443610.431506 4635466.557848 1303648811.0
443582.214783 4635466.670226 1303648814.0
443556.160139 4635467.320755 1303648817.0
443534.504730 4635468.047542 1303648820.0
443510.940606 4635468.789531 1303648839.0
443487.540700 4635469.308226 1303648843.0
443463.801795 4635468.941415 1303648846.0
443436.818429 4635467.601136 1303648849.0
443408.591116 4635466.381876 1303648852.0
443380.201346 4635465.608154 1303648855.0
443352.147050 4635465.276016 1303648858.0
443325.340217 4635465.267165 1303648861.0
443301.186342 4635464.904197 1303648864.0
443280.187768 4635464.738256 1303648868.0
443259.766570 4635464.123641 1303648874.0
443233.205151 4635463.669045 1303648878.0
443209.797266 4635463.189408 1303648881.0
443187.554748 4635463.144691 1303648884.0
443166.137678 4635462.538286 1303648890.0
443144.059358 4635462.270326 1303648894.0
443122.646712 4635462.219188 1303648897.0
443100.990422 4635462.836266 1303648900.0
443077.510175 4635463.690053 1303648904.0
443067.043898 4635483.315727 1303648910.0
443066.636017 4635504.970674 1303648924.0
443065.603287 4635531.516125 1303648928.0
443064.963317 4635555.282581 1303648931.0
443064.336664 4635580.714446 1303648934.0
443064.120512 4635605.587860 1303648937.0
443063.896377 4635629.462030 1303648940.0
443063.349178 4635654.449126 1303648943.0
443062.977717 4635680.656196 1303648946.0
443062.700783 4635708.305958 1303648949.0
443062.263210 4635736.623211 1303648952.0
443061.664112 4635765.496929 1303648955.0
443060.736636 4635794.817410 1303648958.0
443060.315504 4635814.806960 1303648960.0
443059.471028 4635844.126780 1303648963.0
443059.369861 4635872.996523 1303648966.0
443059.092080 4635900.535266 1303648969.0
443059.128483 4635925.850812 1303648972.0
443058.565373 4635948.839429 1303648975.0
443058.094127 4635972.937657 1303648979.0
443059.696540 4635996.908273 1303648995.0
443079.335224 4636003.635433 1303648999.0
443104.226151 4636002.992419 1303649003.0
443127.049633 4636003.254276 1303649006.0
443152.522319 4636002.717821 1303649009.0
443179.327142 4636002.726001 1303649012.0
443206.967090 4636003.393829 1303649015.0
443232.693146 4636003.410812 1303649018.0
443254.595857 4636002.681107 1303649024.0
443278.004618 4636003.493956 1303649028.0
443302.078108 4636004.412625 1303649031.0
443328.808767 4636005.532300 1303649034.0
443358.026212 4636006.299197 1303649037.0
443378.192485 4636006.360922 1303649039.0
443406.821990 4636006.244418 1303649042.0
443432.214333 4636006.042704 1303649045.0
443452.634836 4636006.768826 1303649050.0
443475.043366 4636007.035091 1303649055.0
443496.960169 4636008.082568 1303649058.0
443521.950801 4636009.549875 1303649061.0
443548.020179 4636011.008719 1303649064.0
443574.998823 4636012.016318 1303649067.0
443603.302522 4636012.680424 1303649070.0
443633.099000 4636013.221794 1303649073.0
443653.932603 4636013.723155 1303649075.0
443674.762689 4636013.780467 1303649077.0
443695.178745 4636013.952147 1303649079.0
443724.642402 4636014.385497 1303649082.0
443753.274485 4636014.603467 1303649085.0
443779.744668 4636014.283446 1303649088.0
443804.057335 4636013.980545 1303649091.0
443825.289183 4636012.369615 1303649094.0
443847.092282 4636009.532869 1303649100.0
443860.627572 4635989.551056 1303649105.0
443862.695688 4635967.661026 1303649108.0
443863.582817 4635943.337554 1303649111.0
443864.453328 4635916.904565 1303649114.0
443865.236491 4635889.917096 1303649117.0
443866.018787 4635862.818600 1303649120.0
443866.714608 4635835.276651 1303649123.0
443868.407118 4635807.837883 1303649126.0
443870.440329 4635781.506773 1303649129.0
443871.579101 4635757.514430 1303649132.0
443874.802997 4635734.838067 1303649136.0
443893.824745 4635726.471691 1303649140.0
443914.078261 4635726.978395 1303649143.0
443935.751251 4635728.584326 1303649146.0
443958.992205 4635729.067645 1303649149.0
443983.563527 4635729.873680 1303649152.0
444008.881705 4635730.673930 1303649155.0
444033.196208 4635730.482848 1303649158.0
444055.599449 4635729.973758 1303649161.0
444076.181387 4635730.034207 1303649165.0
444098.008093 4635730.084947 1303649171.0
444123.084264 4635731.775773 1303649175.0
444146.321701 4635731.815595 1303649178.0
444170.055303 4635731.629535 1303649181.0
444193.962704 4635732.441499 1303649184.0
444216.625328 4635733.263292 1303649187.0
444241.938238 4635733.398205 1303649191.0
444266.655486 4635731.650292 1303649197.0
444292.629670 4635731.447110 1303649201.0
444316.614826 4635731.592673 1303649204.0
444341.020976 4635732.512266 1303649207.0
444365.429720 4635733.765023 1303649210.0
444389.420064 4635734.576995 1303649213.0
444412.992013 4635734.948176 1303649216.0
444435.690101 4635740.322781 1303649221.0
444457.328276 4635737.489208 1303649226.0
444469.884691 4635719.403811 1303649230.0
444471.579560 4635691.965214 1303649234.0
444473.541576 4635666.856249 1303649237.0
444475.827761 4635640.745454 1303649240.0
444477.196793 4635614.086640 1303649243.0
444477.896756 4635586.766838 1303649246.0
444478.684906 4635560.112555 1303649249.0
444479.652017 4635535.122386 1303649252.0
444480.397001 4635513.576001 1303649255.0
444481.213730 4635490.585617 1303649259.0
444490.934370 4635470.634797 1303649266.0
444513.908106 4635468.679277 1303649270.0
444536.161763 4635470.171489 1303649273.0
444560.724373 4635469.758224 1303649276.0
444587.032315 4635469.664568 1303649279.0
444611.932057 4635469.915061 1303649282.0
444634.838366 4635469.959065 1303649285.0
444655.006946 4635470.135446 1303649288.0
444675.841148 4635470.528782 1303649292.0
444701.502418 4635472.661249 1303649296.0
444725.745991 4635473.916537 1303649299.0
444751.650166 4635475.270062 1303649302.0
444777.967546 4635476.398410 1303649305.0
444803.615854 4635476.865837 1303649308.0
444829.015194 4635477.335284 1303649311.0
444852.257714 4635477.932552 1303649314.0
444873.173142 4635478.103768 1303649318.0
444897.830735 4635479.245403 1303649324.0
444922.409622 4635480.942901 1303649328.0
444945.901938 4635481.649577 1303649331.0
444972.878862 4635482.218378 1303649334.0
444999.771935 4635482.676895 1303649337.0
445027.822544 4635482.571412 1303649340.0
445055.293095 4635482.581548 1303649343.0
445083.011751 4635482.478842 1303649346.0
445110.242747 4635483.712407 1303649349.0
445138.638976 4635485.381237 1303649352.0
445168.277436 4635486.707517 1303649355.0
445188.948124 4635487.436712 1303649357.0
445209.948194 4635487.830333 1303649359.0
445230.945700 4635487.890934 1303649361.0
445251.781496 4635488.508008 1303649363.0
445272.703687 4635489.568614 1303649365.0
445294.041660 4635490.737122 1303649367.0
445314.958722 4635491.131689 1303649369.0
445335.873225 4635491.193237 1303649371.0
445356.703887 4635491.144455 1303649373.0
445386.250768 4635491.362006 1303649376.0
445414.553686 4635491.700246 1303649379.0
445442.031829 4635492.711116 1303649382.0
445465.359750 4635493.642829 1303649385.0
