446319.759362 4634953.526926 1302190262.0
446318.597099 4634975.520280 1302190290.0
446317.682149 4634997.289706 1302190294.0
446317.859497 4635020.827435 1302190297.0
446317.131459 4635045.371287 1302190300.0
446317.373399 4635066.465798 1302190304.0
446319.481314 4635092.875850 1302190330.0
446319.677065 4635118.856178 1302190333.0
446319.584526 4635139.620112 1302190335.0
446319.005754 4635161.942177 1302190337.0
446318.762297 4635184.705849 1302190339.0
446318.606017 4635208.024033 1302190341.0
446318.625759 4635232.673291 1302190343.0
446319.814891 4635258.313039 1302190345.0
446320.682097 4635285.287615 1302190347.0
446321.146065 4635313.819697 1302190349.0
446321.616725 4635343.239997 1302190351.0
446321.843437 4635373.328338 1302190353.0
446321.821186 4635403.418555 1302190355.0
446321.630453 4635433.176943 1302190357.0
446321.183233 4635461.937965 1302190359.0
446320.982470 4635490.364031 1302190361.0
446320.786732 4635519.456260 1302190363.0
446320.347059 4635549.216530 1302190365.0
446320.235153 4635578.419164 1302190367.0
446319.793819 4635607.957383 1302190369.0
446319.277035 4635638.495472 1302190371.0
446318.247288 4635667.038827 1302190373.0
446317.844614 4635690.691985 1302190375.0
446317.446966 4635715.011308 1302190378.0
446315.309999 4635739.787874 1302190406.0
446312.345719 4635764.903777 1302190409.0
446311.756190 4635785.782512 1302190411.0
446311.521195 4635809.656479 1302190413.0
446311.304615 4635835.973045 1302190415.0
446310.772008 4635864.401630 1302190417.0
446309.494239 4635893.057901 1302190419.0
446307.956656 4635920.272696 1302190421.0
446305.733472 4635944.605790 1302190423.0
446304.557259 4635964.711720 1302190425.0
446303.894846 4635986.923415 1302190428.0
446302.982659 4636009.025960 1302190447.0
446292.593913 4636028.979288 1302190451.0
446270.492448 4636036.363159 1302190454.0
446250.100946 4636039.403887 1302190456.0
446227.720437 4636042.792791 1302190458.0
446203.842102 4636045.637910 1302190460.0
446180.449084 4636046.813940 1302190462.0
446146.675089 4636046.958195 1302190465.0
446123.682708 4636046.243812 1302190467.0
446099.613252 4636045.759721 1302190469.0
446075.547994 4636045.830847 1302190471.0
446051.893434 4636045.343775 1302190473.0
446030.894255 4636044.836661 1302190475.0
446006.742643 4636044.464540 1302190478.0
445985.249781 4636044.516471 1302190482.0
445963.502921 4636043.904192 1302190487.0
445942.847447 4636044.949200 1302190492.0
445922.597609 4636044.769818 1302190513.0
445893.707646 4636043.323722 1302190517.0
445873.622918 4636043.032191 1302190519.0
445851.128367 4636042.314904 1302190521.0
445826.054649 4636040.729035 1302190523.0
445799.907236 4636039.817626 1302190525.0
445773.432118 4636039.463977 1302190527.0
445746.538709 4636038.669478 1302190529.0
445719.565695 4636038.319821 1302190531.0
445692.342888 4636037.861138 1302190533.0
445665.617114 4636037.287733 1302190535.0
445639.476437 4636037.265131 1302190537.0
445614.993681 4636037.007898 1302190539.0
445593.250140 4636036.840857 1302190541.0
445565.196653 4636036.277971 1302190544.0
445544.365896 4636036.104104 1302190547.0
445523.786627 4636036.261476 1302190575.0
445499.388537 4636036.226060 1302190581.0
445477.668782 4636039.168135 1302190584.0
445457.417193 4636038.768021 1302190589.0
445432.763359 4636037.846522 1302190614.0
445407.023957 4636036.045159 1302190617.0
445386.269358 4636034.982900 1302190619.0
445363.275968 4636034.159943 1302190621.0
445339.122543 4636033.568030 1302190623.0
445314.308674 4636033.425405 1302190625.0
445288.331363 4636033.069735 1302190627.0
445261.441257 4636032.721176 1302190629.0
445234.220077 4636032.486297 1302190631.0
445206.916765 4636032.363188 1302190633.0
445179.614306 4636032.351211 1302190635.0
445152.975693 4636032.334226 1302190637.0
445127.246448 4636031.866200 1302190639.0
445102.099776 4636031.615844 1302190641.0
445076.620321 4636031.257109 1302190643.0
445050.056968 4636030.240624 1302190645.0
445022.837471 4636030.228608 1302190647.0
444994.785589 4636029.890022 1302190649.0
444966.075002 4636030.222840 1302190651.0
444937.119763 4636031.112834 1302190653.0
444908.245794 4636031.780249 1302190655.0
444879.955272 4636032.776368 1302190657.0
444852.912051 4636034.096044 1302190659.0
444826.862030 4636035.075027 1302190661.0
444801.885605 4636035.379581 1302190663.0
444779.147947 4636035.444798 1302190665.0
444750.680291 4636034.999363 1302190668.0
444730.590267 4636034.044892 1302190671.0
444710.012694 4636034.426669 1302190694.0
444683.124251 4636034.302347 1302190700.0
444655.733606 4636033.626859 1302190703.0
444634.071237 4636033.240047 1302190705.0
444611.076849 4636032.308490 1302190707.0
444588.085910 4636031.821116 1302190709.0
444546.164905 4636030.148769 1302190713.0
444521.683750 4636030.117348 1302190716.0
444499.367023 4636030.957416 1302190721.0
444478.673677 4636037.780736 1302190734.0
444474.120749 4636017.941143 1302190742.0
444474.045334 4635997.622509 1302190744.0
444473.370872 4635974.976832 1302190746.0
444473.230542 4635946.331157 1302190749.0
444476.547019 4635924.653676 1302190751.0
444480.529110 4635903.193078 1302190754.0
444480.954214 4635883.203648 1302190759.0
444479.110220 4635859.567786 1302190762.0
444479.199066 4635839.025809 1302190764.0
444480.987299 4635812.918889 1302190766.0
444480.802106 4635789.159065 1302190768.0
444478.853476 4635762.748172 1302190771.0
444478.362303 4635742.321754 1302190776.0
444478.732037 4635715.226589 1302190780.0
444479.332559 4635685.797914 1302190783.0
444479.813757 4635651.706745 1302190786.0
444480.035711 4635626.944448 1302190788.0
444480.418448 4635601.514696 1302190790.0
444480.384443 4635565.206869 1302190793.0
444481.141372 4635523.896353 1302190797.0
444480.964850 4635501.246812 1302190801.0
444443.353156 4635477.889819 1302190828.0
444423.175921 4635476.603766 1302190830.0
444401.678675 4635476.327377 1302190832.0
444380.681085 4635476.269220 1302190834.0
444360.518573 4635476.870806 1302190836.0
444334.139804 4635478.520326 1302190839.0
444312.070322 4635479.359019 1302190842.0
444291.249130 4635480.632154 1302190848.0
444273.707971 4635466.223903 1302190854.0
444252.569143 4635458.727952 1302190858.0
444229.253050 4635459.354588 1302190860.0
444203.449065 4635460.222854 1302190862.0
444179.137995 4635460.968481 1302190864.0
444157.586412 4635464.357375 1302190866.0
444132.968658 4635468.325551 1302190869.0
444114.701542 4635477.795688 1302190874.0
444094.276139 4635476.623546 1302190901.0
444058.647429 4635473.461189 1302190906.0
444029.346684 4635472.914105 1302190909.0
443987.350565 4635472.689020 1302190913.0
443959.547952 4635472.685614 1302190916.0
443935.323417 4635473.875530 1302190920.0
443915.601201 4635477.694898 1302190927.0
