446287.241842 4635495.281760 1302014586.0
446302.147020 4635479.846779 1302014614.0
446302.456640 4635454.861927 1302014618.0
446302.670724 4635428.212295 1302014621.0
446302.680201 4635407.448977 1302014623.0
446302.932788 4635385.906593 1302014625.0
446302.440990 4635364.702921 1302014627.0
446301.542615 4635344.612649 1302014629.0
446299.608195 4635319.200584 1302014632.0
446299.850738 4635296.325878 1302014636.0
446300.349787 4635274.448540 1302014641.0
446300.442259 4635253.684602 1302014648.0
446279.339475 4635239.742459 1302014653.0
446255.017507 4635239.148668 1302014656.0
446224.558454 4635239.156448 1302014659.0
446203.642426 4635238.981258 1302014661.0
446175.253088 4635238.307421 1302014664.0
446152.259782 4635237.814976 1302014668.0
446131.342066 4635237.417944 1302014676.0
446111.173777 4635237.348404 1302014680.0
446090.173064 4635236.952121 1302014683.0
446065.023680 4635236.698340 1302014686.0
446037.217765 4635236.353735 1302014689.0
446007.333726 4635235.580855 1302014692.0
445986.829255 4635234.959048 1302014694.0
445966.077492 4635234.561243 1302014696.0
445944.828628 4635234.278303 1302014698.0
445922.500888 4635234.003616 1302014700.0
445899.675204 4635233.732780 1302014702.0
445876.433722 4635233.354142 1302014704.0
445852.694294 4635232.979365 1302014706.0
445828.622902 4635232.607191 1302014708.0
445804.469361 4635232.346757 1302014710.0
445780.563942 4635231.973483 1302014712.0
445756.574683 4635231.489894 1302014714.0
445733.083362 4635231.002592 1302014716.0
445709.012796 4635230.741849 1302014718.0
445684.527275 4635230.484351 1302014720.0
445659.958761 4635230.227571 1302014722.0
445636.218453 4635229.742488 1302014724.0
445612.810948 4635229.365976 1302014726.0
445590.151201 4635229.094865 1302014728.0
445561.845563 4635228.533864 1302014731.0
445539.352638 4635228.372672 1302014735.0
445518.269697 4635228.089736 1302014751.0
445497.104613 4635227.918523 1302014755.0
445473.282135 4635227.545645 1302014758.0
445443.980590 4635226.992735 1302014761.0
445422.232013 4635226.493112 1302014763.0
445399.571388 4635226.111579 1302014765.0
445376.245133 4635225.513155 1302014767.0
445352.089821 4635225.032200 1302014769.0
445328.014939 4635224.217608 1302014771.0
445303.526803 4635223.628338 1302014773.0
445279.123357 4635223.260569 1302014775.0
445254.887594 4635223.113662 1302014777.0
445231.480880 4635222.849430 1302014779.0
445208.820223 4635222.468504 1302014781.0
445185.992727 4635221.977900 1302014783.0
445163.000100 4635221.599673 1302014785.0
445140.755238 4635221.326797 1302014787.0
445118.676355 4635221.052711 1302014789.0
445096.265507 4635220.781252 1302014791.0
445073.270298 4635220.070233 1302014793.0
445049.529882 4635219.587105 1302014795.0
445025.624337 4635219.216363 1302014797.0
445001.305550 4635219.070959 1302014799.0
444976.406685 4635219.041151 1302014801.0
444951.752500 4635218.454372 1302014803.0
444926.685931 4635218.203966 1302014805.0
444901.534651 4635217.732237 1302014807.0
444877.048150 4635217.366486 1302014809.0
444853.726950 4635217.435935 1302014811.0
444832.976737 4635217.263483 1302014813.0
444805.005484 4635217.035999 1302014816.0
444782.595454 4635216.876553 1302014819.0
444762.269656 4635217.922389 1302014847.0
444739.615821 4635218.431172 1302014854.0
444713.220522 4635218.080790 1302014858.0
444687.988810 4635217.943540 1302014861.0
444658.859990 4635218.280785 1302014864.0
444637.447565 4635218.336115 1302014866.0
444615.039253 4635218.399250 1302014868.0
444592.798648 4635218.683220 1302014870.0
444571.887621 4635219.178982 1302014872.0
444545.085994 4635219.942723 1302014875.0
444520.774088 4635220.687176 1302014878.0
444497.145140 4635223.869136 1302014882.0
444488.616271 4635247.696832 1302014887.0
444487.951609 4635268.909478 1302014890.0
444487.659572 4635295.337814 1302014893.0
444487.554283 4635324.429508 1302014896.0
444486.955390 4635354.080220 1302014899.0
444486.287289 4635374.848762 1302014901.0
444485.617464 4635395.395250 1302014903.0
444484.924356 4635423.603259 1302014906.0
444485.500227 4635444.251076 1302014909.0
444482.927755 4635465.589631 1302014938.0
444463.437008 4635477.844250 1302014946.0
444439.361094 4635476.810614 1302014950.0
444417.023579 4635475.208326 1302014953.0
444385.994890 4635476.560835 1302014957.0
444363.176777 4635477.183146 1302014960.0
444341.019964 4635477.467261 1302014963.0
444316.378732 4635478.437069 1302014967.0
444295.899037 4635480.928894 1302014982.0
444275.161708 4635482.312455 1302015001.0
444253.991202 4635481.367752 1302015006.0
444228.926360 4635481.230837 1302015010.0
444205.273174 4635481.193988 1302015013.0
444178.711941 4635480.735869 1302015016.0
444152.318420 4635480.498601 1302015019.0
444131.567178 4635480.106145 1302015022.0
444110.981908 4635479.712447 1302015026.0
444091.867548 4635486.968611 1302015034.0
444091.875846 4635509.175349 1302015038.0
444091.899832 4635533.380576 1302015041.0
444091.164739 4635556.037285 1302015044.0
444090.757242 4635578.136254 1302015047.0
444090.431864 4635600.123546 1302015050.0
444089.517745 4635621.116153 1302015054.0
444088.761762 4635641.108213 1302015058.0
444088.135829 4635667.095091 1302015062.0
444086.895019 4635688.756470 1302015065.0
444087.811825 4635710.400913 1302015069.0
444098.668485 4635729.635628 1302015078.0
444118.647516 4635737.473315 1302015084.0
444138.437894 4635742.425651 1302015112.0
444160.609552 4635744.139388 1302015116.0
444183.273885 4635745.183128 1302015120.0
444206.503448 4635744.223901 1302015124.0
444227.982517 4635742.279148 1302015127.0
444248.643918 4635741.895337 1302015130.0
