446241.422886 4635494.294984 1301922015.0
446266.083471 4635495.885461 1301922027.0
446289.823652 4635496.483662 1301922031.0
446305.489108 4635482.819489 1301922035.0
446304.368703 4635455.291648 1301922039.0
446304.169528 4635428.867198 1301922042.0
446304.348333 4635408.546737 1301922044.0
446304.601761 4635387.115381 1301922046.0
446304.185425 4635364.911840 1301922048.0
446302.778243 4635343.381968 1301922050.0
446301.793531 4635322.848213 1301922052.0
446301.259049 4635295.982163 1301922055.0
446301.261837 4635274.330632 1301922058.0
446301.179126 4635252.346647 1301922063.0
446282.399226 4635238.275953 1301922069.0
446254.667957 4635236.819604 1301922073.0
446228.194936 4635237.130399 1301922076.0
446201.468752 4635236.888038 1301922079.0
446174.740048 4635236.312696 1301922082.0
446147.352453 4635236.408635 1301922085.0
446119.879347 4635236.172225 1301922088.0
446091.909137 4635236.050717 1301922091.0
446063.358833 4635236.044743 1301922094.0
446034.978712 4635236.592762 1301922097.0
446013.246222 4635238.200851 1301922100.0
445992.496997 4635238.136050 1301922122.0
445971.658045 4635237.183722 1301922148.0
445946.654413 4635234.264450 1301922152.0
445919.513240 4635234.026294 1301922155.0
445898.680164 4635233.851369 1301922157.0
445877.098487 4635233.460125 1301922159.0
445855.765777 4635233.067055 1301922161.0
445834.101103 4635232.676572 1301922163.0
445812.020629 4635232.178284 1301922165.0
445789.360065 4635231.795511 1301922167.0
445765.619777 4635231.309997 1301922169.0
445741.049583 4635230.830883 1301922171.0
445715.981442 4635230.355647 1301922173.0
445690.499191 4635229.994690 1301922175.0
445664.849261 4635229.413035 1301922177.0
445638.865671 4635228.611952 1301922179.0
445612.305378 4635228.370534 1301922181.0
445585.663788 4635228.351903 1301922183.0
445559.186479 4635228.110049 1301922185.0
445532.958987 4635227.977417 1301922187.0
445506.811935 4635227.511165 1301922189.0
445480.581888 4635227.045645 1301922191.0
445454.019023 4635226.471735 1301922193.0
445427.042902 4635226.123157 1301922195.0
445400.313196 4635225.439692 1301922197.0
445373.750314 4635224.866082 1301922199.0
445346.692039 4635224.629472 1301922201.0
445319.302651 4635224.506539 1301922203.0
445291.661731 4635224.052543 1301922205.0
445263.855678 4635223.710956 1301922207.0
445235.798943 4635223.149337 1301922209.0
445207.577074 4635222.700132 1301922211.0
445179.107083 4635222.363982 1301922213.0
445150.803067 4635222.026668 1301922215.0
445122.336488 4635222.134853 1301922217.0
445093.866484 4635221.799044 1301922219.0
445065.645447 4635221.461428 1301922221.0
445037.340559 4635221.013537 1301922223.0
445008.702846 4635220.457294 1301922225.0
444980.232822 4635220.121939 1301922227.0
444951.678946 4635219.676311 1301922229.0
444923.374894 4635219.339900 1301922231.0
444895.899024 4635218.775128 1301922233.0
444870.582621 4635218.415819 1301922235.0
444849.004225 4635218.471797 1301922237.0
444824.268749 4635218.108155 1301922240.0
444803.184853 4635217.716307 1301922244.0
444782.515906 4635217.321305 1301922272.0
444756.451708 4635216.857163 1301922276.0
444732.132892 4635216.712677 1301922279.0
444706.072133 4635216.692828 1301922282.0
444678.267708 4635216.575580 1301922285.0
444652.125679 4635216.778627 1301922288.0
444626.478142 4635216.533791 1301922291.0
444600.253121 4635216.737673 1301922294.0
444576.022464 4635217.259238 1301922297.0
444555.359540 4635217.642085 1301922301.0
444533.539936 4635218.700200 1301922313.0
444513.213302 4635219.635720 1301922323.0
444491.181069 4635225.359042 1301922334.0
444486.689328 4635245.380135 1301922338.0
444487.608402 4635267.468712 1301922341.0
444488.141073 4635293.224418 1301922344.0
444488.109254 4635321.094168 1301922347.0
444487.992719 4635348.742511 1301922350.0
444487.189783 4635373.509323 1301922353.0
444486.966044 4635398.049554 1301922356.0
444487.573921 4635422.805375 1301922359.0
444487.918990 4635445.786702 1301922363.0
444487.083196 4635466.334485 1301922376.0
444469.903113 4635476.905572 1301922382.0
444443.497484 4635475.112845 1301922386.0
444419.011816 4635474.748677 1301922389.0
444392.540508 4635475.177330 1301922392.0
444367.501668 4635478.370743 1301922395.0
444345.345726 4635478.765872 1301922398.0
444321.360588 4635478.731231 1301922402.0
444300.288695 4635479.784231 1301922424.0
444292.565787 4635457.970931 1301922438.0
444287.846033 4635438.132764 1301922443.0
444259.295544 4635438.023001 1301922449.0
444229.437236 4635440.477372 1301922452.0
444208.696320 4635441.417016 1301922454.0
444188.287360 4635442.354120 1301922456.0
444159.520987 4635446.465739 1301922459.0
444136.829305 4635452.639482 1301922462.0
444116.908484 4635462.899819 1301922467.0
444107.848416 4635482.290814 1301922474.0
444096.442100 4635498.813350 1301922479.0
444077.150315 4635515.175737 1301922483.0
444067.271017 4635535.905628 1301922486.0
444067.102089 4635556.670317 1301922488.0
444068.263563 4635577.757663 1301922490.0
444069.418929 4635598.067820 1301922492.0
444071.494109 4635619.259028 1301922494.0
444073.483678 4635640.117807 1301922496.0
444073.277086 4635666.656565 1301922499.0
444071.774290 4635686.654493 1301922502.0
444079.479344 4635706.135994 1301922505.0
444088.334814 4635724.165030 1301922510.0
444110.359739 4635728.322512 1301922516.0
