446115.116996 4635231.988974 1303839719.0
446091.710391 4635231.721917 1303839729.0
446068.307146 4635231.899045 1303839732.0
446039.506171 4635231.672998 1303839735.0
446018.670573 4635231.164640 1303839737.0
445997.004227 4635230.551608 1303839739.0
445974.509658 4635230.166989 1303839741.0
445951.517143 4635229.786218 1303839743.0
445927.942850 4635229.298904 1303839745.0
445904.866494 4635228.807887 1303839747.0
445883.202656 4635228.528281 1303839749.0
445857.552749 4635227.945933 1303839752.0
445835.473108 4635227.558600 1303839757.0
445813.310473 4635227.171965 1303839761.0
445789.571863 4635226.908425 1303839764.0
445761.433072 4635226.456396 1303839767.0
445729.556327 4635225.588817 1303839770.0
445707.143857 4635225.093382 1303839772.0
445621.233587 4635223.750005 1303839780.0
445598.578062 4635224.034001 1303839782.0
445578.495239 4635224.298417 1303839784.0
445553.681965 4635224.599040 1303839787.0
445531.684422 4635224.100986 1303839790.0
445507.695106 4635223.618234 1303839793.0
445480.635990 4635223.270089 1303839796.0
445450.256403 4635222.836435 1303839799.0
445428.593355 4635222.669239 1303839801.0
445406.431512 4635222.394897 1303839803.0
445383.772575 4635222.235469 1303839805.0
445361.194071 4635221.742395 1303839807.0
445338.534276 4635221.472083 1303839809.0
445315.790635 4635221.091453 1303839811.0
445292.798872 4635220.823835 1303839813.0
445269.060192 4635220.562029 1303839815.0
445244.242633 4635220.308594 1303839817.0
445218.595166 4635220.061627 1303839819.0
445192.532743 4635219.817944 1303839821.0
445166.799715 4635219.238721 1303839823.0
445141.316508 4635218.768700 1303839825.0
445116.084833 4635218.629934 1303839827.0
445090.769310 4635218.380869 1303839829.0
445065.701042 4635217.907921 1303839831.0
445041.048579 4635217.542887 1303839833.0
445017.060036 4635217.172814 1303839835.0
444993.488156 4635217.021672 1303839837.0
444970.579340 4635216.754452 1303839839.0
444948.250597 4635216.371790 1303839841.0
444926.335945 4635215.874964 1303839843.0
444904.588987 4635215.598975 1303839845.0
444882.675186 4635215.213309 1303839847.0
444860.844373 4635214.827069 1303839849.0
444839.431087 4635214.770764 1303839851.0
444812.042479 4635214.760808 1303839854.0
444790.047396 4635214.598125 1303839858.0
444765.889391 4635213.786075 1303839877.0
444738.088404 4635214.112702 1303839881.0
444710.205290 4635214.551108 1303839884.0
444689.125680 4635214.714733 1303839886.0
444666.718222 4635214.888733 1303839888.0
444643.729829 4635215.067318 1303839890.0
444621.239379 4635215.242106 1303839892.0
444598.999628 4635215.637083 1303839894.0
444577.009714 4635216.141219 1303839896.0
444555.269637 4635216.754514 1303839898.0
444534.359469 4635217.361413 1303839900.0
444507.557837 4635218.125295 1303839903.0
444488.036947 4635226.604913 1303839907.0
444485.396090 4635249.831567 1303839911.0
444485.249277 4635273.593958 1303839914.0
444485.142264 4635302.463597 1303839917.0
444484.211420 4635332.116895 1303839920.0
444483.271068 4635360.548896 1303839923.0
444481.882905 4635384.765100 1303839926.0
444481.225208 4635406.865970 1303839929.0
444480.889951 4635427.742954 1303839933.0
444478.728964 4635448.634168 1303839952.0
444474.501089 4635470.540799 1303839981.0
444454.698210 4635474.692400 1303839986.0
444433.019397 4635472.418722 1303839989.0
444409.595230 4635469.825628 1303839992.0
444385.100005 4635468.240277 1303839995.0
444361.099226 4635466.207013 1303839998.0
444331.222788 4635466.329387 1303840002.0
444306.281684 4635471.409828 1303840006.0
444288.449392 4635462.222413 1303840027.0
444266.558400 4635475.273585 1303840041.0
444237.077813 4635472.950511 1303840044.0
444216.232268 4635471.115105 1303840046.0
444195.641763 4635470.054999 1303840048.0
444165.365187 4635472.068782 1303840050.0
444135.434508 4635475.856525 1303840052.0
444114.270054 4635475.689427 1303840056.0
444100.106832 4635489.901871 1303840061.0
444097.207940 4635511.798319 1303840065.0
444095.805446 4635534.016129 1303840068.0
444095.340213 4635559.335536 1303840071.0
444094.211967 4635584.771182 1303840074.0
444094.063007 4635608.089497 1303840077.0
444092.896436 4635628.639949 1303840080.0
444091.938544 4635654.629432 1303840084.0
444090.477521 4635679.956660 1303840088.0
444088.579799 4635702.511467 1303840092.0
444091.066338 4635723.255318 1303840101.0
444112.076284 4635724.978022 1303840107.0
