443987.342445 4635524.430947 1301972770.0
443966.152798 4635521.044502 1301972775.0
443935.343612 4635518.622095 1301972778.0
443908.600774 4635516.167800 1301972780.0
443876.801819 4635514.530677 1301972782.0
443842.685333 4635513.689203 1301972784.0
443806.330808 4635513.198649 1301972786.0
443768.233543 4635512.722037 1301972788.0
443729.722210 4635512.359934 1301972790.0
443692.698497 4635511.209040 1301972792.0
443658.002803 4635510.595097 1301972794.0
443627.954386 4635509.944545 1301972796.0
443603.629448 4635508.915704 1301972798.0
443578.645878 4635508.558366 1301972801.0
443557.450690 4635504.506972 1301972827.0
443531.119060 4635501.606697 1301972831.0
443511.032593 4635501.321813 1301972833.0
443483.710366 4635499.095772 1301972835.0
443454.565920 4635497.328437 1301972837.0
443423.844697 4635495.573743 1301972839.0
443392.626413 4635493.934166 1301972841.0
443363.821812 4635493.163808 1301972843.0
443338.744576 4635491.475645 1301972845.0
443311.103548 4635490.918314 1301972848.0
443290.255117 4635488.752534 1301972871.0
443264.752294 4635485.735608 1301972876.0
443243.998319 4635485.012655 1301972878.0
443221.177613 4635485.305543 1301972880.0
443201.010740 4635485.355276 1301972882.0
443177.778639 4635486.095721 1301972886.0
443158.071598 4635481.367434 1301972890.0
443130.985713 4635477.586377 1301972893.0
443105.150822 4635474.572671 1301972896.0
443084.453166 4635470.518704 1301972922.0
443067.364313 4635481.869720 1301972927.0
443067.721952 4635505.850270 1301972930.0
443067.558596 4635526.948092 1301972932.0
443067.001606 4635550.713884 1301972934.0
443065.473629 4635577.596398 1301972936.0
443064.302458 4635607.585023 1301972938.0
443063.140175 4635638.683923 1301972940.0
443062.142102 4635669.559442 1301972942.0
443060.141120 4635699.554706 1301972944.0
443058.725488 4635730.100464 1301972946.0
443057.321411 4635762.089579 1301972948.0
443055.928001 4635795.411022 1301972950.0
443054.787110 4635829.174587 1301972952.0
443053.712351 4635860.827972 1301972954.0
443052.792919 4635891.147704 1301972956.0
443052.427746 4635918.131976 1301972958.0
443051.949414 4635941.341985 1301972960.0
443052.056400 4635965.102487 1301972963.0
443049.673935 4635988.882894 1301972968.0
443059.374830 4636008.569455 1301972973.0
443087.189610 4636010.345765 1301972977.0
443108.348119 4636009.954659 1301972979.0
443134.242780 4636010.303042 1301972981.0
443161.953284 4636009.415651 1301972983.0
443187.929152 4636009.541513 1301972985.0
443210.919453 4636009.913341 1301972987.0
443233.403898 4636009.289967 1301972990.0
443257.382013 4636008.654764 1301973005.0
443284.937176 4636009.101501 1301973008.0
443309.421135 4636009.461754 1301973010.0
443337.227882 4636010.239793 1301973012.0
443366.774583 4636010.671003 1301973014.0
443395.654780 4636010.774529 1301973016.0
443420.640138 4636011.575317 1301973018.0
443441.638852 4636011.963711 1301973022.0
443467.616450 4636012.312647 1301973028.0
443487.702362 4636012.708422 1301973030.0
443512.521733 4636013.510848 1301973032.0
443541.403666 4636013.837020 1301973034.0
443573.521869 4636014.137669 1301973036.0
443607.714602 4636014.422038 1301973038.0
443642.323114 4636014.814315 1301973040.0
443676.762145 4636014.763963 1301973042.0
443710.954861 4636015.048827 1301973044.0
443743.738643 4636015.567052 1301973046.0
443773.287020 4636016.222002 1301973048.0
443799.097726 4636016.462430 1301973050.0
443820.082374 4636015.075503 1301973052.0
443840.235464 4636013.473126 1301973056.0
443855.198043 4635995.589698 1301973062.0
443858.855767 4635964.804404 1301973065.0
443861.158831 4635941.135976 1301973067.0
443862.493250 4635920.917243 1301973069.0
443863.232799 4635898.926653 1301973076.0
443864.929648 4635872.043017 1301973080.0
443865.339030 4635850.277100 1301973082.0
443865.802525 4635824.846630 1301973084.0
443868.157156 4635797.180576 1301973086.0
443870.351964 4635770.293023 1301973088.0
443870.849610 4635749.192619 1301973090.0
443881.222440 4635728.014409 1301973094.0
443902.540763 4635726.736146 1301973097.0
443933.664400 4635727.046274 1301973100.0
443956.659025 4635727.864627 1301973102.0
443978.824669 4635728.800608 1301973104.0
444000.071366 4635728.966643 1301973106.0
444021.323295 4635729.798905 1301973108.0
444042.410994 4635730.854589 1301973110.0
444069.054296 4635731.311540 1301973113.0
444093.453523 4635731.342067 1301973117.0
444123.085135 4635731.886801 1301973121.0
444146.003692 4635733.594633 1301973123.0
444171.486927 4635734.283131 1301973125.0
444197.878637 4635734.409433 1301973127.0
444223.939275 4635734.649460 1301973129.0
444249.334295 4635734.672723 1301973131.0
444274.311785 4635734.366241 1301973133.0
444298.218290 4635735.067528 1301973135.0
444321.291471 4635735.331272 1301973137.0
444343.541745 4635736.489793 1301973139.0
444365.205915 4635736.986757 1301973141.0
444386.705845 4635737.707137 1301973143.0
444409.115134 4635737.976349 1301973145.0
444431.438837 4635737.913197 1301973147.0
444457.079322 4635737.491150 1301973150.0
444473.829978 4635725.146821 1301973156.0
444475.823145 4635704.034834 1301973159.0
444476.328556 4635673.052425 1301973162.0
444476.896283 4635650.063975 1301973164.0
444476.971294 4635627.745570 1301973166.0
444477.117177 4635603.872139 1301973168.0
444477.585490 4635578.774822 1301973170.0
444477.978610 4635554.677398 1301973172.0
444478.631080 4635531.910360 1301973174.0
444479.465106 4635511.140518 1301973176.0
444480.541178 4635489.480520 1301973179.0
444480.704394 4635467.827637 1301973187.0
444482.646623 4635440.165060 1301973190.0
444483.368271 4635415.620946 1301973192.0
444483.057724 4635386.421453 1301973194.0
444483.390324 4635354.552137 1301973196.0
444483.800728 4635322.016013 1301973198.0
444483.982936 4635292.146482 1301973200.0
444483.620556 4635266.944618 1301973202.0
444483.191624 4635243.852917 1301973205.0
