445799.663952 4635211.620049 1303841011.0
445774.406779 4635219.029424 1303841021.0
445744.459794 4635231.804213 1303841025.0
445719.992891 4635233.989189 1303841028.0
445698.477261 4635231.377312 1303841031.0
445674.712408 4635227.672315 1303841034.0
445650.290383 4635224.860679 1303841037.0
445626.615251 4635222.043426 1303841040.0
445601.454749 4635220.347928 1303841043.0
445575.383034 4635218.881547 1303841046.0
445551.385221 4635217.288377 1303841049.0
445527.146913 4635216.807463 1303841052.0
445505.793121 4635224.521051 1303841056.0
445504.790070 4635245.292004 1303841060.0
445504.664486 4635272.274126 1303841063.0
445504.248321 4635293.817827 1303841065.0
445503.671278 4635316.028960 1303841067.0
445502.190703 4635339.468376 1303841069.0
445500.376486 4635362.688278 1303841071.0
445498.884043 4635384.573317 1303841073.0
445496.195207 4635412.796426 1303841076.0
445495.523327 4635433.453820 1303841085.0
445496.394500 4635460.539358 1303841090.0
445497.663616 4635485.401181 1303841093.0
445499.108894 4635511.594061 1303841096.0
445498.515761 4635531.695687 1303841098.0
445497.694910 4635554.574897 1303841100.0
445497.216206 4635578.783894 1303841102.0
445496.740055 4635603.325973 1303841104.0
445495.591529 4635626.762862 1303841106.0
445493.440390 4635649.319154 1303841108.0
445491.702494 4635671.650218 1303841110.0
445491.377053 4635694.192543 1303841112.0
445491.377608 4635715.955138 1303841114.0
445489.184316 4635743.841375 1303841117.0
445489.617644 4635767.932367 1303841121.0
445494.014651 4635789.439254 1303841128.0
445498.663982 4635811.388348 1303841137.0
445502.513185 4635837.229746 1303841140.0
445505.491760 4635857.748190 1303841142.0
445507.991959 4635880.824071 1303841144.0
445509.674210 4635905.460682 1303841146.0
445510.280232 4635930.438629 1303841148.0
445510.301132 4635954.865885 1303841150.0
445508.890961 4635976.639281 1303841152.0
445505.030435 4636003.538976 1303841155.0
445506.855705 4636025.176587 1303841159.0
445526.954952 4636027.354546 1303841162.0
445557.727333 4636025.342724 1303841165.0
445581.701221 4636024.160211 1303841167.0
445606.090869 4636023.085637 1303841169.0
445631.395856 4636022.337260 1303841171.0
445658.118303 4636022.466429 1303841173.0
445685.586730 4636022.478975 1303841175.0
445713.303252 4636022.378702 1303841177.0
445741.102754 4636022.277905 1303841179.0
445767.661766 4636022.741830 1303841181.0
445793.385892 4636022.546006 1303841183.0
445819.189621 4636021.905535 1303841185.0
445844.167763 4636021.826603 1303841187.0
445866.659848 4636022.210788 1303841189.0
445887.825077 4636022.716158 1303841191.0
445907.838685 4636024.562740 1303841193.0
445936.236733 4636026.789864 1303841196.0
445964.788089 4636027.350435 1303841199.0
445991.990695 4636025.145507 1303841202.0
446015.961265 4636023.520347 1303841205.0
446039.195108 4636023.233253 1303841209.0
446060.603370 4636022.960059 1303841214.0
446085.344320 4636024.438239 1303841218.0
446107.994772 4636023.822684 1303841222.0
446132.060102 4636023.751669 1303841227.0
446157.703749 4636023.890870 1303841230.0
446186.411819 4636023.229775 1303841233.0
446206.647443 4636021.522444 1303841235.0
446235.665657 4636017.972334 1303841238.0
446260.372231 4636014.899006 1303841241.0
446277.618974 4636002.000045 1303841244.0
446281.681031 4635979.429605 1303841247.0
446282.624225 4635950.442746 1303841250.0
446282.693980 4635926.681051 1303841252.0
446283.328705 4635900.805459 1303841254.0
446283.954227 4635873.708570 1303841256.0
446284.824519 4635846.054668 1303841258.0
446285.952980 4635819.620189 1303841260.0
446287.175319 4635794.628439 1303841262.0
446288.150392 4635769.860622 1303841264.0
446289.290605 4635744.980528 1303841266.0
446289.101402 4635719.888392 1303841268.0
446289.325449 4635694.571074 1303841270.0
446289.714633 4635669.141478 1303841272.0
446290.089698 4635630.832110 1303841275.0
446289.996885 4635607.515787 1303841277.0
446291.420424 4635587.185934 1303841279.0
446293.137412 4635561.746332 1303841282.0
446293.893732 4635540.977379 1303841287.0
446292.901474 4635519.444375 1303841302.0
446307.104221 4635498.907161 1303841306.0
446328.478922 4635493.971649 1303841309.0
446350.633983 4635493.471661 1303841312.0
446372.537577 4635492.640535 1303841316.0
446393.525810 4635491.483264 1303841326.0
446419.007883 4635491.957754 1303841331.0
446442.750559 4635492.889545 1303841334.0
446469.058320 4635492.802840 1303841337.0
446495.531221 4635492.603957 1303841340.0
446521.022445 4635494.300110 1303841343.0
446547.099564 4635496.658158 1303841346.0
446573.583273 4635497.902918 1303841349.0
446597.991462 4635499.052301 1303841352.0
446622.812081 4635499.865578 1303841356.0
446643.808636 4635499.819316 1303841379.0
446664.389424 4635499.665195 1303841385.0
446686.797589 4635499.719524 1303841389.0
446705.066445 4635512.240621 1303841396.0
446705.308916 4635533.557204 1303841399.0
446703.538197 4635563.105316 1303841402.0
446702.803117 4635586.871948 1303841404.0
446702.824053 4635611.854291 1303841406.0
446703.257426 4635636.500449 1303841408.0
446703.765477 4635660.035716 1303841410.0
446704.179742 4635682.128252 1303841412.0
446703.393264 4635710.114540 1303841415.0
446705.575123 4635735.524853 1303841419.0
446714.437975 4635755.444551 1303841423.0
446735.022174 4635755.845763 1303841426.0
446764.795195 4635753.180455 1303841429.0
446791.028118 4635754.316848 1303841432.0
446811.950051 4635755.492993 1303841438.0
446819.754882 4635733.783219 1303841454.0
446818.087088 4635710.478673 1303841457.0
446820.575987 4635688.142394 1303841460.0
446821.291548 4635661.711123 1303841463.0
446820.998030 4635633.510854 1303841466.0
446819.979190 4635608.202867 1303841469.0
446817.503898 4635587.902252 1303841472.0
446815.907455 4635563.042713 1303841477.0
446813.578216 4635540.076211 1303841505.0
446806.445677 4635518.477976 1303841509.0
446782.396133 4635509.774937 1303841513.0
446754.329957 4635507.763997 1303841516.0
446734.237154 4635506.581810 1303841518.0
446713.402444 4635506.071429 1303841520.0
446692.566899 4635505.450081 1303841522.0
446671.728856 4635504.495714 1303841524.0
446650.728158 4635503.986758 1303841526.0
446630.226210 4635503.585161 1303841528.0
446610.055374 4635503.070109 1303841530.0
446581.749309 4635502.283012 1303841533.0
446557.930366 4635502.239597 1303841536.0
446533.202731 4635502.758249 1303841539.0
446506.647716 4635503.068642 1303841542.0
446478.765744 4635503.500137 1303841545.0
446450.218207 4635503.714677 1303841548.0
446422.907961 4635502.920726 1303841551.0
446397.503067 4635501.668408 1303841554.0
446375.164505 4635499.837931 1303841557.0
446353.071547 4635497.561540 1303841561.0
446331.155423 4635496.727319 1303841566.0
446309.977808 4635494.777266 1303841573.0
446301.680195 4635472.966226 1303841591.0
446302.759299 4635450.973476 1303841594.0
446303.457922 4635422.543658 1303841597.0
446303.551228 4635401.890741 1303841599.0
446303.315092 4635381.573409 1303841601.0
446302.913815 4635361.368356 1303841603.0
446303.425417 4635341.156422 1303841605.0
446304.616978 4635312.056693 1303841608.0
446305.250219 4635285.959075 1303841611.0
446305.560712 4635261.085259 1303841615.0
