445484.402681 4636029.900790 1303495973.0
445457.353425 4636030.440979 1303495980.0
445437.290736 4636033.037387 1303496000.0
445409.223595 4636030.698679 1303496005.0
445379.757677 4636029.925281 1303496008.0
445356.519586 4636029.659390 1303496010.0
445331.208671 4636029.631553 1303496012.0
445305.231349 4636029.275822 1303496014.0
445278.424211 4636028.926561 1303496016.0
445251.452814 4636028.800731 1303496018.0
445224.560980 4636028.230256 1303496020.0
445198.085754 4636027.878745 1303496022.0
445172.024574 4636027.413110 1303496024.0
445146.294458 4636026.833988 1303496026.0
445121.726072 4636026.246007 1303496028.0
445097.824096 4636025.986076 1303496030.0
445073.839136 4636025.726864 1303496032.0
445048.438355 4636024.812454 1303496034.0
445022.045220 4636024.349929 1303496036.0
444995.072927 4636024.114042 1303496038.0
444967.438497 4636024.105442 1303496040.0
444939.308754 4636024.433879 1303496042.0
444911.184163 4636025.428590 1303496044.0
444883.226400 4636026.533156 1303496046.0
444855.348186 4636027.193080 1303496048.0
444827.638518 4636028.184910 1303496050.0
444799.345406 4636028.848267 1303496052.0
444771.462899 4636028.953383 1303496054.0
444745.982536 4636028.484804 1303496056.0
444725.813820 4636028.086126 1303496058.0
444701.495183 4636027.608689 1303496062.0
444679.828489 4636026.666602 1303496066.0
444653.283155 4636027.983169 1303496070.0
444631.621631 4636027.707392 1303496073.0
444607.302981 4636027.230277 1303496076.0
444577.417679 4636025.908287 1303496079.0
444556.418262 4636025.405519 1303496081.0
444534.263158 4636025.689050 1303496083.0
444512.849694 4636025.300668 1303496085.0
444484.642156 4636026.297711 1303496088.0
444476.189978 4636006.599544 1303496097.0
444478.643727 4635980.709495 1303496100.0
444479.914978 4635952.163851 1303496103.0
444482.382611 4635928.050242 1303496106.0
444480.216219 4635905.638264 1303496111.0
444482.135012 4635885.637192 1303496115.0
444499.881151 4635873.285157 1303496117.0
444517.131182 4635861.159100 1303496119.0
444529.221590 4635836.526429 1303496122.0
444528.070151 4635816.549285 1303496124.0
444524.065263 4635792.486108 1303496127.0
444514.128734 4635774.020835 1303496131.0
444500.864131 4635754.471165 1303496141.0
444494.618537 4635730.425464 1303496145.0
444493.408160 4635702.898478 1303496148.0
444491.907364 4635680.703386 1303496150.0
444490.972751 4635656.616305 1303496152.0
444487.975603 4635634.099774 1303496154.0
444487.045300 4635610.567831 1303496156.0
444486.616372 4635587.476118 1303496158.0
444486.283408 4635566.049167 1303496160.0
444484.499867 4635539.525961 1303496163.0
444482.838239 4635517.998332 1303496166.0
444481.926951 4635496.908991 1303496170.0
444476.625971 4635476.964204 1303496187.0
444454.194225 4635473.919092 1303496192.0
444433.260566 4635471.417536 1303496196.0
444412.925132 4635471.132050 1303496199.0
444390.435484 4635471.307575 1303496202.0
444367.701208 4635472.040250 1303496205.0
444345.139850 4635473.659919 1303496208.0
444322.986497 4635474.388199 1303496212.0
444301.756428 4635476.441736 1303496216.0
444280.260039 4635476.276741 1303496225.0
444259.038260 4635468.781421 1303496229.0
444234.570801 4635470.749457 1303496232.0
444209.011473 4635471.060618 1303496234.0
444183.355238 4635469.596087 1303496236.0
444159.941400 4635468.336139 1303496238.0
444129.404541 4635468.908673 1303496241.0
444108.603377 4635472.735966 1303496245.0
444088.116757 4635474.340172 1303496270.0
444064.270537 4635470.863252 1303496275.0
444039.790918 4635471.277577 1303496278.0
444011.240540 4635471.168809 1303496281.0
443981.855918 4635470.511545 1303496284.0
443953.141304 4635470.626369 1303496287.0
443929.162231 4635471.370239 1303496290.0
443907.674541 4635472.316639 1303496294.0
443886.714516 4635477.034106 1303496320.0
443883.238859 4635499.379332 1303496325.0
443884.273391 4635525.353156 1303496328.0
443884.688527 4635546.446360 1303496330.0
443884.951684 4635569.317307 1303496332.0
443884.897764 4635594.078332 1303496334.0
443884.269942 4635619.732152 1303496336.0
443883.886710 4635644.828876 1303496338.0
443884.468696 4635666.031804 1303496340.0
443884.929316 4635692.898428 1303496343.0
443885.119115 4635716.991333 1303496347.0
443906.508292 4635724.706287 1303496353.0
443927.161003 4635723.211272 1303496356.0
443947.910685 4635723.492099 1303496359.0
443969.907756 4635724.096276 1303496364.0
