444698.307471 4635210.757271 1302577505.0
444673.087803 4635212.174453 1302577526.0
444643.143719 4635214.405669 1302577529.0
444619.413586 4635215.256298 1302577531.0
444592.029282 4635215.802324 1302577533.0
444564.311291 4635216.128984 1302577535.0
444538.840096 4635217.215497 1302577537.0
444517.104347 4635218.384043 1302577539.0
444493.380291 4635220.012282 1302577542.0
444482.999688 4635240.523397 1302577547.0
444482.452640 4635266.176482 1302577551.0
444482.364601 4635286.829467 1302577553.0
444481.808045 4635311.261256 1302577555.0
444481.022428 4635338.248610 1302577557.0
444480.080361 4635366.458557 1302577559.0
444479.465931 4635394.110783 1302577561.0
444478.503980 4635419.767109 1302577563.0
444478.411639 4635439.864964 1302577565.0
444478.160248 4635460.852330 1302577569.0
444464.346409 4635477.393025 1302577581.0
444440.265298 4635475.693223 1302577585.0
444416.085771 4635482.654916 1302577589.0
444385.568041 4635485.668950 1302577592.0
444363.252217 4635486.842509 1302577594.0
444337.300568 4635490.043158 1302577597.0
444318.432374 4635496.963686 1302577607.0
444298.099607 4635497.011610 1302577614.0
444278.730939 4635503.603056 1302577620.0
444252.556487 4635510.136777 1302577624.0
444231.404314 4635511.523713 1302577626.0
444209.588250 4635512.915911 1302577628.0
444182.526603 4635512.128596 1302577631.0
444160.439829 4635510.747217 1302577635.0
444138.204484 4635511.587750 1302577643.0
444116.571200 4635504.540216 1302577647.0
444089.918342 4635502.972807 1302577651.0
444059.458516 4635502.767801 1302577654.0
444037.722820 4635503.826792 1302577656.0
444016.482436 4635504.548855 1302577658.0
443991.763572 4635506.186602 1302577661.0
443969.699437 4635507.692520 1302577664.0
443949.367560 4635507.852467 1302577670.0
443927.568967 4635500.917838 1302577680.0
443903.736737 4635499.217889 1302577683.0
443882.064791 4635497.834104 1302577685.0
443856.987726 4635496.144118 1302577687.0
443829.414021 4635493.585633 1302577689.0
443802.515581 4635492.465371 1302577691.0
443781.358162 4635493.187480 1302577693.0
443758.203788 4635493.259214 1302577696.0
443733.650026 4635494.785519 1302577700.0
443710.258975 4635496.413755 1302577703.0
443681.300755 4635497.197807 1302577706.0
443657.071065 4635497.722507 1302577708.0
443629.604869 4635498.272900 1302577710.0
443601.808483 4635499.048081 1302577712.0
443576.825758 4635498.801777 1302577714.0
443554.486311 4635496.980137 1302577716.0
443531.807860 4635494.272982 1302577720.0
443506.209861 4635489.701469 1302577738.0
443479.066775 4635489.139538 1302577741.0
443456.315855 4635487.765607 1302577743.0
443430.163315 4635486.529794 1302577745.0
443401.088557 4635483.096610 1302577747.0
443370.184511 4635479.233949 1302577749.0
443341.529926 4635476.463872 1302577751.0
443315.867293 4635474.225273 1302577753.0
443293.539177 4635473.847804 1302577755.0
443270.796119 4635473.473709 1302577759.0
443246.021706 4635478.556548 1302577780.0
443220.642520 4635480.646370 1302577783.0
443195.081436 4635480.739115 1302577786.0
443172.909560 4635479.139402 1302577790.0
443148.442371 4635481.111171 1302577795.0
443123.132021 4635481.424243 1302577799.0
443098.837034 4635484.172048 1302577803.0
443075.319595 4635480.362700 1302577806.0
443066.090176 4635498.979185 1302577811.0
443075.372284 4635518.113939 1302577833.0
443072.978906 4635540.561993 1302577841.0
443068.911613 4635561.246878 1302577844.0
443067.578462 4635581.354742 1302577846.0
443067.000184 4635602.455883 1302577848.0
443066.975731 4635630.547761 1302577851.0
443067.468289 4635650.641036 1302577853.0
443067.937315 4635678.173800 1302577856.0
443066.313966 4635703.502601 1302577859.0
443063.132556 4635731.175580 1302577862.0
443060.495676 4635754.291800 1302577864.0
443058.450356 4635778.735706 1302577866.0
443057.746996 4635804.945435 1302577868.0
443057.462112 4635831.595957 1302577870.0
443057.178120 4635858.357508 1302577872.0
443056.802274 4635884.009451 1302577874.0
443056.000868 4635908.332385 1302577876.0
443054.775682 4635931.548364 1302577878.0
443055.031756 4635953.198020 1302577880.0
443054.462450 4635975.409448 1302577883.0
443070.189952 4635991.161639 1302577892.0
443094.455211 4635995.298071 1302577895.0
443115.307554 4635998.129430 1302577897.0
443140.138564 4636000.373915 1302577899.0
443167.119105 4636001.602024 1302577901.0
443195.170425 4636001.822387 1302577903.0
443222.717657 4636001.269638 1302577905.0
443251.015265 4636001.155154 1302577907.0
443280.477266 4636001.364613 1302577909.0
443310.025779 4636002.017642 1302577911.0
443339.154961 4636002.118958 1302577913.0
443367.456972 4636002.560073 1302577915.0
443393.188315 4636003.243799 1302577917.0
443413.357242 4636003.638705 1302577919.0
443435.093115 4636002.799847 1302577924.0
443456.256054 4636002.964911 1302577928.0
443487.459758 4636003.050365 1302577931.0
443513.357923 4636003.844236 1302577933.0
443542.993769 4636005.052709 1302577935.0
443574.118872 4636005.694337 1302577937.0
443606.072903 4636006.218503 1302577939.0
443638.780789 4636007.625120 1302577941.0
443670.321650 4636008.374912 1302577943.0
443700.109360 4636007.806290 1302577945.0
443729.900581 4636007.681902 1302577947.0
443758.371988 4636008.567367 1302577949.0
443784.683240 4636009.136893 1302577951.0
443807.415774 4636008.402339 1302577953.0
443833.781108 4636005.307492 1302577956.0
443856.488276 4636001.353304 1302577963.0
443861.458112 4635979.107299 1302577966.0
443863.126200 4635959.108003 1302577968.0
443864.459744 4635938.778242 1302577970.0
443864.659399 4635911.462268 1302577973.0
443864.894934 4635888.698412 1302577981.0
443868.337065 4635862.134126 1302577985.0
443869.413825 4635840.807086 1302577987.0
443869.798727 4635815.932408 1302577989.0
443871.335786 4635789.827276 1302577991.0
443873.392635 4635766.493903 1302577993.0
443872.932844 4635739.738304 1302577996.0
443889.563663 4635722.841129 1302578002.0
443912.724279 4635723.658033 1302578005.0
443941.381103 4635726.874506 1302578008.0
443963.045352 4635727.370247 1302578010.0
443984.626612 4635727.866707 1302578012.0
444004.886223 4635729.150860 1302578014.0
444031.951439 4635730.492628 1302578017.0
444054.131886 4635733.316306 1302578020.0
444075.890417 4635735.255092 1302578024.0
444099.991673 4635739.618309 1302578029.0
444124.065898 4635740.539763 1302578032.0
444144.821606 4635741.598353 1302578034.0
444167.482470 4635742.197934 1302578036.0
444190.545202 4635741.128929 1302578038.0
444212.358824 4635739.514610 1302578040.0
444238.482436 4635737.200414 1302578043.0
444259.802516 4635736.145275 1302578062.0
444291.275372 4635738.674912 1302578065.0
444314.526664 4635740.491717 1302578067.0
444339.444572 4635743.183846 1302578069.0
444362.266168 4635743.116587 1302578071.0
444382.593895 4635742.513703 1302578073.0
444411.894346 4635743.173256 1302578076.0
444436.324688 4635747.201936 1302578079.0
444456.381809 4635743.825524 1302578086.0
444460.484042 4635716.479185 1302578090.0
444463.301830 4635694.694562 1302578092.0
444466.833612 4635668.685084 1302578094.0
444470.839967 4635639.673994 1302578096.0
444474.668270 4635609.109822 1302578098.0
444477.089303 4635579.000757 1302578100.0
444478.945028 4635550.894712 1302578102.0
