446312.620331 4635724.263461 1302018124.0
446310.128016 4635745.933771 1302018141.0
446309.758018 4635773.916993 1302018144.0
446308.938796 4635797.351229 1302018146.0
446308.132134 4635822.450874 1302018148.0
446307.168721 4635848.773071 1302018150.0
446306.039351 4635875.096519 1302018152.0
446304.410424 4635901.201668 1302018154.0
446302.778163 4635926.862710 1302018156.0
446302.291758 4635950.405478 1302018158.0
446302.035887 4635971.503772 1302018160.0
446301.721313 4635995.822482 1302018163.0
446300.307062 4636017.373645 1302018167.0
446279.583494 4636031.409109 1302018172.0
446255.881118 4636035.585129 1302018175.0
446235.401610 4636037.960362 1302018177.0
446213.933891 4636041.342419 1302018179.0
446191.871906 4636042.952494 1302018181.0
446171.376494 4636043.218395 1302018183.0
446143.164712 4636043.653732 1302018186.0
446122.832744 4636043.585436 1302018188.0
446101.422865 4636043.636388 1302018190.0
446078.186567 4636043.590199 1302018192.0
446053.123850 4636043.446885 1302018194.0
446027.060312 4636042.645042 1302018196.0
446002.079727 4636042.390251 1302018198.0
445979.840031 4636042.447861 1302018200.0
445954.191381 4636041.643137 1302018203.0
445933.364883 4636042.023269 1302018206.0
445912.704347 4636042.402201 1302018209.0
445889.550171 4636042.244969 1302018213.0
445868.712705 4636041.181936 1302018227.0
445843.725346 4636040.039483 1302018230.0
445820.899702 4636039.435842 1302018232.0
445795.752279 4636039.072010 1302018234.0
445770.361826 4636039.487353 1302018236.0
445744.388818 4636039.685157 1302018238.0
445718.251540 4636040.106375 1302018240.0
445691.779800 4636040.197138 1302018242.0
445664.975289 4636040.179505 1302018244.0
445638.003966 4636040.052211 1302018246.0
445613.022487 4636039.687758 1302018248.0
445589.865734 4636039.198419 1302018250.0
445569.615854 4636039.020041 1302018252.0
445546.215244 4636039.198909 1302018255.0
445525.384494 4636039.025098 1302018261.0
445503.572413 4636040.746429 1302018281.0
445480.663743 4636040.144513 1302018284.0
445458.667007 4636039.424653 1302018287.0
445434.920012 4636037.718966 1302018306.0
445410.835974 4636035.349738 1302018309.0
445388.258347 4636034.634548 1302018311.0
445361.451239 4636034.284975 1302018313.0
445331.492554 4636034.181759 1302018315.0
445298.547404 4636034.212639 1302018317.0
445264.852864 4636033.916329 1302018319.0
445232.234509 4636033.278801 1302018321.0
445200.450227 4636033.190175 1302018323.0
445169.742985 4636032.871331 1302018325.0
445140.697924 4636032.872918 1302018327.0
445115.219333 4636032.625073 1302018329.0
445092.394420 4636032.134792 1302018331.0
445069.569502 4636031.644585 1302018333.0
445045.167083 4636031.055589 1302018335.0
445017.447131 4636030.714353 1302018337.0
444987.902450 4636030.498352 1302018339.0
444959.937836 4636030.714399 1302018341.0
444934.135021 4636031.469011 1302018343.0
444907.832606 4636032.005513 1302018345.0
444880.534421 4636032.549818 1302018347.0
444851.410656 4636033.108364 1302018349.0
444820.213227 4636033.794127 1302018351.0
444786.937834 4636034.051999 1302018353.0
444754.984970 4636033.633565 1302018355.0
444726.182794 4636032.857721 1302018357.0
444702.777828 4636032.484224 1302018359.0
444673.241745 4636033.379801 1302018362.0
444645.352346 4636032.597193 1302018365.0
444625.030617 4636033.865500 1302018367.0
444601.374109 4636033.161190 1302018369.0
444574.807209 4636031.702368 1302018371.0
444547.336149 4636031.361024 1302018373.0
444523.358073 4636031.991884 1302018375.0
444495.903447 4636033.760256 1302018378.0
444474.981832 4636032.590918 1302018388.0
444468.050877 4636005.774725 1302018393.0
444467.977178 4635985.678146 1302018395.0
444467.957030 4635961.805995 1302018397.0
444467.783903 4635939.600547 1302018399.0
444469.322247 4635913.384533 1302018402.0
444472.056120 4635891.489525 1302018408.0
444470.183534 4635864.189766 1302018412.0
444471.102077 4635832.982059 1302018415.0
444472.998366 4635810.094279 1302018417.0
444473.610097 4635782.108953 1302018420.0
444473.782783 4635761.677359 1302018423.0
444467.488742 4635742.073415 1302018439.0
444468.147205 4635720.083560 1302018443.0
444470.169679 4635692.087239 1302018446.0
444471.407325 4635669.870802 1302018448.0
444472.466892 4635646.101280 1302018450.0
444474.347673 4635621.215019 1302018452.0
444475.211865 4635593.671869 1302018454.0
444475.488237 4635565.245031 1302018456.0
444475.201015 4635539.043265 1302018458.0
444475.118710 4635517.836429 1302018460.0
444476.531044 4635496.728978 1302018463.0
444474.954969 4635475.533787 1302018476.0
444449.015228 4635469.629154 1302018480.0
444420.151120 4635471.852906 1302018483.0
444397.512831 4635474.250247 1302018485.0
444373.700592 4635475.102351 1302018487.0
444351.550711 4635476.274651 1302018489.0
444323.324522 4635475.162795 1302018492.0
444302.168761 4635476.105411 1302018497.0
444283.976737 4635463.367732 1302018518.0
444253.535456 4635454.945235 1302018526.0
444230.970587 4635456.121157 1302018527.0
444198.528434 4635457.152445 1302018529.0
444174.551915 4635458.228569 1302018531.0
444154.296797 4635457.610090 1302018533.0
444132.361622 4635464.999291 1302018536.0
444112.658448 4635471.260710 1302018548.0
444088.302978 4635466.344262 1302018552.0
444058.834488 4635465.576305 1302018555.0
444035.098251 4635465.540672 1302018557.0
444008.794628 4635466.191501 1302018559.0
443981.326561 4635466.518482 1302018561.0
443955.682477 4635466.609151 1302018563.0
443934.021804 4635466.668560 1302018565.0
443910.557255 4635469.518090 1302018568.0
443890.265494 4635474.785455 1302018578.0
