443066.363560 4635491.648736 1303587551.0
443066.390141 4635515.742966 1303587555.0
443065.841138 4635540.508003 1303587558.0
443065.563287 4635568.046731 1303587561.0
443064.946396 4635594.699896 1303587564.0
443064.067242 4635619.689644 1303587567.0
443062.411052 4635640.910437 1303587570.0
443063.042518 4635667.997764 1303587574.0
443066.443121 4635688.511935 1303587577.0
443065.492534 4635714.945703 1303587581.0
443064.857921 4635739.378330 1303587584.0
443064.247277 4635766.808693 1303587587.0
443063.397449 4635795.462347 1303587590.0
443062.965213 4635824.445768 1303587593.0
443063.018458 4635851.870828 1303587596.0
443062.641702 4635877.411743 1303587599.0
443062.336397 4635901.508640 1303587602.0
443062.095440 4635923.273303 1303587605.0
443061.790142 4635947.370203 1303587609.0
443060.207279 4635967.369044 1303587622.0
443060.059968 4635990.465373 1303587628.0
443082.603028 4635997.169324 1303587633.0
443109.182875 4636000.176967 1303587637.0
443134.920473 4636001.636951 1303587640.0
443162.578153 4636004.525153 1303587643.0
443190.395572 4636006.634947 1303587646.0
443216.552458 4636008.647053 1303587649.0
443239.782856 4636007.906717 1303587653.0
443271.863098 4636003.431834 1303587668.0
443295.837698 4636002.352651 1303587671.0
443323.137751 4636002.024327 1303587674.0
443351.683411 4636001.797235 1303587677.0
443380.151386 4636002.237080 1303587680.0
443407.289003 4636002.354507 1303587683.0
443431.938934 4636002.713863 1303587686.0
443453.534411 4636005.096170 1303587691.0
443477.849759 4636005.125237 1303587696.0
443500.741208 4636003.500169 1303587699.0
443527.794068 4636003.396659 1303587702.0
443557.668299 4636003.270892 1303587705.0
443578.500181 4636003.549978 1303587707.0
443599.582763 4636004.049208 1303587709.0
443620.580602 4636004.327102 1303587711.0
443641.415989 4636005.050481 1303587713.0
443662.000671 4636005.553835 1303587715.0
443691.802436 4636006.761615 1303587718.0
443720.019647 4636006.982732 1303587721.0
443746.992131 4636007.213791 1303587724.0
443773.300760 4636007.450193 1303587727.0
443799.032896 4636008.246412 1303587730.0
443823.177869 4636007.722832 1303587733.0
443844.332011 4636006.778777 1303587737.0
443862.041761 4635989.984046 1303587746.0
443863.201455 4635968.656347 1303587749.0
443864.269425 4635946.219031 1303587752.0
443865.022100 4635925.893849 1303587755.0
443865.679547 4635904.014940 1303587759.0
443866.574575 4635880.690717 1303587769.0
443867.990258 4635860.249278 1303587772.0
443868.869553 4635834.926566 1303587775.0
443870.141903 4635806.824905 1303587778.0
443872.992713 4635778.932876 1303587781.0
443873.864170 4635752.610923 1303587784.0
443877.993034 4635728.928125 1303587788.0
443902.423678 4635722.406738 1303587792.0
443925.911862 4635722.665934 1303587795.0
443948.654053 4635723.042113 1303587798.0
443973.233258 4635724.847357 1303587801.0
444000.474069 4635727.409000 1303587804.0
444026.951421 4635727.867099 1303587807.0
444051.373336 4635730.784189 1303587810.0
444074.622984 4635732.378157 1303587814.0
444096.781622 4635732.426287 1303587820.0
444119.532474 4635733.913283 1303587832.0
444143.940395 4635735.054255 1303587837.0
444168.260970 4635735.640824 1303587840.0
444196.400570 4635736.419625 1303587843.0
444226.681243 4635735.072126 1303587846.0
444247.671996 4635734.352631 1303587848.0
444269.182377 4635736.404983 1303587850.0
444290.596734 4635736.792641 1303587852.0
444311.679150 4635737.182958 1303587854.0
444332.103760 4635738.355716 1303587856.0
444360.086024 4635740.246733 1303587859.0
444382.819443 4635739.514024 1303587862.0
444404.708288 4635736.900403 1303587879.0
444425.028413 4635745.957654 1303587887.0
444445.955210 4635747.681990 1303587893.0
444457.756799 4635717.943891 1303587898.0
444461.549622 4635693.486850 1303587901.0
444464.721758 4635663.927089 1303587904.0
444466.718382 4635643.259211 1303587906.0
444468.712423 4635622.258252 1303587908.0
444470.126440 4635601.372851 1303587910.0
444471.042549 4635580.491332 1303587912.0
444471.548059 4635560.168183 1303587914.0
444472.734681 4635531.401149 1303587917.0
444474.362215 4635505.961698 1303587920.0
444476.862905 4635486.067137 1303587933.0
444491.696831 4635472.627466 1303587938.0
444512.025335 4635472.024959 1303587941.0
444536.178187 4635472.281005 1303587944.0
444562.238887 4635472.411250 1303587947.0
444588.549410 4635472.650682 1303587950.0
444613.455184 4635473.678370 1303587953.0
444636.527456 4635473.721089 1303587956.0
444661.261204 4635473.973044 1303587960.0
