444938.909538 4635478.927775 1302390315.0
444917.918856 4635479.756252 1302390318.0
444897.847052 4635481.354919 1302390325.0
444876.266017 4635480.966713 1302390337.0
444854.433438 4635480.247419 1302390340.0
444825.131980 4635479.586036 1302390343.0
444803.053867 4635479.312935 1302390345.0
444780.974891 4635478.928876 1302390347.0
444752.090936 4635478.597658 1302390350.0
444728.697935 4635480.000494 1302390354.0
444708.990861 4635485.816150 1302390381.0
444688.823192 4635485.750644 1302390384.0
444663.006339 4635484.951839 1302390387.0
444633.538031 4635484.181505 1302390390.0
444612.533572 4635483.234448 1302390392.0
444590.037059 4635482.521125 1302390394.0
444567.948567 4635480.916428 1302390396.0
444547.108333 4635479.746217 1302390398.0
444519.301462 4635479.185491 1302390401.0
444497.645178 4635479.798322 1302390405.0
444472.667665 4635480.215040 1302390413.0
444450.665583 4635479.054167 1302390416.0
444420.695822 4635477.844488 1302390419.0
444399.610918 4635477.231787 1302390421.0
444378.445622 4635476.952877 1302390423.0
444357.365912 4635477.006464 1302390425.0
444336.872320 4635477.721737 1302390427.0
444309.403437 4635477.936426 1302390430.0
444287.257914 4635479.664062 1302390435.0
444266.577044 4635488.264413 1302390446.0
444244.661405 4635487.547636 1302390448.0
444220.017607 4635488.184696 1302390450.0
444195.955594 4635488.928317 1302390452.0
444174.636520 4635490.205694 1302390454.0
444153.153219 4635491.706490 1302390457.0
444132.520698 4635495.865495 1302390463.0
444103.964329 4635494.979166 1302390466.0
444080.472797 4635494.386294 1302390468.0
444055.076909 4635494.363624 1302390470.0
444030.012097 4635494.227410 1302390472.0
444004.869531 4635494.758099 1302390474.0
443979.643106 4635495.178503 1302390476.0
443955.409912 4635495.258079 1302390478.0
443932.257300 4635495.551302 1302390480.0
443910.098790 4635495.614703 1302390482.0
443886.449129 4635496.023022 1302390484.0
443861.308321 4635496.776273 1302390486.0
443835.670468 4635497.644565 1302390488.0
443809.286608 4635498.629868 1302390490.0
443782.073757 4635499.732845 1302390492.0
443753.948928 4635500.954161 1302390494.0
443725.986573 4635501.730168 1302390496.0
443699.017438 4635502.165333 1302390498.0
443673.618919 4635501.810942 1302390500.0
443649.546437 4635501.224083 1302390502.0
443624.146152 4635500.647814 1302390504.0
443599.912079 4635500.617573 1302390506.0
443571.613382 4635500.841678 1302390509.0
443548.951668 4635500.243985 1302390513.0
443526.444482 4635498.201694 1302390528.0
443502.700394 4635497.168591 1302390531.0
443472.395885 4635495.632452 1302390534.0
443448.237722 4635494.713851 1302390536.0
443422.421565 4635494.030567 1302390538.0
443397.686885 4635493.671887 1302390540.0
443373.114647 4635492.867864 1302390542.0
443349.125079 4635492.281361 1302390544.0
443326.216111 4635491.908409 1302390546.0
443298.244900 4635491.575824 1302390549.0
443276.906498 4635490.413290 1302390554.0
443253.319464 4635488.269425 1302390558.0
443226.331693 4635486.374807 1302390561.0
443199.518734 4635485.589241 1302390564.0
443178.011661 4635484.095245 1302390569.0
443156.421590 4635482.601977 1302390574.0
443130.518809 4635481.476304 1302390578.0
443104.792635 4635481.681726 1302390581.0
443083.955636 4635480.959902 1302390584.0
443067.061180 4635495.862464 1302390593.0
443066.819275 4635517.516085 1302390596.0
443066.324863 4635538.727588 1302390598.0
443066.272897 4635563.377619 1302390600.0
443066.309245 4635588.693151 1302390602.0
443066.257285 4635613.343184 1302390604.0
443066.273227 4635636.105091 1302390606.0
443066.917102 4635664.746800 1302390609.0
443066.784824 4635689.730581 1302390612.0
443065.641643 4635712.834859 1302390615.0
443063.181366 4635737.282078 1302390618.0
443061.066359 4635763.392054 1302390621.0
443059.646306 4635793.382679 1302390624.0
443059.065422 4635814.150747 1302390626.0
443058.821802 4635835.582325 1302390628.0
443059.245602 4635857.452705 1302390630.0
443059.660525 4635878.212814 1302390632.0
443059.821174 4635898.308750 1302390634.0
443060.462416 4635926.617389 1302390637.0
443061.574035 4635951.480202 1302390640.0
443062.169118 4635974.015424 1302390644.0
443065.420500 4635996.640447 1302390662.0
443080.888339 4636011.062324 1302390668.0
443104.140896 4636013.097228 1302390672.0
443132.695385 4636013.979531 1302390675.0
443154.351772 4636013.584587 1302390677.0
443175.511158 4636013.304708 1302390679.0
443196.081705 4636012.030279 1302390681.0
443221.699082 4636008.828092 1302390684.0
443244.731666 4636004.092114 1302390695.0
443267.973577 4636004.795225 1302390699.0
443296.206748 4636007.013155 1302390702.0
443320.033929 4636008.266947 1302390704.0
443345.937404 4636009.726373 1302390706.0
443371.505410 4636010.744423 1302390708.0
443395.910784 4636011.660769 1302390710.0
443417.739315 4636012.042498 1302390712.0
443438.312541 4636011.101851 1302390715.0
443464.466680 4636012.781785 1302390720.0
443494.424738 4636012.766121 1302390723.0
443520.066879 4636012.673773 1302390725.0
443548.534788 4636013.114291 1302390727.0
443578.246532 4636013.434035 1302390729.0
443607.626346 4636013.756531 1302390731.0
443637.087379 4636013.856437 1302390733.0
443666.213850 4636013.626008 1302390735.0
443694.509628 4636013.291231 1302390737.0
443723.051720 4636012.621518 1302390739.0
443751.341363 4636011.509776 1302390741.0
443778.726105 4636011.404597 1302390743.0
443804.038939 4636011.648973 1302390745.0
443825.186062 4636009.816642 1302390747.0
443845.406393 4636006.215135 1302390750.0
