446299.305236 4635488.195707 1303503610.0
446304.199244 4635465.841099 1303503614.0
446300.965506 4635444.213959 1303503618.0
446302.197201 4635420.443526 1303503637.0
446302.403756 4635392.794652 1303503640.0
446302.145021 4635369.479588 1303503642.0
446301.706082 4635344.278317 1303503644.0
446301.433120 4635319.075795 1303503646.0
446301.165180 4635294.539436 1303503648.0
446300.996967 4635272.222994 1303503650.0
446300.066781 4635247.913696 1303503653.0
446283.461355 4635236.047277 1303503657.0
446262.548672 4635236.316022 1303503673.0
446234.384005 4635232.420286 1303503677.0
446213.214796 4635231.691811 1303503679.0
446188.729327 4635231.432581 1303503681.0
446163.087864 4635231.959404 1303503683.0
446137.445564 4635232.375292 1303503685.0
446111.718596 4635232.569846 1303503687.0
446085.576676 4635232.767634 1303503689.0
446059.353447 4635233.188199 1303503691.0
446033.794142 4635233.603832 1303503693.0
446008.648947 4635233.905385 1303503695.0
445983.251416 4635233.764807 1303503697.0
445957.767522 4635233.180839 1303503699.0
445931.871200 4635232.933194 1303503701.0
445905.315167 4635233.245819 1303503703.0
445879.167339 4635232.667174 1303503705.0
445856.510158 4635232.728297 1303503707.0
445833.683619 4635232.346645 1303503710.0
445813.106259 4635233.058294 1303503723.0
445787.042251 4635232.590383 1303503727.0
445755.831997 4635232.050716 1303503730.0
445731.677601 4635231.679501 1303503732.0
445707.527432 4635231.863504 1303503734.0
445683.454327 4635231.269766 1303503736.0
445659.378676 4635230.343029 1303503738.0
445635.725594 4635230.412450 1303503740.0
445612.982014 4635230.030872 1303503742.0
445591.404535 4635230.195628 1303503744.0
445566.084857 4635229.389740 1303503747.0
445545.586248 4635229.546392 1303503765.0
445524.591395 4635229.928965 1303503770.0
445497.533155 4635229.691782 1303503773.0
445475.786291 4635229.414051 1303503775.0
445452.379618 4635229.149093 1303503777.0
445427.480817 4635229.117710 1303503779.0
445401.914688 4635228.647394 1303503781.0
445376.183425 4635228.289468 1303503783.0
445350.038909 4635228.156873 1303503785.0
445323.727557 4635227.914621 1303503787.0
445297.083388 4635227.563988 1303503789.0
445270.190244 4635227.215367 1303503791.0
445243.711194 4635226.752631 1303503793.0
445217.070426 4635226.846405 1303503795.0
445192.003059 4635226.484039 1303503797.0
445171.002217 4635226.090464 1303503799.0
445148.836941 4635225.372816 1303503802.0
445128.242492 4635223.865901 1303503808.0
445102.772129 4635225.061425 1303503834.0
445075.963656 4635224.934951 1303503837.0
445054.301442 4635224.879920 1303503839.0
445031.973590 4635224.608023 1303503841.0
445009.562745 4635224.336837 1303503843.0
444986.902069 4635223.956616 1303503845.0
444963.330209 4635223.805574 1303503847.0
444939.340820 4635223.324736 1303503849.0
444915.764662 4635222.618716 1303503851.0
444893.352082 4635222.125841 1303503853.0
444872.599308 4635221.620193 1303503855.0
444847.450612 4635221.481735 1303503858.0
444826.125495 4635222.090991 1303503861.0
444805.049353 4635222.698381 1303503864.0
444782.969582 4635222.314308 1303503867.0
444762.375889 4635220.919477 1303503870.0
444735.150696 4635220.575449 1303503874.0
444708.757989 4635220.558166 1303503877.0
444688.172893 4635220.273820 1303503879.0
444666.759614 4635220.218034 1303503881.0
444645.014370 4635220.164892 1303503883.0
444623.014976 4635219.447589 1303503885.0
444600.189124 4635219.180915 1303503887.0
444577.451442 4635219.579832 1303503889.0
444555.628385 4635220.193771 1303503891.0
444535.130587 4635220.464357 1303503893.0
444509.241863 4635221.221126 1303503896.0
444487.210503 4635227.055488 1303503900.0
444483.546946 4635246.848062 1303503904.0
444483.587748 4635273.384838 1303503908.0
444483.229178 4635301.923336 1303503911.0
444482.803991 4635321.912746 1303503913.0
444482.446297 4635350.562274 1303503916.0
444483.237471 4635377.537342 1303503919.0
444482.610918 4635403.635188 1303503922.0
444481.964470 4635427.179410 1303503925.0
444482.051075 4635448.941379 1303503929.0
444480.305896 4635469.940387 1303503950.0
444459.193390 4635476.433894 1303503956.0
444435.356907 4635474.177032 1303503960.0
444411.610326 4635472.807819 1303503963.0
444387.712493 4635473.327442 1303503966.0
444366.055329 4635473.829647 1303503969.0
444343.567423 4635474.227374 1303503972.0
444320.829687 4635474.516090 1303503975.0
444298.927905 4635475.575581 1303503979.0
444287.073831 4635456.126303 1303503988.0
444268.001868 4635447.614837 1303503993.0
444240.176581 4635444.723628 1303503996.0
444219.023345 4635445.999572 1303503998.0
444197.631589 4635448.609854 1303504000.0
444177.150973 4635450.990993 1303504002.0
444149.619884 4635453.871600 1303504005.0
444128.939097 4635462.472351 1303504009.0
444112.281836 4635476.149161 1303504014.0
444110.207547 4635497.372930 1303504017.0
444110.089885 4635524.688219 1303504020.0
444108.920635 4635544.905583 1303504022.0
444108.253668 4635565.674177 1303504024.0
444107.998153 4635585.995408 1303504026.0
444108.051709 4635613.975562 1303504029.0
444107.254503 4635639.297576 1303504032.0
444106.288720 4635664.287812 1303504035.0
444106.558140 4635688.046983 1303504038.0
444107.144689 4635709.916087 1303504042.0
444094.238928 4635725.673166 1303504053.0
444116.007923 4635728.944402 1303504059.0
