445796.668276 4635232.406106 1302306616.0
445774.932434 4635233.570813 1302306622.0
445748.039367 4635233.220389 1302306626.0
445721.970277 4635232.086553 1302306629.0
445701.464064 4635231.243513 1302306631.0
445679.300580 4635230.746269 1302306633.0
445656.471475 4635230.032104 1302306635.0
445633.561068 4635229.540699 1302306637.0
445610.980076 4635228.713752 1302306639.0
445589.147685 4635228.103227 1302306641.0
445568.641439 4635227.260569 1302306643.0
445542.652732 4635225.793674 1302306646.0
445522.303962 4635223.839610 1302306651.0
445501.382984 4635233.881607 1302306668.0
445500.582450 4635259.425456 1302306673.0
445500.523735 4635284.297430 1302306676.0
445500.991838 4635312.940516 1302306679.0
445500.716436 4635342.033427 1302306682.0
445501.095605 4635369.899961 1302306685.0
445501.291810 4635395.547224 1302306688.0
445501.058635 4635419.310201 1302306691.0
445501.062537 4635441.516895 1302306694.0
445501.240060 4635464.721565 1302306697.0
445500.676643 4635488.709138 1302306700.0
445499.948957 4635512.920037 1302306703.0
445498.816538 4635538.466437 1302306706.0
445497.620681 4635566.567098 1302306709.0
445496.689085 4635596.664344 1302306712.0
445496.184905 4635617.542528 1302306714.0
445496.099904 4635638.972674 1302306716.0
445496.023401 4635661.513092 1302306718.0
445495.864765 4635684.165173 1302306720.0
445495.535065 4635706.152362 1302306722.0
445495.948831 4635727.689728 1302306724.0
445497.100959 4635748.111109 1302306726.0
445498.051704 4635774.751917 1302306729.0
445499.137828 4635797.394478 1302306734.0
445500.990337 4635822.584950 1302306739.0
445501.916428 4635846.005973 1302306742.0
445503.027170 4635871.868326 1302306745.0
445505.226023 4635898.943725 1302306748.0
445506.683119 4635926.691003 1302306751.0
445506.556754 4635953.562127 1302306754.0
445505.012911 4635979.555827 1302306757.0
445504.271710 4636001.990309 1302306760.0
445506.597417 4636023.957192 1302306764.0
445527.974499 4636030.455693 1302306769.0
445553.939062 4636029.146828 1302306773.0
445578.665704 4636028.735786 1302306776.0
445604.386423 4636028.095170 1302306779.0
445630.942889 4636028.225504 1302306782.0
445658.164893 4636028.572926 1302306785.0
445685.960987 4636028.027804 1302306788.0
445713.592814 4636027.706111 1302306791.0
445740.811428 4636027.609740 1302306794.0
445767.369575 4636027.962637 1302306797.0
445793.759220 4636027.983814 1302306800.0
445819.654356 4636028.452985 1302306803.0
445845.048225 4636028.481927 1302306806.0
445870.111855 4636028.735536 1302306809.0
445892.434580 4636028.676955 1302306812.0
445912.850428 4636028.854990 1302306815.0
445935.921665 4636029.012928 1302306818.0
445960.647464 4636028.492185 1302306821.0
445985.536701 4636027.637188 1302306824.0
446011.423398 4636026.996784 1302306827.0
446037.314304 4636026.911610 1302306830.0
446062.788622 4636026.607618 1302306833.0
446088.522809 4636027.745187 1302306836.0
446113.507638 4636028.555417 1302306839.0
446138.325658 4636029.255962 1302306842.0
446164.056462 4636029.949695 1302306845.0
446189.781387 4636029.866329 1302306848.0
446214.659734 4636027.568779 1302306851.0
446239.106430 4636023.053904 1302306854.0
446259.662261 4636019.789838 1302306857.0
446279.384112 4636015.976954 1302306880.0
446293.707288 4636000.546313 1302306886.0
446292.706687 4635977.903022 1302306890.0
446292.934065 4635953.029803 1302306893.0
446293.119588 4635922.605225 1302306896.0
446293.199427 4635900.175858 1302306898.0
446295.024415 4635878.066433 1302306900.0
446296.776479 4635857.289961 1302306902.0
446298.298971 4635828.076677 1302306905.0
446298.051923 4635806.315978 1302306908.0
446301.450302 4635783.750563 1302306930.0
446302.789168 4635763.199278 1302306934.0
446302.286487 4635740.552241 1302306937.0
446302.410018 4635712.903978 1302306940.0
446302.669265 4635692.249801 1302306942.0
446302.502710 4635670.155400 1302306944.0
446302.168511 4635647.840197 1302306946.0
446301.757184 4635626.302809 1302306948.0
446301.438049 4635605.986096 1302306950.0
446301.398967 4635578.783199 1302306953.0
446301.379137 4635554.133926 1302306957.0
446300.052445 4635532.270342 1302306972.0
446300.144057 4635511.395368 1302306976.0
446300.145989 4635489.632803 1302306979.0
446300.856310 4635462.757362 1302306982.0
446301.803050 4635434.214639 1302306985.0
446302.330674 4635405.119910 1302306988.0
446302.615198 4635376.804248 1302306991.0
446303.000290 4635350.819531 1302306994.0
446303.076863 4635327.946076 1302306997.0
