446293.836331 4635500.339578 1301930317.0
446305.897350 4635481.928145 1301930325.0
446304.859934 4635454.399678 1301930329.0
446305.058126 4635425.640531 1301930332.0
446305.222708 4635403.432610 1301930334.0
446305.625379 4635379.779461 1301930336.0
446304.867050 4635356.246097 1301930338.0
446303.286358 4635333.718233 1301930340.0
446302.295789 4635312.407289 1301930342.0
446301.783905 4635288.538970 1301930345.0
446302.033991 4635266.663509 1301930365.0
446299.303133 4635245.698785 1301930373.0
446274.835402 4635236.778522 1301930378.0
446251.765815 4635237.174598 1301930381.0
446225.371594 4635236.929643 1301930384.0
446195.988886 4635236.596321 1301930387.0
446175.652940 4635236.305799 1301930389.0
446155.150172 4635235.905562 1301930391.0
446134.233290 4635235.619548 1301930393.0
446112.984444 4635235.336107 1301930395.0
446091.155504 4635235.168152 1301930397.0
446069.655161 4635234.553643 1301930399.0
446048.986396 4635234.154968 1301930401.0
446028.485291 4635233.977149 1301930403.0
446007.652223 4635233.801906 1301930405.0
445986.239905 4635233.853182 1301930407.0
445964.492257 4635233.462931 1301930409.0
445942.249192 4635233.409607 1301930411.0
445919.674163 4635233.358872 1301930413.0
445896.016888 4635232.872293 1301930415.0
445871.699060 4635232.834946 1301930417.0
445847.461689 4635232.463970 1301930419.0
445824.054217 4635232.086765 1301930421.0
445801.474954 4635231.481269 1301930423.0
445778.978676 4635230.875213 1301930425.0
445757.151388 4635230.930335 1301930427.0
445736.149774 4635230.424068 1301930429.0
445715.561414 4635229.692646 1301930431.0
445695.307550 4635229.291835 1301930433.0
445675.053683 4635228.891082 1301930435.0
445646.561747 4635225.666360 1301930438.0
445623.069545 4635225.068394 1301930441.0
445597.513600 4635225.929700 1301930445.0
445577.424845 4635225.416930 1301930459.0
445551.779126 4635225.390818 1301930471.0
445528.871238 4635225.232831 1301930474.0
445501.565707 4635225.219590 1301930477.0
445471.600234 4635224.671645 1301930480.0
445451.178649 4635224.050743 1301930482.0
445430.923890 4635223.539657 1301930484.0
445401.126082 4635223.212790 1301930487.0
445380.788324 4635222.702482 1301930489.0
445360.200740 4635222.083114 1301930491.0
445339.949372 4635222.016394 1301930493.0
445309.984714 4635221.580155 1301930496.0
445289.729931 4635221.069470 1301930498.0
445269.059339 4635220.451002 1301930500.0
445248.222762 4635219.833870 1301930502.0
445227.471731 4635219.549243 1301930504.0
445198.666352 4635218.771458 1301930507.0
445176.418067 4635218.054361 1301930510.0
445154.418748 4635217.335418 1301930515.0
445129.939115 4635217.857015 1301930537.0
445103.794540 4635217.725323 1301930541.0
445079.055667 4635216.916688 1301930544.0
445050.083412 4635216.029757 1301930547.0
445029.662601 4635215.521090 1301930549.0
445009.411196 4635215.455310 1301930551.0
444980.609190 4635215.122515 1301930554.0
444952.718360 4635214.560728 1301930557.0
444925.072204 4635213.441991 1301930560.0
444897.675009 4635212.321435 1301930563.0
444871.277128 4635211.637386 1301930566.0
444845.875127 4635210.945725 1301930569.0
444822.797717 4635210.347185 1301930572.0
444802.628415 4635210.170322 1301930575.0
444779.056495 4635210.019889 1301930579.0
444757.562782 4635210.297554 1301930584.0
444734.589880 4635212.474333 1301930610.0
444711.185667 4635212.544892 1301930613.0
444682.470916 4635212.767793 1301930616.0
444660.892495 4635212.824341 1301930618.0
444638.152204 4635212.889982 1301930620.0
444616.074974 4635212.839508 1301930622.0
444595.158748 4635212.669039 1301930624.0
444566.197613 4635213.227426 1301930627.0
444538.570380 4635214.552784 1301930630.0
444513.183902 4635215.860798 1301930633.0
444490.313101 4635220.480315 1301930637.0
444484.945667 4635245.282689 1301930642.0
444485.610586 4635266.707043 1301930645.0
444485.561471 4635292.356248 1301930648.0
444485.603134 4635319.004053 1301930651.0
444485.401890 4635346.430988 1301930654.0
444485.351918 4635371.969170 1301930657.0
444485.547454 4635397.061304 1301930660.0
444485.985033 4635421.263282 1301930663.0
444485.824392 4635443.249244 1301930666.0
444484.492408 4635464.022963 1301930678.0
444465.150318 4635474.055741 1301930683.0
444437.934718 4635474.823129 1301930687.0
444413.465509 4635476.568496 1301930690.0
444388.003060 4635478.654803 1301930693.0
444364.445002 4635480.171157 1301930696.0
444342.972050 4635483.003707 1301930699.0
444321.440105 4635478.286474 1301930703.0
444301.008671 4635476.336549 1301930709.0
444279.241608 4635473.397824 1301930724.0
444255.574498 4635471.584373 1301930728.0
444230.800720 4635466.226578 1301930731.0
444209.966457 4635465.834542 1301930733.0
444188.636005 4635465.668523 1301930735.0
444167.640111 4635465.833048 1301930737.0
444138.520998 4635467.282703 1301930740.0
444116.120414 4635468.235633 1301930743.0
444094.261327 4635474.736084 1301930751.0
444089.797884 4635498.199290 1301930756.0
444088.180434 4635524.749115 1301930760.0
444088.125804 4635549.510130 1301930763.0
444088.244992 4635575.269088 1301930766.0
444088.040080 4635602.029897 1301930769.0
444087.737371 4635626.903897 1301930772.0
444088.086351 4635650.218305 1301930775.0
444088.589100 4635671.977031 1301930778.0
444088.541455 4635697.626270 1301930782.0
444090.204247 4635719.153824 1301930786.0
444120.350757 4635743.011655 1301930804.0
