445969.937986 4635240.194670 1302038242.0
445971.337768 4635260.614211 1302038245.0
445971.572690 4635291.590767 1302038248.0
445971.593639 4635316.240039 1302038250.0
445971.711894 4635342.776143 1302038252.0
445971.592131 4635370.757488 1302038254.0
445971.054904 4635398.408901 1302038256.0
445970.413645 4635423.285266 1302038258.0
445969.251729 4635445.167677 1302038260.0
445966.300308 4635471.838103 1302038263.0
445970.356505 4635492.348536 1302038266.0
445990.318049 4635498.081940 1302038269.0
446017.690344 4635496.097927 1302038272.0
446052.455238 4635494.946299 1302038275.0
446079.012813 4635494.967295 1302038277.0
446107.143783 4635494.532352 1302038279.0
446133.281383 4635493.890526 1302038281.0
446155.348418 4635492.724395 1302038283.0
446175.936790 4635493.568108 1302038286.0
446200.978793 4635490.714140 1302038314.0
446223.473354 4635491.210493 1302038317.0
446247.466706 4635492.361809 1302038320.0
446269.147296 4635494.974084 1302038323.0
446287.424669 4635486.508742 1302038328.0
446290.119948 4635458.730065 1302038332.0
446290.466477 4635427.638097 1302038335.0
446290.942039 4635402.651995 1302038337.0
446291.241586 4635376.334821 1302038339.0
446291.217552 4635351.130420 1302038341.0
446290.713163 4635328.261344 1302038343.0
446289.585995 4635299.845294 1302038346.0
446289.433650 4635279.638367 1302038349.0
446292.243831 4635256.078104 1302038369.0
446269.328653 4635243.926188 1302038374.0
446240.106094 4635242.814243 1302038377.0
446217.441419 4635241.874975 1302038379.0
446193.701219 4635241.388035 1302038381.0
446168.298695 4635240.580634 1302038383.0
446142.397383 4635239.666061 1302038385.0
446116.748393 4635239.193808 1302038387.0
446091.180708 4635238.498964 1302038389.0
446065.448717 4635238.027523 1302038391.0
446039.467751 4635237.558061 1302038393.0
446013.900047 4635236.863495 1302038395.0
445988.249347 4635236.169649 1302038397.0
445962.931444 4635235.584406 1302038399.0
445938.111475 4635234.995473 1302038401.0
445914.370375 4635234.398436 1302038403.0
445892.207769 4635234.011557 1302038405.0
445871.538985 4635233.613397 1302038407.0
445844.562938 4635233.263239 1302038410.0
445821.488274 4635232.994546 1302038414.0
445795.429336 4635233.192767 1302038418.0
445764.719563 4635232.982353 1302038421.0
445740.228982 4635232.058501 1302038423.0
445716.482767 4635230.795961 1302038425.0
445694.650398 4635230.185113 1302038427.0
445664.683281 4635229.414301 1302038430.0
445642.937279 4635229.247086 1302038432.0
445621.274265 4635229.079305 1302038434.0
445601.105923 4635229.011209 1302038436.0
445573.463361 4635228.334065 1302038439.0
445551.302397 4635228.170300 1302038442.0
445529.796017 4635226.780230 1302038447.0
445507.967006 4635226.614061 1302038461.0
445480.575940 4635226.268455 1302038464.0
445457.416528 4635225.779522 1302038466.0
445432.262792 4635224.972838 1302038468.0
445405.452643 4635224.623071 1302038470.0
445376.982683 4635224.286130 1302038472.0
445346.767364 4635223.629591 1302038474.0
445316.469899 4635223.084845 1302038476.0
445285.507651 4635222.434299 1302038478.0
445252.720458 4635221.908945 1302038480.0
445219.351471 4635221.277182 1302038482.0
445187.643993 4635220.854859 1302038484.0
445158.094262 4635220.416066 1302038486.0
445128.960331 4635220.085227 1302038488.0
445097.918471 4635219.880244 1302038490.0
445067.128146 4635220.006557 1302038492.0
445036.831481 4635219.574027 1302038494.0
445007.446847 4635219.023551 1302038496.0
444979.143656 4635218.797946 1302038498.0
444949.593030 4635218.248990 1302038500.0
444919.126927 4635217.374134 1302038502.0
444888.581258 4635216.944159 1302038504.0
444857.869602 4635216.515599 1302038506.0
444826.496596 4635216.425395 1302038508.0
444794.792484 4635216.448928 1302038510.0
444764.167248 4635216.464237 1302038512.0
444734.620025 4635216.360282 1302038514.0
444704.741699 4635216.370053 1302038516.0
444674.779517 4635216.269566 1302038518.0
444645.402581 4635216.719828 1302038520.0
444616.357608 4635217.167629 1302038522.0
444588.971584 4635217.491613 1302038524.0
444563.828898 4635218.131346 1302038526.0
444541.922847 4635218.745973 1302038528.0
444516.279629 4635219.056669 1302038531.0
444493.139105 4635221.013466 1302038552.0
444483.915177 4635240.849364 1302038557.0
444486.512229 4635265.256577 1302038560.0
444487.982014 4635294.113929 1302038563.0
444487.497183 4635317.101718 1302038565.0
444486.274106 4635341.205599 1302038567.0
444485.712355 4635364.971227 1302038569.0
444484.727014 4635387.629817 1302038571.0
444483.817748 4635409.399545 1302038573.0
444482.660390 4635431.282241 1302038575.0
444481.353505 4635455.275747 1302038578.0
444475.960339 4635476.747324 1302038584.0
444456.099595 4635484.119356 1302038589.0
444432.270219 4635493.409976 1302038594.0
444410.152446 4635498.690099 1302038597.0
444383.937124 4635500.005060 1302038600.0
444357.805664 4635501.430495 1302038603.0
444336.568727 4635502.595712 1302038606.0
444313.489586 4635501.665748 1302038611.0
444284.361048 4635501.893510 1302038615.0
444261.790243 4635502.292145 1302038617.0
444237.885559 4635501.924054 1302038619.0
444214.560913 4635501.440468 1302038621.0
444192.978996 4635500.943305 1302038623.0
444164.830634 4635499.165265 1302038626.0
444140.910258 4635496.799011 1302038630.0
444122.973413 4635506.044471 1302038635.0
444118.038106 4635532.842380 1302038639.0
444117.596310 4635561.159520 1302038642.0
444117.323107 4635589.808440 1302038645.0
444115.977189 4635619.243015 1302038648.0
444115.027049 4635646.231738 1302038651.0
444113.907465 4635672.777656 1302038654.0
444114.431042 4635697.201036 1302038657.0
444116.776797 4635721.165986 1302038661.0
444094.585012 4635716.898760 1302038666.0
444108.065789 4635732.115669 1302038674.0
