446016.122437 4634861.997846 1302490809.0
446013.217891 4634840.146277 1302490820.0
445991.500703 4634832.982657 1302490827.0
445977.694776 4634851.185762 1302490835.0
445977.521899 4634872.172383 1302490838.0
445976.823626 4634900.491194 1302490841.0
445975.047285 4634928.929213 1302490844.0
445973.725985 4634951.701081 1302490848.0
445976.217332 4634973.777838 1302490854.0
445982.613546 4634996.380158 1302490858.0
445988.222719 4635024.651155 1302490862.0
445989.213406 4635045.851028 1302490864.0
445990.062512 4635070.271944 1302490866.0
445990.258621 4635096.141246 1302490868.0
445990.130341 4635123.012309 1302490870.0
445989.924122 4635150.550165 1302490872.0
445989.302954 4635178.091167 1302490874.0
445986.907348 4635212.418665 1302490876.0
445984.663091 4635233.865137 1302490877.0
445982.019405 4635268.305554 1302490879.0
445980.039665 4635302.740940 1302490881.0
445977.731359 4635337.622954 1302490883.0
445974.828688 4635370.732943 1302490885.0
445972.901698 4635401.170731 1302490887.0
445971.033296 4635428.388107 1302490889.0
445967.811002 4635452.173715 1302490891.0
445966.356732 4635479.276920 1302490894.0
445986.299309 4635493.449003 1302490898.0
446012.432703 4635492.251599 1302490901.0
446034.178715 4635492.530961 1302490903.0
446059.242531 4635492.563199 1302490905.0
446087.133792 4635493.351361 1302490907.0
446116.022570 4635494.354153 1302490909.0
446144.243244 4635494.806946 1302490911.0
446171.054809 4635495.492565 1302490913.0
446197.044043 4635497.183796 1302490915.0
446222.366013 4635498.436026 1302490917.0
446245.360983 4635499.261771 1302490919.0
446265.783347 4635500.106995 1302490921.0
446288.852920 4635499.821983 1302490924.0
446307.405347 4635483.804347 1302490930.0
446305.973920 4635459.054685 1302490933.0
446305.397470 4635437.629581 1302490935.0
446305.790932 4635412.755133 1302490937.0
446306.583441 4635385.768044 1302490939.0
446307.119461 4635357.783588 1302490941.0
446307.323532 4635329.801636 1302490943.0
446306.625603 4635303.269917 1302490945.0
446305.534479 4635279.628030 1302490947.0
446304.087959 4635252.879889 1302490950.0
446296.063306 4635234.286769 1302490954.0
446269.496400 4635233.154685 1302490958.0
446240.130437 4635235.041722 1302490961.0
446217.471604 4635234.879643 1302490963.0
446194.315666 4635234.832423 1302490965.0
446170.328986 4635234.680522 1302490967.0
446147.336507 4635234.299120 1302490969.0
446121.351339 4635233.274224 1302490972.0
446098.187830 4635232.228073 1302490984.0
446070.059186 4635233.107150 1302490988.0
446049.148173 4635233.598575 1302490990.0
446024.833722 4635234.004814 1302490992.0
446001.344967 4635233.849709 1302490994.0
445977.539403 4635235.695687 1302490997.0
445969.048202 4635254.191634 1302491001.0
445971.702093 4635275.823033 1302491004.0
445972.436635 4635307.017867 1302491007.0
445972.550676 4635332.998835 1302491009.0
445972.094743 4635360.427562 1302491011.0
445971.560039 4635388.412056 1302491013.0
445970.941511 4635416.286152 1302491015.0
445969.807380 4635441.832458 1302491017.0
445967.719134 4635461.945360 1302491019.0
445964.717197 4635481.954160 1302491022.0
445952.232848 4635499.148029 1302491051.0
445927.767656 4635501.443328 1302491055.0
445904.195945 4635501.178154 1302491058.0
445875.149611 4635501.287753 1302491061.0
445852.240947 4635500.906681 1302491063.0
445828.249226 4635499.978750 1302491065.0
445803.930616 4635499.719588 1302491067.0
445779.443493 4635499.128691 1302491069.0
445756.302759 4635500.970365 1302491071.0
445734.711726 4635499.247234 1302491073.0
445710.139913 4635498.435153 1302491076.0
445685.641768 4635496.401226 1302491081.0
445661.917593 4635497.914554 1302491084.0
445631.625578 4635497.923614 1302491087.0
445608.721963 4635498.209487 1302491089.0
445585.818349 4635498.495433 1302491091.0
445564.320427 4635498.104510 1302491093.0
445535.854124 4635498.100026 1302491096.0
445511.688715 4635496.175186 1302491099.0
445489.004319 4635492.573590 1302491122.0
445467.484271 4635489.296253 1302491127.0
445447.406445 4635490.116182 1302491130.0
445418.373653 4635492.004077 1302491133.0
445394.392883 4635492.520959 1302491135.0
445368.416164 4635492.498061 1302491137.0
445341.772989 4635492.147270 1302491139.0
445314.458241 4635490.802430 1302491141.0
445285.985922 4635490.021755 1302491143.0
445255.847876 4635488.476757 1302491145.0
445227.207855 4635487.475538 1302491147.0
445199.653493 4635487.354351 1302491149.0
445173.675033 4635487.110108 1302491151.0
445150.025345 4635487.514231 1302491153.0
445128.200525 4635487.793342 1302491155.0
445106.717066 4635489.291261 1302491158.0
445085.634858 4635489.009612 1302491164.0
445064.017115 4635494.616943 1302491168.0
445035.179516 4635500.280044 1302491171.0
445009.315786 4635504.143766 1302491173.0
444982.517787 4635505.238952 1302491175.0
444955.963609 4635505.666153 1302491177.0
444931.804902 4635504.631496 1302491179.0
444909.540295 4635501.694698 1302491182.0
444887.820504 4635494.090335 1302491188.0
444861.694110 4635496.180084 1302491194.0
444840.913303 4635502.669888 1302491197.0
444815.805160 4635507.638802 1302491200.0
444786.040307 4635511.422524 1302491203.0
444763.477280 4635512.818814 1302491205.0
444738.577703 4635512.567793 1302491207.0
444708.016902 4635510.029088 1302491209.0
444675.870697 4635506.392487 1302491211.0
444647.239254 4635506.503870 1302491213.0
444618.026035 4635506.508858 1302491215.0
444589.141309 4635506.067274 1302491217.0
444561.339731 4635506.172548 1302491219.0
444536.294884 4635508.588178 1302491221.0
444510.496249 4635510.121496 1302491224.0
444491.728971 4635498.053979 1302491247.0
444469.513373 4635490.787848 1302491254.0
444446.031403 4635491.415069 1302491260.0
444424.793726 4635503.128251 1302491265.0
444405.857229 4635511.936656 1302491268.0
444378.529550 4635519.589253 1302491271.0
444357.217483 4635521.754301 1302491273.0
444335.922779 4635526.139957 1302491277.0
444323.847780 4635542.112177 1302491289.0
444303.455075 4635555.706701 1302491297.0
444282.709279 4635555.979970 1302491302.0
444262.467484 4635557.026593 1302491305.0
444237.329482 4635558.111600 1302491308.0
444206.963329 4635559.237642 1302491311.0
444175.030879 4635561.708496 1302491313.0
444143.421689 4635563.066618 1302491315.0
444114.708328 4635563.291822 1302491317.0
444092.545680 4635562.799523 1302491319.0
444060.385400 4635557.389263 1302491322.0
444034.617664 4635552.262025 1302491324.0
444007.498538 4635544.147582 1302491326.0
443983.869165 4635536.560969 1302491336.0
