446186.625361 4635491.266687 1302896543.0
446207.713332 4635492.328784 1302896551.0
446229.708288 4635492.606863 1302896555.0
446251.284116 4635492.333005 1302896559.0
446273.199431 4635493.055953 1302896565.0
446294.768561 4635491.894010 1302896570.0
446300.759801 4635471.973863 1302896574.0
446300.024892 4635451.549255 1302896579.0
446300.686546 4635429.226552 1302896591.0
446301.224210 4635401.464148 1302896594.0
446301.555596 4635379.366004 1302896596.0
446301.720172 4635357.158084 1302896598.0
446300.984425 4635336.622452 1302896600.0
446299.459089 4635310.430070 1302896603.0
446298.726682 4635290.338548 1302896606.0
446299.724503 4635268.568484 1302896634.0
446300.314914 4635247.800793 1302896644.0
446281.802389 4635236.170819 1302896657.0
446258.813277 4635236.233166 1302896660.0
446230.267176 4635236.781659 1302896663.0
446209.185160 4635236.607705 1302896665.0
446188.186972 4635236.544214 1302896667.0
446167.770552 4635236.587422 1302896669.0
446141.382197 4635237.119967 1302896672.0
446118.226261 4635237.072995 1302896676.0
446093.072679 4635236.263979 1302896700.0
446067.427033 4635236.236012 1302896703.0
446038.133180 4635236.679902 1302896706.0
446009.080727 4635236.122782 1302896709.0
445980.856485 4635235.337434 1302896712.0
445953.047187 4635234.549050 1302896715.0
445923.659380 4635233.550688 1302896718.0
445903.405549 4635233.149286 1302896720.0
445877.007905 4635232.461512 1302896723.0
445854.677622 4635231.853956 1302896727.0
445832.356619 4635232.467768 1302896732.0
445810.691096 4635231.966329 1302896735.0
445786.617161 4635231.261216 1302896738.0
445765.534252 4635230.977548 1302896741.0
445745.116952 4635230.910940 1302896745.0
445724.769108 4635229.067325 1302896749.0
445700.612160 4635228.363134 1302896753.0
445675.785356 4635226.886899 1302896756.0
445649.636625 4635226.198069 1302896759.0
445622.739278 4635225.292982 1302896762.0
445598.838055 4635225.475452 1302896765.0
445575.267096 4635225.433413 1302896769.0
445555.102135 4635225.809556 1302896788.0
445530.105907 4635223.890988 1302896793.0
445506.612834 4635223.182378 1302896796.0
445481.052641 4635223.488967 1302896799.0
445452.665675 4635223.151089 1302896802.0
445432.163644 4635222.863959 1302896804.0
445410.997686 4635222.581975 1302896806.0
445389.996856 4635222.187755 1302896808.0
445368.670021 4635222.573332 1302896810.0
445347.174650 4635222.627164 1302896812.0
445325.592880 4635222.237590 1302896814.0
445303.763840 4635222.072047 1302896816.0
445282.096515 4635221.350161 1302896818.0
445261.503796 4635220.064916 1302896820.0
445232.700985 4635219.620075 1302896823.0
445208.463498 4635219.251271 1302896826.0
445185.388729 4635218.984638 1302896830.0
445165.210932 4635217.696478 1302896836.0
445141.314798 4635218.546646 1302896860.0
445114.834844 4635217.973362 1302896864.0
445087.110881 4635217.520798 1302896867.0
445066.109146 4635217.016505 1302896869.0
445043.446739 4635216.414050 1302896871.0
445020.620060 4635216.035002 1302896873.0
444997.791663 4635215.433974 1302896875.0
444974.632155 4635214.946609 1302896877.0
444951.808896 4635215.011890 1302896879.0
444929.729117 4635214.627363 1302896881.0
444908.231986 4635214.460465 1302896883.0
444887.315787 4635214.289139 1302896885.0
444866.814538 4635214.114662 1302896887.0
444837.765258 4635214.006425 1302896890.0
444813.445578 4635213.750635 1302896893.0
444792.277817 4635213.248435 1302896896.0
444770.698541 4635213.193623 1302896900.0
444750.201586 4635213.574617 1302896909.0
444724.636176 4635213.217757 1302896938.0
444703.225463 4635213.494943 1302896941.0
444676.007132 4635214.039357 1302896944.0
444655.011374 4635214.313465 1302896946.0
444631.856135 4635214.382350 1302896948.0
444607.871852 4635214.568790 1302896950.0
444585.964061 4635214.961227 1302896952.0
444565.633093 4635215.341462 1302896954.0
444536.756688 4635216.121378 1302896957.0
444512.194068 4635216.645744 1302896960.0
444490.816235 4635221.142598 1302896965.0
444487.405960 4635241.488366 1302896973.0
444487.902296 4635262.580932 1302896978.0
444487.268784 4635287.790556 1302896981.0
444486.837593 4635317.662027 1302896984.0
444486.670018 4635338.759769 1302896986.0
444486.500715 4635359.635457 1302896988.0
444486.078987 4635380.068978 1302896990.0
444485.637435 4635408.608127 1302896993.0
444485.814802 4635431.368693 1302896996.0
444486.141707 4635452.018449 1302897000.0
444478.593443 4635473.839920 1302897009.0
444454.623014 4635475.692292 1302897013.0
444433.111911 4635473.639373 1302897016.0
444412.181709 4635471.581987 1302897019.0
444391.170239 4635469.747364 1302897022.0
444367.365789 4635471.598734 1302897026.0
444347.191121 4635470.645977 1302897030.0
444326.292118 4635472.585821 1302897040.0
444305.564308 4635475.190591 1302897053.0
444283.087695 4635477.031862 1302897073.0
444263.322291 4635485.958165 1302897079.0
444232.770731 4635484.642794 1302897083.0
444209.279183 4635484.049497 1302897085.0
444187.120650 4635484.112037 1302897087.0
444158.925785 4635486.997810 1302897090.0
444134.762499 4635485.410718 1302897093.0
444113.395516 4635480.581784 1302897098.0
444098.898613 4635494.574780 1302897109.0
444095.252842 4635516.477091 1302897117.0
444092.856256 4635538.924771 1302897121.0
444091.270382 4635558.923341 1302897124.0
444089.547303 4635582.587112 1302897127.0
444087.241591 4635606.033390 1302897130.0
444084.410965 4635626.041735 1302897133.0
444081.664213 4635646.160457 1302897136.0
444079.418005 4635666.608354 1302897139.0
444076.872123 4635691.166865 1302897143.0
444078.942031 4635711.691915 1302897151.0
444096.304832 4635724.546612 1302897157.0
444116.692070 4635720.944583 1302897162.0
