445507.958565 4636006.625517 1303656809.0
445525.483983 4636019.482402 1303656837.0
445552.110737 4636017.946399 1303656841.0
445575.429284 4636017.879212 1303656844.0
445600.328711 4636018.355195 1303656847.0
445626.559222 4636019.265239 1303656850.0
445653.451878 4636019.948259 1303656853.0
445680.259007 4636020.298931 1303656856.0
445708.141500 4636020.197373 1303656859.0
445735.785199 4636021.430147 1303656862.0
445762.096117 4636022.006975 1303656865.0
445787.743180 4636022.588953 1303656868.0
445811.477451 4636022.630408 1303656871.0
445833.636768 4636022.905987 1303656874.0
445859.531074 4636023.264276 1303656878.0
445881.858878 4636023.871824 1303656882.0
445908.424611 4636025.224492 1303656886.0
445930.835383 4636025.831563 1303656889.0
445954.577216 4636026.872740 1303656892.0
445979.474880 4636027.127993 1303656895.0
446005.200666 4636027.154989 1303656898.0
446030.924769 4636026.960023 1303656901.0
446056.818196 4636027.208002 1303656904.0
446082.212894 4636027.348816 1303656907.0
446108.020814 4636027.264528 1303656910.0
446134.741524 4636027.173430 1303656913.0
446162.210740 4636027.298841 1303656916.0
446189.265048 4636027.427492 1303656919.0
446216.050289 4636024.893474 1303656922.0
446241.249690 4636021.150157 1303656925.0
446263.885917 4636018.647636 1303656928.0
446288.807953 4636011.131441 1303656932.0
446296.087897 4635986.094007 1303656936.0
446297.164356 4635963.768156 1303656939.0
446297.474733 4635938.894312 1303656942.0
446297.858889 4635912.798544 1303656945.0
446298.065365 4635885.149648 1303656948.0
446300.021184 4635858.375833 1303656951.0
446302.144660 4635831.822822 1303656954.0
446302.922841 4635802.948252 1303656957.0
446303.526694 4635772.964663 1303656960.0
446304.199185 4635752.085302 1303656962.0
446304.620217 4635730.874737 1303656964.0
446304.960780 4635709.997880 1303656966.0
446305.218362 4635689.121649 1303656968.0
446305.230338 4635668.691404 1303656970.0
446305.672440 4635639.264209 1303656973.0
446305.625839 4635611.062066 1303656976.0
446305.670595 4635583.969570 1303656979.0
446305.988583 4635560.094986 1303656982.0
446305.919258 4635539.887425 1303656985.0
446306.927090 4635519.449678 1303656991.0
446307.144530 4635493.244153 1303657006.0
446307.638551 4635470.700646 1303657009.0
446308.112493 4635445.492490 1303657012.0
446308.905841 4635418.616426 1303657015.0
446309.368081 4635391.853893 1303657018.0
446309.743992 4635364.647878 1303657021.0
446310.116560 4635336.997756 1303657024.0
446310.242677 4635309.682592 1303657027.0
446312.127476 4635284.463811 1303657030.0
446314.126238 4635263.352407 1303657033.0
446314.954786 4635241.139489 1303657041.0
446315.200734 4635218.708895 1303657045.0
446315.935427 4635195.053252 1303657048.0
446317.391110 4635167.950144 1303657051.0
446318.318572 4635147.846118 1303657053.0
446318.816862 4635125.857761 1303657055.0
446319.481977 4635103.979180 1303657057.0
446319.743012 4635083.547078 1303657059.0
446319.443358 4635054.791701 1303657062.0
446320.070007 4635027.805880 1303657065.0
446320.896109 4635005.259890 1303657068.0
446321.215894 4634981.607382 1303657073.0
446321.937267 4634956.175317 1303657077.0
446323.510332 4634933.623703 1303657080.0
446323.841845 4634911.525577 1303657083.0
446324.355242 4634891.535714 1303657086.0
446324.027826 4634870.108753 1303657089.0
446324.938638 4634847.784198 1303657092.0
446324.931495 4634824.800360 1303657095.0
446325.510339 4634802.478307 1303657098.0
446326.675174 4634780.818042 1303657101.0
446327.744477 4634757.492997 1303657104.0
446327.392822 4634732.846258 1303657107.0
446326.825630 4634712.642475 1303657110.0
446318.201922 4634691.722151 1303657118.0
446292.379132 4634690.473309 1303657122.0
446269.640598 4634690.977835 1303657125.0
446244.823803 4634691.053979 1303657128.0
446219.838501 4634690.798381 1303657131.0
446196.346294 4634690.420563 1303657134.0
446176.176460 4634690.350825 1303657137.0
446153.603921 4634690.854468 1303657143.0
446128.121469 4634690.713982 1303657147.0
446104.547935 4634690.559148 1303657150.0
446078.236353 4634690.536145 1303657153.0
446052.504904 4634690.397814 1303657156.0
446027.936246 4634690.361801 1303657159.0
446006.274988 4634690.636941 1303657162.0
445984.959184 4634692.686062 1303657168.0
445979.299257 4634712.492908 1303657172.0
445979.713227 4634734.252310 1303657175.0
445979.329225 4634760.237030 1303657178.0
445978.603986 4634785.002971 1303657181.0
445977.931446 4634805.771312 1303657184.0
445981.500071 4634827.617833 1303657190.0
446005.172984 4634829.992167 1303657195.0
446029.723502 4634827.696529 1303657199.0
446051.309754 4634828.532355 1303657203.0
446063.507910 4634850.091512 1303657208.0
446048.270752 4634865.640511 1303657213.0
446025.791017 4634867.365233 1303657218.0
