445515.182072 4635225.892677 1302923074.0
445491.783886 4635226.737861 1302923077.0
445462.895593 4635225.959644 1302923080.0
445440.234120 4635225.466955 1302923082.0
445417.489653 4635224.974973 1302923084.0
445394.911162 4635224.481793 1302923086.0
445371.836427 4635224.214556 1302923088.0
445347.518536 4635224.178997 1302923090.0
445323.281930 4635223.920830 1302923092.0
445298.214564 4635223.558091 1302923094.0
445273.228478 4635222.972748 1302923096.0
445248.653926 4635221.940196 1302923098.0
445225.413189 4635221.674709 1302923100.0
445204.413190 4635221.392062 1302923102.0
445180.672795 4635220.908497 1302923105.0
445160.510386 4635221.618838 1302923109.0
445139.834649 4635220.334583 1302923137.0
445115.019642 4635220.414679 1302923143.0
445087.631930 4635220.514691 1302923146.0
445065.387059 4635220.242050 1302923148.0
445041.894757 4635219.645999 1302923150.0
445018.819973 4635219.379905 1302923152.0
444995.743472 4635218.891832 1302923154.0
444972.751672 4635218.625246 1302923156.0
444949.759869 4635218.358735 1302923158.0
444927.014460 4635217.757292 1302923160.0
444905.267508 4635217.481301 1302923162.0
444884.350458 4635217.198956 1302923164.0
444854.385718 4635216.764633 1302923167.0
444832.969859 4635216.375266 1302923169.0
444811.138183 4635215.878151 1302923171.0
444790.056000 4635215.708396 1302923173.0
444761.253970 4635215.376487 1302923176.0
444740.004077 4635214.986113 1302923179.0
444717.511046 4635214.827516 1302923201.0
444693.030548 4635215.239587 1302923205.0
444663.905166 4635216.020920 1302923208.0
444640.583951 4635216.091066 1302923210.0
444614.773882 4635216.291671 1302923212.0
444587.138019 4635216.506569 1302923214.0
444559.836711 4635217.052073 1302923216.0
444535.191103 4635217.577006 1302923218.0
444514.526451 4635217.737917 1302923220.0
444491.625378 4635218.471481 1302923223.0
444477.479928 4635235.125754 1302923227.0
444477.976293 4635256.218319 1302923230.0
444479.211855 4635286.965071 1302923233.0
444479.403080 4635311.502066 1302923235.0
444479.362645 4635338.261545 1302923237.0
444479.900539 4635364.683417 1302923239.0
444479.933577 4635390.220953 1302923241.0
444479.538697 4635414.096316 1302923243.0
444479.614924 4635434.525958 1302923245.0
444480.536607 4635456.947622 1302923248.0
444474.723315 4635477.756271 1302923260.0
444454.494264 4635480.467754 1302923264.0
444428.425790 4635479.338658 1302923267.0
444406.752180 4635477.731223 1302923269.0
444383.208852 4635481.134977 1302923271.0
444358.315199 4635481.662475 1302923273.0
444334.251422 4635482.183574 1302923275.0
444312.679008 4635482.907347 1302923277.0
444290.433147 4635482.415079 1302923280.0
444268.263320 4635481.034013 1302923285.0
444245.562971 4635486.097138 1302923291.0
444219.830768 4635485.521343 1302923293.0
444194.765068 4635485.273522 1302923295.0
444172.182899 4635484.229087 1302923297.0
444147.698973 4635484.087906 1302923318.0
444126.538028 4635484.364881 1302923322.0
444104.459866 4635484.093945 1302923325.0
444072.749918 4635483.232486 1302923328.0
444045.354441 4635482.226243 1302923330.0
444015.133886 4635480.798171 1302923332.0
443986.493573 4635479.801937 1302923334.0
443959.768079 4635479.567993 1302923336.0
443935.030788 4635478.874365 1302923338.0
443911.533934 4635477.615886 1302923340.0
443889.861049 4635476.121049 1302923342.0
443867.276165 4635474.744499 1302923344.0
443841.788453 4635473.612971 1302923346.0
443813.147199 4635472.506407 1302923348.0
443782.102796 4635471.863058 1302923350.0
443748.904211 4635471.680990 1302923352.0
443714.624149 4635471.174520 1302923354.0
443679.593679 4635470.230011 1302923356.0
443644.979014 4635469.393419 1302923358.0
443611.941106 4635468.544513 1302923360.0
443582.729416 4635468.775799 1302923362.0
443557.916957 4635469.083382 1302923364.0
443531.028045 4635469.185442 1302923367.0
443509.940351 4635468.242291 1302923391.0
443486.290599 4635468.651938 1302923395.0
443456.742547 4635468.331238 1302923398.0
443432.838542 4635468.076875 1302923400.0
443406.856311 4635467.394965 1302923402.0
443379.796114 4635466.832752 1302923404.0
443352.403959 4635466.273281 1302923406.0
443327.416679 4635465.472714 1302923408.0
443305.001131 4635464.540733 1302923410.0
443279.602433 4635464.187745 1302923413.0
443257.932878 4635463.138938 1302923420.0
443235.521733 4635462.762312 1302923424.0
443209.055685 4635463.861526 1302923427.0
443182.743222 4635463.405133 1302923430.0
443162.324665 4635463.123879 1302923434.0
443141.258153 4635464.846472 1302923438.0
443114.362996 4635464.172915 1302923441.0
443086.977889 4635464.502681 1302923444.0
443064.516574 4635468.235262 1302923449.0
443058.129156 4635489.382832 1302923453.0
443060.507807 4635517.011359 1302923456.0
443060.355123 4635539.441508 1302923458.0
443060.063981 4635565.314829 1302923460.0
443060.451821 4635593.070306 1302923462.0
443062.168325 4635620.926199 1302923464.0
443063.464565 4635648.119247 1302923466.0
443063.668676 4635673.655510 1302923468.0
443062.950189 4635697.977771 1302923470.0
443061.817673 4635722.414377 1302923472.0
443060.439763 4635747.297083 1302923474.0
443059.408890 4635774.064601 1302923476.0
443059.052550 4635802.159139 1302923478.0
443059.187016 4635829.361481 1302923480.0
443059.307284 4635854.787388 1302923482.0
443059.908587 4635878.099797 1302923484.0
443060.245851 4635899.526733 1302923486.0
443059.552272 4635926.957767 1302923489.0
443059.082794 4635951.278049 1302923492.0
443058.754432 4635972.488240 1302923495.0
443058.923077 4635993.583425 1302923501.0
443080.506726 4636004.847449 1302923510.0
443106.795919 4636002.638789 1302923513.0
443129.031439 4636002.017074 1302923515.0
443154.256071 4636001.593640 1302923517.0
443181.226861 4636001.600502 1302923519.0
443205.375390 4636001.518937 1302923521.0
443230.177151 4636000.099835 1302923524.0
