443996.881286 4635724.328292 1302874339.0
444017.320834 4635727.387611 1302874343.0
444041.140930 4635727.644579 1302874346.0
444065.379432 4635728.342477 1302874349.0
444085.545580 4635728.295184 1302874354.0
444106.377346 4635728.464794 1302874358.0
444128.716768 4635730.399183 1302874387.0
444154.864765 4635731.193442 1302874392.0
444176.446860 4635731.801510 1302874395.0
444200.172634 4635730.616306 1302874398.0
444226.474416 4635729.855147 1302874401.0
444255.360021 4635730.517306 1302874404.0
444283.995796 4635731.070502 1302874407.0
444312.314383 4635733.513870 1302874410.0
444338.625702 4635733.974424 1302874413.0
444362.088657 4635731.015270 1302874417.0
444384.599158 4635733.615328 1302874436.0
444404.783474 4635735.900510 1302874442.0
444427.561085 4635740.830332 1302874449.0
444448.889830 4635740.886031 1302874453.0
444468.347906 4635735.182612 1302874460.0
444474.391730 4635712.040436 1302874466.0
444475.838529 4635684.714809 1302874471.0
444476.770986 4635655.283547 1302874474.0
444477.662007 4635631.182239 1302874476.0
444478.455339 4635605.194116 1302874478.0
444478.926252 4635580.429881 1302874480.0
444479.475831 4635555.109864 1302874482.0
444480.270916 4635529.343799 1302874484.0
444481.346121 4635507.572773 1302874486.0
444482.421334 4635485.801748 1302874489.0
444483.884672 4635460.585648 1302874497.0
444483.868081 4635437.157626 1302874500.0
444484.201615 4635416.058587 1302874502.0
444484.594780 4635391.961169 1302874504.0
444484.662917 4635368.754557 1302874506.0
444484.493336 4635346.993238 1302874508.0
444485.093085 4635317.453553 1302874511.0
444485.117971 4635288.695587 1302874514.0
444485.494719 4635262.488659 1302874517.0
444485.407272 4635240.615670 1302874521.0
444485.741700 4635219.627665 1302874527.0
444488.815693 4635198.729348 1302874531.0
444509.109522 4635193.574729 1302874535.0
444536.427343 4635195.138546 1302874538.0
444556.605348 4635196.424927 1302874540.0
444584.005271 4635197.877254 1302874543.0
444608.829014 4635198.905580 1302874546.0
444632.657722 4635200.052759 1302874549.0
444657.146898 4635200.750751 1302874552.0
444684.038488 4635200.875005 1302874555.0
444712.425632 4635201.209822 1302874558.0
444732.761809 4635201.496170 1302874560.0
444754.759520 4635201.991758 1302874562.0
444778.087660 4635202.810203 1302874564.0
444801.997588 4635203.735251 1302874566.0
444826.899098 4635204.097530 1302874568.0
444852.547520 4635204.454115 1302874570.0
444879.192685 4635204.914114 1302874572.0
444905.922552 4635205.595625 1302874574.0
444933.066508 4635206.163002 1302874576.0
444960.709260 4635206.837662 1302874578.0
444988.516271 4635207.289094 1302874580.0
445016.156438 4635207.630888 1302874582.0
445043.214810 4635207.866244 1302874584.0
445069.442417 4635207.997074 1302874586.0
445095.253356 4635207.909144 1302874588.0
445120.734897 4635208.156946 1302874590.0
445145.304394 4635208.522895 1302874592.0
445169.208252 4635208.671985 1302874594.0
445193.528770 4635209.040017 1302874596.0
445219.095849 4635209.620613 1302874598.0
445246.072057 4635209.968404 1302874600.0
445273.299790 4635210.647466 1302874602.0
445300.197259 4635211.551235 1302874604.0
445327.170893 4635211.566252 1302874606.0
445353.814267 4635211.805971 1302874608.0
445380.045238 4635212.382053 1302874610.0
445407.272940 4635213.061627 1302874612.0
445435.746344 4635213.842797 1302874614.0
445477.331388 4635214.412691 1302874617.0
445503.808756 4635214.654242 1302874619.0
445529.291931 4635215.125559 1302874621.0
445554.439746 4635215.155396 1302874623.0
445579.506265 4635215.408009 1302874625.0
445604.241667 4635215.774273 1302874627.0
445628.313140 4635216.145689 1302874629.0
445651.388724 4635216.524784 1302874631.0
445673.798688 4635216.686963 1302874633.0
445695.711553 4635216.964034 1302874635.0
445717.211155 4635217.466388 1302874637.0
445738.377945 4635217.860309 1302874639.0
445758.713983 4635218.149584 1302874641.0
445788.344944 4635218.368182 1302874644.0
445809.678550 4635218.872078 1302874646.0
445832.510199 4635219.919816 1302874648.0
445867.954692 4635220.649712 1302874651.0
445890.778735 4635220.698393 1302874653.0
445911.365407 4635221.208267 1302874655.0
445936.205648 4635224.461756 1302874658.0
445956.710999 4635225.194445 1302874664.0
445974.240844 4635238.496537 1302874693.0
445976.932611 4635265.124155 1302874697.0
445976.453076 4635289.444120 1302874700.0
445975.586385 4635317.431127 1302874703.0
445974.884840 4635345.305850 1302874706.0
445974.606666 4635374.287698 1302874709.0
445974.096844 4635394.610692 1302874711.0
445973.674224 4635415.488193 1302874713.0
445973.250766 4635436.254667 1302874715.0
445970.952280 4635461.476703 1302874718.0
445970.522942 4635481.465990 1302874724.0
445995.489846 4635490.603486 1302874730.0
446024.272953 4635488.608804 1302874733.0
446047.760026 4635488.652949 1302874735.0
446072.076129 4635488.579862 1302874737.0
446095.973094 4635487.954862 1302874739.0
446118.378811 4635487.674322 1302874741.0
446139.456733 4635487.403892 1302874743.0
446167.840889 4635487.522442 1302874746.0
446188.754513 4635487.475466 1302874749.0
446211.755392 4635489.078293 1302874773.0
446238.072397 4635490.212032 1302874777.0
446259.244185 4635491.384683 1302874780.0
446281.492287 4635492.216179 1302874784.0
446302.966717 4635489.500507 1302874794.0
446305.915201 4635462.275096 1302874799.0
446303.865193 4635432.533594 1302874802.0
446303.871326 4635411.326168 1302874804.0
446303.711623 4635379.127685 1302874807.0
446303.138512 4635358.146694 1302874809.0
446302.071650 4635337.724591 1302874811.0
446299.965394 4635311.536588 1302874814.0
446298.727519 4635290.449576 1302874817.0
