446014.664403 4634822.925144 1303423810.0
445994.770532 4634815.414598 1303423815.0
445977.864287 4634829.755032 1303423826.0
445976.823925 4634856.744034 1303423832.0
445976.623618 4634885.059068 1303423835.0
445977.005956 4634913.591753 1303423838.0
445977.013387 4634936.464577 1303423841.0
445977.417265 4634956.891662 1303423847.0
445976.138058 4634985.214881 1303423851.0
445975.803422 4635006.757901 1303423853.0
445975.577882 4635031.742131 1303423855.0
445975.359922 4635057.725605 1303423857.0
445975.219906 4635083.042289 1303423859.0
445974.991851 4635107.693440 1303423861.0
445974.753696 4635131.012268 1303423863.0
445974.917030 4635152.551517 1303423865.0
445975.278339 4635178.308537 1303423868.0
445973.532889 4635199.862263 1303423872.0
445968.949781 4635219.327874 1303423890.0
445952.549245 4635234.552827 1303423902.0
445926.567409 4635233.972749 1303423905.0
445904.403118 4635233.363778 1303423907.0
445870.290757 4635233.178747 1303423910.0
445849.543197 4635233.336416 1303423912.0
445824.237083 4635234.306044 1303423915.0
445803.245622 4635235.131904 1303423920.0
445782.474407 4635232.181010 1303423925.0
445755.905689 4635230.828786 1303423928.0
445734.815163 4635229.545965 1303423930.0
445711.738784 4635229.055573 1303423932.0
445687.257491 4635229.353201 1303423934.0
445662.943025 4635229.760675 1303423936.0
445639.461005 4635230.494980 1303423938.0
445617.224690 4635231.330887 1303423940.0
445588.430451 4635231.994879 1303423943.0
445564.448804 4635232.511181 1303423946.0
445543.284585 4635232.450858 1303423950.0
445517.889557 4635232.645020 1303423978.0
445497.386710 4635232.246675 1303423981.0
445470.076105 4635231.567393 1303423984.0
445447.914293 4635231.292922 1303423986.0
445423.181480 4635231.260283 1303423988.0
445397.202109 4635231.015217 1303423990.0
445370.558811 4635230.775336 1303423992.0
445343.166893 4635230.319231 1303423994.0
445315.610694 4635230.086559 1303423996.0
445289.468737 4635230.287267 1303423998.0
445264.903597 4635230.475957 1303424000.0
445242.746030 4635230.757260 1303424002.0
445213.364035 4635230.539017 1303424005.0
445188.881883 4635230.727331 1303424008.0
445164.392040 4635229.916485 1303424012.0
445143.893422 4635230.074293 1303424020.0
445121.805158 4635228.578900 1303424032.0
445098.979382 4635228.310628 1303424035.0
445069.345823 4635227.761817 1303424038.0
445046.605599 4635227.826155 1303424040.0
445023.364005 4635227.450299 1303424042.0
445000.041130 4635227.297215 1303424044.0
444976.801244 4635227.143566 1303424046.0
444953.146404 4635226.993199 1303424048.0
444929.161316 4635227.067530 1303424050.0
444905.505612 4635226.806294 1303424052.0
444882.014169 4635226.321798 1303424054.0
444858.111206 4635226.284700 1303424056.0
444834.791754 4635226.576264 1303424058.0
444812.137086 4635226.973790 1303424060.0
444790.644285 4635227.362383 1303424062.0
444763.179618 4635228.241475 1303424065.0
444740.112587 4635228.975528 1303424069.0
444718.860149 4635228.252136 1303424086.0
444701.107696 4635240.048458 1303424092.0
444698.772257 4635259.941637 1303424095.0
444696.671763 4635288.715699 1303424098.0
444696.350512 4635311.480124 1303424100.0
444696.186625 4635333.132990 1303424102.0
444696.103144 4635354.452132 1303424104.0
444696.260013 4635374.659070 1303424106.0
444696.631987 4635401.193267 1303424109.0
444697.375807 4635422.172887 1303424112.0
444697.163417 4635448.267487 1303424116.0
444695.589613 4635470.042338 1303424119.0
444695.057354 4635497.693897 1303424122.0
444694.874289 4635527.563424 1303424125.0
444694.128659 4635549.109781 1303424127.0
444693.144421 4635571.990398 1303424129.0
444691.927610 4635596.982464 1303424131.0
444690.547426 4635622.308903 1303424133.0
444689.002144 4635647.747658 1303424135.0
444687.048846 4635674.077855 1303424137.0
444685.509628 4635700.293803 1303424139.0
444684.619643 4635724.617136 1303424141.0
444680.771547 4635752.738595 1303424144.0
444680.936238 4635773.944791 1303424146.0
444681.648845 4635801.586698 1303424149.0
444681.728828 4635822.571485 1303424152.0
444681.973055 4635843.332930 1303424158.0
444680.074382 4635865.998594 1303424172.0
444679.607126 4635891.317957 1303424176.0
444677.708477 4635913.983624 1303424179.0
444675.585905 4635939.871016 1303424182.0
444674.001966 4635960.313562 1303424184.0
444673.336009 4635981.415183 1303424186.0
444673.748817 4636002.508426 1303424188.0
444674.466625 4636030.816506 1303424191.0
444673.447010 4636059.804287 1303424194.0
444672.861465 4636080.572185 1303424196.0
444672.195532 4636101.673810 1303424198.0
444672.107015 4636122.326815 1303424200.0
444671.765249 4636142.426618 1303424202.0
444671.839245 4636162.634225 1303424204.0
444672.312436 4636191.499383 1303424207.0
444671.853883 4636217.929032 1303424210.0
444671.620120 4636241.247984 1303424213.0
444661.999455 4636263.307461 1303424217.0
444640.201170 4636266.696854 1303424220.0
444619.115176 4636265.639416 1303424222.0
444594.460240 4636264.498770 1303424224.0
444568.643598 4636263.367251 1303424226.0
444545.155528 4636262.883898 1303424228.0
444523.328752 4636262.609749 1303424230.0
444501.834751 4636262.444108 1303424232.0
444480.173926 4636262.168798 1303424234.0
444459.012700 4636262.111726 1303424236.0
444437.267159 4636261.615139 1303424238.0
444415.184501 4636260.455046 1303424240.0
444392.590961 4636257.633498 1303424242.0
444370.237664 4636253.699805 1303424244.0
444347.961247 4636248.988342 1303424246.0
444325.686536 4636244.499003 1303424248.0
444304.583916 4636241.332976 1303424250.0
444278.913104 4636237.647581 1303424253.0
444253.329587 4636234.516764 1303424257.0
444228.411616 4636231.602895 1303424261.0
444207.788518 4636226.101683 1303424271.0
444188.005616 4636221.926354 1303424282.0
444167.448606 4636224.863333 1303424288.0
444147.468111 4636227.240679 1303424301.0
