446302.972269 4635248.002830 1304005452.0
446282.977646 4635237.938492 1304005466.0
446261.734683 4635238.431796 1304005469.0
446234.754509 4635237.525026 1304005472.0
446214.167923 4635237.014218 1304005474.0
446192.668441 4635236.510365 1304005476.0
446171.586422 4635236.336523 1304005478.0
446142.202866 4635235.892396 1304005481.0
446121.534113 4635235.493510 1304005484.0
446100.278545 4635234.321890 1304005503.0
446079.612304 4635234.256207 1304005506.0
446052.386473 4635233.796120 1304005509.0
446031.388267 4635233.733091 1304005511.0
446009.556791 4635233.232305 1304005513.0
445988.056431 4635232.618041 1304005515.0
445966.639056 4635232.003214 1304005517.0
445944.393459 4635231.616801 1304005519.0
445921.153660 4635231.460072 1304005521.0
445898.330497 4635231.522322 1304005523.0
445876.086578 4635231.358177 1304005525.0
445840.975789 4635230.847771 1304005529.0
445817.318496 4635230.361453 1304005534.0
445794.576625 4635230.201350 1304005538.0
445770.923549 4635230.270322 1304005541.0
445744.031314 4635230.030940 1304005544.0
445716.143192 4635229.799247 1304005547.0
445695.144955 4635229.737209 1304005550.0
445672.650350 4635229.353542 1304005554.0
445650.989880 4635229.518751 1304005559.0
445629.066882 4635227.909493 1304005577.0
445608.395508 4635227.179015 1304005594.0
445586.565657 4635226.901578 1304005604.0
445563.822061 4635226.520157 1304005615.0
445542.575682 4635226.571498 1304005623.0
445522.482678 4635225.503747 1304005641.0
445498.743185 4635225.130148 1304005666.0
445478.407994 4635224.952643 1304005669.0
445452.429455 4635224.818402 1304005672.0
445421.883890 4635224.386140 1304005675.0
445400.137855 4635224.219666 1304005677.0
445377.313793 4635224.172558 1304005679.0
445353.824955 4635224.019588 1304005681.0
445330.335263 4635223.755668 1304005683.0
445306.512753 4635223.383347 1304005685.0
445282.359131 4635223.124682 1304005687.0
445258.204652 4635222.755072 1304005689.0
445234.133160 4635222.384907 1304005691.0
445210.476616 4635222.011631 1304005693.0
445186.821777 4635221.860488 1304005695.0
445163.083090 4635221.599035 1304005697.0
445139.263120 4635221.560354 1304005699.0
445115.277167 4635221.523032 1304005701.0
445091.205655 4635221.153349 1304005703.0
445066.636196 4635220.787586 1304005705.0
445041.899039 4635220.201135 1304005707.0
445016.914619 4635219.838745 1304005709.0
444992.180024 4635219.585547 1304005711.0
444967.529274 4635219.442822 1304005713.0
444942.877663 4635219.189154 1304005715.0
444917.977935 4635219.048524 1304005717.0
444893.159479 4635218.685285 1304005719.0
444868.755111 4635218.207894 1304005721.0
444845.264494 4635217.834546 1304005723.0
444823.020452 4635217.673688 1304005725.0
444794.963627 4635217.113804 1304005728.0
444773.795874 4635216.611659 1304005731.0
444746.986480 4635216.375396 1304005735.0
444722.919217 4635216.562092 1304005738.0
444695.531469 4635216.663612 1304005741.0
444664.905364 4635216.568321 1304005744.0
444643.077119 4635216.515829 1304005746.0
444619.925339 4635217.028861 1304005748.0
444596.440735 4635217.433523 1304005750.0
444573.288094 4635217.835680 1304005752.0
444550.884963 4635218.565180 1304005754.0
444530.556598 4635219.278596 1304005756.0
444507.156722 4635219.904961 1304005759.0
444488.086259 4635232.933458 1304005764.0
444487.947221 4635257.695092 1304005768.0
444487.471035 4635281.793151 1304005771.0
444487.868008 4635311.436101 1304005774.0
444487.533585 4635332.424109 1304005776.0
444487.283020 4635353.522498 1304005778.0
444487.176009 4635382.392141 1304005781.0
444486.310859 4635409.824252 1304005784.0
444486.910951 4635433.580828 1304005787.0
444485.990440 4635453.907204 1304005791.0
444477.273429 4635474.849513 1304005806.0
444455.528952 4635474.796957 1304005810.0
444433.446460 4635473.969866 1304005813.0
444409.954039 4635473.264879 1304005816.0
444385.969754 4635473.341048 1304005819.0
444361.190278 4635477.864865 1304005822.0
444336.361382 4635476.060220 1304005826.0
444314.189811 4635474.456957 1304005831.0
444293.429886 4635472.953758 1304005848.0
444271.517680 4635472.681006 1304005854.0
444250.762952 4635471.844094 1304005857.0
444224.382444 4635473.271967 1304005860.0
444198.404707 4635473.142307 1304005863.0
444170.433525 4635472.806296 1304005866.0
444143.372589 4635472.130156 1304005869.0
444119.719367 4635472.093591 1304005872.0
444098.575812 4635474.591192 1304005878.0
444089.699212 4635496.201452 1304005883.0
444088.129891 4635518.309538 1304005886.0
444088.415051 4635544.067192 1304005889.0
444089.423560 4635566.821251 1304005892.0
444089.770790 4635589.913604 1304005895.0
444089.786074 4635613.008562 1304005898.0
444089.792647 4635634.993249 1304005901.0
444089.960834 4635656.421499 1304005904.0
444089.957824 4635677.184888 1304005907.0
444089.310106 4635700.396088 1304005911.0
444088.573310 4635722.830749 1304005925.0
444108.385531 4635730.558683 1304005931.0
