445925.306472 4636040.863075 1302113275.0
445899.574826 4636040.059178 1302113283.0
445872.685660 4636039.819339 1302113286.0
445852.020054 4636039.532284 1302113288.0
445830.855715 4636039.138048 1302113290.0
445808.942012 4636038.416476 1302113292.0
445785.779364 4636037.149309 1302113294.0
445761.626008 4636036.555964 1302113296.0
445737.304148 4636035.630883 1302113298.0
445710.406486 4636034.281384 1302113300.0
445681.525737 4636034.057446 1302113302.0
445652.807557 4636033.388251 1302113304.0
445624.089370 4636032.719171 1302113306.0
445595.038404 4636031.941715 1302113308.0
445567.066182 4636031.156133 1302113310.0
445540.508874 4636030.915010 1302113312.0
445515.032013 4636030.887789 1302113314.0
445491.710107 4636030.511065 1302113316.0
445464.416161 4636031.608268 1302113319.0
445443.589635 4636031.989832 1302113323.0
445420.434538 4636031.723098 1302113340.0
445393.376778 4636031.153257 1302113343.0
445371.297020 4636030.434303 1302113345.0
445347.063158 4636030.176082 1302113347.0
445320.508381 4636030.268861 1302113349.0
445292.458240 4636030.151157 1302113351.0
445263.494451 4636029.929552 1302113353.0
445233.950645 4636029.823558 1302113355.0
445203.908095 4636029.610489 1302113357.0
445173.614889 4636029.177410 1302113359.0
445143.982105 4636028.295237 1302113361.0
445115.185111 4636028.183983 1302113363.0
445086.801307 4636027.847593 1302113365.0
445058.002594 4636027.514516 1302113367.0
445029.203876 4636027.181556 1302113369.0
444999.655751 4636026.521397 1302113371.0
444969.692713 4636025.864566 1302113373.0
444939.405467 4636026.209673 1302113375.0
444909.290196 4636027.330816 1302113377.0
444879.839640 4636028.557975 1302113379.0
444851.297586 4636029.223053 1302113381.0
444823.667467 4636029.770146 1302113383.0
444797.693529 4636029.860375 1302113385.0
444773.379212 4636029.937829 1302113387.0
444752.462812 4636029.433840 1302113389.0
444731.295742 4636028.709789 1302113392.0
444706.752299 4636031.343029 1302113397.0
444685.675107 4636031.506687 1302113401.0
444665.320592 4636028.555843 1302113404.0
444641.750506 4636028.294863 1302113407.0
444613.020045 4636026.075477 1302113410.0
444584.448617 4636022.966697 1302113413.0
444559.785921 4636020.937946 1302113416.0
444538.958502 4636021.211127 1302113419.0
444518.289262 4636020.483832 1302113422.0
444495.899749 4636001.338359 1302113429.0
444476.349775 4635995.161796 1302113453.0
444475.363300 4635975.072334 1302113465.0
444474.687976 4635952.315630 1302113468.0
444472.517238 4635929.348518 1302113472.0
444468.118943 4635908.064283 1302113480.0
444470.177700 4635884.731097 1302113488.0
444471.791262 4635857.515194 1302113491.0
444471.024287 4635833.648869 1302113493.0
444468.420415 4635808.353425 1302113495.0
444467.834110 4635786.373271 1302113498.0
444466.349692 4635766.287698 1302113503.0
444466.670150 4635743.523239 1302113512.0
444466.994940 4635721.313916 1302113515.0
444467.947260 4635694.436277 1302113518.0
444468.521881 4635672.336043 1302113520.0
444468.581284 4635648.019147 1302113522.0
444468.296628 4635622.150460 1302113524.0
444467.928987 4635596.282420 1302113526.0
444467.735108 4635571.412333 1302113528.0
444467.650182 4635549.872414 1302113530.0
444466.943669 4635523.118748 1302113533.0
444468.762258 4635500.897789 1302113537.0
444453.933263 4635483.025908 1302113547.0
444431.597504 4635481.645628 1302113550.0
444404.390599 4635483.523417 1302113553.0
444376.081462 4635482.412000 1302113556.0
444351.090948 4635481.163736 1302113559.0
444329.335202 4635479.668211 1302113563.0
444307.049746 4635484.727898 1302113569.0
444287.078417 4635488.548182 1302113577.0
444268.004803 4635479.814662 1302113590.0
444250.588271 4635491.942609 1302113597.0
444228.350253 4635492.449779 1302113600.0
444199.560581 4635493.563505 1302113603.0
444178.475693 4635492.951459 1302113605.0
444151.832384 4635492.605117 1302113608.0
444130.509844 4635493.438518 1302113611.0
444110.959024 4635487.373973 1302113616.0
444089.839250 4635482.321102 1302113639.0
444062.594054 4635479.315001 1302113643.0
444037.427886 4635476.847841 1302113646.0
444011.610886 4635476.051395 1302113649.0
443986.545133 4635475.804306 1302113652.0
443962.718950 4635474.881350 1302113655.0
443942.543343 4635473.818711 1302113658.0
443922.233218 4635476.754415 1302113663.0
443902.150214 4635476.912536 1302113680.0
443883.485096 4635488.496054 1302113687.0
443883.705499 4635516.474903 1302113691.0
443883.096909 4635544.571318 1302113694.0
443884.127066 4635569.990008 1302113696.0
443883.911550 4635595.307476 1302113698.0
443883.454077 4635621.515125 1302113700.0
443883.981066 4635646.271576 1302113702.0
443883.993524 4635668.922434 1302113704.0
443883.548308 4635696.684467 1302113707.0
443884.738302 4635721.324664 1302113711.0
443904.809330 4635730.271372 1302113717.0
443931.613378 4635730.060338 1302113721.0
443953.502986 4635727.556356 1302113724.0
443974.070965 4635725.840075 1302113728.0
443996.655900 4635727.327984 1302113752.0
444022.466758 4635727.458204 1302113756.0
444047.777960 4635727.370374 1302113760.0
444069.177548 4635725.869903 1302113764.0
444093.572437 4635725.345295 1302113770.0
444115.802756 4635723.949479 1302113774.0
444137.883657 4635724.664551 1302113803.0
444162.042652 4635725.807538 1302113806.0
444190.437335 4635727.361554 1302113809.0
444217.248340 4635728.039814 1302113812.0
444240.734737 4635728.077994 1302113815.0
444261.071190 4635728.585035 1302113820.0
444292.026201 4635728.564946 1302113835.0
444329.119470 4635728.163913 1302113841.0
444349.536295 4635728.337476 1302113844.0
444369.632452 4635729.957044 1302113849.0
444393.622808 4635730.769030 1302113854.0
444419.440551 4635731.788906 1302113858.0
444440.106313 4635731.960786 1302113862.0
444460.065034 4635737.245801 1302113870.0
444477.976901 4635756.759172 1302113882.0
444478.882418 4635809.049107 1302113888.0
444478.273268 4635837.367516 1302113891.0
444478.552706 4635862.570049 1302113894.0
444479.988710 4635887.097363 1302113898.0
444475.783081 4635943.757476 1302113906.0
444473.061450 4635977.866128 1302113910.0
444472.593329 4636013.622724 1302113916.0
444524.130809 4636024.657622 1302113933.0
444545.696404 4636023.268310 1302113935.0
444569.684879 4636023.969852 1302113937.0
444594.933611 4636026.660283 1302113939.0
444618.849445 4636028.694963 1302113941.0
444645.712890 4636025.599252 1302113944.0
