444711.258318 4635211.211923 1303432507.0
444684.715111 4635213.194504 1303432512.0
444657.570283 4635212.517046 1303432515.0
444634.249919 4635212.698240 1303432517.0
444608.109601 4635213.123502 1303432519.0
444581.307087 4635213.776079 1303432521.0
444555.499600 4635214.309980 1303432523.0
444533.927228 4635215.144101 1303432525.0
444512.931471 4635215.418628 1303432528.0
444492.364508 4635217.466418 1303432543.0
444482.724761 4635237.194524 1303432547.0
444484.401141 4635260.609605 1303432550.0
444485.202691 4635288.916994 1303432553.0
444485.713742 4635311.897023 1303432555.0
444485.493461 4635336.881361 1303432557.0
444485.105477 4635361.644939 1303432559.0
444484.787507 4635384.742465 1303432561.0
444483.548017 4635406.736834 1303432563.0
444482.961193 4635427.282677 1303432565.0
444481.819417 4635451.163862 1303432568.0
444475.268747 4635473.199629 1303432575.0
444453.394649 4635477.811514 1303432580.0
444426.875877 4635482.792800 1303432585.0
444399.949136 4635488.665641 1303432588.0
444378.201229 4635488.169213 1303432590.0
444357.528685 4635487.220315 1303432592.0
444330.543881 4635485.654599 1303432595.0
444311.161799 4635479.921291 1303432618.0
444290.746864 4635480.080912 1303432628.0
444270.226754 4635488.013792 1303432633.0
444252.487847 4635501.365631 1303432637.0
444221.584007 4635508.047512 1303432640.0
444189.850704 4635504.187799 1303432642.0
444169.500549 4635502.015547 1303432644.0
444149.707789 4635496.841066 1303432647.0
444129.596112 4635493.334650 1303432650.0
444107.683952 4635493.062403 1303432653.0
444078.958106 4635491.733368 1303432656.0
444055.973204 4635492.246939 1303432658.0
444027.823019 4635490.247385 1303432660.0
443999.084921 4635487.364291 1303432662.0
443972.170778 4635484.244899 1303432664.0
443948.912430 4635481.652012 1303432666.0
443924.146303 4635477.294526 1303432669.0
443902.876119 4635474.242003 1303432687.0
443880.376844 4635473.197839 1303432690.0
443844.458937 4635475.479499 1303432694.0
443819.900723 4635476.450370 1303432696.0
443789.606731 4635476.245207 1303432698.0
443757.148043 4635475.168991 1303432700.0
443724.192294 4635474.207883 1303432702.0
443690.989326 4635473.470949 1303432704.0
443658.282518 4635472.508178 1303432706.0
443626.902623 4635471.424022 1303432708.0
443598.505880 4635469.761214 1303432710.0
443574.179919 4635468.621445 1303432712.0
443546.296912 4635468.953390 1303432715.0
443525.952589 4635467.560164 1303432744.0
443502.560603 4635469.078055 1303432748.0
443474.512503 4635469.522625 1303432751.0
443451.692632 4635469.925801 1303432753.0
443423.053920 4635469.153886 1303432755.0
443393.580029 4635467.722517 1303432757.0
443365.764114 4635466.056020 1303432759.0
443340.191505 4635464.704891 1303432761.0
443318.273884 4635463.768908 1303432763.0
443292.448756 4635461.975822 1303432766.0
443272.182918 4635460.027524 1303432783.0
443248.925965 4635457.658974 1303432787.0
443218.800464 4635457.787997 1303432790.0
443198.471964 4635458.394195 1303432792.0
443177.214658 4635457.009243 1303432796.0
443150.362007 4635461.664855 1303432803.0
443122.906313 4635463.549527 1303432806.0
443097.008777 4635463.090138 1303432809.0
443077.608726 4635455.250660 1303432816.0
443066.307235 4635474.216802 1303432823.0
443066.235741 4635496.424232 1303432828.0
443064.876387 4635523.638500 1303432832.0
443064.259490 4635550.291663 1303432835.0
443062.936999 4635571.731854 1303432837.0
443062.465680 4635595.830067 1303432839.0
443062.000578 4635620.705472 1303432841.0
443062.419039 4635641.909682 1303432843.0
443062.849923 4635664.668274 1303432847.0
443063.036289 4635687.983993 1303432870.0
443062.391030 4635711.084292 1303432873.0
443061.882011 4635740.845563 1303432876.0
443061.151118 4635763.613445 1303432878.0
443059.854431 4635788.273436 1303432880.0
443059.146630 4635813.928029 1303432882.0
443058.948276 4635841.021997 1303432884.0
443058.925655 4635869.335940 1303432886.0
443059.647220 4635897.310832 1303432888.0
443059.359679 4635923.628276 1303432890.0
443059.475515 4635948.499050 1303432892.0
443059.808345 4635969.370852 1303432894.0
443062.224594 4635991.336344 1303432897.0
443084.610557 4635999.151901 1303432901.0
443112.062402 4635997.045005 1303432904.0
443133.472555 4635996.985068 1303432906.0
443157.540778 4635997.237085 1303432908.0
443184.197371 4635999.467154 1303432910.0
443212.176340 4636001.020572 1303432912.0
443240.899474 4636002.235068 1303432914.0
443270.698703 4636003.108005 1303432916.0
443302.237884 4636003.634112 1303432918.0
443335.355474 4636004.369871 1303432920.0
443368.383011 4636004.218225 1303432922.0
443398.834589 4636003.643064 1303432924.0
443425.375455 4636001.766685 1303432926.0
443446.108503 4636000.047552 1303432928.0
443466.257165 4635997.888980 1303432933.0
443489.557200 4636005.920615 1303432938.0
443515.574436 4636011.265953 1303432941.0
443536.685168 4636015.317869 1303432943.0
443561.773701 4636018.672121 1303432945.0
443589.430233 4636021.450950 1303432947.0
443619.643341 4636022.211033 1303432949.0
443650.592731 4636021.633007 1303432951.0
443680.793537 4636020.838967 1303432953.0
443709.498928 4636019.834805 1303432955.0
443736.219790 4636019.734709 1303432957.0
443761.612073 4636019.534169 1303432959.0
443785.924722 4636019.231206 1303432961.0
443809.227582 4636017.159746 1303432963.0
443833.928879 4636013.522856 1303432966.0
443854.591954 4636002.922730 1303432972.0
443860.645796 4635981.334384 1303432975.0
443863.059844 4635961.218175 1303432977.0
443864.632709 4635939.665152 1303432979.0
443865.794173 4635918.559510 1303432981.0
443866.598340 4635894.236695 1303432984.0
443868.398311 4635869.906033 1303433008.0
443869.447947 4635845.137149 1303433011.0
443872.326732 4635820.797989 1303433013.0
443873.630594 4635796.693309 1303433015.0
443875.102185 4635772.809378 1303433017.0
443876.514423 4635751.923836 1303433019.0
443878.846500 4635731.919321 1303433023.0
443897.953869 4635723.885384 1303433033.0
443923.283445 4635726.128683 1303433036.0
443943.865402 4635726.188750 1303433038.0
443971.077402 4635725.086383 1303433041.0
443991.837550 4635726.699664 1303433048.0
444015.535312 4635732.509212 1303433053.0
444037.402139 4635737.667017 1303433056.0
444062.062507 4635739.249862 1303433059.0
444083.631517 4635738.192240 1303433062.0
444105.695826 4635736.797695 1303433066.0
444128.348001 4635736.286880 1303433084.0
444149.518643 4635737.342230 1303433087.0
444180.563569 4635738.209223 1303433090.0
444204.884999 4635738.906944 1303433092.0
444229.461460 4635740.379991 1303433094.0
444256.126425 4635743.613321 1303433097.0
