444352.808534 4635477.930334 1303336825.0
444328.729127 4635476.452963 1303336839.0
444305.493473 4635476.745620 1303336843.0
444283.653846 4635475.139857 1303336848.0
444279.934063 4635498.264015 1303336871.0
444283.031403 4635522.889328 1303336877.0
444280.228848 4635546.561484 1303336881.0
444275.650593 4635566.028241 1303336884.0
444268.848238 4635587.622048 1303336889.0
444264.040197 4635609.533360 1303336894.0
444263.876785 4635631.075232 1303336897.0
444265.794963 4635653.489090 1303336900.0
444268.529954 4635674.231048 1303336903.0
444267.206482 4635696.004066 1303336906.0
444274.754573 4635716.708371 1303336914.0
444298.517741 4635720.297664 1303336920.0
444325.152372 4635719.645302 1303336924.0
444346.972155 4635718.808587 1303336927.0
444369.285516 4635717.412914 1303336930.0
444394.063512 4635723.437348 1303336933.0
444418.637378 4635724.577965 1303336936.0
444439.670606 4635729.299370 1303336940.0
444461.625292 4635735.123991 1303336948.0
444482.024780 4635733.077390 1303336951.0
444506.538045 4635726.446406 1303336954.0
444531.307225 4635720.701786 1303336957.0
444557.747374 4635716.387688 1303336960.0
444585.312133 4635717.949737 1303336963.0
444611.639878 4635720.520816 1303336966.0
444637.716059 4635722.760846 1303336969.0
444662.210338 4635724.347057 1303336972.0
444683.286504 4635734.620539 1303336976.0
444684.573955 4635761.480744 1303336980.0
444684.160335 4635783.024532 1303336982.0
444683.764825 4635806.899893 1303336984.0
444683.726259 4635833.992466 1303336986.0
444683.182037 4635860.089662 1303336988.0
444681.535764 4635883.197502 1303336990.0
444679.260998 4635910.862616 1303336993.0
444676.877400 4635935.197559 1303336997.0
444674.258673 4635961.310874 1303337001.0
444673.856322 4635984.298024 1303337004.0
444687.432990 4636001.402838 1303337009.0
444710.080885 4636000.449755 1303337012.0
444740.445197 4635999.325840 1303337015.0
444764.124183 4636002.917321 1303337017.0
444791.534722 4636006.146854 1303337019.0
444822.003502 4636007.798323 1303337021.0
444854.281521 4636007.326271 1303337023.0
444886.562119 4636007.187447 1303337025.0
444918.340535 4636006.497484 1303337027.0
444949.123178 4636005.815358 1303337029.0
444978.339472 4636006.477872 1303337031.0
445006.063809 4636007.374093 1303337033.0
445033.706869 4636008.493117 1303337035.0
445060.683499 4636009.284286 1303337037.0
445086.340126 4636011.085039 1303337039.0
445113.232900 4636011.766021 1303337041.0
445141.367821 4636012.104434 1303337043.0
445171.082799 4636012.874931 1303337045.0
445201.460765 4636013.529417 1303337047.0
445231.174873 4636014.189137 1303337049.0
445260.887266 4636014.626926 1303337051.0
445290.765616 4636015.063565 1303337053.0
445320.477999 4636015.501602 1303337055.0
445349.276730 4636015.835741 1303337057.0
445376.748609 4636016.291205 1303337059.0
445402.810655 4636016.868616 1303337061.0
445424.804916 4636017.255222 1303337063.0
445447.797499 4636017.967351 1303337066.0
445468.460654 4636017.920152 1303337073.0
445491.703871 4636018.852571 1303337077.0
445518.262928 4636019.315567 1303337080.0
445548.399504 4636020.972681 1303337083.0
445569.901790 4636022.140732 1303337085.0
445592.807961 4636022.409854 1303337087.0
445617.379685 4636023.443568 1303337089.0
445643.113134 4636024.468501 1303337091.0
445669.257245 4636024.935226 1303337093.0
445696.646067 4636025.392556 1303337095.0
445724.782558 4636025.955328 1303337097.0
445752.251813 4636026.079158 1303337099.0
445778.644002 4636026.433361 1303337101.0
445804.623816 4636027.123900 1303337103.0
445830.767053 4636027.480190 1303337105.0
445856.828148 4636027.948234 1303337107.0
445881.976447 4636028.423309 1303337109.0
445906.957093 4636028.677679 1303337111.0
445932.687093 4636029.259549 1303337113.0
445959.494154 4636029.611272 1303337115.0
445985.551015 4636029.524650 1303337117.0
446010.447825 4636029.668985 1303337119.0
446034.265039 4636029.710553 1303337121.0
446057.249078 4636029.314376 1303337123.0
446080.238162 4636029.584437 1303337125.0
446104.557458 4636030.177607 1303337127.0
446130.709046 4636031.645270 1303337129.0
446157.018191 4636032.001502 1303337131.0
446182.922494 4636033.693292 1303337133.0
446206.321425 4636033.294461 1303337135.0
446234.324542 4636027.198240 1303337138.0
446255.374057 4636023.375267 1303337142.0
