444350.652278 4635499.376729 1302100487.0
444328.113259 4635493.223902 1302100492.0
444304.275047 4635490.745424 1302100496.0
444283.841907 4635488.573495 1302100503.0
444273.895660 4635468.998283 1302100520.0
444272.945534 4635443.023770 1302100524.0
444274.097035 4635420.474871 1302100527.0
444274.350435 4635399.820575 1302100530.0
444272.942327 4635378.957208 1302100533.0
444272.391507 4635350.980964 1302100536.0
444272.713135 4635328.438560 1302100538.0
444273.602666 4635304.226205 1302100540.0
444274.818086 4635279.234064 1302100542.0
444275.877090 4635255.464522 1302100544.0
444277.123793 4635234.469360 1302100546.0
444280.842858 4635211.234185 1302100549.0
444302.072508 4635198.410314 1302100553.0
444329.319525 4635201.528367 1302100556.0
444351.580134 4635203.797199 1302100558.0
444376.658944 4635205.599961 1302100560.0
444402.888347 4635205.950391 1302100562.0
444428.450355 4635205.861989 1302100564.0
444453.433158 4635206.000262 1302100566.0
444478.747922 4635206.136035 1302100568.0
444504.304737 4635205.381742 1302100570.0
444530.688869 4635204.287998 1302100572.0
444557.160319 4635203.748841 1302100574.0
444584.796232 4635203.533827 1302100576.0
444612.687159 4635204.094173 1302100578.0
444638.424635 4635205.226532 1302100580.0
444661.343868 4635206.825009 1302100582.0
444687.848928 4635210.616395 1302100585.0
444704.899660 4635226.028767 1302100588.0
444706.929676 4635252.328022 1302100591.0
444706.438100 4635274.538598 1302100593.0
444705.633529 4635299.194347 1302100595.0
444705.260286 4635325.956393 1302100597.0
444705.633948 4635352.712643 1302100599.0
444705.599562 4635380.360331 1302100601.0
444705.558284 4635407.119804 1302100603.0
444705.664887 4635431.546419 1302100605.0
444703.888628 4635459.318665 1302100608.0
444702.804114 4635479.979378 1302100611.0
444702.844120 4635506.516156 1302100614.0
444702.598969 4635528.391728 1302100616.0
444702.536171 4635552.375527 1302100618.0
444702.230449 4635577.138451 1302100620.0
444702.350004 4635603.230480 1302100622.0
444702.150547 4635630.990495 1302100624.0
444701.789432 4635659.306936 1302100626.0
444701.249424 4635685.959258 1302100628.0
444700.779478 4635710.945530 1302100630.0
444699.301656 4635734.385153 1302100632.0
444697.816950 4635756.936559 1302100634.0
444697.326339 4635779.258181 1302100636.0
444696.244502 4635800.251988 1302100638.0
444696.293182 4635827.899051 1302100641.0
444698.219443 4635851.534318 1302100644.0
444695.391530 4635872.097548 1302100649.0
444695.142133 4635893.417996 1302100670.0
444694.650689 4635915.628596 1302100673.0
444693.445170 4635942.064031 1302100676.0
444690.602443 4635971.399062 1302100679.0
444687.505625 4636000.069866 1302100682.0
444691.152933 4636020.915923 1302100685.0
444715.797236 4636031.272817 1302100689.0
444745.071466 4636028.713939 1302100692.0
444766.799599 4636026.879900 1302100694.0
444789.185566 4636024.263591 1302100696.0
444812.229376 4636020.865017 1302100698.0
444836.118497 4636019.458582 1302100700.0
444860.336973 4636017.716576 1302100702.0
444885.136327 4636015.970157 1302100704.0
444910.188930 4636014.777035 1302100706.0
444935.736852 4636013.247071 1302100708.0
444961.281352 4636011.273090 1302100710.0
444985.836091 4636010.084082 1302100712.0
445009.311224 4636008.792460 1302100714.0
445030.635704 4636008.405784 1302100716.0
445054.034718 4636008.003169 1302100719.0
445076.286550 4636009.497051 1302100726.0
445103.273438 4636011.620709 1302100730.0
445131.664147 4636012.845383 1302100733.0
445152.416296 4636013.573819 1302100735.0
445174.658684 4636013.846709 1302100737.0
445197.151721 4636014.339807 1302100739.0
445220.132394 4636013.496820 1302100741.0
445243.857341 4636012.315085 1302100743.0
445267.259755 4636012.357278 1302100745.0
445291.330281 4636012.949585 1302100747.0
445315.893575 4636012.871988 1302100749.0
445340.624534 4636013.015256 1302100751.0
445364.857603 4636013.162430 1302100753.0
445388.094045 4636013.206293 1302100755.0
445409.925760 4636014.038235 1302100757.0
445430.012313 4636014.550513 1302100759.0
445453.010006 4636015.928822 1302100762.0
445475.885073 4636022.970865 1302100772.0
445503.699027 4636024.756604 1302100776.0
445523.790633 4636025.935309 1302100778.0
445546.700192 4636026.648392 1302100780.0
445571.600440 4636027.235302 1302100782.0
445597.499000 4636028.147774 1302100784.0
445623.726932 4636028.724725 1302100786.0
445649.951469 4636028.857663 1302100788.0
445676.588368 4636028.654452 1302100790.0
445703.632555 4636027.448933 1302100792.0
445731.505713 4636026.126166 1302100794.0
445759.552451 4636025.801490 1302100796.0
445787.270647 4636025.923559 1302100798.0
445814.154806 4636025.496914 1302100800.0
445840.714640 4636026.072138 1302100802.0
445866.859564 4636026.650615 1302100804.0
445891.846122 4636027.682122 1302100806.0
445916.665866 4636028.603950 1302100808.0
445941.726961 4636028.524730 1302100810.0
445967.787196 4636028.882153 1302100812.0
446006.377550 4636029.144672 1302100815.0
446030.610512 4636029.294109 1302100817.0
446052.767266 4636029.237288 1302100819.0
446074.100094 4636029.964008 1302100821.0
446096.348227 4636031.016966 1302100823.0
446119.835187 4636031.283386 1302100825.0
446144.486396 4636031.874181 1302100827.0
446168.393288 4636032.803788 1302100829.0
446191.135085 4636033.298142 1302100831.0
446212.289341 4636032.361122 1302100833.0
446232.348924 4636029.322791 1302100835.0
446257.446068 4636023.026532 1302100838.0
446278.403413 4636017.982955 1302100843.0
446298.006301 4636009.396579 1302100852.0
446307.665836 4635991.780461 1302100855.0
446315.131078 4635969.295422 1302100858.0
446322.562064 4635942.258277 1302100861.0
446326.884125 4635921.129344 1302100863.0
446327.855961 4635895.917420 1302100865.0
446325.546299 4635864.734416 1302100867.0
446322.324642 4635833.669321 1302100869.0
446319.692213 4635803.710122 1302100871.0
446316.246661 4635775.977723 1302100873.0
446312.899968 4635750.354217 1302100875.0
446310.564967 4635726.832723 1302100877.0
446308.807498 4635702.862743 1302100879.0
446307.119615 4635677.115705 1302100881.0
446305.925448 4635650.809780 1302100883.0
446305.384281 4635623.055498 1302100885.0
446304.832232 4635593.857865 1302100887.0
446304.449502 4635565.103091 1302100889.0
446304.405414 4635537.234033 1302100891.0
446304.039422 4635510.699804 1302100893.0
446303.265190 4635485.056920 1302100895.0
446302.985531 4635458.966176 1302100897.0
446303.033640 4635432.317795 1302100899.0
446303.073383 4635404.559145 1302100901.0
446302.944642 4635376.468665 1302100903.0
446302.735423 4635348.711893 1302100905.0
446302.530391 4635321.510258 1302100907.0
446302.337075 4635295.863004 1302100909.0
446302.172213 4635273.990670 1302100911.0
446302.316717 4635249.118105 1302100914.0
446301.239802 4635227.363681 1302100923.0
446281.290326 4635223.294809 1302100926.0
446259.881339 4635223.789370 1302100928.0
446235.663251 4635225.970695 1302100930.0
446212.353040 4635227.479048 1302100932.0
446188.458552 4635228.547758 1302100934.0
446165.637908 4635228.942232 1302100936.0
446144.476232 4635229.213205 1302100938.0
446120.740179 4635229.281643 1302100941.0
