445114.694523 4635221.305453 1303513425.0
445093.617513 4635221.800962 1303513431.0
445070.878983 4635222.087277 1303513434.0
445042.572385 4635221.417311 1303513437.0
445019.897993 4635219.260552 1303513439.0
444994.246214 4635218.459257 1303513441.0
444966.197137 4635218.897943 1303513443.0
444935.328959 4635219.691630 1303513445.0
444904.121955 4635219.599801 1303513447.0
444873.574575 4635218.947836 1303513449.0
444843.775822 4635218.512273 1303513451.0
444815.969696 4635218.172434 1303513453.0
444791.318926 4635218.030318 1303513455.0
444770.318017 4635217.637924 1303513457.0
444745.584251 4635217.496609 1303513460.0
444724.922189 4635217.989991 1303513469.0
444697.372775 4635218.647927 1303513473.0
444676.958827 4635219.028488 1303513475.0
444652.976286 4635219.436830 1303513477.0
444627.248357 4635219.525718 1303513479.0
444599.943606 4635219.626960 1303513481.0
444572.644037 4635220.394469 1303513483.0
444547.253255 4635221.147225 1303513485.0
444526.585155 4635220.863993 1303513487.0
444505.492587 4635219.362754 1303513491.0
444487.807874 4635229.160476 1303513506.0
444487.416405 4635253.479942 1303513510.0
444487.708758 4635280.347859 1303513513.0
444487.871404 4635301.220958 1303513515.0
444488.461110 4635323.645205 1303513517.0
444488.144855 4635346.964783 1303513519.0
444487.993716 4635370.172042 1303513521.0
444487.758727 4635393.268920 1303513523.0
444486.935902 4635415.482110 1303513525.0
444485.650629 4635442.251293 1303513528.0
444484.894368 4635462.354322 1303513532.0
444474.404345 4635479.424266 1303513539.0
444452.925293 4635481.479293 1303513543.0
444430.598189 4635481.209288 1303513546.0
444402.457624 4635480.429553 1303513549.0
444381.715077 4635481.146640 1303513551.0
444360.894749 4635482.530598 1303513553.0
444333.680920 4635483.520440 1303513556.0
444312.936650 4635484.015673 1303513559.0
444290.693397 4635483.856485 1303513569.0
444270.797244 4635486.676921 1303513574.0
444250.049508 4635486.728229 1303513577.0
444225.453923 4635482.923533 1303513579.0
444199.878114 4635481.125212 1303513581.0
444174.642941 4635480.434653 1303513583.0
444153.057474 4635479.493502 1303513585.0
444130.637771 4635478.003788 1303513588.0
444108.720338 4635477.065375 1303513593.0
444085.979122 4635476.910733 1303513596.0
444056.515907 4635476.808948 1303513599.0
444033.275888 4635476.547357 1303513601.0
444008.290509 4635475.966458 1303513603.0
443984.467823 4635475.487538 1303513605.0
443963.640548 4635475.984441 1303513607.0
443942.073376 4635477.375499 1303513610.0
443919.982938 4635475.550755 1303513633.0
443898.651618 4635475.274577 1303513642.0
443874.649820 4635473.131924 1303513646.0
443846.002445 4635471.248037 1303513649.0
443823.008725 4635470.652087 1303513651.0
443798.025922 4635470.405007 1303513653.0
443772.048139 4635470.276901 1303513655.0
443746.237206 4635470.258607 1303513657.0
443721.008063 4635470.346844 1303513659.0
443696.190347 4635469.987782 1303513661.0
443671.619835 4635469.404784 1303513663.0
443649.032240 4635467.695843 1303513665.0
443627.784738 4635467.530847 1303513667.0
443598.914665 4635468.980739 1303513670.0
443575.846709 4635469.496516 1303513673.0
443555.429084 4635469.325162 1303513677.0
443531.714830 4635472.066886 1303513693.0
443508.908174 4635474.135287 1303513696.0
443478.532033 4635474.043133 1303513699.0
443455.945277 4635472.445831 1303513701.0
443434.439113 4635471.062088 1303513703.0
443413.269301 4635470.230910 1303513705.0
443390.768149 4635468.966237 1303513707.0
443368.760501 4635467.142541 1303513709.0
443346.842010 4635466.095443 1303513711.0
443325.921132 4635465.262544 1303513713.0
443298.437138 4635463.593668 1303513716.0
443276.020695 4635462.550751 1303513720.0
443252.325082 4635467.624977 1303513740.0
443227.606218 4635469.265376 1303513743.0
443202.533283 4635468.132827 1303513746.0
443182.096145 4635465.519945 1303513750.0
443157.025844 4635464.720638 1303513755.0
443132.792505 4635464.803012 1303513758.0
443108.559166 4635464.885468 1303513761.0
443087.306292 4635464.055921 1303513766.0
443074.447543 4635485.477246 1303513772.0
443071.980926 4635509.147262 1303513775.0
443072.224509 4635529.242523 1303513777.0
443071.737180 4635551.342244 1303513779.0
443070.263778 4635574.671223 1303513781.0
443069.223066 4635600.217431 1303513783.0
443069.029970 4635627.977553 1303513785.0
443068.684218 4635657.404411 1303513787.0
443067.602253 4635688.169567 1303513789.0
443065.609241 4635719.164075 1303513791.0
443064.109721 4635749.599469 1303513793.0
443063.684573 4635779.471106 1303513795.0
443063.749349 4635808.339518 1303513797.0
443064.225494 4635836.760507 1303513799.0
443064.287610 4635865.295840 1303513801.0
443064.262309 4635893.276702 1303513803.0
443064.307568 4635919.702520 1303513805.0
443064.081694 4635943.354647 1303513807.0
443063.891325 4635971.447866 1303513810.0
443064.406082 4635994.316834 1303513814.0
443083.510033 4636006.822067 1303513819.0
443111.627474 4636004.931919 1303513823.0
443141.085928 4636004.696692 1303513826.0
443161.914300 4636004.530450 1303513828.0
443182.162687 4636004.479930 1303513830.0
443202.494054 4636004.428806 1303513832.0
443223.407176 4636004.484137 1303513834.0
443244.822610 4636005.090698 1303513836.0
443266.483447 4636005.251232 1303513838.0
443288.971444 4636005.072142 1303513840.0
443312.207159 4636004.998207 1303513842.0
443336.188823 4636004.807378 1303513844.0
443360.088389 4636004.728318 1303513846.0
443382.577267 4636004.660551 1303513848.0
443411.787649 4636004.539450 1303513851.0
443433.783927 4636005.141964 1303513854.0
443457.606675 4636005.841081 1303513859.0
443478.271715 4636006.010163 1303513862.0
443506.825279 4636006.782938 1303513865.0
443529.069601 4636007.272745 1303513867.0
443553.471437 4636007.745522 1303513869.0
443579.616759 4636008.315605 1303513871.0
443605.595233 4636008.776072 1303513873.0
443631.405982 4636009.015892 1303513875.0
443657.301465 4636009.477204 1303513877.0
443683.196066 4636009.827583 1303513879.0
443708.755226 4636009.736569 1303513881.0
443734.066319 4636009.758642 1303513883.0
443756.724634 4636010.134854 1303513885.0
443785.108663 4636010.465946 1303513888.0
443808.012411 4636010.396247 1303513891.0
443828.093038 4636010.126818 1303513894.0
443849.795658 4636005.070189 1303513898.0
443861.486115 4635982.660171 1303513902.0
443864.624251 4635959.651367 1303513905.0
443865.609246 4635937.214705 1303513908.0
443865.923388 4635913.895058 1303513912.0
