444715.952598 4635206.512074 1301708118.0
444694.827898 4635211.561519 1301708129.0
444666.043087 4635213.450537 1301708132.0
444640.896933 4635213.645890 1301708134.0
444613.266241 4635214.526850 1301708136.0
444584.802193 4635214.970264 1301708138.0
444557.748122 4635215.291785 1301708140.0
444533.431878 4635215.481059 1301708142.0
444512.102430 4635215.536119 1301708144.0
444488.537425 4635216.274865 1301708147.0
444478.716997 4635234.116808 1301708151.0
444480.043259 4635255.202906 1301708154.0
444481.118889 4635286.728141 1301708157.0
444481.236636 4635312.487082 1301708159.0
444481.373421 4635340.688620 1301708161.0
444480.675127 4635368.230464 1301708163.0
444479.384673 4635394.333484 1301708165.0
444478.818627 4635417.543979 1301708167.0
444478.781665 4635444.747571 1301708170.0
444475.623973 4635465.535521 1301708174.0
444456.865410 4635475.896875 1301708178.0
444434.585054 4635481.622324 1301708182.0
444409.090750 4635490.259806 1301708186.0
444381.481948 4635493.806328 1301708189.0
444359.572415 4635493.866388 1301708191.0
444339.403013 4635493.579817 1301708193.0
444318.313805 4635492.412221 1301708196.0
444295.122121 4635487.708041 1301708211.0
444291.217233 4635508.390893 1301708217.0
444296.522186 4635528.779657 1301708220.0
444298.958169 4635553.743251 1301708223.0
444286.696862 4635577.711440 1301708226.0
444267.868038 4635589.628328 1301708229.0
444241.984144 4635590.830190 1301708233.0
444219.055594 4635587.900746 1301708236.0
444188.579617 4635585.585675 1301708239.0
444164.089949 4635584.667250 1301708241.0
444138.685681 4635583.534014 1301708243.0
444113.350454 4635580.623782 1301708245.0
444088.427522 4635577.377302 1301708247.0
444062.236229 4635571.142949 1301708249.0
444038.440161 4635563.446432 1301708251.0
444018.864146 4635554.162353 1301708254.0
444002.150724 4635539.526189 1301708259.0
443986.941478 4635526.210644 1301708261.0
443965.809496 4635519.603760 1301708287.0
443946.702374 4635527.748534 1301708291.0
443909.009590 4635515.387343 1301708293.0
443871.911580 4635504.798208 1301708295.0
443852.450547 4635499.621935 1301708296.0
443819.633762 4635495.217235 1301708298.0
443786.490242 4635491.481469 1301708300.0
443752.756128 4635486.529145 1301708302.0
443717.106232 4635480.703843 1301708304.0
443682.543015 4635475.869434 1301708306.0
443651.641746 4635472.338635 1301708308.0
443623.991024 4635470.558790 1301708310.0
443598.751327 4635469.315134 1301708312.0
443577.749272 4635468.704207 1301708314.0
443553.836482 4635467.339166 1301708317.0
443533.085138 4635466.948453 1301708321.0
443509.017801 4635467.028231 1301708339.0
443479.794649 4635465.816586 1301708342.0
443456.466265 4635464.891371 1301708344.0
443431.305969 4635463.203540 1301708346.0
443405.894932 4635461.295722 1301708348.0
443382.729847 4635460.036348 1301708350.0
443361.146820 4635459.430676 1301708352.0
443331.843263 4635458.553379 1301708355.0
443305.852145 4635456.761565 1301708358.0
443284.368879 4635458.264982 1301708362.0
443262.808823 4635460.546315 1301708389.0
443242.831742 4635463.592341 1301708393.0
443221.186071 4635465.541380 1301708396.0
443196.033675 4635464.853624 1301708399.0
443175.758957 4635461.795328 1301708404.0
443152.514376 4635460.981473 1301708408.0
443127.864312 4635460.845121 1301708411.0
443106.896749 4635464.565642 1301708414.0
443086.412053 4635466.394785 1301708418.0
443066.020116 4635469.444623 1301708433.0
443068.442686 4635492.187291 1301708438.0
443067.212915 4635514.848116 1301708441.0
443066.382967 4635556.381578 1301708445.0
443066.398904 4635579.143484 1301708447.0
443065.926687 4635603.130669 1301708449.0
443066.102389 4635625.114059 1301708451.0
443066.099698 4635645.544396 1301708453.0
443065.873786 4635669.196512 1301708456.0
443063.731231 4635691.864640 1301708480.0
443063.823073 4635713.737669 1301708484.0
443062.545888 4635740.840256 1301708487.0
443061.808781 4635762.830948 1301708489.0
443060.835153 4635786.378012 1301708491.0
443059.450164 4635810.372503 1301708493.0
443057.832212 4635836.367476 1301708495.0
443057.642742 4635864.571718 1301708497.0
443057.950285 4635892.660954 1301708499.0
443057.927674 4635920.974899 1301708501.0
443058.065705 4635948.621355 1301708503.0
443057.937039 4635974.049256 1301708505.0
443058.350194 4635994.587314 1301708507.0
443062.241467 4636014.209293 1301708510.0
443082.801769 4636022.039437 1301708514.0
443110.883678 4636015.708194 1301708517.0
443134.272033 4636013.966943 1301708519.0
443159.409211 4636012.989053 1301708521.0
443184.129716 4636011.792506 1301708523.0
443207.771468 4636010.604648 1301708525.0
443230.176469 4636010.426034 1301708527.0
443251.918502 4636010.363807 1301708529.0
443275.233646 4636009.844980 1301708531.0
443301.121218 4636009.305752 1301708533.0
443327.593197 4636009.206105 1301708535.0
443353.737663 4636009.664332 1301708537.0
443378.963150 4636009.352721 1301708539.0
443401.943726 4636008.503866 1301708541.0
443429.411480 4636008.396685 1301708544.0
443450.579692 4636009.227896 1301708550.0
443471.333872 4636010.173491 1301708554.0
443501.216004 4636011.046733 1301708557.0
443526.117481 4636011.737521 1301708559.0
443553.670836 4636011.963243 1301708561.0
443583.546789 4636012.059639 1301708563.0
443613.835009 4636011.819795 1301708565.0
443643.462891 4636012.029441 1301708567.0
443672.174461 4636011.802319 1301708569.0
443699.476225 4636011.697492 1301708571.0
443725.700984 4636011.823347 1301708573.0
443752.008721 4636011.948643 1301708575.0
443777.069106 4636011.750779 1301708577.0
443799.220761 4636011.020784 1301708579.0
443826.670971 4636008.694589 1301708582.0
443847.391821 4636005.422243 1301708586.0
443863.887483 4635992.523285 1301708613.0
443865.438466 4635968.194580 1301708616.0
443867.001711 4635945.420258 1301708618.0
443868.533470 4635918.648957 1301708620.0
443869.555972 4635890.438226 1301708622.0
443870.412518 4635862.228805 1301708624.0
443871.431541 4635833.573968 1301708626.0
443872.458450 4635805.918378 1301708628.0
443874.586033 4635781.029969 1301708630.0
443876.830735 4635760.470971 1301708632.0
443878.049894 4635736.144894 1301708635.0
443891.285354 4635720.162749 1301708639.0
443912.968862 4635723.100937 1301708645.0
443940.530285 4635724.216383 1301708649.0
443961.694887 4635724.493985 1301708651.0
443984.850246 4635724.644960 1301708653.0
444008.003858 4635724.573956 1301708655.0
444030.662177 4635724.840021 1301708657.0
444052.483670 4635724.224458 1301708659.0
444075.454748 4635722.045460 1301708662.0
444096.471673 4635724.656336 1301708668.0
444118.722029 4635725.814155 1301708673.0
444142.583910 4635731.400768 1301708689.0
444167.496704 4635733.426134 1301708693.0
444188.416654 4635734.261496 1301708699.0
444209.253612 4635735.097570 1301708702.0
444230.171811 4635735.711000 1301708704.0
444254.813015 4635734.851913 1301708706.0
444280.289280 4635734.652582 1301708708.0
444305.434475 4635734.566966 1301708710.0
444329.746352 4635734.043815 1301708712.0
444352.317290 4635733.756415 1301708714.0
444373.644326 4635733.589835 1301708716.0
444393.728328 4635733.655090 1301708718.0
444420.291189 4635734.447083 1301708721.0
444441.363206 4635733.505458 1301708731.0
444460.372611 4635723.475193 1301708740.0
444482.807032 4635726.964426 1301708746.0
444487.123803 4635705.834333 1301708751.0
444485.434520 4635680.753828 1301708754.0
444485.679852 4635658.989265 1301708756.0
444485.645080 4635633.229664 1301708758.0
444485.508289 4635605.028113 1301708760.0
444484.869255 4635576.275308 1301708762.0
444483.656234 4635548.415248 1301708764.0
444481.883929 4635523.335397 1301708766.0
444479.980251 4635502.697926 1301708768.0
444477.812026 4635480.063909 1301708772.0
444479.840688 4635452.844792 1301708779.0
444481.258166 4635421.744254 1301708782.0
444481.390242 4635396.094396 1301708784.0
444481.425487 4635368.668752 1301708786.0
444481.295623 4635341.355429 1301708788.0
444481.091423 4635315.153026 1301708790.0
444480.991845 4635291.725655 1301708792.0
444480.016511 4635262.420315 1301708795.0
444478.519076 4635240.669348 1301708799.0
