445523.342850 4636032.489724 1302620955.0
445498.292793 4636034.013770 1302620978.0
445476.481551 4636035.846211 1302620981.0
445454.331594 4636036.793044 1302620984.0
445430.922467 4636035.862018 1302620999.0
445407.425246 4636034.265543 1302621002.0
445387.087249 4636033.422156 1302621004.0
445363.927893 4636032.600469 1302621006.0
445338.530599 4636032.129134 1302621008.0
445311.639643 4636031.669358 1302621010.0
445284.251648 4636031.324535 1302621012.0
445256.368323 4636031.316726 1302621014.0
445228.148803 4636030.756442 1302621016.0
445200.345890 4636030.415133 1302621018.0
445174.449827 4636029.837185 1302621020.0
445151.295553 4636029.682353 1302621022.0
445131.043902 4636029.283167 1302621024.0
445108.463645 4636028.235781 1302621027.0
445086.466815 4636027.517070 1302621052.0
445065.219378 4636027.125748 1302621055.0
445035.426600 4636027.022498 1302621058.0
445011.776991 4636027.205043 1302621060.0
444985.637949 4636027.406895 1302621062.0
444957.190881 4636029.625288 1302621064.0
444928.659130 4636031.622382 1302621066.0
444901.120590 4636033.278806 1302621068.0
444872.661535 4636033.943156 1302621070.0
444842.462461 4636034.954197 1302621072.0
444811.343720 4636035.084220 1302621074.0
444781.708307 4636033.870473 1302621076.0
444754.321122 4636033.638715 1302621078.0
444727.345391 4636032.959733 1302621080.0
444701.451855 4636032.716587 1302621082.0
444678.213710 4636032.452910 1302621084.0
444655.967883 4636031.737461 1302621086.0
444632.479924 4636031.364840 1302621088.0
444607.336657 4636031.560340 1302621090.0
444583.698279 4636033.187661 1302621092.0
444560.378007 4636033.036040 1302621094.0
444536.551201 4636031.778101 1302621096.0
444513.887850 4636030.733246 1302621098.0
444488.321883 4636029.933152 1302621101.0
444468.117653 4636024.983086 1302621115.0
444467.765576 4636001.113521 1302621121.0
444468.353879 4635970.130450 1302621124.0
444468.165173 4635945.926511 1302621126.0
444469.286007 4635919.380650 1302621129.0
444472.512580 4635896.815598 1302621133.0
444475.790134 4635870.141893 1302621138.0
444476.973229 4635840.930737 1302621141.0
444477.286788 4635817.278058 1302621143.0
444477.265819 4635793.294886 1302621145.0
444477.294085 4635764.981007 1302621148.0
444477.701889 4635742.771037 1302621153.0
444476.584818 4635716.575733 1302621158.0
444476.278552 4635687.931363 1302621161.0
444476.434812 4635665.390255 1302621163.0
444476.985233 4635640.181262 1302621165.0
444477.103423 4635612.754960 1302621167.0
444476.720237 4635584.888432 1302621169.0
444476.518600 4635559.019100 1302621171.0
444476.084447 4635535.261226 1302621173.0
444475.920889 4635514.277092 1302621175.0
444476.399596 4635490.512104 1302621178.0
444474.328190 4635469.653876 1302621186.0
444450.383595 4635464.177822 1302621192.0
444425.306582 4635462.485836 1302621195.0
444403.806694 4635461.876359 1302621197.0
444382.147761 4635462.156460 1302621199.0
444355.194091 4635464.587628 1302621202.0
444332.717434 4635466.428741 1302621206.0
444310.676557 4635470.931335 1302621211.0
444291.058844 4635477.524691 1302621224.0
444270.336744 4635470.247498 1302621230.0
444250.283291 4635452.972074 1302621233.0
444225.488582 4635444.949645 1302621235.0
444196.044382 4635447.289880 1302621237.0
444169.843688 4635450.493088 1302621239.0
444145.456562 4635452.127698 1302621241.0
444120.424703 4635456.210196 1302621244.0
444104.179768 4635469.550689 1302621249.0
444083.431104 4635469.491454 1302621267.0
444058.687694 4635468.020206 1302621270.0
444028.809502 4635467.921795 1302621273.0
444007.146218 4635467.647900 1302621275.0
443983.738444 4635467.165721 1302621277.0
443961.247896 4635467.231573 1302621279.0
443940.593563 4635468.615455 1302621281.0
443916.051051 4635471.584483 1302621284.0
443896.241479 4635474.849422 1302621292.0
443881.515262 4635491.287423 1302621299.0
443883.364804 4635515.367246 1302621302.0
443884.936513 4635535.785135 1302621304.0
443885.205790 4635559.433272 1302621306.0
443885.159740 4635585.193542 1302621308.0
443884.955592 4635611.954365 1302621310.0
443884.484998 4635636.496606 1302621312.0
443884.118386 4635663.702848 1302621315.0
443884.195463 4635684.021481 1302621320.0
443884.715454 4635707.889717 1302621339.0
443890.266897 4635727.832125 1302621343.0
443915.847165 4635730.295491 1302621347.0
443943.049535 4635727.971716 1302621350.0
443965.616131 4635727.127955 1302621353.0
