446314.713210 4634867.625164 1303834863.0
446314.852781 4634842.086453 1303834866.0
446315.388091 4634813.990995 1303834869.0
446315.231660 4634793.228948 1303834871.0
446314.984705 4634771.468284 1303834873.0
446314.493782 4634750.375659 1303834875.0
446312.972606 4634724.738432 1303834878.0
446304.519884 4634704.483035 1303834881.0
446288.976275 4634690.498958 1303834885.0
446267.829855 4634681.997793 1303834889.0
446242.552814 4634676.081617 1303834892.0
446214.221610 4634672.409250 1303834895.0
446193.951963 4634670.119548 1303834897.0
446168.954839 4634668.309751 1303834900.0
446145.705669 4634667.153029 1303834904.0
446118.717435 4634665.469490 1303834907.0
446096.133059 4634664.418936 1303834909.0
446072.885541 4634663.484506 1303834911.0
446049.968322 4634662.325584 1303834913.0
446027.802271 4634661.716212 1303834915.0
446000.821554 4634661.032362 1303834918.0
445982.147583 4634672.166205 1303834926.0
445977.349599 4634696.185785 1303834932.0
445978.010376 4634728.602518 1303834936.0
445978.255833 4634750.030098 1303834938.0
445978.502974 4634771.679732 1303834940.0
445977.707372 4634798.111708 1303834943.0
445976.552860 4634820.993338 1303834947.0
445976.565336 4634844.532322 1303834950.0
445977.201707 4634873.729279 1303834953.0
445977.113512 4634894.937326 1303834955.0
445976.692501 4634916.036864 1303834957.0
445975.818993 4634943.135638 1303834960.0
445974.440799 4634969.349973 1303834965.0
445975.303428 4634995.547317 1303834968.0
445974.897590 4635018.645346 1303834970.0
445974.431496 4635044.741734 1303834972.0
445973.805317 4635071.616572 1303834974.0
445973.255401 4635097.602565 1303834976.0
445972.365948 4635122.591834 1303834978.0
445971.136960 4635146.584377 1303834980.0
445969.890301 4635168.245353 1303834982.0
445968.996664 4635192.679490 1303834985.0
445968.580769 4635214.445201 1303835009.0
445958.766774 4635233.617393 1303835014.0
445938.132538 4635237.771150 1303835017.0
445907.251762 4635236.895219 1303835020.0
445883.336249 4635235.189276 1303835022.0
445858.346069 4635234.046746 1303835024.0
445833.109441 4635233.239279 1303835026.0
445807.789815 4635232.432532 1303835028.0
445782.309272 4635232.293301 1303835030.0
445757.823764 4635232.035551 1303835032.0
445734.251145 4635231.770932 1303835034.0
445709.435362 4635231.737931 1303835036.0
445683.212128 4635232.159881 1303835038.0
445656.238595 4635232.143517 1303835040.0
445629.261672 4635231.683147 1303835042.0
445602.615856 4635231.109317 1303835044.0
445576.799089 4635230.418220 1303835046.0
445540.850708 4635228.916389 1303835049.0
445513.546041 4635229.014129 1303835052.0
445500.065825 4635256.986669 1303835060.0
445501.269931 4635327.594824 1303835067.0
445501.227359 4635354.576315 1303835069.0
445501.145021 4635419.753675 1303835074.0
445500.899959 4635441.962274 1303835076.0
445501.030423 4635480.712011 1303835084.0
445498.197666 4635544.355955 1303835104.0
445496.766921 4635628.530407 1303835111.0
445496.191567 4635716.029335 1303835118.0
445497.114514 4635782.420412 1303835124.0
445497.131199 4635806.292526 1303835128.0
445500.806798 4635831.135949 1303835134.0
445504.587442 4635858.865446 1303835137.0
445506.842093 4635882.387340 1303835139.0
445508.540486 4635909.133468 1303835141.0
445509.249880 4635936.775433 1303835143.0
445509.205639 4635963.534895 1303835145.0
445509.131672 4635986.408406 1303835147.0
445508.341456 4636013.284611 1303835150.0
445522.024496 4636033.721178 1303835154.0
445546.009386 4636033.981898 1303835157.0
445567.910417 4636033.037254 1303835159.0
445593.215367 4636032.288741 1303835161.0
445619.273932 4636032.422834 1303835163.0
445645.000570 4636032.559556 1303835165.0
445671.144652 4636033.026287 1303835167.0
445697.703633 4636033.489951 1303835169.0
445724.682589 4636034.616716 1303835171.0
445753.065446 4636034.844620 1303835173.0
445781.695552 4636034.848689 1303835175.0
445809.583895 4636035.524717 1303835177.0
445835.558605 4636035.549206 1303835179.0
445858.125189 4636034.822460 1303835181.0
445881.352249 4636033.646632 1303835184.0
445907.227116 4636031.451469 1303835192.0
445930.962192 4636031.604349 1303835195.0
445960.847963 4636033.043042 1303835198.0
445981.599086 4636033.662865 1303835200.0
446001.843901 4636033.176251 1303835202.0
446029.971062 4636032.518929 1303835205.0
446053.202353 4636031.898798 1303835208.0
446075.264349 4636030.288294 1303835216.0
446099.183863 4636032.883076 1303835221.0
446126.572598 4636033.342059 1303835224.0
446149.977406 4636033.720234 1303835226.0
446175.204433 4636033.640580 1303835228.0
446200.749965 4636031.782074 1303835230.0
446226.036506 4636028.593212 1303835232.0
446249.415345 4636025.529870 1303835234.0
446269.886517 4636022.044405 1303835236.0
446291.380368 4636011.112043 1303835239.0
446300.268777 4635990.281757 1303835242.0
446299.029297 4635968.972670 1303835244.0
446297.771394 4635945.220984 1303835246.0
446296.353381 4635922.247742 1303835248.0
446295.274825 4635900.271242 1303835250.0
446295.516452 4635877.285488 1303835252.0
446295.334796 4635853.192592 1303835254.0
446295.722415 4635816.548621 1303835257.0
446296.209655 4635793.116884 1303835259.0
446296.539304 4635770.796671 1303835261.0
446297.032414 4635748.142126 1303835263.0
446297.028459 4635725.602363 1303835265.0
446297.103305 4635702.506840 1303835267.0
446297.432130 4635680.075603 1303835269.0
446297.764308 4635658.088475 1303835271.0
446298.012667 4635635.990947 1303835273.0
446297.432008 4635614.010703 1303835275.0
446298.011478 4635591.799647 1303835277.0
446299.590136 4635570.025193 1303835279.0
446301.119426 4635541.700140 1303835282.0
446301.036697 4635519.716146 1303835286.0
446306.934900 4635498.464303 1303835298.0
446328.437097 4635488.420294 1303835301.0
446350.121845 4635491.587950 1303835303.0
446372.632266 4635494.194290 1303835305.0
446393.977507 4635496.365334 1303835307.0
446417.143439 4635497.856547 1303835310.0
