443932.641625 4635481.113850 1302145706.0
443908.601456 4635484.634121 1302145718.0
443878.473483 4635484.427274 1302145721.0
443854.145883 4635483.064495 1302145723.0
443809.495075 4635482.972417 1302145726.0
443776.550765 4635483.454421 1302145728.0
443741.532645 4635484.063988 1302145730.0
443705.102862 4635484.573849 1302145732.0
443667.927948 4635485.311857 1302145734.0
443631.907837 4635485.152648 1302145736.0
443598.047155 4635485.198592 1302145738.0
443568.836413 4635485.540963 1302145740.0
443546.427132 4635485.385413 1302145742.0
443524.687031 4635485.890834 1302145746.0
443503.492623 4635481.950627 1302145772.0
443473.022074 4635480.415800 1302145775.0
443449.115466 4635479.828302 1302145777.0
443425.207972 4635479.129856 1302145779.0
443402.208043 4635477.758074 1302145781.0
443379.288444 4635476.052625 1302145783.0
443355.534541 4635473.798713 1302145785.0
443334.527166 4635472.522340 1302145787.0
443307.546432 4635471.515633 1302145790.0
443287.455440 4635470.676242 1302145793.0
443267.260234 4635467.172917 1302145814.0
443238.784800 4635466.067338 1302145818.0
443211.503047 4635468.949591 1302145821.0
443188.775016 4635470.463220 1302145824.0
443166.951887 4635470.970394 1302145831.0
443145.148255 4635473.920234 1302145834.0
443120.288278 4635478.671092 1302145838.0
443105.969015 4635493.886101 1302145842.0
443100.847593 4635517.688343 1302145846.0
443094.676644 4635545.163106 1302145850.0
443089.781199 4635566.076663 1302145852.0
443087.490296 4635590.966649 1302145854.0
443087.123173 4635617.728851 1302145856.0
443087.065821 4635641.712720 1302145858.0
443088.032683 4635669.241506 1302145861.0
443082.469921 4635689.716268 1302145865.0
443070.330081 4635707.578773 1302145890.0
443071.195387 4635732.776651 1302145893.0
443071.444305 4635753.538083 1302145895.0
443071.555649 4635777.853714 1302145897.0
443069.682479 4635803.073481 1302145899.0
443068.146584 4635828.956761 1302145901.0
443067.211110 4635857.277999 1302145903.0
443065.943714 4635885.601891 1302145905.0
443064.077702 4635911.709883 1302145907.0
443062.759745 4635933.705224 1302145909.0
443061.057064 4635959.478810 1302145912.0
443055.571396 4635979.175751 1302145921.0
443065.101886 4635998.308510 1302145935.0
443087.098232 4635998.909954 1302145938.0
443117.969173 4635998.885414 1302145941.0
443143.205338 4635999.905296 1302145943.0
443169.853068 4636001.025038 1302145945.0
443195.424683 4636002.486565 1302145947.0
443222.396352 4636002.604611 1302145950.0
443247.237037 4636006.070769 1302145965.0
443273.143192 4636007.863011 1302145968.0
443296.304756 4636008.899958 1302145970.0
443323.864331 4636009.901981 1302145972.0
443353.496666 4636010.665558 1302145974.0
443382.295648 4636010.991744 1302145976.0
443408.024311 4636011.342442 1302145978.0
443434.766383 4636013.905870 1302145981.0
443455.847189 4636014.182619 1302145988.0
443481.166211 4636015.203038 1302145991.0
443503.989619 4636015.466103 1302145993.0
443530.133159 4636015.813950 1302145995.0
443560.344543 4636016.351726 1302145997.0
443593.625350 4636016.754288 1302145999.0
443627.403161 4636017.042037 1302146001.0
443660.765181 4636017.222201 1302146003.0
443693.046683 4636017.188994 1302146005.0
443723.997850 4636016.833342 1302146007.0
443753.794293 4636017.375217 1302146009.0
443782.096189 4636017.817979 1302146011.0
443806.159900 4636017.517050 1302146013.0
443831.457825 4636015.874060 1302146016.0
443852.997091 4636011.151831 1302146021.0
443861.033729 4635988.437513 1302146025.0
443863.283413 4635957.996422 1302146028.0
443865.071101 4635932.111375 1302146030.0
443865.752030 4635902.681959 1302146032.0
443866.087036 4635871.478725 1302146034.0
443866.669248 4635840.051476 1302146036.0
443868.170416 4635809.394226 1302146038.0
443870.688406 4635781.393784 1302146040.0
443871.669084 4635758.401993 1302146042.0
443872.660269 4635736.742531 1302146045.0
443892.773054 4635729.922032 1302146049.0
443920.079383 4635730.262169 1302146052.0
443941.580276 4635731.092234 1302146054.0
443965.502566 4635733.790894 1302146057.0
443989.987394 4635734.153495 1302146073.0
444016.057653 4635735.614060 1302146076.0
444037.644115 4635736.776844 1302146078.0
444058.646189 4635737.500146 1302146080.0
444081.804985 4635738.095544 1302146083.0
444109.050055 4635741.212738 1302146087.0
444138.610829 4635743.312568 1302146090.0
444165.015562 4635745.104156 1302146092.0
444194.645366 4635745.427132 1302146094.0
444223.431411 4635743.980294 1302146096.0
444246.558009 4635740.468221 1302146098.0
444266.758451 4635734.203268 1302146101.0
