445498.223034 4635471.739765 1302574544.0
445497.234499 4635494.398188 1302574553.0
445496.279951 4635521.497698 1302574557.0
445495.388012 4635545.931923 1302574560.0
445494.590961 4635571.919894 1302574563.0
445493.968386 4635599.016868 1302574566.0
445493.599872 4635626.778101 1302574569.0
445493.067942 4635654.873687 1302574572.0
445492.789222 4635683.522505 1302574575.0
445493.085452 4635711.389689 1302574578.0
445494.849916 4635735.914629 1302574581.0
445494.865755 4635759.675715 1302574584.0
445496.036573 4635782.539694 1302574588.0
445497.550365 4635806.844488 1302574597.0
445498.368849 4635827.046356 1302574600.0
445499.620085 4635849.576622 1302574603.0
445500.961094 4635872.994471 1302574606.0
445502.637425 4635896.853890 1302574609.0
445503.318808 4635920.831956 1302574612.0
445503.091634 4635945.372144 1302574615.0
445503.074602 4635975.684478 1302574619.0
445503.013398 4636000.223397 1302574623.0
445513.377234 4636020.685345 1302574632.0
445535.694057 4636019.848455 1302574636.0
445562.169275 4636020.201222 1302574640.0
445584.328623 4636020.476025 1302574643.0
445607.319475 4636020.966614 1302574646.0
445630.306084 4636020.902141 1302574649.0
445653.712682 4636021.500740 1302574652.0
445677.447811 4636021.652776 1302574655.0
445701.182938 4636021.804890 1302574658.0
445724.584446 4636021.737559 1302574661.0
445748.239125 4636022.223544 1302574664.0
445772.140206 4636022.374631 1302574667.0
445795.631450 4636023.195118 1302574670.0
445818.454616 4636023.465598 1302574673.0
445839.117739 4636023.419474 1302574676.0
445861.776625 4636023.913408 1302574680.0
445886.592171 4636024.279996 1302574685.0
445910.830217 4636025.095189 1302574689.0
445932.412022 4636025.819595 1302574692.0
445955.652599 4636026.420445 1302574695.0
445980.220867 4636027.011302 1302574698.0
446005.369995 4636027.597840 1302574701.0
446031.013639 4636027.736585 1302574704.0
446056.079777 4636028.323930 1302574707.0
446080.897806 4636029.024275 1302574710.0
446105.796291 4636029.390998 1302574713.0
446130.526290 4636029.425981 1302574716.0
446155.340107 4636029.571449 1302574719.0
446180.153922 4636029.717004 1302574722.0
446204.212521 4636028.758015 1302574725.0
446226.430455 4636025.814399 1302574728.0
446247.404530 4636022.991274 1302574731.0
446272.599765 4636018.692932 1302574735.0
446291.113842 4636008.782349 1302574739.0
446292.920370 4635984.230321 1302574743.0
446293.340501 4635962.908720 1302574746.0
446293.745568 4635939.588630 1302574749.0
446294.555504 4635914.933087 1302574752.0
446295.280791 4635890.056116 1302574755.0
446295.832585 4635864.181153 1302574758.0
446296.229302 4635839.750796 1302574761.0
446296.483496 4635818.430452 1302574764.0
446297.036981 4635792.777546 1302574768.0
446297.963424 4635772.562470 1302574772.0
446299.361830 4635748.901799 1302574776.0
446300.283267 4635728.020561 1302574779.0
446299.782252 4635705.595580 1302574782.0
446300.018057 4635681.832643 1302574785.0
446300.418999 4635657.957429 1302574788.0
446300.814086 4635633.305026 1302574791.0
446301.202483 4635607.764406 1302574794.0
446301.668012 4635581.445973 1302574797.0
446302.710268 4635554.568026 1302574800.0
446302.927687 4635528.362498 1302574803.0
446303.062124 4635502.157597 1302574806.0
446303.190706 4635475.175508 1302574809.0
446304.229645 4635447.853458 1302574812.0
446304.856165 4635420.867617 1302574815.0
446304.905958 4635394.441292 1302574818.0
446305.203884 4635367.902065 1302574821.0
446305.749944 4635341.249935 1302574824.0
446306.306888 4635316.041158 1302574827.0
446306.876391 4635292.497789 1302574830.0
446307.550646 4635271.840498 1302574833.0
446308.392559 4635251.404012 1302574839.0
446308.490077 4635231.306237 1302574845.0
446309.044540 4635205.764384 1302574849.0
446309.878939 4635184.328656 1302574852.0
446312.031162 4635161.550599 1302574855.0
446313.771790 4635139.219778 1302574858.0
446314.772199 4635117.782803 1302574861.0
446314.780062 4635096.797441 1302574864.0
446315.363850 4635075.141540 1302574867.0
446315.943461 4635052.930505 1302574870.0
446316.689062 4635030.718220 1302574873.0
446317.243587 4635005.176376 1302574877.0
446318.233998 4634982.407082 1302574890.0
446318.497552 4634962.308065 1302574894.0
446318.263148 4634942.212801 1302574897.0
446318.569549 4634916.783863 1302574901.0
446319.383956 4634892.683499 1302574919.0
446319.783399 4634868.586263 1302574923.0
446320.109054 4634845.710949 1302574926.0
446320.258684 4634821.504563 1302574929.0
446320.739463 4634797.184650 1302574932.0
446321.382055 4634772.308353 1302574935.0
446321.690998 4634747.212503 1302574938.0
446321.843990 4634723.450229 1302574941.0
446322.355735 4634703.238318 1302574945.0
446304.733063 4634688.714703 1302574952.0
446278.609244 4634691.576411 1302574956.0
446257.202007 4634692.515073 1302574959.0
446234.296650 4634692.909937 1302574962.0
446211.059308 4634693.307381 1302574965.0
446188.734090 4634693.586979 1302574968.0
446165.247761 4634693.986452 1302574972.0
446140.680800 4634694.172105 1302574979.0
446117.280828 4634695.015217 1302574983.0
446096.349756 4634693.063895 1302574997.0
446074.352321 4634692.786205 1302575002.0
446050.614477 4634692.854860 1302575006.0
446024.879671 4634692.272520 1302575010.0
446001.387447 4634691.895345 1302575014.0
445980.911714 4634695.270513 1302575021.0
445976.427217 4634716.844984 1302575026.0
445977.002978 4634738.047992 1302575030.0
445976.362423 4634763.035358 1302575034.0
445976.058907 4634788.686369 1302575038.0
445975.547314 4634808.787290 1302575042.0
445975.796149 4634830.658980 1302575049.0
445975.297190 4634852.425308 1302575053.0
445974.339837 4634879.413681 1302575057.0
445973.754528 4634900.736532 1302575060.0
445973.038596 4634926.723777 1302575064.0
445972.041699 4634948.493884 1302575069.0
445972.195770 4634968.811829 1302575075.0
445972.536876 4634991.904193 1302575079.0
445972.443653 4635012.446082 1302575082.0
445972.277543 4635034.320926 1302575085.0
445971.536384 4635056.977365 1302575088.0
445971.378700 4635079.962481 1302575091.0
445971.306538 4635103.280049 1302575094.0
445971.220906 4635124.821186 1302575097.0
445971.132750 4635146.029242 1302575100.0
445970.142642 4635168.687573 1302575103.0
445968.983192 4635190.903057 1302575106.0
445967.517051 4635216.451871 1302575110.0
445951.522197 4635230.452381 1302575114.0
445925.884947 4635231.535193 1302575118.0
445903.891687 4635231.591126 1302575121.0
445880.734876 4635231.433898 1302575124.0
445857.911711 4635231.496277 1302575127.0
445836.081895 4635231.218076 1302575130.0
445810.686029 4635231.300167 1302575134.0
445787.610510 4635230.920556 1302575162.0
445764.702658 4635230.761811 1302575166.0
445743.452919 4635230.368445 1302575169.0
445720.377389 4635229.989052 1302575172.0
445696.304280 4635229.395271 1302575175.0
445672.735034 4635229.574964 1302575178.0
445648.334190 4635229.539011 1302575181.0
445622.768091 4635229.067902 1302575184.0
445597.864214 4635228.369761 1302575187.0
445574.455852 4635227.882349 1302575190.0
445554.118978 4635227.482573 1302575193.0
445531.471103 4635228.766027 1302575197.0
445509.398223 4635229.267920 1302575205.0
445502.687532 4635252.525270 1302575211.0
445501.724415 4635278.514498 1302575215.0
445501.149076 4635300.947685 1302575218.0
445500.668622 4635324.934618 1302575221.0
445500.028991 4635349.811038 1302575224.0
445499.141250 4635374.800391 1302575227.0
445498.667610 4635399.675544 1302575230.0
445498.099095 4635422.996953 1302575233.0
445498.342625 4635443.980444 1302575236.0
445498.918955 4635465.072423 1302575240.0
445497.838086 4635486.510183 1302575268.0
445494.540359 4635511.073847 1302575273.0
445495.240463 4635537.494495 1302575277.0
445496.241079 4635559.804601 1302575280.0
445495.515970 4635584.348585 1302575283.0
445495.219390 4635610.665829 1302575286.0
445494.927912 4635637.649238 1302575289.0
445494.383235 4635664.079416 1302575292.0
445494.087520 4635690.507691 1302575295.0
445493.698629 4635715.604276 1302575298.0
445494.789020 4635738.801970 1302575301.0
445495.528778 4635759.559607 1302575304.0
445496.448944 4635782.203437 1302575308.0
445497.184449 4635802.405940 1302575316.0
445498.268025 4635824.715420 1302575320.0
445499.503971 4635845.247196 1302575323.0
445500.254756 4635867.448190 1302575326.0
445502.334110 4635889.750054 1302575329.0
445503.669159 4635912.390714 1302575332.0
445503.430090 4635935.376520 1302575335.0
445503.267211 4635957.473475 1302575338.0
445503.091592 4635977.905022 1302575341.0
445502.612933 4636002.114035 1302575345.0
445511.640576 4636021.475867 1302575350.0
445532.965869 4636021.201722 1302575354.0
445559.518971 4636020.887681 1302575358.0
445580.762980 4636020.836368 1302575361.0
445602.089122 4636020.673458 1302575364.0
445624.411884 4636020.614036 1302575367.0
445647.564457 4636020.548352 1302575370.0
445671.883845 4636021.140045 1302575373.0
445696.780709 4636021.283284 1302575376.0
445720.594586 4636020.879694 1302575379.0
445744.162058 4636020.811162 1302575382.0
445768.149507 4636021.405713 1302575385.0
445791.720356 4636021.781447 1302575388.0
445814.296272 4636022.275862 1302575391.0
445835.790054 4636022.334443 1302575394.0
445861.516711 4636022.471947 1302575398.0
445881.764086 4636022.318074 1302575403.0
445904.847995 4636024.141319 1302575422.0
445928.335839 4636024.518135 1302575426.0
445949.828764 4636024.466033 1302575429.0
445972.567246 4636024.515582 1302575432.0
445995.978834 4636025.781468 1302575435.0
446019.714764 4636026.045671 1302575438.0
446043.283887 4636026.200183 1302575441.0
446066.686206 4636026.245003 1302575444.0
446090.671070 4636026.507557 1302575447.0
446114.906554 4636026.990363 1302575450.0
446138.310545 4636027.257472 1302575453.0
446161.631551 4636027.525286 1302575456.0
446185.283640 4636027.679640 1302575459.0
446214.642966 4636025.348235 1302575463.0
446234.452789 4636022.200763 1302575466.0
446258.163576 4636019.134945 1302575470.0
446278.487232 4636018.093356 1302575475.0
446294.561378 4636003.759845 1302575482.0
446294.778714 4635977.554298 1302575486.0
446294.940697 4635955.013276 1302575489.0
446295.256091 4635930.805595 1302575492.0
446295.734942 4635906.263582 1302575495.0
446296.292595 4635881.165808 1302575498.0
446296.686800 4635856.402369 1302575501.0
446297.009745 4635833.193937 1302575504.0
446297.182633 4635812.096272 1302575507.0
446296.994290 4635787.115161 1302575511.0
446299.804255 4635763.554881 1302575526.0
446301.554695 4635742.556360 1302575530.0
446301.351306 4635715.576762 1302575534.0
446301.183908 4635693.371333 1302575537.0
446301.338408 4635669.831077 1302575540.0
446301.323592 4635645.847964 1302575543.0
446301.968478 4635621.304712 1302575546.0
446302.699705 4635597.204943 1302575549.0
446303.109036 4635574.440004 1302575552.0
446303.365790 4635553.452750 1302575555.0
446303.681263 4635529.245085 1302575559.0
