444278.832594 4635707.571681 1303824794.0
444277.787583 4635733.117676 1303824799.0
444277.068440 4635757.883885 1303824802.0
444276.971882 4635787.974857 1303824805.0
444276.889695 4635809.294031 1303824807.0
444277.895850 4635831.826065 1303824809.0
444279.493304 4635855.685883 1303824811.0
444278.838052 4635878.008848 1303824813.0
444279.093878 4635900.102619 1303824815.0
444278.774908 4635922.978125 1303824817.0
444278.781790 4635945.073845 1303824819.0
444279.021984 4635965.169127 1303824821.0
444278.554431 4635990.266479 1303824824.0
444288.992651 4636009.171648 1303824830.0
444312.395136 4636009.210705 1303824834.0
444338.261897 4636006.010592 1303824837.0
444361.130941 4636001.501583 1303824840.0
444382.796037 4636002.220647 1303824843.0
444404.801720 4636004.047459 1303824846.0
444430.067054 4636008.846824 1303824849.0
444455.001292 4636013.759895 1303824852.0
444483.313494 4636015.537769 1303824855.0
444504.708890 4636024.253753 1303824857.0
444527.254693 4636020.858136 1303824859.0
444551.059929 4636019.340363 1303824861.0
444574.454587 4636018.381035 1303824863.0
444597.633125 4636021.642755 1303824865.0
444620.813367 4636025.126606 1303824867.0
444643.418757 4636029.392237 1303824869.0
444665.402711 4636028.444171 1303824871.0
444685.722736 4636026.953926 1303824873.0
444714.851696 4636027.060867 1303824876.0
444735.603006 4636027.677061 1303824878.0
444756.928291 4636027.400593 1303824880.0
444779.331469 4636027.004797 1303824882.0
444802.398498 4636026.603927 1303824884.0
444826.111315 4636023.866418 1303824886.0
444849.670223 4636022.684653 1303824888.0
444872.898072 4636021.616564 1303824890.0
444895.462936 4636020.664713 1303824892.0
444917.615475 4636020.049224 1303824894.0
444939.685894 4636019.545473 1303824896.0
444960.845238 4636019.270898 1303824898.0
444981.339875 4636018.890487 1303824900.0
445010.135203 4636018.779145 1303824903.0
445034.441835 4636017.703254 1303824906.0
445055.271828 4636017.764603 1303824910.0
445076.674982 4636016.822289 1303824922.0
445099.578649 4636016.756743 1303824925.0
445129.785515 4636016.746039 1303824928.0
445152.110021 4636016.907192 1303824930.0
445175.183919 4636017.395748 1303824932.0
445198.756555 4636017.991575 1303824934.0
445222.497708 4636018.919285 1303824936.0
445245.902663 4636019.294490 1303824938.0
445269.222072 4636019.337327 1303824940.0
445293.127465 4636020.041943 1303824942.0
445316.698370 4636020.416106 1303824944.0
445339.522441 4636020.796078 1303824946.0
445360.926461 4636019.965645 1303824948.0
445381.257689 4636019.920740 1303824950.0
445410.306190 4636020.364243 1303824953.0
445434.535826 4636020.067544 1303824956.0
445454.776418 4636019.024239 1303824960.0
445478.350708 4636019.843046 1303824979.0
445501.919894 4636019.995767 1303824982.0
445530.637304 4636020.553327 1303824985.0
445552.048126 4636020.611687 1303824987.0
445573.873004 4636020.555913 1303824989.0
445596.611522 4636020.604261 1303824991.0
445620.427944 4636020.533418 1303824993.0
445643.749021 4636020.799537 1303824995.0
445667.569675 4636021.283988 1303824997.0
445691.142228 4636021.881443 1303824999.0
445714.722392 4636023.478222 1303825001.0
445737.222099 4636024.861243 1303825003.0
445758.057947 4636025.701838 1303825005.0
445787.692312 4636026.808619 1303825008.0
445816.746644 4636028.030970 1303825011.0
445844.811101 4636030.038201 1303825014.0
445869.624939 4636030.182674 1303825017.0
445893.271137 4636029.558868 1303825021.0
445917.748834 4636029.150895 1303825029.0
445944.069809 4636031.060722 1303825032.0
445965.399279 4636031.343008 1303825034.0
445987.970092 4636031.171809 1303825036.0
446010.876195 4636031.442275 1303825038.0
446033.699315 4636031.713444 1303825040.0
446056.106685 4636031.876801 1303825042.0
446077.846004 4636031.490118 1303825044.0
446099.840988 4636031.989835 1303825046.0
446121.509084 4636033.158294 1303825048.0
446142.763106 4636034.440984 1303825050.0
446163.270292 4636035.729381 1303825052.0
446191.979991 4636035.290363 1303825055.0
446217.858282 4636033.540437 1303825058.0
446238.741808 4636029.718668 1303825062.0
446263.697286 4636026.643472 1303825075.0
446285.839803 4636024.699914 1303825078.0
446312.388693 4636023.833543 1303825081.0
446341.683488 4636023.945886 1303825084.0
446361.762376 4636023.461546 1303825086.0
446381.928425 4636023.531774 1303825088.0
446403.090245 4636023.594565 1303825090.0
446424.420531 4636023.989253 1303825092.0
446446.247029 4636024.158207 1303825094.0
446467.408844 4636024.221189 1303825096.0
446488.073605 4636024.399003 1303825098.0
446517.452197 4636024.622472 1303825101.0
446545.332129 4636024.191110 1303825104.0
446573.880908 4636024.421039 1303825107.0
446604.012979 4636025.527481 1303825110.0
446624.347466 4636025.930233 1303825112.0
446652.891240 4636025.494316 1303825115.0
446674.738498 4636028.439650 1303825118.0
446692.009443 4636040.857140 1303825123.0
446692.096815 4636063.618336 1303825128.0
446691.026621 4636086.943364 1303825133.0
446691.771190 4636108.811375 1303825139.0
