445511.725844 4635490.179086 1302442438.0
445487.319085 4635489.255477 1302442444.0
445466.476524 4635487.749497 1302442447.0
445442.317861 4635486.713109 1302442450.0
445417.334419 4635486.349323 1302442453.0
445391.194258 4635486.660695 1302442456.0
445363.810990 4635487.203764 1302442459.0
445336.835846 4635486.855537 1302442462.0
445308.950393 4635486.847501 1302442465.0
445280.647443 4635486.509681 1302442468.0
445252.094674 4635486.062860 1302442471.0
445223.958543 4635485.835016 1302442474.0
445197.152768 4635485.930151 1302442477.0
445171.174303 4635485.685917 1302442480.0
445144.864740 4635485.555361 1302442483.0
445117.978539 4635485.984514 1302442486.0
445090.508005 4635485.974137 1302442489.0
445062.947632 4635485.076289 1302442492.0
445035.137431 4635484.069441 1302442495.0
445006.503345 4635483.846298 1302442498.0
444978.364608 4635483.286343 1302442501.0
444951.390263 4635483.050602 1302442504.0
444926.323767 4635482.689180 1302442507.0
444903.745172 4635482.086536 1302442511.0
444878.184179 4635482.173243 1302442518.0
444857.269623 4635482.113039 1302442521.0
444832.615470 4635481.415653 1302442524.0
444806.637813 4635481.283775 1302442527.0
444781.072509 4635480.815695 1302442530.0
444757.168672 4635480.556889 1302442533.0
444734.099874 4635480.957888 1302442536.0
444707.631177 4635481.718451 1302442539.0
444680.158011 4635481.376575 1302442542.0
444652.099616 4635480.484183 1302442545.0
444623.372996 4635479.041925 1302442548.0
444593.986780 4635478.160083 1302442551.0
444565.184924 4635477.717951 1302442554.0
444538.378220 4635477.704536 1302442557.0
444514.560796 4635477.890007 1302442560.0
444493.150010 4635478.056804 1302442566.0
444471.402947 4635477.671118 1302442571.0
444450.067355 4635476.838154 1302442574.0
444425.334463 4635476.697960 1302442577.0
444399.932469 4635475.896870 1302442580.0
444373.785314 4635475.323757 1302442583.0
444347.885380 4635474.526741 1302442586.0
444323.316712 4635474.163550 1302442589.0
444302.815301 4635473.879677 1302442592.0
444279.743876 4635473.949065 1302442599.0
444259.453198 4635468.778174 1302442603.0
444239.113396 4635467.938049 1302442606.0
444212.972274 4635468.142716 1302442609.0
444185.086671 4635468.139079 1302442612.0
444158.776091 4635467.901137 1302442615.0
444136.193859 4635466.856816 1302442618.0
444112.314303 4635469.708934 1302442622.0
444091.646013 4635469.315943 1302442628.0
444064.919618 4635468.970577 1302442632.0
444041.018290 4635469.047255 1302442635.0
444015.371601 4635468.804627 1302442638.0
443988.480093 4635468.571880 1302442641.0
443962.667421 4635468.330747 1302442644.0
443937.682876 4635467.861122 1302442647.0
443911.205421 4635467.514373 1302442650.0
443883.980198 4635467.062579 1302442653.0
443856.257043 4635466.614813 1302442656.0
443827.702254 4635465.951645 1302442659.0
443798.566543 4635465.293174 1302442662.0
443768.935527 4635464.971834 1302442665.0
443738.888691 4635464.542866 1302442668.0
443718.637039 4635464.369734 1302442670.0
443698.464864 4635463.751895 1302442672.0
443678.211452 4635463.356824 1302442674.0
443658.041903 4635463.072180 1302442676.0
443628.078909 4635462.754051 1302442679.0
443598.446984 4635462.322393 1302442682.0
443569.908845 4635463.769774 1302442685.0
443544.023687 4635464.863141 1302442688.0
443522.033679 4635465.259515 1302442692.0
443472.496128 4635466.429667 1302442713.0
443447.673082 4635465.405308 1302442716.0
443421.023414 4635464.284508 1302442719.0
443393.710715 4635463.280110 1302442722.0
443366.237326 4635462.943300 1302442725.0
443339.015546 4635462.937697 1302442728.0
443313.782822 4635462.583267 1302442731.0
443292.202444 4635462.310885 1302442734.0
443268.376970 4635461.501277 1302442741.0
443245.964052 4635460.902564 1302442745.0
443224.217686 4635460.631710 1302442748.0
443201.724427 4635460.366879 1302442751.0
443178.652906 4635460.439833 1302442755.0
443156.409492 4635460.284186 1302442761.0
443130.014907 4635459.939678 1302442765.0
443107.775921 4635460.339318 1302442768.0
443084.050250 4635461.639180 1302442772.0
443066.799837 4635473.546660 1302442793.0
443067.063842 4635496.195546 1302442797.0
443067.235098 4635517.623796 1302442800.0
443066.846743 4635541.721343 1302442803.0
443066.470816 4635567.373272 1302442806.0
443065.768273 4635593.694019 1302442809.0
443064.988963 4635620.792620 1302442812.0
443064.461281 4635648.222315 1302442815.0
443064.021916 4635676.317511 1302442818.0
443063.921597 4635705.298273 1302442821.0
443063.240390 4635734.283679 1302442824.0
443062.316450 4635764.048268 1302442827.0
443062.062164 4635784.147517 1302442829.0
443061.725786 4635804.358457 1302442831.0
443061.637474 4635824.456381 1302442833.0
443061.384973 4635844.777686 1302442835.0
443061.299328 4635865.208693 1302442837.0
443060.866224 4635894.081090 1302442840.0
443060.498358 4635920.732279 1302442843.0
443060.365243 4635945.605043 1302442846.0
443059.559399 4635969.372842 1302442849.0
443059.159596 4635992.027053 1302442853.0
443080.988645 4636002.844979 1302442861.0
443105.388780 4636003.094167 1302442865.0
443128.292583 4636003.022283 1302442868.0
443152.862221 4636003.714417 1302442871.0
443178.839881 4636004.062300 1302442874.0
443205.062056 4636003.853157 1302442877.0
443230.690085 4636001.983330 1302442880.0
443250.923437 4636000.045542 1302442885.0
443275.318260 4635999.629148 1302442890.0
443298.719072 4635999.442820 1302442893.0
443324.697615 4635999.902263 1302442896.0
443351.927941 4636001.240118 1302442899.0
443380.479781 4636001.790332 1302442902.0
443408.945988 4636002.008238 1302442905.0
443434.011710 4636002.475332 1302442908.0
443454.342190 4636002.313900 1302442912.0
443478.496871 4636003.010451 1302442918.0
443498.836156 4636003.959418 1302442921.0
443521.671043 4636005.665894 1302442924.0
443546.245009 4636006.914521 1302442927.0
443572.065446 4636008.375427 1302442930.0
443599.048490 4636009.938253 1302442933.0
443626.204513 4636012.388086 1302442936.0
443655.010483 4636013.603593 1302442939.0
443684.136075 4636013.262211 1302442942.0
443712.517469 4636013.259931 1302442945.0
443742.219546 4636012.359059 1302442948.0
443771.832512 4636010.681775 1302442951.0
443797.887802 4636010.365097 1302442954.0
443820.871028 4636009.850676 1302442957.0
443841.690611 4636008.576149 1302442961.0
443861.186719 4635997.319040 1302442970.0
443863.798954 4635970.761287 1302442974.0
443864.779569 4635947.769488 1302442977.0
443865.248296 4635923.005178 1302442980.0
443865.956353 4635897.017608 1302442983.0
443866.821633 4635869.918458 1302442986.0
443868.011857 4635841.928476 1302442989.0
443869.117359 4635813.717095 1302442992.0
443871.477257 4635786.717206 1302442995.0
443872.610782 4635762.058699 1302442998.0
443874.821368 4635737.169639 1302443002.0
443893.662274 4635726.917107 1302443006.0
443913.748945 4635727.314090 1302443009.0
443934.423496 4635728.594776 1302443012.0
443957.504595 4635729.856588 1302443015.0
443981.656626 4635730.110745 1302443018.0
444006.303944 4635730.027988 1302443021.0
444030.621939 4635730.281006 1302443024.0
444053.443592 4635730.212758 1302443027.0
444076.170927 4635728.701880 1302443031.0
444101.220099 4635726.950787 1302443037.0
444125.968695 4635729.199364 1302443041.0
444149.705789 4635729.457346 1302443044.0
444173.688354 4635729.269346 1302443047.0
444198.251810 4635729.076877 1302443050.0
444221.334584 4635730.561597 1302443053.0
444242.339256 4635731.618522 1302443056.0
444264.579133 4635731.444470 1302443059.0
444291.122053 4635729.682357 1302443062.0
444317.509431 4635729.253966 1302443065.0
444345.061197 4635729.149678 1302443068.0
444373.275972 4635728.929284 1302443071.0
444399.497383 4635728.502494 1302443074.0
444423.906127 4635729.755452 1302443077.0
444444.684320 4635733.701623 1302443080.0
444465.876547 4635737.533592 1302443084.0
444480.489429 4635717.100468 1302443091.0
444480.544541 4635692.228436 1302443095.0
444480.453589 4635669.911323 1302443098.0
444480.677273 4635645.371080 1302443101.0
444480.647677 4635620.277643 1302443104.0
444480.545480 4635596.517179 1302443107.0
444481.124483 4635574.972086 1302443110.0
444481.274713 4635551.653792 1302443113.0
444481.747375 4635527.111614 1302443116.0
444482.069643 4635504.569219 1302443119.0
444482.149874 4635482.916982 1302443124.0
444500.389770 4635469.894922 1302443130.0
444525.713967 4635471.363180 1302443134.0
444547.135143 4635472.528806 1302443137.0
444568.354915 4635469.143675 1302443139.0
444594.336090 4635469.718792 1302443142.0
444619.982719 4635469.963504 1302443145.0
444645.709745 4635469.874582 1302443148.0
444672.020269 4635470.114322 1302443151.0
444698.500213 4635470.796979 1302443154.0
444724.976704 4635471.035626 1302443157.0
444751.878463 4635472.603480 1302443160.0
444779.941173 4635474.051401 1302443163.0
444807.419516 4635475.059825 1302443166.0
444833.315928 4635475.414403 1302443169.0
444856.472028 4635475.568219 1302443172.0
444880.782220 4635474.713876 1302443176.0
444904.573024 4635471.087788 1302443182.0
444925.835869 4635473.255081 1302443186.0
444951.921413 4635476.606539 1302443190.0
444974.759272 4635478.539739 1302443193.0
444998.507408 4635480.132882 1302443196.0
445022.835586 4635481.610594 1302443199.0
445048.236595 4635482.302876 1302443202.0
445074.040549 4635481.437670 1302443205.0
445100.925911 4635480.897325 1302443208.0
445128.652268 4635481.794041 1302443211.0
445157.455743 4635482.460506 1302443214.0
445187.092502 4635483.564810 1302443217.0
445207.598929 4635484.517391 1302443219.0
445236.907133 4635486.068564 1302443222.0
445257.496531 4635487.020650 1302443224.0
445278.255309 4635488.415629 1302443226.0
445307.653283 4635490.854672 1302443229.0
445337.291676 4635492.181655 1302443232.0
445357.624412 4635492.136697 1302443234.0
445386.754650 4635492.135379 1302443237.0
445416.127892 4635491.355082 1302443240.0
445444.589129 4635490.692925 1302443243.0
445469.819814 4635490.832846 1302443246.0
445490.159344 4635491.676483 1302443251.0
