446316.568575 4635069.802862 1304047227.0
446319.565007 4635048.906018 1304047233.0
446320.067497 4635027.472799 1304047236.0
446320.469434 4635003.708638 1304047239.0
446321.138756 4634982.385197 1304047243.0
446321.378061 4634959.066397 1304047269.0
446321.388464 4634938.414121 1304047272.0
446321.694040 4634912.874157 1304047275.0
446321.986237 4634885.557762 1304047278.0
446322.275093 4634857.797260 1304047281.0
446322.471758 4634828.816088 1304047284.0
446322.424461 4634800.502955 1304047287.0
446322.457652 4634771.856117 1304047290.0
446322.754053 4634745.094863 1304047293.0
446322.830743 4634722.221430 1304047296.0
446322.012040 4634701.686441 1304047300.0
446304.089170 4634691.384354 1304047306.0
446277.622494 4634692.805217 1304047310.0
446250.068496 4634693.124046 1304047313.0
446229.731843 4634692.944382 1304047315.0
446200.262220 4634692.389595 1304047318.0
446175.941728 4634692.240165 1304047321.0
446154.277961 4634692.181774 1304047326.0
446127.797038 4634691.715735 1304047330.0
446101.234792 4634691.472475 1304047333.0
446071.268005 4634691.033015 1304047336.0
446051.096485 4634690.741577 1304047338.0
446022.872615 4634690.289124 1304047341.0
446001.540820 4634690.228683 1304047344.0
445980.820300 4634694.160872 1304047352.0
445976.666946 4634715.621800 1304047358.0
445977.616780 4634742.373640 1304047362.0
445977.894226 4634768.020246 1304047365.0
445978.162413 4634792.445555 1304047368.0
445977.833640 4634814.765758 1304047373.0
445977.487194 4634834.754394 1304047377.0
445976.825609 4634856.966088 1304047380.0
445975.666905 4634879.292586 1304047383.0
445974.673356 4634901.506799 1304047386.0
445975.504838 4634923.596141 1304047389.0
445975.086362 4634945.028761 1304047394.0
445973.454140 4634970.578822 1304047400.0
445973.387012 4634994.562548 1304047403.0
445973.030012 4635024.100145 1304047406.0
445972.531090 4635045.866479 1304047408.0
445972.035540 4635068.076923 1304047410.0
445971.871963 4635090.284850 1304047412.0
445971.707546 4635112.381750 1304047414.0
445971.212009 4635134.592196 1304047416.0
445971.043389 4635156.133963 1304047418.0
445970.101277 4635185.120838 1304047421.0
445968.608185 4635207.116785 1304047424.0
445954.213709 4635224.214088 1304047428.0
445932.979979 4635225.929671 1304047431.0
445905.592331 4635226.026539 1304047434.0
445876.623649 4635225.580355 1304047437.0
445848.650001 4635225.015693 1304047440.0
445822.920463 4635224.878209 1304047443.0
445801.845139 4635225.593677 1304047447.0
445777.200389 4635226.225340 1304047472.0
445754.124005 4635225.734810 1304047475.0
445725.404272 4635225.287346 1304047478.0
445703.909772 4635225.451130 1304047480.0
445681.167030 4635225.180361 1304047482.0
445658.423439 4635224.798638 1304047484.0
445636.345461 4635224.633975 1304047486.0
445615.587699 4635223.460001 1304047488.0
445586.449595 4635222.572156 1304047491.0
445559.222806 4635222.002925 1304047494.0
445534.984515 4635221.521984 1304047497.0
445512.588142 4635223.136676 1304047501.0
445504.374270 4635245.184151 1304047506.0
445503.626993 4635266.841417 1304047509.0
445502.847690 4635295.160944 1304047512.0
445502.430685 4635316.593618 1304047514.0
445501.930694 4635338.026928 1304047516.0
445501.427311 4635359.016130 1304047518.0
445501.168651 4635379.448293 1304047520.0
445500.825306 4635399.659037 1304047522.0
445500.963158 4635428.526722 1304047525.0
445500.919747 4635455.397191 1304047528.0
445500.935544 4635479.158266 1304047531.0
445500.201909 4635502.591974 1304047535.0
445496.901635 4635526.822556 1304047549.0
445495.670952 4635550.371104 1304047552.0
445495.563277 4635579.684810 1304047555.0
445495.983837 4635602.110389 1304047557.0
445496.242672 4635625.092375 1304047559.0
445495.332914 4635647.195033 1304047561.0
445494.998963 4635668.627085 1304047563.0
445494.741205 4635689.170285 1304047565.0
445494.894974 4635709.266203 1304047567.0
445495.283528 4635738.354052 1304047570.0
445496.053019 4635762.997640 1304047573.0
445496.053565 4635784.760237 1304047578.0
445497.731624 4635808.841707 1304047583.0
445498.835587 4635833.815840 1304047586.0
445499.643293 4635863.455656 1304047589.0
445501.279122 4635892.867069 1304047592.0
445502.412799 4635921.727158 1304047595.0
445503.118818 4635948.925015 1304047598.0
445503.706174 4635971.460364 1304047601.0
445504.781223 4635992.659578 1304047605.0
445512.488816 4636013.030815 1304047614.0
445539.377270 4636013.158268 1304047618.0
445566.595949 4636013.061232 1304047621.0
445587.762937 4636013.787765 1304047623.0
445608.680977 4636014.516262 1304047625.0
445629.099429 4636015.026567 1304047627.0
445649.520419 4636015.870012 1304047629.0
445670.523118 4636016.820111 1304047631.0
445691.690926 4636017.657980 1304047633.0
445712.860420 4636018.717966 1304047635.0
445734.106121 4636018.889165 1304047637.0
445755.602454 4636019.280586 1304047639.0
445776.188528 4636020.012103 1304047641.0
445805.159909 4636021.235038 1304047644.0
445832.302317 4636022.027866 1304047647.0
445854.796090 4636022.634068 1304047650.0
445876.049362 4636023.804935 1304047655.0
