444480.805672 4635246.536323 1303345084.0
444481.876618 4635224.210172 1303345109.0
444488.029040 4635204.287170 1303345113.0
444510.158163 4635200.339625 1303345117.0
444533.724086 4635199.711979 1303345120.0
444554.387062 4635199.329070 1303345122.0
444574.467376 4635198.728687 1303345124.0
444601.770481 4635198.405294 1303345127.0
444624.505642 4635197.673374 1303345130.0
444650.230200 4635197.140369 1303345134.0
444672.307476 4635197.190950 1303345137.0
444699.863867 4635197.421135 1303345140.0
444720.448166 4635197.594488 1303345142.0
444742.527159 4635197.867340 1303345144.0
444766.266825 4635198.238420 1303345146.0
444790.586563 4635198.494050 1303345148.0
444815.320391 4635198.635521 1303345150.0
444839.890813 4635199.111445 1303345152.0
444864.710204 4635199.585526 1303345154.0
444889.531307 4635200.281748 1303345156.0
444914.271988 4635201.311780 1303345158.0
444939.178642 4635202.340614 1303345160.0
444964.414678 4635203.033890 1303345162.0
444990.810004 4635203.385203 1303345164.0
445017.455155 4635203.845719 1303345166.0
445043.016284 4635203.648495 1303345168.0
445068.162458 4635203.454561 1303345170.0
445092.895391 4635203.485969 1303345172.0
445117.796869 4635203.849265 1303345174.0
445143.196287 4635204.208814 1303345176.0
445168.428866 4635204.458704 1303345178.0
445193.078798 4635204.491098 1303345180.0
445217.232492 4635204.749461 1303345182.0
445240.723111 4635205.124035 1303345184.0
445263.716635 4635205.613540 1303345186.0
445287.207246 4635205.988268 1303345188.0
445311.111954 4635206.248861 1303345190.0
445335.599298 4635206.727130 1303345192.0
445360.584580 4635207.201665 1303345194.0
445385.734987 4635207.563988 1303345196.0
445410.885390 4635207.926400 1303345198.0
445435.371014 4635208.182958 1303345200.0
445459.276550 4635208.555075 1303345202.0
445482.186197 4635208.934893 1303345204.0
445504.432764 4635209.430890 1303345206.0
445526.430355 4635209.928860 1303345208.0
445549.088472 4635209.977716 1303345210.0
445572.409664 4635209.910544 1303345212.0
445595.567417 4635210.177797 1303345214.0
445618.560881 4635210.668447 1303345216.0
445641.552646 4635210.937116 1303345218.0
445664.295437 4635211.207759 1303345220.0
445686.623272 4635211.481638 1303345222.0
445708.038209 4635211.762543 1303345224.0
445728.540248 4635212.050467 1303345226.0
445757.674986 4635212.494785 1303345229.0
445785.647006 4635212.837037 1303345232.0
445813.038934 4635213.294843 1303345235.0
445839.020862 4635213.874508 1303345238.0
445862.264942 4635214.586105 1303345241.0
445882.357067 4635215.543787 1303345244.0
445905.183654 4635215.925596 1303345249.0
445927.619723 4635219.530411 1303345265.0
445951.790143 4635222.011805 1303345270.0
445971.671149 4635227.967845 1303345279.0
445975.354598 4635254.032775 1303345284.0
445975.197765 4635277.128925 1303345287.0
445974.725816 4635302.448135 1303345290.0
445974.098840 4635329.211956 1303345293.0
445974.133256 4635355.637663 1303345296.0
445973.928813 4635383.397584 1303345299.0
445973.483829 4635412.269666 1303345302.0
445972.951654 4635440.587242 1303345305.0
445970.301011 4635463.147145 1303345308.0
445971.874317 4635484.564679 1303345312.0
445993.492260 4635489.841396 1303345317.0
446021.617361 4635488.628926 1303345321.0
446049.501917 4635488.528723 1303345324.0
446078.803979 4635489.306168 1303345327.0
446099.468640 4635489.260814 1303345329.0
446120.715890 4635489.433181 1303345331.0
446140.797960 4635489.170287 1303345333.0
446165.942251 4635488.869192 1303345336.0
446187.101478 4635488.376221 1303345360.0
446209.782981 4635491.646955 1303345367.0
446229.959763 4635492.938065 1303345370.0
446253.538173 4635494.092533 1303345373.0
446276.113192 4635494.255346 1303345376.0
446292.186868 4635479.699798 1303345380.0
446292.514868 4635457.157541 1303345383.0
446292.229313 4635430.289609 1303345386.0
446293.584270 4635400.855541 1303345389.0
446294.276170 4635371.537507 1303345392.0
446294.979796 4635343.773853 1303345395.0
446294.208038 4635318.464058 1303345398.0
446294.294630 4635296.922928 1303345401.0
446295.212794 4635275.597597 1303345428.0
446294.134185 4635253.621119 1303345434.0
446279.971583 4635235.518424 1303345439.0
446255.965647 4635232.812612 1303345443.0
446234.719318 4635232.861889 1303345446.0
446211.150938 4635233.150828 1303345449.0
446184.507728 4635232.907903 1303345452.0
446156.374047 4635233.120476 1303345455.0
446128.071867 4635233.001335 1303345458.0
446100.182955 4635232.657112 1303345461.0
446073.791224 4635232.745799 1303345464.0
446045.487354 4635232.404931 1303345467.0
446025.392783 4635231.113709 1303345469.0
445997.572535 4635228.881798 1303345472.0
445973.544563 4635223.290233 1303345476.0
445966.665720 4635202.690179 1303345480.0
445967.794004 4635176.366693 1303345484.0
445967.548499 4635154.939100 1303345487.0
445966.398509 4635134.628701 1303345490.0
445964.881180 4635109.657685 1303345494.0
445962.280737 4635084.139717 1303345498.0
445960.303330 4635064.168698 1303345501.0
445959.479385 4635043.078595 1303345504.0
445959.554883 4635020.205137 1303345507.0
445959.726008 4634998.996455 1303345510.0
445960.469667 4634976.673098 1303345514.0
445963.192545 4634952.669228 1303345524.0
445964.171732 4634928.567552 1303345528.0
445966.495673 4634906.676347 1303345531.0
445966.738036 4634883.912662 1303345534.0
445967.816242 4634861.919873 1303345537.0
445966.394509 4634838.613642 1303345541.0
445982.974621 4634825.052886 1303345556.0
446003.635323 4634824.230084 1303345563.0
