444120.382594 4635725.912163 1302876562.0
444145.635188 4635728.934093 1302876569.0
444167.390223 4635730.429050 1302876572.0
444189.978572 4635732.361680 1302876575.0
444212.144160 4635733.298386 1302876578.0
444237.455332 4635733.211230 1302876582.0
444259.141692 4635725.935317 1302876604.0
444283.116448 4635724.748442 1302876608.0
444308.190846 4635726.217865 1302876611.0
444335.002704 4635727.007595 1302876614.0
444360.230040 4635726.810496 1302876617.0
444380.814570 4635727.204907 1302876620.0
444403.410659 4635730.137459 1302876641.0
444421.907745 4635739.542032 1302876648.0
444442.562226 4635738.270566 1302876656.0
444463.629906 4635736.773870 1302876664.0
444467.208405 4635716.759860 1302876669.0
444467.444156 4635693.773995 1302876672.0
444468.033491 4635673.561223 1302876674.0
444468.602057 4635650.683800 1302876676.0
444469.327080 4635626.583784 1302876678.0
444470.557815 4635603.479133 1302876680.0
444471.469597 4635582.042478 1302876682.0
444472.910366 4635553.939665 1302876685.0
444474.205945 4635528.502800 1302876688.0
444473.698317 4635505.966872 1302876691.0
444474.364628 4635484.976270 1302876696.0
444476.262779 4635462.310559 1302876702.0
444476.714669 4635435.103732 1302876705.0
444476.953080 4635412.450960 1302876707.0
444477.092928 4635387.800346 1302876709.0
444477.310577 4635362.482924 1302876711.0
444477.450433 4635337.832313 1302876713.0
444477.187458 4635314.739316 1302876715.0
444477.276345 4635294.197357 1302876717.0
444477.829427 4635269.321460 1302876720.0
444477.821485 4635247.003715 1302876724.0
444478.491312 4635226.457231 1302876728.0
444483.816412 4635206.873774 1302876732.0
444505.776949 4635202.594428 1302876736.0
444529.176018 4635201.857032 1302876739.0
444555.152124 4635201.654827 1302876742.0
444580.049350 4635201.461108 1302876745.0
444602.704100 4635201.062846 1302876749.0
444624.363824 4635200.783423 1302876763.0
444647.275311 4635201.382611 1302876767.0
444674.662258 4635201.169880 1302876770.0
444694.911138 4635200.901628 1302876772.0
444715.408129 4635200.520475 1302876774.0
444736.156678 4635200.470531 1302876776.0
444757.155920 4635200.640770 1302876778.0
444779.814114 4635200.687180 1302876780.0
444803.386925 4635200.948642 1302876782.0
444827.538948 4635200.983630 1302876784.0
444851.774820 4635201.129084 1302876786.0
444876.262239 4635201.605775 1302876788.0
444900.915635 4635202.081267 1302876790.0
444925.485176 4635202.446459 1302876792.0
444950.968470 4635202.915708 1302876794.0
444978.857630 4635203.255434 1302876796.0
445007.660541 4635203.699249 1302876798.0
445035.967215 4635204.369077 1302876800.0
445064.106189 4635204.818243 1302876802.0
445091.915761 4635205.603159 1302876804.0
445119.391653 4635206.168687 1302876806.0
445146.365320 4635206.183020 1302876808.0
445173.174713 4635206.420786 1302876810.0
445199.403168 4635206.663121 1302876812.0
445224.470604 4635207.025513 1302876814.0
445248.710690 4635207.727453 1302876816.0
445272.201296 4635208.102131 1302876818.0
445294.198920 4635208.599384 1302876820.0
445315.115957 4635208.882933 1302876822.0
445343.917097 4635209.106053 1302876825.0
445370.559627 4635209.234808 1302876828.0
445396.126681 4635209.816040 1302876831.0
445422.607475 4635210.501397 1302876834.0
445446.513006 4635210.873471 1302876837.0
445471.331428 4635211.238638 1302876841.0
445497.892648 4635211.590558 1302876845.0
445521.882855 4635212.184304 1302876848.0
445551.765383 4635212.733096 1302876851.0
445572.849214 4635213.127159 1302876853.0
445593.266575 4635213.193274 1302876855.0
445619.990364 4635213.100273 1302876858.0
445644.391266 4635213.136129 1302876861.0
445664.563038 4635213.648456 1302876864.0
445685.899212 4635214.485063 1302876869.0
445706.408860 4635215.772167 1302876895.0
445728.076982 4635216.606371 1302876900.0
445750.573312 4635217.212266 1302876904.0
445770.909350 4635217.501576 1302876907.0
445792.066842 4635216.674358 1302876910.0
445816.460965 4635215.822587 1302876913.0
445842.600424 4635215.290731 1302876916.0
445870.487746 4635215.411892 1302876919.0
445890.823779 4635215.701544 1302876921.0
445910.909994 4635215.882118 1302876923.0
445939.058917 4635217.667063 1302876926.0
445960.067282 4635219.062145 1302876929.0
445977.326275 4635229.479429 1302876942.0
445979.326331 4635252.448189 1302876946.0
445978.353058 4635277.327065 1302876949.0
445976.819916 4635304.986024 1302876952.0
445976.145784 4635325.532329 1302876954.0
445975.651948 4635347.964836 1302876956.0
445975.167378 4635371.618642 1302876958.0
445974.763276 4635394.938738 1302876960.0
445974.360863 4635418.480890 1302876962.0
445973.962664 4635442.578178 1302876964.0
445972.461213 4635463.463862 1302876966.0
445970.549047 4635484.907831 1302876969.0
445991.383414 4635496.297327 1302876975.0
446012.608774 4635493.582666 1302876978.0
446040.148748 4635491.819536 1302876981.0
446067.031560 4635490.949755 1302876984.0
446092.089498 4635490.204919 1302876987.0
446115.820484 4635489.581242 1302876990.0
446138.471799 4635488.854774 1302876993.0
446161.209461 4635488.571859 1302876996.0
446185.436701 4635487.722596 1302877000.0
446209.171890 4635487.654366 1302877018.0
446233.151850 4635487.029200 1302877022.0
446258.800771 4635487.612891 1302877025.0
446282.047243 4635488.769958 1302877028.0
446304.086693 4635483.940394 1302877032.0
446307.813873 4635460.928384 1302877036.0
446306.617182 4635434.289386 1302877039.0
446306.614118 4635411.860661 1302877041.0
446306.419975 4635386.102376 1302877043.0
446306.551092 4635359.453373 1302877045.0
446306.113843 4635334.474155 1302877047.0
446305.447708 4635312.161465 1302877049.0
446305.008781 4635286.960196 1302877052.0
