442980.661229 4636148.436328 1303430024.0
443001.493628 4636148.824749 1303430025.0
443022.905995 4636149.097557 1303430026.0
443044.567298 4636149.368439 1303430027.0
443066.563181 4636149.969815 1303430028.0
443088.473417 4636150.238840 1303430029.0
443110.548723 4636150.395580 1303430030.0
443132.790874 4636150.662090 1303430031.0
443154.948269 4636150.707278 1303430032.0
443177.106549 4636150.863561 1303430033.0
443199.098866 4636151.021238 1303430034.0
443221.008202 4636151.179643 1303430035.0
443243.166475 4636151.336132 1303430036.0
443265.241766 4636151.493351 1303430037.0
443287.231423 4636151.318218 1303430038.0
443309.055119 4636151.144473 1303430039.0
443330.711090 4636150.750061 1303430040.0
443352.284964 4636150.467402 1303430041.0
443373.694645 4636150.408183 1303430042.0
443395.103443 4636150.238000 1303430043.0
443416.266830 4636150.513969 1303430044.0
443437.593528 4636150.455601 1303430045.0
443459.087066 4636150.507007 1303430046.0
443481.078482 4636150.554526 1303430047.0
443503.069016 4636150.491086 1303430048.0
443524.975688 4636150.317345 1303430049.0
443546.799381 4636150.144329 1303430050.0
443568.375014 4636150.084379 1303430051.0
443589.866786 4636149.914125 1303430052.0
443611.359438 4636149.854962 1303430053.0
443632.934190 4636149.684181 1303430054.0
443654.343861 4636149.625805 1303430055.0
443675.753531 4636149.567494 1303430056.0
443696.915138 4636149.622242 1303430057.0
443718.158846 4636149.565370 1303430058.0
443739.403431 4636149.619589 1303430059.0
443760.481178 4636149.564154 1303430060.0
443781.394717 4636149.732146 1303430061.0
443802.308254 4636149.900200 1303430062.0
443823.221789 4636150.068315 1303430063.0
443844.134447 4636150.125464 1303430064.0
443864.799038 4636150.295664 1303430065.0
443885.214689 4636150.467885 1303430066.0
443924.301660 4636150.604168 1303430068.0
443962.228657 4636150.971860 1303430070.0
443999.822854 4636151.231337 1303430072.0
444037.501769 4636151.712415 1303430074.0
444075.761534 4636152.189131 1303430076.0
444114.687742 4636152.993926 1303430078.0
444154.117038 4636154.461192 1303430080.0
444190.884875 4636155.172293 1303430082.0
444227.319913 4636155.775156 1303430084.0
444264.334931 4636156.262631 1303430086.0
444301.926456 4636156.190621 1303430088.0
444340.175742 4636155.336429 1303430090.0
444379.005024 4636154.366880 1303430092.0
444418.586329 4636154.057878 1303430094.0
444438.840299 4636154.788117 1303430095.0
444459.091666 4636155.185332 1303430096.0
444479.509854 4636155.692339 1303430097.0
444500.342937 4636156.196170 1303430098.0
444521.672164 4636156.474130 1303430099.0
444543.412828 4636156.304814 1303430100.0
444565.568390 4636156.132334 1303430101.0
444588.138851 4636155.956696 1303430102.0
444610.959113 4636155.890221 1303430103.0
444633.778512 4636155.712791 1303430104.0
444656.433676 4636155.758779 1303430105.0
444678.922880 4636155.806128 1303430106.0
444701.330827 4636156.076247 1303430107.0
444723.240893 4636156.350300 1303430108.0
444744.819038 4636156.626996 1303430109.0
444765.982282 4636156.906974 1303430110.0
444787.228503 4636157.186373 1303430111.0
444808.142802 4636157.468406 1303430112.0
444828.724321 4636157.642046 1303430113.0
444848.890940 4636157.818957 1303430114.0
444869.057556 4636157.995925 1303430115.0
444909.224824 4636158.351317 1303430117.0
444949.224409 4636158.486164 1303430119.0
444969.472280 4636158.440721 1303430120.0
444989.969089 4636158.393412 1303430121.0
445010.713122 4636158.122186 1303430122.0
445031.290339 4636157.741274 1303430123.0
445052.033516 4636157.359141 1303430124.0
445072.438783 4636156.202438 1303430125.0
445092.511281 4636154.937325 1303430126.0
445112.753166 4636154.115098 1303430127.0
445132.994200 4636153.181902 1303430128.0
445153.401198 4636152.247485 1303430129.0
445192.882405 4636149.722881 1303430131.0
445230.536377 4636146.990479 1303430133.0
445263.546071 4636144.627069 1303430135.0
445291.163809 4636142.527297 1303430137.0
445314.713850 4636140.236795 1303430139.0
445337.353683 4636138.286458 1303430141.0
445360.824177 4636136.440855 1303430143.0
445384.382770 4636135.260857 1303430145.0
445407.110721 4636133.976270 1303430147.0
445427.433965 4636132.932248 1303430149.0
445451.579388 4636132.525212 1303430152.0
445472.905199 4636132.361912 1303430158.0
445483.198334 4636111.075670 1303430164.0
445485.579509 4636086.074852 1303430167.0
445487.875173 4636060.741590 1303430170.0
445490.927031 4636036.623913 1303430174.0
