444110.175739 4635673.140036 1302804561.0
444131.838389 4635673.414238 1302804574.0
444157.258875 4635676.656964 1302804577.0
444186.000486 4635680.095825 1302804580.0
444210.672314 4635683.122538 1302804583.0
444235.533558 4635689.145773 1302804587.0
444253.703812 4635709.766908 1302804590.0
444275.822952 4635715.367605 1302804593.0
444300.899121 4635717.059057 1302804596.0
444325.823192 4635720.528330 1302804599.0
444346.502005 4635722.365348 1302804602.0
444367.166933 4635722.425990 1302804605.0
444388.339302 4635723.704103 1302804609.0
444409.263575 4635725.095250 1302804632.0
444428.657904 4635732.494228 1302804638.0
444450.827640 4635723.327554 1302804647.0
444462.448724 4635702.362555 1302804652.0
444465.898379 4635676.464751 1302804655.0
444467.565657 4635656.132542 1302804657.0
444469.394590 4635635.243905 1302804659.0
444471.137087 4635613.911806 1302804661.0
444471.721252 4635593.032874 1302804663.0
444472.739297 4635563.934051 1302804666.0
444474.022756 4635536.942805 1302804669.0
444474.596556 4635514.731550 1302804672.0
444474.760617 4635493.189693 1302804677.0
444478.258896 4635473.509425 1302804692.0
444478.888882 4635447.855685 1302804695.0
444478.888717 4635426.537178 1302804697.0
444478.796912 4635404.109047 1302804699.0
444478.618658 4635381.237456 1302804701.0
444478.433483 4635357.477648 1302804703.0
444478.577669 4635333.382172 1302804705.0
444478.733973 4635310.841077 1302804707.0
444478.527170 4635284.305594 1302804710.0
444477.868287 4635263.658430 1302804737.0
444477.117759 4635241.901642 1302804749.0
444478.604512 4635219.683283 1302804755.0
444499.919203 4635207.081413 1302804760.0
444526.057814 4635206.433699 1302804763.0
444547.052734 4635206.048184 1302804765.0
444568.463472 4635205.770529 1302804767.0
444596.018112 4635205.778258 1302804770.0
444618.756702 4635205.490429 1302804773.0
444643.985012 4635205.183326 1302804776.0
444664.068763 4635205.027303 1302804778.0
444686.309409 4635204.743556 1302804780.0
444710.373266 4635204.112628 1302804782.0
444735.438183 4635204.140219 1302804784.0
444761.252596 4635204.495188 1302804786.0
444788.145885 4635204.841889 1302804788.0
444815.368551 4635204.853039 1302804790.0
444843.173870 4635205.081849 1302804792.0
444872.052050 4635204.525230 1302804794.0
444900.102901 4635204.308227 1302804796.0
444928.570423 4635204.310182 1302804798.0
444957.285198 4635204.088273 1302804800.0
444986.167670 4635204.087252 1302804802.0
445014.968005 4635204.198015 1302804804.0
445043.103557 4635204.202990 1302804806.0
445071.159539 4635204.652824 1302804808.0
445099.218083 4635205.435849 1302804810.0
445128.102249 4635205.657458 1302804812.0
445156.986412 4635205.879183 1302804814.0
445185.870570 4635206.101026 1302804816.0
445214.587890 4635206.213235 1302804818.0
445243.472042 4635206.435311 1302804820.0
445272.524729 4635206.989310 1302804822.0
445301.825530 4635207.430489 1302804824.0
445331.123769 4635207.538708 1302804826.0
445360.256023 4635207.648320 1302804828.0
445389.307837 4635208.091768 1302804830.0
445418.110674 4635208.537242 1302804832.0
445446.911805 4635208.760779 1302804834.0
445475.547801 4635209.096729 1302804836.0
445503.937368 4635209.767780 1302804838.0
445532.240542 4635209.995471 1302804840.0
445560.045769 4635210.227078 1302804842.0
445587.771394 4635210.903537 1302804844.0
445614.747554 4635211.252724 1302804846.0
445639.977521 4635211.171202 1302804848.0
445663.800034 4635211.544638 1302804850.0
445685.795907 4635211.821046 1302804852.0
445714.933189 4635212.598270 1302804855.0
445743.073732 4635213.272171 1302804858.0
445772.039947 4635213.384731 1302804861.0
445801.919054 4635213.490463 1302804864.0
445831.631333 4635213.486555 1302804867.0
445859.851469 4635213.716178 1302804870.0
445885.249082 4635213.856317 1302804873.0
445907.411751 4635214.243176 1302804876.0
445930.500793 4635216.399608 1302804881.0
445952.259447 4635218.233107 1302804887.0
445972.890744 4635224.627593 1302804898.0
445978.630419 4635248.234195 1302804902.0
445977.562371 4635271.559320 1302804905.0
445976.666204 4635295.660378 1302804908.0
445975.434720 4635319.319846 1302804911.0
445974.193143 4635341.646991 1302804914.0
445973.051404 4635366.194048 1302804918.0
445972.416026 4635391.847602 1302804922.0
445971.038814 4635418.172984 1302804926.0
445969.823380 4635443.941973 1302804930.0
445967.411605 4635465.167664 1302804935.0
445971.220524 4635485.902039 1302804953.0
445993.000229 4635490.622361 1302804957.0
446020.033873 4635487.752656 1302804960.0
446041.690184 4635487.144454 1302804962.0
446064.183094 4635487.418250 1302804964.0
446087.175606 4635487.910404 1302804966.0
446110.249421 4635488.179950 1302804968.0
446132.243559 4635488.346701 1302804970.0
446160.956304 4635488.018605 1302804973.0
446184.441693 4635487.841146 1302804977.0
