445970.994597 4635226.307474 1302905844.0
445977.067079 4635250.022585 1302905848.0
445976.385721 4635280.561954 1302905851.0
445975.570024 4635304.329302 1302905853.0
445974.848268 4635329.539373 1302905855.0
445974.561672 4635357.410950 1302905857.0
445974.044639 4635387.727012 1302905859.0
445973.267704 4635416.601611 1302905861.0
445971.970957 4635442.593283 1302905863.0
445969.308529 4635463.598807 1302905865.0
445969.471054 4635485.027040 1302905868.0
445994.023852 4635494.278706 1302905872.0
446021.736524 4635493.402463 1302905875.0
446044.470810 4635492.675067 1302905877.0
446069.942836 4635491.815983 1302905879.0
446096.082966 4635491.507102 1302905881.0
446118.572499 4635491.336962 1302905883.0
446147.786513 4635491.449155 1302905886.0
446171.689343 4635491.601599 1302905889.0
446196.444685 4635494.745587 1302905914.0
446216.956763 4635496.478262 1302905917.0
446238.381688 4635498.204106 1302905920.0
446264.054018 4635501.896575 1302905923.0
446287.543544 4635502.274591 1302905926.0
446300.369842 4635486.300113 1302905929.0
446299.600617 4635461.323393 1302905932.0
446299.872569 4635431.342323 1302905935.0
446300.046340 4635410.355699 1302905937.0
446300.496832 4635382.038786 1302905940.0
446299.640432 4635356.507560 1302905943.0
446299.006213 4635327.421592 1302905946.0
446299.131451 4635299.995402 1302905949.0
446300.715221 4635278.887121 1302905968.0
446299.971100 4635257.241221 1302905974.0
446279.384684 4635245.737920 1302905978.0
446253.138888 4635243.160042 1302905981.0
446231.384593 4635241.880761 1302905983.0
446206.560494 4635240.735758 1302905985.0
446178.831730 4635239.612785 1302905987.0
446149.028202 4635238.505602 1302905989.0
446119.559982 4635237.840142 1302905991.0
446089.178022 4635237.070684 1302905993.0
446058.466615 4635236.636951 1302905995.0
446028.419965 4635236.309347 1302905997.0
445998.375834 4635236.314951 1302905999.0
445967.082638 4635235.774987 1302906001.0
445935.788592 4635235.124134 1302906003.0
445906.404999 4635234.680979 1302906005.0
445880.090353 4635233.992564 1302906007.0
445857.263820 4635233.610837 1302906009.0
445832.362529 4635233.244958 1302906012.0
445809.534300 4635232.641329 1302906016.0
445789.277919 4635231.907170 1302906019.0
445763.873601 4635230.879156 1302906022.0
445743.619745 4635230.478208 1302906024.0
445720.790649 4635229.763837 1302906026.0
445696.793759 4635228.281205 1302906028.0
445672.887468 4635227.797265 1302906030.0
445650.299700 4635226.081977 1302906032.0
445627.476508 4635226.145094 1302906034.0
445604.987818 4635226.538831 1302906036.0
445583.493318 4635226.702978 1302906038.0
445561.996273 4635226.534108 1302906040.0
445539.920840 4635226.702825 1302906042.0
445516.682692 4635226.769469 1302906044.0
445492.696780 4635226.730877 1302906046.0
445467.962255 4635226.476028 1302906048.0
445442.396971 4635226.116593 1302906050.0
445415.587679 4635225.877815 1302906052.0
445388.773277 4635224.972975 1302906054.0
445360.884248 4635224.631645 1302906056.0
445332.415987 4635224.516937 1302906058.0
445303.863879 4635224.291952 1302906060.0
445275.476895 4635223.954780 1302906062.0
445246.674955 4635223.620910 1302906064.0
445217.707883 4635223.399460 1302906066.0
445189.488576 4635223.283408 1302906068.0
445163.010355 4635222.931999 1302906070.0
445137.861687 4635222.792516 1302906072.0
445112.630026 4635222.653762 1302906074.0
445086.070516 4635222.525333 1302906076.0
445057.764778 4635221.966334 1302906078.0
445029.044081 4635221.410649 1302906080.0
445000.986445 4635220.738928 1302906082.0
444973.844270 4635220.393347 1302906084.0
444947.615843 4635220.151842 1302906086.0
444921.553394 4635219.909151 1302906088.0
444894.910867 4635219.782075 1302906090.0
444868.102356 4635219.656384 1302906092.0
444841.209993 4635219.420408 1302906094.0
444813.654561 4635219.300705 1302906096.0
444786.349820 4635219.401232 1302906098.0
444760.373786 4635219.602596 1302906100.0
444734.812705 4635219.800835 1302906102.0
444708.832363 4635219.447250 1302906104.0
444681.941707 4635219.433931 1302906106.0
444653.222670 4635219.101815 1302906108.0
444623.592458 4635218.998965 1302906110.0
444595.628098 4635219.660519 1302906112.0
444570.985090 4635220.518410 1302906114.0
444546.174378 4635221.155623 1302906116.0
444522.771049 4635221.337828 1302906118.0
444496.553826 4635222.541336 1302906121.0
444485.686524 4635244.499679 1302906125.0
444486.131885 4635269.700895 1302906128.0
444486.378390 4635290.684375 1302906130.0
444486.066464 4635314.559087 1302906132.0
444486.025139 4635341.207539 1302906134.0
444485.911210 4635369.188964 1302906136.0
444484.951825 4635395.178370 1302906138.0
444484.552603 4635418.498597 1302906140.0
444484.589090 4635444.480244 1302906143.0
444484.585779 4635465.354642 1302906147.0
444466.696891 4635480.816752 1302906156.0
444432.908849 4635479.525755 1302906160.0
444410.269715 4635481.812028 1302906162.0
444386.119483 4635481.889491 1302906164.0
444362.886449 4635482.515042 1302906166.0
444341.722900 4635482.458297 1302906168.0
444315.345891 4635484.329941 1302906171.0
444294.923155 4635483.490306 1302906176.0
444271.180439 4635493.224927 1302906203.0
444245.200172 4635492.762016 1302906205.0
444218.715890 4635491.525908 1302906207.0
444194.716001 4635489.604232 1302906209.0
444174.039077 4635488.100730 1302906211.0
444151.525973 4635485.279276 1302906214.0
444132.632419 4635499.528741 1302906219.0
444130.308246 4635520.643429 1302906222.0
444127.704390 4635548.422354 1302906225.0
444127.136902 4635571.299811 1302906227.0
444126.672434 4635596.730245 1302906229.0
444125.877771 4635622.385337 1302906231.0
444125.984636 4635646.589916 1302906233.0
444126.408638 4635668.904431 1302906235.0
444125.474147 4635697.891644 1302906238.0
444122.824232 4635719.786136 1302906241.0
