444410.422957 4635735.412361 1302010226.0
444434.068358 4635734.561665 1302010237.0
444454.812767 4635734.177805 1302010246.0
444473.386493 4635721.486158 1302010258.0
444476.534527 4635699.476898 1302010263.0
444477.825752 4635673.484891 1302010267.0
444478.957941 4635648.382397 1302010270.0
444480.661522 4635622.054078 1302010273.0
444481.367554 4635595.511467 1302010276.0
444481.911082 4635569.414259 1302010279.0
444482.299891 4635544.761700 1302010282.0
444482.132890 4635523.333456 1302010285.0
444482.385151 4635502.457116 1302010289.0
444482.387588 4635481.471689 1302010309.0
444481.874795 4635458.269600 1302010314.0
444481.872042 4635436.618012 1302010317.0
444482.095759 4635412.077778 1302010320.0
444481.800782 4635384.876774 1302010323.0
444481.737466 4635355.453289 1302010326.0
444481.994937 4635335.243116 1302010328.0
444481.832272 4635314.370016 1302010330.0
444481.916846 4635293.272921 1302010332.0
444481.925354 4635273.064691 1302010334.0
444482.036682 4635244.750188 1302010337.0
444482.853469 4635221.759814 1302010340.0
444490.918145 4635202.266049 1302010344.0
444514.063053 4635200.864381 1302010348.0
444536.401400 4635202.466981 1302010351.0
444560.145393 4635203.392510 1302010354.0
444580.899986 4635204.119303 1302010357.0
444602.237235 4635205.063694 1302010363.0
444623.494076 4635206.341874 1302010371.0
444650.053685 4635206.468580 1302010375.0
444676.698869 4635206.927822 1302010378.0
444706.663674 4635207.361398 1302010381.0
444728.162565 4635207.749742 1302010383.0
444750.576071 4635208.353125 1302010385.0
444773.151250 4635208.400157 1302010387.0
444795.728149 4635208.669314 1302010389.0
444818.807288 4635209.489821 1302010391.0
444842.718905 4635210.637059 1302010393.0
444867.041170 4635211.226031 1302010395.0
444891.445562 4635211.703416 1302010397.0
444916.096345 4635211.845879 1302010399.0
444940.592300 4635213.433062 1302010401.0
444965.415058 4635214.351602 1302010403.0
444990.646760 4635214.489835 1302010405.0
445016.045298 4635214.737903 1302010407.0
445041.361698 4635215.097730 1302010409.0
445066.344420 4635215.238151 1302010411.0
445091.494831 4635215.599435 1302010413.0
445116.894211 4635215.958890 1302010415.0
445142.706828 4635216.093186 1302010417.0
445168.518589 4635216.116549 1302010419.0
445194.415047 4635216.361420 1302010421.0
445220.397053 4635216.938829 1302010423.0
445246.290942 4635216.850808 1302010425.0
445271.937565 4635216.986848 1302010427.0
445297.585038 4635217.234008 1302010429.0
445322.819260 4635217.706498 1302010431.0
445347.140581 4635218.186081 1302010433.0
445370.800528 4635219.003919 1302010435.0
445392.468697 4635219.837102 1302010437.0
445421.277440 4635221.059778 1302010440.0
445450.249602 4635221.948219 1302010443.0
445480.132100 4635222.496710 1302010446.0
445500.632429 4635222.561923 1302010448.0
445521.881369 4635222.843539 1302010450.0
445544.287928 4635222.561201 1302010452.0
445579.312421 4635222.626672 1302010455.0
445625.546545 4635223.383985 1302010459.0
445675.262863 4635223.670910 1302010464.0
445712.362943 4635223.832241 1302010472.0
445745.216982 4635222.249564 1302010491.0
445779.417469 4635223.099527 1302010495.0
445809.382058 4635223.537740 1302010498.0
445830.545444 4635223.487826 1302010500.0
445852.292293 4635223.766641 1302010502.0
445874.785209 4635223.928820 1302010504.0
445907.158188 4635224.571214 1302010507.0
445933.727735 4635226.035029 1302010510.0
445957.724569 4635227.518459 1302010514.0
445975.732983 4635238.263154 1302010538.0
445975.746336 4635261.913180 1302010542.0
445974.000436 4635294.348192 1302010546.0
445972.519321 4635372.638026 1302010554.0
445971.001208 4635446.042676 1302010561.0
445968.195086 4635480.928478 1302010567.0
445987.279161 4635491.331937 1302010573.0
446016.227397 4635489.224937 1302010577.0
446065.110244 4635489.298800 1302010582.0
446094.822195 4635489.407006 1302010585.0
446121.798923 4635489.980157 1302010588.0
446146.951605 4635490.789266 1302010591.0
446168.778918 4635490.846357 1302010594.0
446189.275920 4635490.580464 1302010600.0
446211.192087 4635491.414249 1302010624.0
446237.422744 4635492.104504 1302010628.0
446259.752159 4635492.713252 1302010631.0
446280.338002 4635493.224184 1302010634.0
446300.558414 4635489.296594 1302010639.0
446304.429795 4635463.396626 1302010644.0
446304.408311 4635438.525304 1302010647.0
446305.257855 4635408.095748 1302010650.0
446305.920370 4635385.884075 1302010652.0
446305.671690 4635363.901337 1302010654.0
446304.769139 4635343.255928 1302010656.0
446302.638625 4635313.848139 1302010659.0
446301.358077 4635287.098746 1302010662.0
446300.541848 4635266.896823 1302010666.0
