446305.804118 4635238.321582 1301751061.0
446283.117675 4635234.495401 1301751066.0
446253.991472 4635235.159206 1301751069.0
446230.752547 4635235.112494 1301751071.0
446206.519415 4635235.295432 1301751073.0
446182.782546 4635235.252637 1301751075.0
446162.366123 4635235.295860 1301751077.0
446138.791874 4635234.807849 1301751080.0
446117.795356 4635234.966619 1301751085.0
446097.298458 4635235.343738 1301751094.0
446071.983089 4635235.091188 1301751097.0
446042.524933 4635235.758371 1301751100.0
446014.812098 4635236.745550 1301751103.0
445992.657086 4635237.357602 1301751106.0
445970.521443 4635240.523346 1301751124.0
445968.218676 4635265.190239 1301751130.0
445970.217912 4635288.047970 1301751133.0
445970.181980 4635316.139711 1301751136.0
445970.336916 4635336.568696 1301751138.0
445970.496906 4635357.663844 1301751140.0
445970.657738 4635378.870019 1301751142.0
445970.487459 4635400.189740 1301751144.0
445970.484844 4635421.730257 1301751146.0
445970.553428 4635441.715766 1301751148.0
445970.840198 4635468.583698 1301751151.0
445967.105687 4635490.485623 1301751155.0
445949.754186 4635500.610271 1301751159.0
445929.581575 4635499.875090 1301751162.0
445903.008831 4635497.856164 1301751165.0
445882.089321 4635497.126789 1301751167.0
445860.340777 4635496.514810 1301751169.0
445837.765733 4635496.353315 1301751171.0
445815.852896 4635495.964788 1301751173.0
445794.684405 4635495.237563 1301751175.0
445773.848703 4635494.618902 1301751177.0
445753.427086 4635493.886114 1301751179.0
445728.027923 4635493.413373 1301751182.0
445702.964089 4635493.382300 1301751191.0
445678.808879 4635492.789218 1301751194.0
445657.390549 4635491.953273 1301751196.0
445633.568124 4635491.468840 1301751198.0
445608.831988 4635490.880429 1301751200.0
445583.182985 4635490.299077 1301751202.0
445558.784726 4635490.485494 1301751204.0
445538.040453 4635490.977159 1301751206.0
445517.217440 4635492.024655 1301751209.0
445493.239218 4635492.874286 1301751231.0
445469.415076 4635492.168348 1301751234.0
445448.080546 4635491.443423 1301751236.0
445424.258094 4635490.959690 1301751238.0
445398.944418 4635490.820567 1301751240.0
445372.633190 4635490.467116 1301751242.0
445345.408245 4635490.009738 1301751244.0
445317.602384 4635489.556924 1301751246.0
445289.795664 4635488.993191 1301751248.0
445261.573149 4635488.321728 1301751250.0
445232.690142 4635488.099590 1301751252.0
445204.552309 4635487.649769 1301751254.0
445178.406167 4635487.184731 1301751256.0
445155.580369 4635486.805259 1301751258.0
445132.095800 4635487.097137 1301751261.0
445111.674065 4635486.366188 1301751269.0
445090.176911 4635486.087723 1301751273.0
445064.607379 4635485.063489 1301751276.0
445034.888468 4635484.071362 1301751279.0
445014.050058 4635483.121840 1301751281.0
444993.792554 4635482.167894 1301751283.0
444964.246453 4635482.062997 1301751286.0
444936.031581 4635482.392067 1301751289.0
444912.293738 4635482.131458 1301751292.0
444890.794836 4635481.631540 1301751299.0
444862.902457 4635480.737033 1301751304.0
444834.104086 4635480.737922 1301751307.0
444812.689018 4635480.348623 1301751309.0
444790.943717 4635480.184016 1301751311.0
444768.203425 4635480.138223 1301751313.0
444747.042477 4635480.413355 1301751315.0
444722.728866 4635480.824046 1301751318.0
444700.323108 4635481.108975 1301751329.0
444679.657500 4635481.047360 1301751332.0
444649.522690 4635479.949035 1301751335.0
444626.032049 4635479.465391 1301751337.0
444601.380441 4635479.101886 1301751339.0
444576.150508 4635479.076068 1301751341.0
444550.920574 4635479.050339 1301751343.0
444527.933030 4635479.229306 1301751345.0
444502.627889 4635480.203638 1301751348.0
444480.220395 4635480.267206 1301751358.0
444452.496504 4635479.706094 1301751362.0
444431.572388 4635478.425841 1301751364.0
444407.410016 4635476.948851 1301751366.0
444382.091874 4635476.258205 1301751368.0
444358.023743 4635476.224088 1301751370.0
444335.703554 4635476.842598 1301751372.0
444307.500799 4635478.728538 1301751375.0
444286.830819 4635478.112927 1301751379.0
444263.374005 4635481.960537 1301751391.0
444240.090143 4635486.695144 1301751397.0
444217.344621 4635485.984947 1301751399.0
444194.011222 4635484.391156 1301751401.0
444172.257185 4635483.118165 1301751403.0
444143.697291 4635481.787568 1301751406.0
444119.698215 4635479.977171 1301751409.0
444093.802611 4635479.736214 1301751419.0
444068.576133 4635480.156302 1301751422.0
444047.575047 4635479.655018 1301751424.0
444023.748017 4635478.620831 1301751426.0
443998.759151 4635477.595857 1301751428.0
443975.018585 4635477.005289 1301751430.0
443952.527194 4635476.960142 1301751432.0
443931.443097 4635476.459853 1301751434.0
443911.352224 4635475.618704 1301751436.0
443881.467054 4635474.632693 1301751439.0
443860.214340 4635473.800841 1301751441.0
443838.714408 4635473.193069 1301751443.0
443815.637705 4635472.597798 1301751445.0
443791.151082 4635472.124760 1301751447.0
443766.167405 4635471.766764 1301751449.0
443741.349699 4635471.407545 1301751451.0
443716.200039 4635471.051035 1301751453.0
443690.887031 4635471.029007 1301751455.0
443665.488400 4635470.674644 1301751457.0
443640.088008 4635470.098317 1301751459.0
443614.689368 4635469.744135 1301751461.0
443589.455820 4635469.277702 1301751463.0
443566.539768 4635468.015760 1301751465.0
443539.646452 4635467.562652 1301751468.0
443517.646770 4635466.737741 1301751472.0
443492.000021 4635466.496997 1301751494.0
443464.111717 4635466.163101 1301751497.0
443440.952833 4635465.680729 1301751499.0
443415.217794 4635464.774757 1301751501.0
443388.736738 4635463.985841 1301751503.0
443361.845149 4635463.755458 1301751505.0
443334.952674 4635463.414150 1301751507.0
443310.386505 4635463.387533 1301751509.0
443290.300794 4635463.214297 1301751511.0
443270.215081 4635463.041119 1301751516.0
443242.820242 4635462.148987 1301751524.0
443213.279216 4635462.717514 1301751527.0
443192.864200 4635462.880281 1301751529.0
443172.445642 4635462.598998 1301751532.0
443146.879174 4635462.025753 1301751542.0
443118.910485 4635462.026951 1301751545.0
443098.502559 4635463.078206 1301751547.0
443075.273051 4635464.152066 1301751551.0
