445512.450517 4636040.567471 1302008965.0
445486.974539 4636040.651377 1302008979.0
445461.576440 4636040.068576 1302008983.0
445440.159717 4636039.233299 1302009004.0
445418.996184 4636038.951314 1302009008.0
445393.351680 4636038.703745 1302009011.0
445363.304926 4636037.934869 1302009014.0
445341.312426 4636037.770507 1302009016.0
445318.074357 4636037.504743 1302009018.0
445293.092833 4636037.141411 1302009020.0
445266.617647 4636036.789645 1302009022.0
445239.813948 4636036.884639 1302009024.0
445213.088105 4636036.312932 1302009026.0
445186.352002 4636034.408998 1302009028.0
445159.283105 4636032.396692 1302009030.0
445132.720629 4636031.490927 1302009032.0
445107.076070 4636031.244389 1302009034.0
445080.849785 4636030.891394 1302009036.0
445053.876666 4636030.544258 1302009038.0
445026.073732 4636030.203629 1302009040.0
444997.690784 4636029.978620 1302009042.0
444968.894642 4636029.978986 1302009044.0
444940.018092 4636030.313191 1302009046.0
444911.559024 4636030.977385 1302009048.0
444883.684264 4636032.081307 1302009050.0
444856.386939 4636032.736733 1302009052.0
444829.755186 4636033.609175 1302009054.0
444803.618742 4636034.144777 1302009056.0
444777.395876 4636034.237009 1302009058.0
444752.000236 4636033.989819 1302009060.0
444728.095667 4636033.398046 1302009062.0
444706.350323 4636033.011659 1302009064.0
444677.219662 4636032.682699 1302009067.0
444650.663134 4636032.555921 1302009070.0
444626.239943 4636029.303705 1302009073.0
444604.811820 4636027.027584 1302009075.0
444582.729336 4636025.977991 1302009077.0
444559.325195 4636025.715993 1302009079.0
444538.165001 4636025.880733 1302009081.0
444510.591903 4636023.097578 1302009084.0
444488.607080 4636023.935094 1302009088.0
444478.166818 4636004.696555 1302009111.0
444487.223724 4635984.861910 1302009115.0
444501.403929 4635962.211506 1302009118.0
444500.567915 4635940.122258 1302009121.0
444496.670200 4635919.167208 1302009125.0
444479.929192 4635900.755006 1302009131.0
444477.138633 4635872.796197 1302009135.0
444476.751974 4635844.485548 1302009138.0
444478.489233 4635822.487281 1302009140.0
444478.575484 4635801.612224 1302009142.0
444477.966709 4635776.745363 1302009145.0
444477.476399 4635756.429971 1302009152.0
444478.533370 4635732.327365 1302009158.0
444479.758917 4635708.556548 1302009161.0
444480.342226 4635687.566587 1302009163.0
444480.654085 4635663.691860 1302009165.0
444480.538905 4635638.265987 1302009167.0
444480.335549 4635612.174599 1302009169.0
444480.136520 4635586.638348 1302009171.0
444480.356752 4635561.653999 1302009173.0
444480.271000 4635540.003054 1302009175.0
444479.825610 4635514.801828 1302009178.0
444483.729310 4635493.897030 1302009183.0
444469.917826 4635478.793034 1302009189.0
444448.082580 4635477.741902 1302009192.0
444419.690443 4635476.630959 1302009195.0
444398.450825 4635477.462909 1302009197.0
444370.478815 4635477.015086 1302009200.0
444341.862851 4635479.126185 1302009203.0
444320.791825 4635480.290151 1302009206.0
444298.709327 4635479.463478 1302009210.0
444276.577706 4635482.967582 1302009223.0
444255.892096 4635480.353571 1302009226.0
444228.565726 4635477.569540 1302009229.0
444206.646570 4635476.408771 1302009231.0
444183.654657 4635476.033712 1302009233.0
444160.581493 4635475.881433 1302009235.0
444139.088574 4635476.160972 1302009237.0
444114.537308 4635478.019044 1302009240.0
444093.512695 4635474.519891 1302009257.0
444069.122178 4635475.710655 1302009265.0
444042.640407 4635474.808282 1302009269.0
444015.995269 4635474.240393 1302009272.0
443995.743666 4635474.066474 1302009274.0
443974.660438 4635473.677084 1302009276.0
443954.242856 4635473.504588 1302009278.0
443927.608187 4635474.269356 1302009281.0
443906.456828 4635475.768283 1302009285.0
443884.891412 4635477.381569 1302009292.0
443881.480380 4635497.394572 1302009296.0
443882.349819 4635523.480729 1302009299.0
443882.577226 4635552.347798 1302009302.0
443882.407964 4635573.001470 1302009305.0
443882.573274 4635593.985610 1302009309.0
443882.089565 4635616.862443 1302009312.0
443881.673103 4635637.740133 1302009314.0
443881.099421 4635659.729404 1302009316.0
443880.931923 4635680.605134 1302009318.0
443881.134856 4635706.363447 1302009321.0
443889.250965 4635725.286343 1302009325.0
443910.428682 4635727.229200 1302009328.0
443936.139085 4635725.139216 1302009331.0
443959.048111 4635725.625149 1302009334.0
