446305.599924 4635090.093587 1301671234.0
446307.153652 4635064.988342 1301671245.0
446307.790293 4635039.334843 1301671248.0
446308.773136 4635015.566303 1301671251.0
446309.449952 4634995.242103 1301671258.0
446314.070290 4634969.558589 1301671263.0
446316.363498 4634943.448480 1301671266.0
446316.355483 4634920.353611 1301671268.0
446316.007129 4634896.150974 1301671270.0
446316.645505 4634870.719537 1301671272.0
446317.024865 4634843.957653 1301671274.0
446317.394193 4634815.863446 1301671276.0
446317.937046 4634788.767233 1301671278.0
446318.577957 4634763.668882 1301671280.0
446319.371484 4634736.792849 1301671283.0
446310.020893 4634718.542809 1301671287.0
446287.565891 4634712.605213 1301671291.0
446259.991874 4634710.259357 1301671294.0
446238.064099 4634708.204105 1301671296.0
446213.891220 4634705.610700 1301671298.0
446189.559874 4634704.017873 1301671300.0
446168.794006 4634701.954059 1301671302.0
446147.942611 4634699.557851 1301671306.0
446120.702993 4634697.543106 1301671310.0
446090.151898 4634696.663851 1301671313.0
446068.241672 4634696.940687 1301671315.0
446046.570347 4634695.883381 1301671317.0
446025.482513 4634695.154821 1301671319.0
445999.672287 4634695.572444 1301671322.0
445980.999252 4634706.817319 1301671330.0
445982.689301 4634732.675280 1301671334.0
445982.380708 4634757.660128 1301671337.0
445981.664717 4634783.647366 1301671340.0
445980.924324 4634806.414822 1301671343.0
445980.849580 4634829.399299 1301671349.0
445980.720463 4634856.159324 1301671353.0
445980.174695 4634882.700443 1301671356.0
445979.210596 4634908.800601 1301671359.0
445979.137550 4634932.007135 1301671362.0
445978.050065 4634952.778628 1301671369.0
445977.170667 4634979.100214 1301671374.0
445977.132992 4635006.969887 1301671377.0
445976.721257 4635029.290726 1301671379.0
445976.478036 4635051.943389 1301671381.0
445976.065467 4635074.153203 1301671383.0
445975.650377 4635096.029936 1301671385.0
445975.235290 4635117.906671 1301671387.0
445974.983665 4635139.449066 1301671389.0
445974.555958 4635159.660396 1301671391.0
445972.996693 4635183.877512 1301671394.0
445971.737408 4635203.873083 1301671399.0
445963.371278 4635227.919761 1301671423.0
445936.838818 4635231.341026 1301671427.0
445909.115858 4635230.996292 1301671430.0
445888.695194 4635230.485164 1301671432.0
445867.774054 4635229.644797 1301671434.0
445846.277039 4635229.475070 1301671436.0
445826.105334 4635228.962229 1301671438.0
445804.273819 4635228.462072 1301671441.0
445780.366697 4635227.866744 1301671470.0
445756.712767 4635227.824736 1301671473.0
445735.794134 4635227.317838 1301671475.0
445712.219805 4635226.831237 1301671477.0
445688.646319 4635226.455742 1301671479.0
445664.739174 4635225.860802 1301671481.0
445640.417072 4635225.269108 1301671483.0
445615.513184 4635224.570905 1301671485.0
445590.194338 4635223.875958 1301671487.0
445565.043163 4635223.401887 1301671489.0
445541.467952 4635222.804824 1301671491.0
445520.964229 4635222.295384 1301671493.0
445504.041220 4635234.194374 1301671497.0
445504.381305 4635256.953657 1301671501.0
445502.425704 4635283.394611 1301671504.0
445502.012095 4635305.271393 1301671506.0
445502.110865 4635329.031828 1301671508.0
445501.710003 4635352.574018 1301671510.0
445501.728337 4635376.668171 1301671512.0
445501.909251 4635400.316946 1301671514.0
445501.836106 4635423.301464 1301671516.0
445501.837457 4635445.175077 1301671518.0
445502.577204 4635465.932705 1301671520.0
445502.132445 4635494.582783 1301671523.0
445501.169385 4635520.572021 1301671526.0
445499.647513 4635549.452410 1301671529.0
445499.069675 4635571.552526 1301671531.0
445498.592667 4635595.983578 1301671533.0
445498.622074 4635621.521092 1301671535.0
445498.566799 4635646.837189 1301671537.0
445497.933178 4635672.490812 1301671539.0
445497.216580 4635698.145072 1301671541.0
445496.827679 4635723.241657 1301671543.0
445496.928194 4635747.224161 1301671545.0
445498.251383 4635768.310436 1301671547.0
445499.982689 4635788.505319 1301671550.0
445502.565908 4635811.580561 1301671556.0
445504.176248 4635837.661157 1301671559.0
445505.339385 4635859.525895 1301671561.0
445506.527150 4635884.610423 1301671563.0
445507.477854 4635911.251238 1301671565.0
445507.853624 4635938.673688 1301671567.0
445507.711118 4635963.435295 1301671569.0
445507.168997 4635990.198568 1301671572.0
445507.250808 4636011.738483 1301671577.0
