445958.985881 4635218.737248 1302715383.0
445939.745162 4635231.541039 1302715408.0
445908.554315 4635233.554325 1302715411.0
445883.166895 4635234.746428 1302715413.0
445855.624267 4635236.288101 1302715415.0
445826.831731 4635237.173185 1302715417.0
445796.865512 4635236.512845 1302715419.0
445765.988082 4635236.081635 1302715421.0
445735.612817 4635236.201901 1302715423.0
445704.493177 4635236.661070 1302715425.0
445673.607269 4635235.119989 1302715427.0
445646.270444 4635230.998192 1302715429.0
445619.611916 4635228.758893 1302715431.0
445595.443928 4635226.611706 1302715433.0
445568.627867 4635225.484136 1302715436.0
445544.938273 4635220.779693 1302715443.0
445524.926545 4635219.489246 1302715446.0
445503.923170 4635218.761609 1302715450.0
445504.248816 4635239.633431 1302715455.0
445506.167407 4635262.602708 1302715458.0
445506.942816 4635288.023469 1302715461.0
445510.726219 4635316.086029 1302715464.0
445510.753245 4635352.171743 1302715467.0
445508.227775 4635380.060495 1302715469.0
445504.929105 4635404.513122 1302715471.0
445503.437510 4635426.509188 1302715474.0
445501.285421 4635448.954443 1302715477.0
445499.214637 4635471.177010 1302715480.0
445498.400567 4635494.944435 1302715483.0
445499.831401 4635519.249854 1302715486.0
445498.892989 4635548.458880 1302715489.0
445498.400688 4635570.891442 1302715491.0
445497.503655 4635594.659506 1302715493.0
445497.273065 4635618.755573 1302715495.0
445496.802017 4635643.963817 1302715497.0
445495.682384 4635671.175630 1302715499.0
445494.480628 4635698.499107 1302715501.0
445493.270387 4635724.712314 1302715503.0
445492.700243 4635747.811682 1302715505.0
445490.495914 4635774.254566 1302715508.0
445491.484635 4635795.010299 1302715512.0
445493.801937 4635815.866899 1302715515.0
445494.610514 4635845.617741 1302715518.0
445495.449394 4635868.484263 1302715520.0
445496.467830 4635893.125951 1302715522.0
445498.059491 4635916.763951 1302715524.0
445499.145605 4635939.406517 1302715526.0
445497.808251 4635959.846953 1302715528.0
445497.331306 4635984.278020 1302715532.0
445498.839970 4636007.916658 1302715538.0
445514.047877 4636021.568485 1302715541.0
445540.304709 4636025.920054 1302715544.0
445562.069503 4636028.862613 1302715546.0
445585.649680 4636030.458965 1302715548.0
445610.715872 4636031.044743 1302715550.0
445636.774440 4636031.178901 1302715552.0
445663.329197 4636031.087300 1302715554.0
445689.966087 4636030.884139 1302715556.0
445717.597057 4636030.451434 1302715558.0
445745.476125 4636029.905913 1302715560.0
445773.024962 4636029.585082 1302715562.0
445799.742301 4636029.048618 1302715564.0
445825.464714 4636028.630855 1302715566.0
445848.617251 4636028.565825 1302715568.0
445872.931521 4636028.492040 1302715571.0
445895.437919 4636030.763778 1302715592.0
445917.940088 4636032.480451 1302715595.0
445949.486319 4636034.017522 1302715598.0
445974.630374 4636033.937788 1302715600.0
446000.021688 4636033.634201 1302715602.0
446024.498529 4636033.115567 1302715604.0
446047.310708 4636031.943425 1302715606.0
446067.889975 4636031.787566 1302715608.0
446098.178849 4636031.669313 1302715611.0
446127.566689 4636033.112473 1302715614.0
446147.824940 4636034.402710 1302715616.0
446172.710811 4636033.104258 1302715618.0
446200.721451 4636028.007149 1302715620.0
446226.570432 4636022.371303 1302715622.0
446252.091717 4636017.293192 1302715625.0
446275.940852 4636010.562283 1302715630.0
446280.054897 4635983.883210 1302715634.0
446279.819590 4635952.684569 1302715637.0
446280.782879 4635926.362363 1302715639.0
446281.804877 4635896.819745 1302715641.0
446283.322272 4635866.940293 1302715643.0
446283.944450 4635839.399296 1302715645.0
446283.247274 4635812.978585 1302715647.0
446282.650662 4635788.888820 1302715649.0
446281.407760 4635767.135632 1302715651.0
446281.910032 4635745.702385 1302715653.0
446283.648704 4635723.149479 1302715655.0
446285.954049 4635698.704733 1302715657.0
446287.498313 4635672.378160 1302715659.0
446288.620130 4635645.055472 1302715661.0
446290.000124 4635618.952207 1302715663.0
446290.884726 4635593.185779 1302715665.0
446293.030035 4635569.519482 1302715667.0
446296.064776 4635542.737546 1302715670.0
446297.306474 4635520.299433 1302715675.0
446317.499362 4635501.715686 1302715694.0
446337.661873 4635501.119640 1302715697.0
446363.157294 4635503.370363 1302715700.0
446384.159700 4635504.100525 1302715703.0
446404.315523 4635502.616451 1302715727.0
446426.892174 4635503.001795 1302715746.0
446447.892901 4635503.510091 1302715749.0
446472.297762 4635504.214935 1302715752.0
446495.374823 4635504.929836 1302715755.0
446520.527388 4635505.740263 1302715758.0
446547.845937 4635507.644860 1302715761.0
446577.151161 4635508.868461 1302715764.0
446598.810755 4635508.706060 1302715766.0
446621.799804 4635508.755830 1302715768.0
446644.710023 4635509.361431 1302715770.0
446667.116496 4635509.193643 1302715772.0
446694.512986 4635510.432018 1302715775.0
446709.721257 4635524.308430 1302715778.0
446716.196838 4635546.799753 1302715781.0
446716.243469 4635575.223935 1302715784.0
446715.488416 4635596.325914 1302715786.0
446714.668656 4635619.871112 1302715788.0
446714.197455 4635645.634371 1302715790.0
446712.746219 4635673.514595 1302715792.0
446711.119062 4635700.063737 1302715794.0
446710.222166 4635724.386750 1302715796.0
446709.544328 4635744.710925 1302715798.0
446716.992278 4635764.086046 1302715802.0
446738.822041 4635764.588984 1302715805.0
446758.807066 4635762.552011 1302715807.0
446780.214443 4635762.058934 1302715809.0
446807.355179 4635762.522404 1302715812.0
446823.094878 4635747.637450 1302715816.0
446822.929105 4635725.432022 1302715819.0
446820.112797 4635703.912583 1302715821.0
446814.945540 4635678.746599 1302715823.0
446807.209852 4635654.154965 1302715825.0
446796.162154 4635630.587376 1302715827.0
446786.284480 4635608.121396 1302715829.0
446781.228231 4635586.729740 1302715831.0
446781.990945 4635566.627014 1302715833.0
446785.078945 4635546.728983 1302715835.0
446785.425084 4635526.407304 1302715838.0
446759.861032 4635514.939822 1302715843.0
446738.359964 4635514.101248 1302715845.0
446716.860550 4635513.484794 1302715847.0
446689.646669 4635514.465634 1302715850.0
446666.732317 4635513.304753 1302715853.0
446645.525756 4635507.467755 1302715864.0
446622.201428 4635506.976287 1302715868.0
446600.365036 4635505.696509 1302715871.0
446579.700444 4635505.740410 1302715876.0
446552.981966 4635506.384956 1302715881.0
446528.834421 4635506.788238 1302715884.0
446503.187275 4635506.425629 1302715887.0
446478.868751 4635506.164164 1302715890.0
446457.043172 4635506.328177 1302715893.0
446430.566981 4635506.083094 1302715896.0
446410.066686 4635505.904185 1302715898.0
446388.233584 4635505.069165 1302715900.0
446367.641102 4635503.669704 1302715902.0
446344.385498 4635501.291061 1302715905.0
