444232.353602 4635473.764731 1303733622.0
444209.942597 4635473.385039 1303733650.0
444181.642076 4635473.384666 1303733653.0
444160.060070 4635472.887602 1303733655.0
444131.175146 4635472.447874 1303733658.0
444110.256161 4635471.834727 1303733661.0
444084.953640 4635473.143625 1303733668.0
444059.394317 4635473.455324 1303733671.0
444035.653745 4635472.864554 1303733673.0
444008.429431 4635472.523311 1303733675.0
443979.298143 4635472.419237 1303733677.0
443951.084083 4635472.863236 1303733679.0
443927.188880 4635473.717486 1303733681.0
443900.800553 4635474.147313 1303733684.0
443881.599021 4635480.849561 1303733688.0
443880.217308 4635505.621043 1303733692.0
443880.866654 4635535.373060 1303733695.0
443880.729758 4635560.134738 1303733697.0
443880.944054 4635587.336400 1303733699.0
443881.151354 4635613.649845 1303733701.0
443881.013591 4635638.300499 1303733703.0
443880.688867 4635660.287809 1303733705.0
443880.249785 4635688.827032 1303733708.0
443879.687487 4635712.259658 1303733711.0
443890.945642 4635729.714358 1303733715.0
443918.090374 4635730.610931 1303733719.0
443946.534019 4635727.833261 1303733722.0
443968.106545 4635727.219399 1303733725.0
443992.027963 4635729.807121 1303733744.0
444018.597890 4635731.485835 1303733747.0
444047.238057 4635732.593216 1303733750.0
444068.061968 4635731.763468 1303733753.0
444089.228278 4635732.263503 1303733759.0
444112.307587 4635733.303761 1303733762.0
444132.643170 4635733.699408 1303733764.0
444155.468289 4635734.075596 1303733766.0
444180.616972 4635734.433647 1303733768.0
444207.090795 4635734.448306 1303733770.0
444232.898133 4635734.135179 1303733772.0
444259.448857 4635733.372192 1303733774.0
444286.500966 4635733.049519 1303733776.0
444312.810554 4635733.287923 1303733778.0
444338.208176 4635733.644585 1303733780.0
444363.438091 4635733.780579 1303733782.0
444389.574765 4635733.132346 1303733784.0
444414.309369 4635733.605489 1303733786.0
444437.301292 4635734.092311 1303733788.0
444459.208351 4635733.810428 1303733790.0
444480.180081 4635730.649021 1303733794.0
444490.220507 4635751.778254 1303733800.0
444489.846409 4635778.318283 1303733803.0
444490.008209 4635799.080372 1303733805.0
444489.430080 4635820.736499 1303733807.0
444488.265017 4635841.619964 1303733809.0
444487.027362 4635863.836403 1303733812.0
444489.590485 4635883.913576 1303733818.0
444491.252900 4635905.552245 1303733821.0
444491.083639 4635926.427951 1303733823.0
444490.253119 4635947.641914 1303733825.0
444487.557291 4635974.422115 1303733828.0
444482.424734 4635997.335122 1303733832.0
444483.418976 4636018.423831 1303733845.0
444510.495947 4636021.432815 1303733849.0
444538.980980 4636024.097836 1303733852.0
444564.040431 4636023.791714 1303733854.0
444590.930650 4636024.137641 1303733856.0
444616.056677 4636021.721539 1303733858.0
444640.376208 4636022.309711 1303733860.0
444664.033609 4636023.125178 1303733862.0
444689.105131 4636024.373878 1303733864.0
444715.002146 4636025.061088 1303733866.0
444743.052356 4636025.176518 1303733868.0
444771.762969 4636024.842801 1303733870.0
444800.810671 4636025.172792 1303733872.0
444829.934468 4636024.614040 1303733874.0
444859.550998 4636023.385389 1303733876.0
444889.335216 4636022.377632 1303733878.0
444919.698591 4636021.143453 1303733880.0
444950.309202 4636019.685425 1303733882.0
444980.424509 4636018.564456 1303733884.0
445007.310414 4636018.356819 1303733886.0
445030.045546 4636017.959250 1303733888.0
445053.768745 4636016.554826 1303733891.0
445075.822909 4636013.941980 1303733918.0
445103.133148 4636014.952805 1303733922.0
445132.265542 4636015.505562 1303733925.0
445154.425800 4636015.890055 1303733927.0
445177.582682 4636016.377980 1303733929.0
445202.148532 4636016.633072 1303733931.0
445227.545044 4636016.992894 1303733933.0
445253.850932 4636016.901682 1303733935.0
445280.989189 4636017.137274 1303733937.0
445308.461072 4636017.592475 1303733939.0
445336.095504 4636017.602399 1303733941.0
445361.742645 4636018.182844 1303733943.0
445385.644622 4636018.443661 1303733945.0
445407.135887 4636018.167867 1303733947.0
445432.847283 4636016.305333 1303733950.0
445455.668804 4636016.352596 1303733954.0
445476.249832 4636016.417082 1303733976.0
445497.247464 4636016.700508 1303733979.0
445525.638057 4636017.926752 1303733982.0
445547.383359 4636018.315640 1303733984.0
445571.038071 4636018.801038 1303733986.0
445596.023021 4636019.609453 1303733988.0
445622.503319 4636020.628607 1303733990.0
445649.399360 4636021.755721 1303733992.0
445676.211563 4636022.772541 1303733994.0
445703.860338 4636024.671355 1303733996.0
445732.835947 4636026.449132 1303733998.0
445762.466933 4636027.111699 1303734000.0
445792.346009 4636027.661468 1303734002.0
445822.472332 4636027.987415 1303734004.0
445851.270954 4636028.323582 1303734006.0
445878.079716 4636028.897053 1303734008.0
445904.641215 4636029.694570 1303734010.0
445932.775973 4636030.036109 1303734012.0
445962.241792 4636030.811795 1303734014.0
445991.953177 4636031.141605 1303734016.0
446021.580735 4636031.361142 1303734018.0
446050.796748 4636032.028053 1303734020.0
446080.015275 4636033.028165 1303734022.0
446109.396393 4636033.583033 1303734024.0
446138.355044 4636033.141914 1303734026.0
446166.400907 4636032.707813 1303734028.0
446193.119916 4636032.394879 1303734030.0
446216.923695 4636030.660622 1303734032.0
446239.638675 4636027.602261 1303734034.0
446260.279150 4636024.559625 1303734036.0
446281.992533 4636020.731722 1303734039.0
446297.729733 4636005.734558 1303734045.0
446300.123014 4635981.955343 1303734048.0
446300.378041 4635960.746022 1303734050.0
446301.110873 4635936.868294 1303734052.0
446301.831157 4635911.325161 1303734054.0
446302.375438 4635884.450953 1303734056.0
446302.417644 4635857.025364 1303734058.0
446302.961937 4635830.151159 1303734060.0
446302.869989 4635806.945855 1303734062.0
446302.519884 4635782.521131 1303734065.0
446299.378453 4635762.114656 1303734079.0
446299.870736 4635739.349084 1303734082.0
446301.715173 4635708.800978 1303734085.0
446303.112772 4635685.029284 1303734087.0
446303.322645 4635657.824507 1303734089.0
446304.100031 4635628.838918 1303734091.0
446304.624283 4635599.300071 1303734093.0
446305.155237 4635570.649443 1303734095.0
446305.381870 4635545.665214 1303734097.0
446305.797912 4635523.788493 1303734099.0
446305.879500 4635501.581194 1303734101.0
446306.275465 4635477.039824 1303734103.0
446306.980791 4635449.498222 1303734105.0
446307.170624 4635419.628805 1303734107.0
446307.769546 4635388.979072 1303734109.0
446308.294692 4635359.551265 1303734111.0
446307.754377 4635331.908023 1303734113.0
446306.824217 4635307.598722 1303734115.0
446306.334104 4635286.617107 1303734117.0
446306.155030 4635262.857313 1303734120.0
446304.080572 4635240.888340 1303734126.0
446290.523177 4635226.001031 1303734137.0
446267.772117 4635224.618119 1303734140.0
446238.397741 4635225.394893 1303734143.0
446217.654360 4635226.106625 1303734145.0
446197.325094 4635226.704257 1303734147.0
446168.944935 4635227.251742 1303734150.0
446144.548311 4635227.769226 1303734154.0
446123.468782 4635227.928607 1303734179.0
446099.405803 4635228.665788 1303734182.0
446078.824216 4635228.821534 1303734184.0
446055.833390 4635228.662481 1303734186.0
446033.507325 4635228.609500 1303734188.0
446004.937633 4635226.050138 1303734191.0
445982.437157 4635224.888304 1303734194.0
445962.000484 4635222.267452 1303734204.0
445964.657104 4635200.484744 1303734210.0
445967.038666 4635175.262087 1303734214.0
445968.799733 4635144.825567 1303734217.0
445969.778897 4635120.723884 1303734219.0
445970.573562 4635094.180866 1303734221.0
445971.602898 4635065.748502 1303734223.0
445972.388320 4635037.984189 1303734225.0
445973.203217 4635014.105824 1303734227.0
445973.740518 4634986.454428 1303734230.0
445974.635056 4634962.131328 1303734236.0
445975.960566 4634939.914596 1303734239.0
445977.134904 4634908.705305 1303734242.0
445977.289256 4634885.276088 1303734244.0
445978.827581 4634858.283310 1303734247.0
445978.838682 4634837.853082 1303734252.0
445995.183299 4634826.070674 1303734261.0
446015.774463 4634827.024968 1303734264.0
446037.851121 4634826.857737 1303734267.0
446058.134671 4634831.034450 1303734271.0
446063.380582 4634855.200011 1303734276.0
446044.115982 4634865.005773 1303734281.0
446022.537410 4634865.169213 1303734285.0
