446299.243688 4635447.002774 1301945978.0
446299.915384 4635426.012396 1301946003.0
446300.328077 4635403.691571 1301946006.0
446300.698093 4635375.708365 1301946009.0
446300.793905 4635355.388532 1301946011.0
446299.245975 4635326.198418 1301946014.0
446298.464188 4635299.556298 1301946017.0
446298.876058 4635277.124450 1301946021.0
446299.638303 4635257.132696 1301946044.0
446287.289785 4635237.461846 1301946051.0
446260.626498 4635234.553987 1301946055.0
446233.733490 4635234.201730 1301946058.0
446213.480531 4635233.910473 1301946060.0
446192.395991 4635233.403488 1301946062.0
446170.647524 4635232.901581 1301946064.0
446148.652601 4635232.734704 1301946066.0
446126.324875 4635232.459378 1301946068.0
446103.581354 4635232.076234 1301946070.0
446080.506710 4635231.806703 1301946072.0
446057.180570 4635231.206050 1301946074.0
446033.355642 4635230.498218 1301946076.0
446009.117439 4635230.015664 1301946078.0
445984.546429 4635229.424683 1301946080.0
445959.643452 4635228.836305 1301946082.0
445933.913095 4635228.587392 1301946084.0
445907.517126 4635228.121560 1301946086.0
445880.705356 4635227.547950 1301946088.0
445853.561620 4635226.976965 1301946090.0
445826.419566 4635226.628136 1301946092.0
445799.275818 4635226.057357 1301946094.0
445772.381880 4635225.595814 1301946096.0
445745.486245 4635224.912318 1301946098.0
445718.675287 4635224.450345 1301946100.0
445692.695919 4635224.204200 1301946102.0
445668.126537 4635223.836364 1301946104.0
445647.858252 4635221.548227 1301946106.0
445621.959314 4635220.968627 1301946109.0
445601.123635 4635220.461490 1301946115.0
445578.718766 4635220.965703 1301946135.0
445556.474790 4635220.802555 1301946138.0
445529.000716 4635220.457397 1301946141.0
445499.368038 4635220.017823 1301946144.0
445478.616181 4635219.621437 1301946146.0
445457.034416 4635219.231465 1301946148.0
445434.869163 4635218.512926 1301946150.0
445412.540476 4635218.128810 1301946152.0
445390.126242 4635217.412318 1301946154.0
445368.211647 4635216.914132 1301946156.0
445346.712001 4635216.412831 1301946158.0
445325.625599 4635215.686355 1301946160.0
445304.706877 4635215.180722 1301946162.0
445284.286095 4635214.671326 1301946164.0
445254.985322 4635214.230219 1301946167.0
445227.015806 4635214.223132 1301946170.0
445205.597417 4635213.499564 1301946173.0
445184.097741 4635212.998753 1301946197.0
445161.598755 4635212.061564 1301946202.0
445139.516425 4635211.343305 1301946205.0
445112.955164 4635210.992721 1301946208.0
445092.866309 4635210.481315 1301946210.0
445071.619005 4635210.423033 1301946212.0
445049.874613 4635210.479682 1301946214.0
445027.627993 4635209.985104 1301946216.0
445005.467788 4635209.934063 1301946218.0
444984.303468 4635209.875401 1301946220.0
444964.137607 4635210.142189 1301946222.0
444944.052164 4635210.075312 1301946224.0
444922.883549 4635209.461696 1301946226.0
444900.800315 4635208.633150 1301946228.0
444878.638380 4635208.360449 1301946230.0
444857.055657 4635207.861267 1301946232.0
444836.222425 4635207.689447 1301946234.0
444808.583958 4635207.570405 1301946237.0
444786.006196 4635207.190180 1301946240.0
444765.672623 4635207.236763 1301946247.0
444742.439542 4635207.972094 1301946260.0
444720.861971 4635208.139487 1301946263.0
444696.459269 4635207.884740 1301946266.0
444668.903781 4635207.765595 1301946269.0
444638.693451 4635207.778221 1301946272.0
444617.529966 4635207.831675 1301946274.0
444595.790726 4635208.555872 1301946276.0
444574.798405 4635209.274325 1301946278.0
444549.572700 4635209.914754 1301946281.0
444529.407699 4635210.293800 1301946285.0
444509.251347 4635211.783175 1301946300.0
444487.252832 4635221.836567 1301946305.0
444485.333799 4635241.837615 1301946308.0
444487.109597 4635267.361565 1301946311.0
444487.992396 4635295.446254 1301946314.0
444487.970960 4635324.648329 1301946317.0
444487.614976 4635353.519911 1301946320.0
444487.336795 4635381.724684 1301946323.0
444486.614261 4635406.157770 1301946326.0
444486.732862 4635432.027742 1301946330.0
444486.653478 4635453.791004 1301946334.0
444484.570280 4635474.015407 1301946345.0
444458.501789 4635472.886201 1301946351.0
444438.221638 4635469.047128 1301946354.0
444416.719173 4635468.104530 1301946357.0
444393.547414 4635465.953655 1301946360.0
444367.812558 4635465.044243 1301946363.0
444343.838653 4635466.452879 1301946366.0
444322.532509 4635469.395220 1301946369.0
444301.389754 4635472.003245 1301946374.0
