444668.994570 4635475.911582 1302446756.0
444691.819594 4635476.178468 1302446766.0
444713.569223 4635476.897909 1302446769.0
444739.061898 4635478.698717 1302446772.0
444765.878914 4635480.045212 1302446775.0
444794.764582 4635480.598540 1302446778.0
444823.566397 4635481.041601 1302446781.0
444850.462073 4635481.832636 1302446784.0
444871.046399 4635482.117443 1302446787.0
444894.956232 4635483.153821 1302446794.0
444915.046919 4635483.997743 1302446797.0
444940.530923 4635484.689000 1302446800.0
444968.756079 4635485.692273 1302446803.0
444997.307173 4635485.915904 1302446806.0
445024.280646 4635486.040792 1302446809.0
445049.179432 4635486.181785 1302446812.0
445073.084935 4635486.663624 1302446816.0
445093.487849 4635484.951865 1302446835.0
445120.221764 4635486.300333 1302446839.0
445145.710857 4635487.658486 1302446842.0
445174.101933 4635488.661295 1302446845.0
445204.643836 4635488.759402 1302446848.0
445225.720912 4635488.375240 1302446850.0
445247.384021 4635488.652839 1302446852.0
445269.629744 4635489.148095 1302446854.0
445291.707783 4635489.422641 1302446856.0
445313.204056 4635489.590688 1302446858.0
445334.532648 4635489.538019 1302446860.0
445356.028065 4635489.595167 1302446862.0
445377.357507 4635489.653653 1302446864.0
445398.602257 4635489.490785 1302446866.0
445419.267798 4635489.554486 1302446868.0
445448.323557 4635490.664327 1302446871.0
445473.644877 4635491.802870 1302446874.0
445494.645754 4635492.308356 1302446879.0
445500.534963 4635513.581756 1302446889.0
445499.863936 4635534.350179 1302446893.0
445498.557905 4635558.898606 1302446896.0
445497.536521 4635588.108269 1302446899.0
445497.362582 4635608.761859 1302446901.0
445497.110756 4635630.082247 1302446903.0
445496.779347 4635651.847380 1302446905.0
445496.122796 4635674.503270 1302446907.0
445495.635620 4635697.602000 1302446909.0
445495.559123 4635720.142421 1302446911.0
445495.473284 4635741.461543 1302446913.0
445496.845752 4635768.987393 1302446916.0
445498.091901 4635790.851493 1302446922.0
445498.693716 4635815.274299 1302446927.0
445499.614718 4635838.029159 1302446930.0
445500.732265 4635864.779728 1302446933.0
445502.531506 4635893.856790 1302446936.0
445503.082603 4635922.499269 1302446939.0
445503.301772 4635951.144289 1302446942.0
445503.094140 4635978.238104 1302446945.0
445502.366538 4636002.449021 1302446948.0
445511.729503 4636022.252423 1302446952.0
445538.951544 4636022.599389 1302446956.0
445565.010149 4636022.733284 1302446959.0
445594.143291 4636023.398957 1302446962.0
445624.188370 4636023.946753 1302446965.0
445654.317270 4636024.605070 1302446968.0
445674.981243 4636024.669498 1302446970.0
445695.895852 4636024.954141 1302446972.0
445716.643649 4636025.129084 1302446974.0
445737.727598 4636025.856695 1302446976.0
445759.057102 4636026.138363 1302446978.0
445780.467894 4636026.197409 1302446980.0
445801.048874 4636026.262834 1302446982.0
445830.763675 4636027.036082 1302446985.0
445858.650353 4636027.490248 1302446988.0
445884.545483 4636027.959655 1302446991.0
445911.105298 4636028.535142 1302446994.0
445939.992788 4636029.648228 1302446997.0
445960.667681 4636031.156838 1302446999.0
445982.340862 4636032.991038 1302447001.0
446004.257922 4636034.157252 1302447003.0
446025.835479 4636034.326805 1302447005.0
446047.319119 4636033.053697 1302447007.0
446068.970408 4636032.001452 1302447009.0
446090.795229 4636031.947262 1302447011.0
446112.537067 4636031.893767 1302447013.0
446133.948660 4636032.064902 1302447015.0
446155.194290 4636032.237357 1302447017.0
446175.777748 4636032.636946 1302447019.0
446204.821899 4636032.528552 1302447022.0
446232.768858 4636029.985822 1302447025.0
446258.870987 4636024.903350 1302447028.0
446281.079741 4636020.738607 1302447031.0
446296.127976 4636002.415630 1302447035.0
446296.792036 4635980.425989 1302447038.0
446297.167812 4635953.219947 1302447041.0
446297.591308 4635932.342457 1302447043.0
446297.595711 4635910.912959 1302447045.0
446297.604302 4635890.038598 1302447047.0
446297.361434 4635868.833033 1302447049.0
446297.449662 4635847.513939 1302447051.0
446297.708881 4635826.859757 1302447053.0
446298.164318 4635799.208988 1302447056.0
446298.239161 4635776.113462 1302447059.0
446300.390284 4635753.224350 1302447071.0
446301.395544 4635732.453515 1302447074.0
446302.110008 4635706.133199 1302447077.0
446302.132981 4635676.153994 1302447080.0
446301.979816 4635655.836027 1302447082.0
446302.334736 4635625.854322 1302447085.0
446302.430531 4635605.534480 1302447087.0
446302.609315 4635585.214014 1302447089.0
446302.392550 4635556.457989 1302447092.0
446302.214284 4635532.809213 1302447095.0
446301.628616 4635510.162809 1302447104.0
446301.970870 4635489.508014 1302447108.0
446302.718859 4635467.628793 1302447111.0
446303.094733 4635440.422774 1302447114.0
446303.452201 4635410.774160 1302447117.0
446303.799494 4635390.785530 1302447119.0
446304.157809 4635361.247946 1302447122.0
446304.446531 4635333.487422 1302447125.0
446305.000962 4635307.945564 1302447128.0
446305.166392 4635285.848674 1302447131.0
446305.595858 4635265.748395 1302447135.0
446306.107480 4635245.536465 1302447145.0
446306.849668 4635222.880064 1302447149.0
446309.510687 4635201.541603 1302447153.0
446310.933555 4635181.100741 1302447156.0
446310.980884 4635154.341345 1302447159.0
446311.669558 4635124.579217 1302447162.0
446312.015234 4635104.368543 1302447164.0
446312.526897 4635084.156618 1302447166.0
446313.040238 4635064.166749 1302447168.0
446313.567136 4635034.961011 1302447171.0
446313.747680 4635014.862617 1302447173.0
446314.276263 4634985.878936 1302447176.0
446314.738591 4634959.116421 1302447179.0
446315.115422 4634932.021453 1302447182.0
446315.886314 4634902.147683 1302447185.0
446316.067713 4634882.160321 1302447187.0
446316.580256 4634862.059431 1302447189.0
446317.089457 4634841.514434 1302447191.0
446317.514831 4634820.859036 1302447193.0
446317.439728 4634799.874309 1302447195.0
446317.529780 4634778.777306 1302447197.0
446317.292034 4634758.237939 1302447199.0
446317.805435 4634738.248080 1302447201.0
446317.291099 4634714.046701 1302447204.0
446310.568754 4634692.112761 1302447216.0
446285.664784 4634691.634253 1302447220.0
446261.763465 4634692.036537 1302447223.0
446235.125777 4634692.792647 1302447226.0
446208.649895 4634692.992469 1302447229.0
446184.414919 4634693.175465 1302447232.0
446160.844753 4634693.464553 1302447236.0
446140.258265 4634693.175998 1302447242.0
446120.085918 4634692.773339 1302447245.0
446095.431755 4634692.404640 1302447248.0
446068.955867 4634692.604981 1302447251.0
446042.475775 4634692.250286 1302447254.0
446016.658809 4634691.779631 1302447257.0
445995.244863 4634691.830865 1302447260.0
445974.950277 4634697.203277 1302447267.0
445974.563761 4634722.854915 1302447272.0
445975.306362 4634744.167691 1302447275.0
445974.909750 4634768.487007 1302447278.0
445974.586877 4634791.584398 1302447281.0
445974.017549 4634815.016759 1302447285.0
445986.105194 4634832.912524 1302447292.0
446011.240867 4634831.167554 1302447297.0
446034.966479 4634829.544385 1302447301.0
446054.983386 4634831.391408 1302447305.0
446060.297173 4634853.557852 1302447310.0
446041.812315 4634867.688019 1302447315.0
446020.125522 4634864.521285 1302447321.0
