446299.200621 4635265.130399 1303596032.0
446300.031632 4635243.250560 1303596055.0
446284.329879 4635230.155960 1303596060.0
446261.093452 4635230.442230 1303596063.0
446240.929340 4635230.927458 1303596065.0
446218.772626 4635231.316753 1303596067.0
446196.203478 4635232.042331 1303596069.0
446174.211070 4635232.208456 1303596071.0
446146.077386 4635232.421070 1303596074.0
446122.760493 4635233.041500 1303596078.0
446102.020499 4635234.197678 1303596091.0
446076.706807 4635234.167165 1303596094.0
446055.960096 4635234.435260 1303596096.0
446035.712168 4635234.810671 1303596098.0
446006.665597 4635235.030751 1303596101.0
445986.500661 4635235.405673 1303596104.0
445974.198632 4635254.818775 1303596110.0
445974.582681 4635283.573530 1303596114.0
445973.823036 4635303.787383 1303596116.0
445973.413035 4635326.330287 1303596118.0
445973.170701 4635349.093988 1303596120.0
445972.676036 4635371.415469 1303596122.0
445972.266890 4635394.069403 1303596124.0
445971.768866 4635415.946777 1303596126.0
445971.015146 4635436.937824 1303596128.0
445969.401622 4635464.930503 1303596131.0
445966.153246 4635485.274272 1303596134.0
445945.423691 4635498.644526 1303596138.0
445922.257636 4635497.154846 1303596141.0
445892.619414 4635495.825431 1303596144.0
445870.871712 4635495.324447 1303596146.0
445848.712445 4635495.270792 1303596148.0
445827.133243 4635495.101761 1303596150.0
445805.804689 4635495.152955 1303596152.0
445784.894451 4635495.645164 1303596154.0
445764.309401 4635495.246690 1303596156.0
445738.498690 4635495.221179 1303596159.0
445716.765350 4635496.608126 1303596165.0
445690.282279 4635495.477577 1303596170.0
445661.556003 4635494.031136 1303596173.0
445641.384177 4635493.407798 1303596175.0
445612.248876 4635492.741912 1303596178.0
445584.365162 4635492.954853 1303596181.0
445559.974548 4635494.140511 1303596184.0
445539.169367 4635497.519512 1303596190.0
445517.518200 4635498.795406 1303596195.0
445493.792360 4635500.087240 1303596199.0
445473.139602 4635501.688731 1303596218.0
445445.986647 4635499.786982 1303596222.0
445415.862300 4635500.017742 1303596225.0
445393.868995 4635499.964230 1303596227.0
445370.788340 4635498.808788 1303596229.0
445346.632250 4635498.105806 1303596231.0
445322.388905 4635496.848406 1303596233.0
445298.312378 4635495.700842 1303596235.0
445273.577061 4635495.224623 1303596237.0
445248.757045 4635494.527072 1303596239.0
445224.267265 4635493.605002 1303596241.0
445199.945159 4635492.903793 1303596243.0
445175.461346 4635492.759080 1303596245.0
445151.642283 4635492.720367 1303596247.0
445128.650525 4635492.342259 1303596249.0
445105.906871 4635491.851280 1303596251.0
445082.666144 4635491.475240 1303596253.0
445059.004482 4635490.325285 1303596255.0
445034.266546 4635489.516814 1303596257.0
445009.863124 4635489.038949 1303596259.0
444985.878063 4635489.002071 1303596261.0
444962.725448 4635489.291943 1303596263.0
444942.390971 4635489.115975 1303596265.0
444919.401754 4635489.071624 1303596268.0
444895.478205 4635486.258730 1303596288.0
444870.733352 4635484.562609 1303596292.0
444842.845280 4635484.223317 1303596295.0
444813.216187 4635484.119689 1303596298.0
444785.245979 4635483.892292 1303596301.0
444761.926508 4635484.073077 1303596304.0
444741.426887 4635484.009995 1303596310.0
444720.850309 4635484.724807 1303596330.0
444695.715458 4635486.252302 1303596333.0
444665.493375 4635484.599418 1303596336.0
444643.404910 4635482.994487 1303596338.0
444621.154774 4635481.946050 1303596340.0
444599.658426 4635481.780091 1303596342.0
444579.241777 4635481.716831 1303596344.0
444549.365417 4635481.838291 1303596347.0
444523.147422 4635482.819657 1303596350.0
444503.060991 4635482.531976 1303596355.0
444479.161460 4635482.829239 1303596360.0
444451.023507 4635482.382393 1303596363.0
444428.861514 4635482.000073 1303596365.0
444405.127955 4635482.296289 1303596367.0
444381.894922 4635482.921778 1303596369.0
444359.256679 4635485.319241 1303596371.0
444338.758773 4635485.479373 1303596373.0
444314.773657 4635485.444754 1303596376.0
444293.602301 4635484.388907 1303596381.0
444271.314751 4635478.567394 1303596385.0
444248.716935 4635475.524227 1303596389.0
444220.578054 4635474.967264 1303596392.0
444193.194752 4635475.514833 1303596395.0
444165.827117 4635478.060996 1303596398.0
444143.347929 4635479.569627 1303596401.0
444123.466620 4635484.277938 1303596407.0
