444710.600630 4635479.363693 1303664688.0
444684.872780 4635479.341354 1303664708.0
444663.039304 4635478.511619 1303664711.0
444638.382520 4635477.481823 1303664714.0
444611.989031 4635477.242853 1303664717.0
444584.180433 4635476.459819 1303664720.0
444556.204987 4635475.567158 1303664723.0
444530.062176 4635475.548608 1303664726.0
444508.071335 4635475.830911 1303664729.0
444483.937528 4635478.017559 1303664738.0
444458.864902 4635476.880591 1303664742.0
444434.535691 4635475.293776 1303664745.0
444407.974466 4635474.834802 1303664748.0
444380.520311 4635476.936679 1303664751.0
444353.637543 4635477.812825 1303664754.0
444327.990916 4635477.569072 1303664757.0
444305.994871 4635477.185836 1303664760.0
444284.571051 4635475.687853 1303664766.0
444259.924605 4635475.991693 1303664770.0
444234.956638 4635477.630542 1303664773.0
444207.333080 4635479.290277 1303664776.0
444179.887687 4635482.503200 1303664779.0
444155.372991 4635489.024273 1303664782.0
444131.611320 4635496.316763 1303664786.0
444118.698881 4635479.540874 1303664793.0
444098.734817 4635473.701672 1303664801.0
444078.636992 4635471.971834 1303664804.0
444054.061309 4635470.721354 1303664807.0
444027.156727 4635468.823053 1303664810.0
443999.928033 4635467.926707 1303664813.0
443973.530953 4635467.245993 1303664816.0
443949.707360 4635466.656161 1303664819.0
443925.397197 4635467.513682 1303664823.0
443903.491060 4635468.019253 1303664848.0
443877.010977 4635467.339550 1303664852.0
443852.441357 4635466.866955 1303664855.0
443824.884172 4635466.418003 1303664858.0
443795.415636 4635465.651135 1303664861.0
443775.082757 4635465.700552 1303664863.0
443754.583025 4635465.640310 1303664865.0
443733.668353 4635465.583404 1303664867.0
443713.001765 4635465.413565 1303664869.0
443692.253065 4635465.355470 1303664871.0
443662.207098 4635465.037853 1303664874.0
443632.740284 4635464.493712 1303664877.0
443604.521795 4635464.383947 1303664880.0
443578.383275 4635464.924025 1303664883.0
443554.165794 4635467.003455 1303664886.0
443529.852135 4635467.418217 1303664890.0
443507.365969 4635468.040638 1303664906.0
443480.142457 4635467.812441 1303664910.0
443455.395355 4635465.899179 1303664913.0
443428.319289 4635463.338292 1303664916.0
443399.414822 4635460.458932 1303664919.0
443370.279900 4635459.913239 1303664922.0
443343.059875 4635460.129675 1303664925.0
443318.324186 4635459.660241 1303664928.0
443295.245598 4635458.844600 1303664932.0
443273.338560 4635459.241082 1303664949.0
443250.982089 4635455.310875 1303664953.0
443230.889273 4635454.249590 1303664956.0
443208.891267 4635453.647686 1303664959.0
443185.814412 4635453.054453 1303664963.0
443164.762038 4635456.553411 1303664970.0
443138.614632 4635455.984830 1303664974.0
443114.957746 4635455.507492 1303664977.0
443092.379698 4635455.021613 1303664980.0
443068.985076 4635456.207847 1303664984.0
443062.272782 4635478.246282 1303664989.0
443063.773626 4635499.885974 1303664992.0
443063.063093 4635525.207473 1303664995.0
443062.635249 4635554.746017 1303664998.0
443061.710382 4635584.399570 1303665001.0
443062.193627 4635613.708767 1303665004.0
443062.163869 4635641.134481 1303665007.0
443061.149826 4635670.011511 1303665010.0
443061.817246 4635691.213733 1303665012.0
443062.402567 4635712.527646 1303665014.0
443062.073279 4635733.626802 1303665016.0
443061.166652 4635755.174711 1303665018.0
443060.675842 4635776.830332 1303665020.0
443059.853100 4635798.488606 1303665022.0
443059.437296 4635819.144320 1303665024.0
443059.018833 4635839.466952 1303665026.0
443058.849324 4635859.787595 1303665028.0
443058.828931 4635898.760820 1303665032.0
443059.461301 4635925.959185 1303665035.0
443059.657456 4635950.496214 1303665038.0
443058.339523 4635972.491557 1303665041.0
443056.758452 4635992.712455 1303665047.0
443077.084073 4636002.321011 1303665053.0
443099.566764 4636001.475159 1303665056.0
443124.045451 4636001.168612 1303665059.0
443150.189087 4636001.515066 1303665062.0
443176.576349 4636001.193465 1303665065.0
443200.812288 4636001.666359 1303665068.0
443221.982329 4636002.718946 1303665071.0
443242.222755 4636001.669351 1303665081.0
443263.294771 4636000.835258 1303665086.0
443285.453508 4636000.991884 1303665089.0
443311.762206 4636001.226581 1303665092.0
443340.230188 4636001.666267 1303665095.0
443370.107086 4636001.872796 1303665098.0
443399.569071 4636002.082748 1303665101.0
443426.372997 4636001.980830 1303665104.0
443449.030489 4636002.245037 1303665108.0
443472.851482 4636002.722150 1303665114.0
443494.842473 4636002.658689 1303665117.0
443520.734475 4636002.675396 1303665120.0
443549.285405 4636003.115259 1303665123.0
443569.539056 4636003.732004 1303665125.0
443590.372694 4636004.233179 1303665127.0
443611.454394 4636004.621416 1303665129.0
443632.701175 4636004.897375 1303665131.0
443654.279000 4636005.059745 1303665133.0
443675.607001 4636005.113121 1303665135.0
443696.852897 4636005.278244 1303665137.0
443717.933704 4636005.555770 1303665139.0
443738.431885 4636005.615891 1303665141.0
443767.726978 4636005.717649 1303665144.0
443794.452270 4636006.172908 1303665147.0
443818.674101 4636004.871467 1303665150.0
443843.297716 4636001.901428 1303665154.0
443864.057822 4635993.077113 1303665161.0
443867.575871 4635965.623949 1303665165.0
443868.200945 4635939.637031 1303665168.0
443868.798903 4635910.208270 1303665171.0
443869.214416 4635889.219542 1303665173.0
443869.539950 4635867.343251 1303665175.0
443869.699522 4635845.468269 1303665177.0
443869.940330 4635823.370579 1303665179.0
443871.180447 4635801.709152 1303665181.0
443873.009335 4635781.042393 1303665183.0
443874.614529 4635753.049147 1303665186.0
443876.115004 4635732.829116 1303665189.0
443893.525069 4635720.034073 1303665193.0
443913.929711 4635718.652007 1303665196.0
443935.585250 4635718.037393 1303665199.0
443955.740949 4635716.657407 1303665202.0
443979.813533 4635717.356320 1303665215.0
444003.890475 4635718.610450 1303665219.0
444026.389824 4635719.766024 1303665222.0
444048.634977 4635720.257462 1303665225.0
444071.302896 4635721.744955 1303665229.0
444093.708778 4635721.569067 1303665235.0
444114.205141 4635721.297196 1303665238.0
444138.521414 4635721.328529 1303665241.0
444164.665091 4635721.567688 1303665244.0
444191.637741 4635721.689414 1303665247.0
444225.920870 4635722.753304 1303665251.0
444252.647164 4635723.210292 1303665254.0
444281.233855 4635728.094188 1303665257.0
444310.116854 4635728.423487 1303665260.0
444339.326582 4635728.084146 1303665263.0
444368.788732 4635728.187090 1303665266.0
444397.253331 4635728.075874 1303665269.0
444424.563940 4635728.973081 1303665272.0
444449.462791 4635729.222997 1303665275.0
444469.796620 4635729.397553 1303665279.0
444480.912051 4635707.437221 1303665285.0
444480.654263 4635685.010374 1303665288.0
444480.609952 4635658.029473 1303665291.0
444480.711712 4635628.493654 1303665294.0
444480.720192 4635608.285413 1303665296.0
444480.727808 4635587.966146 1303665298.0
444480.902264 4635567.756613 1303665300.0
444481.508014 4635538.994108 1303665303.0
444481.714412 4635512.233327 1303665306.0
444481.786854 4635489.581846 1303665309.0
444488.600334 4635469.320578 1303665316.0
444509.995579 4635467.155278 1303665320.0
444533.736103 4635467.747629 1303665323.0
444561.293189 4635468.199323 1303665326.0
444589.757953 4635467.977859 1303665329.0
444619.467531 4635467.746832 1303665332.0
444647.264079 4635466.975624 1303665335.0
