443910.220994 4635479.513803 1302221210.0
443883.305901 4635476.283718 1302221213.0
443862.129181 4635474.562989 1302221215.0
443838.393836 4635474.639039 1302221217.0
443814.330043 4635475.161895 1302221219.0
443790.845413 4635475.458195 1302221221.0
443767.525883 4635475.642234 1302221223.0
443743.536314 4635475.054402 1302221225.0
443720.049051 4635475.017853 1302221227.0
443698.713323 4635474.187138 1302221229.0
443669.732187 4635472.084529 1302221232.0
443640.682098 4635471.759129 1302221235.0
443612.394713 4635473.426425 1302221238.0
443586.763824 4635475.183830 1302221241.0
443564.507294 4635473.361501 1302221244.0
443541.906481 4635469.987492 1302221267.0
443521.405867 4635469.816893 1302221270.0
443496.591649 4635469.902636 1302221273.0
443466.706367 4635468.918364 1302221276.0
443443.377108 4635467.882165 1302221278.0
443418.556707 4635467.190989 1302221280.0
443394.311921 4635465.829120 1302221282.0
443371.142435 4635464.014648 1302221284.0
443350.125323 4635461.516929 1302221286.0
443321.549230 4635458.191136 1302221289.0
443301.035310 4635456.355764 1302221292.0
443279.394025 4635458.859762 1302221309.0
443256.596229 4635462.039243 1302221314.0
443227.726183 4635463.490639 1302221317.0
443206.974793 4635463.100875 1302221319.0
443180.906863 4635462.087369 1302221322.0
443155.426040 4635461.846513 1302221328.0
443119.410185 4635462.245030 1302221332.0
443098.155531 4635461.193396 1302221334.0
443074.575434 4635459.938338 1302221337.0
443061.020867 4635477.368014 1302221354.0
443061.050126 4635501.795325 1302221357.0
443060.976877 4635523.780702 1302221359.0
443060.516206 4635549.211239 1302221361.0
443058.914142 4635577.204691 1302221363.0
443058.232928 4635606.190092 1302221365.0
443057.127919 4635634.068539 1302221367.0
443056.077505 4635658.393453 1302221369.0
443055.304458 4635686.269250 1302221372.0
443055.015129 4635712.364631 1302221375.0
443054.913076 4635741.123341 1302221378.0
443054.589139 4635762.888662 1302221380.0
443054.931742 4635784.981758 1302221382.0
443055.786449 4635808.847310 1302221384.0
443056.231560 4635833.382345 1302221386.0
443056.513367 4635858.251788 1302221388.0
443056.715741 4635883.566005 1302221390.0
443057.750606 4635909.206671 1302221392.0
443058.866673 4635934.624620 1302221394.0
443059.148476 4635959.494068 1302221396.0
443060.011603 4635994.796101 1302221399.0
443063.173789 4636016.644596 1302221402.0
443087.503318 4636018.448768 1302221406.0
443118.103063 4636015.650535 1302221409.0
443143.581023 4636015.780211 1302221411.0
443171.306565 4636016.780319 1302221413.0
443197.273551 4636015.795942 1302221415.0
443217.760226 4636014.411210 1302221417.0
443238.485235 4636011.692226 1302221421.0
443264.873342 4636011.481980 1302221436.0
443295.504995 4636012.681492 1302221439.0
443320.401197 4636012.705397 1302221441.0
443346.624217 4636012.607802 1302221443.0
443372.515311 4636012.512942 1302221445.0
443396.663793 4636012.432025 1302221447.0
443416.822991 4636011.605640 1302221449.0
443440.735755 4636013.192259 1302221453.0
443461.262133 4636016.804456 1302221461.0
443487.409197 4636017.596255 1302221464.0
443510.063992 4636017.527574 1302221466.0
443535.955939 4636017.544335 1302221468.0
443564.999417 4636017.314150 1302221470.0
443595.370597 4636017.073569 1302221472.0
443625.824757 4636016.832461 1302221474.0
443655.365244 4636016.487677 1302221476.0
443683.249616 4636016.600246 1302221478.0
443709.970492 4636016.500052 1302221480.0
443735.197702 4636016.411757 1302221482.0
443759.346153 4636016.332069 1302221484.0
443782.416722 4636016.372005 1302221486.0
443802.589950 4636017.323148 1302221488.0
443825.739992 4636016.918461 1302221491.0
443846.121890 4636012.760510 1302221503.0
443861.683733 4635997.204089 1302221509.0
443863.733473 4635972.982486 1302221512.0
443865.148248 4635952.430017 1302221514.0
443866.128871 4635929.438219 1302221517.0
443867.427433 4635904.667370 1302221525.0
443869.452729 4635877.337011 1302221528.0
443870.682332 4635854.343255 1302221530.0
443871.482154 4635829.465306 1302221532.0
443873.106573 4635803.914656 1302221534.0
443875.637707 4635777.579625 1302221536.0
443875.870668 4635754.482693 1302221538.0
443877.515246 4635731.485674 1302221541.0
443898.463145 4635725.324816 1302221545.0
443924.542200 4635727.895319 1302221548.0
443951.177667 4635727.352585 1302221551.0
443971.832124 4635726.079753 1302221555.0
443994.860790 4635731.228291 1302221577.0
444021.776610 4635734.680842 1302221580.0
444050.920776 4635736.561515 1302221583.0
444071.763853 4635738.174377 1302221586.0
444095.678219 4635739.874229 1302221590.0
444118.920858 4635740.580124 1302221593.0
444147.886810 4635740.908114 1302221596.0
444171.799404 4635742.386167 1302221598.0
444197.114895 4635742.854003 1302221600.0
444221.183875 4635743.109621 1302221602.0
444243.673539 4635743.044581 1302221604.0
444264.996208 4635742.322539 1302221606.0
444286.403600 4635741.821967 1302221608.0
444308.814622 4635742.312917 1302221610.0
444330.978420 4635743.027939 1302221612.0
444353.218259 4635742.854163 1302221614.0
444374.629120 4635742.797964 1302221616.0
444395.542073 4635742.745717 1302221618.0
444416.375507 4635743.138287 1302221620.0
444444.018858 4635744.144005 1302221623.0
444464.355241 4635744.651626 1302221628.0
444478.004308 4635728.334267 1302221640.0
444477.326393 4635705.244490 1302221643.0
444478.739547 4635684.248061 1302221645.0
444480.117232 4635658.699517 1302221647.0
444481.475026 4635630.597350 1302221649.0
444482.738598 4635601.052477 1302221651.0
444483.008077 4635571.737422 1302221653.0
444483.121971 4635543.755988 1302221655.0
444483.342219 4635518.771641 1302221657.0
444483.066276 4635494.013231 1302221660.0
444483.044488 4635469.919044 1302221675.0
444484.417058 4635443.704347 1302221678.0
444485.633180 4635418.712244 1302221680.0
444486.158585 4635390.283475 1302221682.0
444486.008837 4635360.416527 1302221684.0
444486.187588 4635330.102886 1302221686.0
444486.387973 4635302.564924 1302221688.0
444486.532192 4635278.469451 1302221690.0
444486.522546 4635255.929652 1302221693.0
