443208.145344 4635193.500443 1302985310.0
443235.621558 4635194.058709 1302985320.0
443263.842033 4635194.278050 1302985323.0
443286.503876 4635194.763819 1302985325.0
443313.313496 4635194.994588 1302985327.0
443342.200536 4635195.542038 1302985329.0
443371.777972 4635199.415143 1302985331.0
443401.358902 4635203.732479 1302985333.0
443431.094315 4635206.605266 1302985335.0
443461.313549 4635207.697791 1302985337.0
443492.023670 4635207.898278 1302985339.0
443522.483936 4635207.989843 1302985341.0
443551.950947 4635208.422511 1302985343.0
443580.256962 4635208.975529 1302985345.0
443608.153289 4635210.198107 1302985347.0
443635.553416 4635211.646788 1302985349.0
443662.364694 4635212.100923 1302985351.0
443687.508254 4635211.569035 1302985353.0
443710.905502 4635210.606896 1302985355.0
443731.646173 4635209.554782 1302985357.0
443758.774509 4635208.119198 1302985360.0
443781.253618 4635206.498334 1302985363.0
443805.969985 4635204.415759 1302985367.0
443826.612810 4635201.477115 1302985375.0
443848.435901 4635200.860943 1302985381.0
443872.254273 4635200.673255 1302985384.0
443901.217203 4635200.334100 1302985387.0
443922.215635 4635200.390852 1302985389.0
443945.370079 4635200.208634 1302985391.0
443970.518924 4635200.343908 1302985393.0
444011.363503 4635201.688311 1302985396.0
444039.671220 4635202.465209 1302985398.0
444068.141424 4635202.796807 1302985400.0
444095.613120 4635202.803252 1302985402.0
444121.920331 4635202.485835 1302985404.0
444147.314643 4635202.175671 1302985406.0
444171.298113 4635201.876654 1302985408.0
444191.880700 4635201.826425 1302985410.0
444216.770114 4635200.632193 1302985413.0
444237.681190 4635200.135389 1302985417.0
444257.768440 4635200.422330 1302985445.0
444278.685596 4635200.702836 1302985448.0
444307.401279 4635200.589334 1302985451.0
444329.895255 4635200.857664 1302985453.0
444355.214383 4635201.548134 1302985455.0
444381.691042 4635201.674488 1302985457.0
444406.009938 4635201.817778 1302985459.0
444427.008334 4635201.876018 1302985461.0
444450.994397 4635201.911024 1302985464.0
444472.489870 4635201.854488 1302985469.0
444494.235180 4635201.907104 1302985487.0
444516.811260 4635202.064351 1302985490.0
444547.523024 4635202.491441 1302985493.0
444571.260969 4635202.639817 1302985495.0
444597.237934 4635202.548791 1302985497.0
444623.296163 4635202.235162 1302985499.0
444648.943752 4635202.479987 1302985501.0
444673.839248 4635202.064542 1302985503.0
444698.899865 4635201.536868 1302985505.0
444724.052950 4635202.229937 1302985507.0
444750.618594 4635203.134208 1302985509.0
444779.010024 4635204.024425 1302985511.0
444807.980660 4635204.688201 1302985513.0
444836.035811 4635205.026082 1302985515.0
444863.175483 4635205.038057 1302985517.0
444889.151566 4635204.837069 1302985519.0
444914.053921 4635205.310680 1302985521.0
444937.050060 4635206.132212 1302985523.0
444958.051843 4635206.636125 1302985525.0
444978.473546 4635207.255614 1302985527.0
444999.726864 4635208.090808 1302985529.0
445020.977606 4635208.592985 1302985531.0
445041.310308 4635208.436104 1302985533.0
445061.481310 4635208.835697 1302985535.0
445082.412062 4635210.894995 1302985537.0
445105.333718 4635212.827981 1302985539.0
445129.323977 4635213.420405 1302985541.0
445152.982267 4635214.015466 1302985543.0
445176.306882 4635214.391106 1302985545.0
445198.716889 4635214.551790 1302985547.0
445219.712639 4635214.279284 1302985549.0
445244.110149 4635213.869661 1302985552.0
445264.364105 4635214.269190 1302985555.0
445290.768734 4635215.842911 1302985558.0
445312.683342 4635216.340859 1302985560.0
445336.668447 4635216.267819 1302985562.0
445360.905078 4635216.526031 1302985564.0
445385.057013 4635216.562908 1302985566.0
445408.626312 4635216.382264 1302985568.0
445431.863648 4635216.204241 1302985570.0
445455.602327 4635216.466589 1302985572.0
445480.004078 4635216.612909 1302985574.0
445505.322967 4635217.307465 1302985576.0
445530.971265 4635217.666491 1302985578.0
445555.450905 4635217.146272 1302985580.0
445575.935130 4635215.102189 1302985582.0
445598.179123 4635215.265397 1302985585.0
445618.770084 4635216.329561 1302985593.0
445644.105894 4635219.245151 1302985599.0
445670.342723 4635220.599491 1302985603.0
445696.498242 4635222.176613 1302985607.0
445718.582991 4635223.229679 1302985611.0
445738.597201 4635224.853751 1302985635.0
