446289.208420 4635491.935930 1302213512.0
446302.181467 4635473.406581 1302213530.0
446300.757553 4635449.656164 1302213533.0
446299.777027 4635429.677542 1302213535.0
446299.617172 4635408.471366 1302213537.0
446299.874770 4635387.595145 1302213539.0
446299.964721 4635366.498121 1302213541.0
446299.546697 4635344.072527 1302213543.0
446298.215791 4635321.653814 1302213545.0
446297.311543 4635300.786354 1302213547.0
446296.628641 4635276.253124 1302213550.0
446299.049005 4635256.026805 1302213566.0
446288.124709 4635238.121751 1302213593.0
446264.949525 4635235.520680 1302213596.0
446234.070478 4635234.865387 1302213599.0
446211.072977 4635233.817616 1302213601.0
446186.336029 4635233.227193 1302213603.0
446161.100294 4635232.529591 1302213605.0
446136.033891 4635232.274932 1302213607.0
446111.966727 4635232.456936 1302213609.0
446088.900486 4635233.297648 1302213611.0
446067.078262 4635234.017983 1302213613.0
446046.660148 4635233.839484 1302213615.0
446019.518983 4635233.600948 1302213618.0
445998.933201 4635233.201789 1302213621.0
445976.019479 4635232.265175 1302213636.0
445949.206893 4635231.580281 1302213640.0
445924.552047 4635230.879109 1302213643.0
445897.987575 4635230.081491 1302213646.0
445869.516006 4635229.520528 1302213649.0
445840.878450 4635228.960941 1302213652.0
445812.656684 4635228.509340 1302213655.0
445785.760222 4635227.714665 1302213658.0
445759.029733 4635226.918827 1302213661.0
445730.059344 4635226.251186 1302213664.0
445700.337802 4635225.034220 1302213667.0
445672.111768 4635224.028040 1302213670.0
445645.620052 4635221.898404 1302213673.0
445624.626024 4635222.391709 1302213676.0
445602.975704 4635223.889389 1302213681.0
445582.881008 4635222.599413 1302213686.0
445558.064334 4635222.455912 1302213699.0
445534.495061 4635222.636062 1302213702.0
445509.344723 4635222.273214 1302213705.0
445479.381788 4635222.058317 1302213708.0
445455.228177 4635221.799066 1302213710.0
445429.745016 4635221.328014 1302213712.0
445403.101685 4635221.088011 1302213714.0
445375.460763 4635220.633690 1302213716.0
445345.911055 4635220.194118 1302213718.0
445315.199476 4635219.763587 1302213720.0
445285.076497 4635220.327971 1302213722.0
445256.200938 4635221.215998 1302213724.0
445230.639026 4635221.301431 1302213726.0
445208.061354 4635220.919869 1302213728.0
445181.414583 4635220.236587 1302213731.0
445160.163041 4635219.622905 1302213735.0
445138.163724 4635218.904012 1302213742.0
445114.922111 4635218.527858 1302213745.0
445084.375618 4635217.986016 1302213748.0
445060.549637 4635217.170409 1302213750.0
445034.731877 4635216.370248 1302213752.0
445007.341574 4635216.137487 1302213754.0
444979.533743 4635215.574955 1302213756.0
444952.721792 4635215.004837 1302213758.0
444926.074957 4635214.322509 1302213760.0
444900.092041 4635213.635146 1302213762.0
444874.939883 4635213.052483 1302213764.0
444851.282409 4635212.569372 1302213766.0
444830.862424 4635212.172302 1302213768.0
444805.878812 4635211.921679 1302213771.0
444780.730937 4635211.894484 1302213775.0
444759.812999 4635211.501478 1302213783.0
444736.740746 4635211.569378 1302213799.0
444711.264350 4635211.989112 1302213802.0
444689.936623 4635212.265694 1302213804.0
444666.121766 4635212.894757 1302213806.0
444640.147430 4635213.318613 1302213808.0
444612.429429 4635213.645086 1302213810.0
444585.294955 4635214.300229 1302213812.0
444560.981300 4635214.822490 1302213814.0
444539.736570 4635215.098875 1302213816.0
444516.251960 4635215.503802 1302213819.0
444494.673539 4635215.560852 1302213838.0
444483.950582 4635234.742226 1302213843.0
444482.386018 4635257.627394 1302213846.0
444481.049670 4635277.845971 1302213848.0
444479.452324 4635307.171361 1302213851.0
444475.930667 4635334.513141 1302213854.0
444472.486837 4635361.188114 1302213857.0
444471.520577 4635386.289304 1302213860.0
444472.449210 4635409.599183 1302213863.0
444472.359482 4635430.030119 1302213867.0
444475.254723 4635450.104687 1302213880.0
444465.117427 4635469.836709 1302213890.0
444436.984617 4635470.056081 1302213894.0
444407.660521 4635466.509708 1302213897.0
444386.073321 4635465.345796 1302213899.0
444364.654690 4635464.513735 1302213901.0
444343.906027 4635464.453742 1302213903.0
