446304.359523 4635255.875743 1303943518.0
446290.126516 4635239.439060 1303943539.0
446262.298027 4635236.095846 1303943543.0
446233.994191 4635235.754230 1303943546.0
446212.494708 4635235.250317 1303943548.0
446191.410171 4635234.743334 1303943550.0
446165.261550 4635234.052613 1303943553.0
446144.178683 4635233.767824 1303943557.0
446123.843564 4635233.588477 1303943574.0
446100.935747 4635233.428651 1303943578.0
446076.449433 4635233.058779 1303943581.0
446048.887431 4635232.046082 1303943584.0
446026.392872 4635231.661299 1303943587.0
446003.315694 4635231.058936 1303943591.0
445982.234487 4635230.996681 1303943594.0
445959.761814 4635233.498812 1303943598.0
445938.167505 4635231.441977 1303943614.0
445917.416570 4635231.155340 1303943617.0
445892.430600 4635230.567827 1303943620.0
445862.715865 4635230.238400 1303943624.0
445842.541632 4635229.392432 1303943630.0
445816.472549 4635228.258251 1303943653.0
445792.816088 4635227.883042 1303943656.0
445765.588505 4635227.201995 1303943659.0
445735.454561 4635226.321123 1303943662.0
445714.041363 4635226.262189 1303943664.0
445692.047230 4635226.207749 1303943666.0
445669.716902 4635225.600772 1303943668.0
445647.136750 4635224.884738 1303943670.0
445623.813916 4635224.729612 1303943672.0
445599.827157 4635224.579631 1303943674.0
445575.758253 4635224.541392 1303943676.0
445551.605508 4635224.392842 1303943678.0
445527.120800 4635224.246912 1303943680.0
445502.055157 4635224.105510 1303943682.0
445476.240898 4635223.747858 1303943684.0
445449.760161 4635223.062302 1303943686.0
445422.618046 4635222.715012 1303943688.0
445395.308243 4635222.147043 1303943690.0
445368.249109 4635221.799324 1303943692.0
445341.853893 4635221.446614 1303943694.0
445315.539960 4635220.871310 1303943696.0
445288.729782 4635220.521982 1303943698.0
445261.253971 4635219.955801 1303943700.0
445234.278657 4635219.718980 1303943702.0
445208.214527 4635219.253186 1303943704.0
445185.053350 4635218.543084 1303943706.0
445156.499494 4635218.096635 1303943709.0
445132.426265 4635217.504759 1303943713.0
445107.779796 4635217.916683 1303943738.0
445079.808572 4635217.688120 1303943742.0
445051.418968 4635217.018759 1303943745.0
445029.838006 4635216.741108 1303943747.0
445007.510983 4635216.580314 1303943749.0
444984.353196 4635216.314972 1303943751.0
444960.614472 4635216.054194 1303943753.0
444936.293094 4635215.575930 1303943755.0
444911.890439 4635215.320445 1303943757.0
444888.399817 4635214.946955 1303943759.0
444865.741675 4635214.900201 1303943761.0
444843.996428 4635214.846451 1303943763.0
444823.164075 4635214.785698 1303943765.0
444794.195204 4635214.343915 1303943768.0
444772.196675 4635213.737178 1303943771.0
444750.948501 4635213.568825 1303943778.0
444726.461969 4635213.203591 1303943799.0
444703.223739 4635213.272888 1303943802.0
444674.763136 4635214.160051 1303943805.0
444653.520993 4635214.769179 1303943807.0
444630.863699 4635214.834199 1303943809.0
444608.124277 4635215.010963 1303943811.0
444586.382468 4635215.402108 1303943813.0
444565.805121 4635216.117360 1303943815.0
444536.683205 4635217.343322 1303943818.0
444515.193834 4635218.176855 1303943821.0
444494.296647 4635220.449278 1303943842.0
444482.490498 4635239.083925 1303943848.0
444482.647966 4635259.290860 1303943851.0
444482.768302 4635285.382881 1303943854.0
444482.333669 4635314.810244 1303943857.0
444481.900774 4635344.459662 1303943860.0
444481.475596 4635364.449074 1303943862.0
444480.874140 4635393.766707 1303943865.0
444480.409248 4635419.308124 1303943868.0
444479.857913 4635444.406081 1303943872.0
444478.774910 4635465.177861 1303943884.0
444459.452740 4635477.764279 1303943891.0
444433.628024 4635475.967060 1303943895.0
444407.301035 4635473.618684 1303943899.0
444384.138825 4635472.689138 1303943903.0
444359.501910 4635474.213932 1303943907.0
444336.026829 4635475.729732 1303943911.0
444313.451601 4635475.573067 1303943915.0
444293.205234 4635476.064465 1303943921.0
444270.786425 4635474.685338 1303943927.0
444251.272598 4635483.942808 1303943934.0
444230.011283 4635481.999582 1303943936.0
444208.260725 4635481.170590 1303943938.0
444185.678546 4635480.126112 1303943940.0
444164.342042 4635479.182976 1303943942.0
444136.448643 4635478.180286 1303943945.0
444115.196854 4635477.458700 1303943951.0
444095.870987 4635489.490975 1303943960.0
444094.236956 4635513.931281 1303943964.0
444093.847742 4635538.361819 1303943967.0
444093.235714 4635566.125128 1303943970.0
444092.964352 4635594.996104 1303943973.0
444093.842598 4635622.303583 1303943976.0
444093.210544 4635647.513270 1303943979.0
444092.069256 4635671.283512 1303943982.0
444091.236389 4635692.053415 1303943985.0
444086.658752 4635711.520304 1303943992.0
444097.504957 4635729.422691 1303944003.0
444117.752343 4635729.152784 1303944009.0
444139.009476 4635730.651561 1303944034.0
444161.834604 4635731.027768 1303944037.0
444191.050413 4635731.465010 1303944040.0
444213.298988 4635732.401070 1303944042.0
444237.374086 4635733.433934 1303944044.0
444263.440805 4635734.451295 1303944046.0
444288.255800 4635734.590270 1303944048.0
444312.488164 4635734.511818 1303944050.0
444346.093446 4635733.805040 1303944053.0
444366.754872 4635733.421572 1303944055.0
444394.818395 4635735.090022 1303944058.0
444418.638428 4635735.348251 1303944061.0
444440.208350 4635734.402737 1303944066.0
444460.317450 4635737.687969 1303944072.0
444474.850793 4635717.699589 1303944078.0
444479.173603 4635697.346682 1303944081.0
444480.444936 4635668.801051 1303944084.0
444480.607268 4635647.037135 1303944086.0
444481.102412 4635625.381659 1303944088.0
444481.936427 4635604.611815 1303944090.0
444482.790268 4635575.736341 1303944093.0
444483.577573 4635548.971031 1303944096.0
444484.220544 4635524.982695 1303944099.0
444484.387229 4635503.773920 1303944103.0
444484.387941 4635482.566439 1303944109.0
444484.616852 4635458.692366 1303944113.0
444485.492367 4635432.592578 1303944116.0
444486.082659 4635412.490844 1303944118.0
444486.328888 4635390.837317 1303944120.0
444486.576850 4635369.405845 1303944122.0
444486.996850 4635348.750271 1303944124.0
444487.083167 4635327.875230 1303944126.0
444486.838393 4635307.113803 1303944128.0
444486.664496 4635284.797350 1303944130.0
444486.902955 4635262.144584 1303944132.0
444486.735982 4635240.716350 1303944134.0
444488.115552 4635215.389881 1303944137.0
444506.534244 4635203.920935 1303944141.0
444528.199147 4635204.307383 1303944144.0
444555.087279 4635203.987042 1303944147.0
444582.810500 4635204.326509 1303944150.0
444608.708784 4635204.791307 1303944153.0
444631.700663 4635205.056718 1303944156.0
444653.617109 4635205.774694 1303944161.0
