445968.741327 4635202.785470 1303492990.0
445959.283699 4635225.174929 1303493004.0
445937.075151 4635229.673731 1303493007.0
445908.440978 4635229.557981 1303493010.0
445886.772082 4635228.612202 1303493012.0
445862.616001 4635228.018489 1303493014.0
445837.054144 4635228.101747 1303493016.0
445810.825830 4635227.857065 1303493018.0
445784.263017 4635227.281924 1303493020.0
445757.618053 4635226.818542 1303493022.0
445730.475987 4635226.470079 1303493024.0
445702.334648 4635225.685202 1303493026.0
445674.525262 4635224.897904 1303493028.0
445650.023625 4635222.531010 1303493030.0
445623.214340 4635222.291450 1303493032.0
445596.408442 4635222.496099 1303493034.0
445570.761017 4635222.247865 1303493036.0
445547.023217 4635222.096160 1303493038.0
445519.799817 4635221.971188 1303493041.0
445502.378867 4635233.873989 1303493045.0
445502.581004 4635260.298436 1303493049.0
445500.541572 4635286.628999 1303493052.0
445499.867959 4635307.064333 1303493054.0
445499.291781 4635329.386495 1303493056.0
445498.395544 4635353.265576 1303493058.0
445497.501864 4635377.477740 1303493060.0
445496.687782 4635401.245161 1303493062.0
445496.530816 4635424.119287 1303493064.0
445496.534732 4635446.325982 1303493066.0
445496.786762 4635468.419745 1303493068.0
445497.288604 4635490.622631 1303493070.0
445496.046019 4635512.616797 1303493072.0
445495.635009 4635534.826669 1303493074.0
445495.148663 4635558.036422 1303493076.0
445494.917227 4635582.021460 1303493078.0
445494.691741 4635606.783689 1303493080.0
445494.719464 4635632.099150 1303493082.0
445494.412699 4635657.084070 1303493084.0
445493.939118 4635681.959235 1303493086.0
445493.708550 4635706.055305 1303493088.0
445493.804827 4635729.482673 1303493090.0
445494.388815 4635751.573906 1303493092.0
445495.078723 4635776.662238 1303493095.0
445496.395118 4635796.860295 1303493099.0
445497.916552 4635822.164334 1303493103.0
445498.288108 4635849.031645 1303493106.0
445499.197217 4635870.232124 1303493108.0
445500.701641 4635893.315623 1303493110.0
445502.379669 4635917.397097 1303493112.0
445502.895938 4635941.487461 1303493114.0
445502.726265 4635962.696198 1303493116.0
445503.405099 4635986.341186 1303493119.0
445502.987334 4636007.662856 1303493125.0
445524.352818 4636023.488268 1303493132.0
445547.910106 4636022.086760 1303493135.0
445578.027149 4636021.190373 1303493138.0
445600.682683 4636021.239368 1303493140.0
445624.173112 4636021.948263 1303493142.0
445647.909090 4636022.211228 1303493144.0
445671.728045 4636022.473638 1303493146.0
445696.291287 4636022.397352 1303493148.0
445720.445546 4636023.101503 1303493150.0
445743.518508 4636023.480873 1303493152.0
445766.342523 4636023.862212 1303493154.0
445789.250360 4636024.354020 1303493156.0
445811.325004 4636024.408106 1303493158.0
445832.486855 4636024.469203 1303493160.0
445858.960334 4636024.601018 1303493163.0
445880.212755 4636025.660870 1303493184.0
445905.938554 4636025.687507 1303493188.0
445932.917494 4636026.815060 1303493191.0
445954.086913 4636027.875763 1303493193.0
445976.748297 4636028.703144 1303493195.0
445999.330904 4636030.086363 1303493197.0
446020.744194 4636030.479213 1303493199.0
446050.122809 4636030.700754 1303493202.0
446079.337979 4636031.256755 1303493205.0
446106.311819 4636031.718802 1303493208.0
446132.947012 4636031.295243 1303493211.0
446153.691400 4636031.027350 1303493213.0
446176.677113 4636030.853613 1303493215.0
446201.320767 4636030.445360 1303493217.0
446225.782534 4636027.928928 1303493219.0
446248.833640 4636025.423226 1303493221.0
446276.351498 4636020.996336 1303493224.0
446294.505187 4636007.313341 1303493227.0
446297.710692 4635981.196297 1303493230.0
446296.734486 4635950.780477 1303493233.0
446296.557016 4635927.242714 1303493235.0
446296.118880 4635902.152448 1303493237.0
446296.257436 4635876.502667 1303493239.0
446296.323058 4635852.185839 1303493241.0
446296.734009 4635829.642944 1303493243.0
446297.652073 4635808.317595 1303493245.0
446298.326215 4635787.660286 1303493247.0
446298.955162 4635761.007512 1303493250.0
446300.003224 4635734.906747 1303493253.0
446302.272630 4635705.687839 1303493256.0
446303.857963 4635684.801599 1303493258.0
446304.342739 4635661.036787 1303493260.0
446304.737003 4635636.273357 1303493262.0
446305.046612 4635611.288499 1303493264.0
446305.951355 4635588.186725 1303493266.0
446307.037979 4635567.193216 1303493268.0
446307.858077 4635543.870014 1303493271.0
446307.614417 4635522.553434 1303493286.0
446316.817058 4635499.278093 1303493291.0
446338.777693 4635495.004397 1303493294.0
446364.676367 4635495.697621 1303493297.0
446391.164300 4635497.496838 1303493300.0
446415.326075 4635498.980551 1303493304.0
446440.475335 4635499.346588 1303493320.0
446461.060302 4635499.747015 1303493323.0
446482.058533 4635499.922330 1303493326.0
446505.880823 4635500.409600 1303493330.0
446532.035913 4635502.100806 1303493334.0
446558.688078 4635503.677346 1303493337.0
446587.412406 4635504.905348 1303493340.0
446612.729265 4635505.492802 1303493343.0
446636.052766 4635505.873212 1303493347.0
446657.546394 4635505.712233 1303493358.0
446678.630904 4635506.331614 1303493370.0
446698.509738 4635523.281977 1303493374.0
446702.026915 4635549.681591 1303493377.0
446701.932467 4635570.334496 1303493379.0
446700.854650 4635592.660260 1303493381.0
446699.955274 4635616.650189 1303493383.0
446699.146369 4635641.638743 1303493385.0
446698.503442 4635666.626055 1303493387.0
446698.267968 4635690.611020 1303493389.0
446697.840774 4635711.155387 1303493391.0
446697.493244 4635731.255025 1303493394.0
446700.993726 4635755.434103 1303493403.0
446726.266552 4635761.351876 1303493407.0
446752.909394 4635761.818862 1303493410.0
446780.542231 4635761.501318 1303493413.0
446800.868332 4635760.683282 1303493417.0
446817.356537 4635746.014791 1303493428.0
446817.615616 4635725.138592 1303493431.0
446816.244936 4635697.168428 1303493434.0
446815.584550 4635675.410829 1303493436.0
446815.734120 4635650.982383 1303493438.0
446816.123530 4635625.330781 1303493440.0
446816.350290 4635600.124528 1303493442.0
446816.341358 4635576.696569 1303493444.0
446815.798865 4635548.498162 1303493447.0
446814.817305 4635528.186398 1303493451.0
446796.520493 4635511.890099 1303493464.0
446774.855937 4635511.385737 1303493467.0
446752.948225 4635511.660491 1303493470.0
446731.535114 4635511.487480 1303493482.0
446709.223265 4635513.208823 1303493486.0
446684.738810 4635512.947897 1303493489.0
446658.260172 4635512.368887 1303493492.0
446634.354954 4635511.881730 1303493495.0
446611.866334 4635512.161270 1303493519.0
446585.309690 4635512.249316 1303493524.0
446561.323141 4635511.985080 1303493528.0
446538.830354 4635511.709715 1303493534.0
446511.774950 4635511.690744 1303493538.0
446486.295462 4635511.549005 1303493541.0
446457.162042 4635511.101719 1303493544.0
446428.363070 4635510.985137 1303493547.0
446402.047020 4635509.961723 1303493550.0
446377.132546 4635507.706487 1303493553.0
446356.455409 4635506.085629 1303493559.0
446336.204070 4635505.905058 1303493564.0
446314.939314 4635503.400480 1303493569.0
446302.827657 4635482.062316 1303493576.0
446303.153180 4635459.186979 1303493579.0
446304.338014 4635429.199028 1303493582.0
446304.663549 4635406.323693 1303493584.0
446304.981556 4635382.449115 1303493586.0
446305.463034 4635358.240206 1303493588.0
446305.869060 4635335.031167 1303493590.0
446306.215531 4635314.931513 1303493592.0
446306.938461 4635289.721486 1303493595.0
446306.945451 4635268.625092 1303493599.0
