446564.448502 4636724.891147 1303854025.0
446565.157084 4636697.682607 1303854029.0
446564.419641 4636676.813831 1303854031.0
446563.586724 4636654.280269 1303854033.0
446563.255813 4636632.298109 1303854035.0
446563.122169 4636603.430390 1303854038.0
446563.167805 4636576.337863 1303854041.0
446562.929867 4636555.687410 1303854043.0
446562.430508 4636533.373416 1303854045.0
446562.342690 4636510.612201 1303854047.0
446561.418453 4636486.968995 1303854049.0
446561.235163 4636462.542996 1303854051.0
446561.885800 4636438.665907 1303854053.0
446563.031803 4636414.452001 1303854055.0
446563.345549 4636389.911242 1303854057.0
446564.013700 4636368.365728 1303854059.0
446564.548897 4636340.159203 1303854062.0
446565.581966 4636311.948944 1303854065.0
446566.254302 4636290.958570 1303854067.0
446566.244493 4636267.530577 1303854069.0
446566.530780 4636239.325925 1303854071.0
446566.722432 4636209.567515 1303854073.0
446566.405385 4636178.369488 1303854075.0
446566.995283 4636146.387424 1303854077.0
446567.100637 4636116.185532 1303854079.0
446567.554575 4636088.201696 1303854081.0
446567.395483 4636066.995500 1303854083.0
446567.658793 4636046.785437 1303854087.0
446545.601416 4636037.957236 1303854093.0
446518.782781 4636036.048927 1303854096.0
446495.700770 4636034.445748 1303854098.0
446468.218258 4636032.542616 1303854100.0
446439.078616 4636030.985152 1303854102.0
446410.943920 4636030.641613 1303854104.0
446383.561898 4636031.069754 1303854106.0
446356.007225 4636030.611033 1303854108.0
446329.619300 4636030.809827 1303854110.0
446304.314312 4636031.555723 1303854112.0
446280.426701 4636033.179286 1303854114.0
446257.791353 4636035.792782 1303854116.0
446235.984990 4636038.289059 1303854118.0
446207.367508 4636039.948573 1303854121.0
446181.139701 4636039.369474 1303854124.0
446160.550388 4636038.192679 1303854127.0
446138.613223 4636034.361331 1303854135.0
446117.934186 4636032.297069 1303854139.0
446097.271941 4636032.453411 1303854144.0
446073.030589 4636031.193475 1303854149.0
446049.791726 4636030.814296 1303854152.0
446029.373370 4636030.302786 1303854155.0
446004.645051 4636030.490209 1303854159.0
445984.488261 4636031.642348 1303854163.0
445964.085904 4636033.240543 1303854184.0
445942.169674 4636032.185479 1303854191.0
445921.423600 4636032.231934 1303854195.0
445900.741953 4636029.835220 1303854198.0
445873.011970 4636028.158328 1303854201.0
445852.178680 4636027.650479 1303854203.0
445822.462197 4636026.655088 1303854206.0
445799.133552 4636025.389140 1303854209.0
445778.028332 4636032.766966 1303854225.0
445749.968937 4636031.426162 1303854229.0
445728.887544 4636031.031597 1303854231.0
445705.897586 4636030.651643 1303854233.0
445681.988060 4636029.390506 1303854235.0
445657.753377 4636029.020200 1303854237.0
445633.768480 4636028.759104 1303854239.0
445610.781048 4636028.712538 1303854241.0
445589.205988 4636028.877324 1303854243.0
445569.124585 4636029.030761 1303854245.0
445545.142227 4636029.103045 1303854248.0
445524.573977 4636030.703768 1303854277.0
445502.337621 4636031.206976 1303854281.0
445475.278171 4636030.414771 1303854284.0
445453.530347 4636029.693021 1303854286.0
445430.956111 4636029.421804 1303854288.0
445408.132077 4636029.041539 1303854290.0
445384.394397 4636028.557319 1303854292.0
445359.661792 4636028.191845 1303854294.0
445334.268743 4636028.275661 1303854296.0
445308.622488 4636027.806343 1303854298.0
445282.563881 4636027.673386 1303854300.0
445255.920990 4636027.100880 1303854302.0
445228.448283 4636026.534855 1303854304.0
445199.814688 4636026.088901 1303854306.0
445170.353842 4636025.982532 1303854308.0
445141.220641 4636025.318592 1303854310.0
445113.411707 4636024.200431 1303854312.0
445086.933885 4636023.516251 1303854314.0
445062.783810 4636023.369384 1303854316.0
445039.461831 4636022.994140 1303854318.0
445014.561491 4636022.409090 1303854320.0
444988.084504 4636021.836305 1303854322.0
444960.858965 4636021.047334 1303854324.0
444933.558162 4636021.258354 1303854326.0
444906.590143 4636021.577938 1303854328.0
444880.706035 4636022.555440 1303854330.0
444856.065789 4636023.412372 1303854332.0
444832.173239 4636024.374631 1303854334.0
444808.614338 4636025.556453 1303854336.0
444786.214598 4636026.396266 1303854338.0
444765.219514 4636026.448018 1303854340.0
444736.419034 4636025.894187 1303854343.0
444715.006455 4636025.616224 1303854346.0
444694.049298 4636030.553385 1303854359.0
444672.708498 4636028.831552 1303854364.0
444661.446696 4636010.598441 1303854368.0
444638.771357 4635997.339546 1303854371.0
444619.139384 4635991.274264 1303854373.0
444597.970453 4635990.328554 1303854375.0
444576.260386 4635994.494679 1303854377.0
444549.357951 4636003.253686 1303854380.0
444534.645208 4636021.466783 1303854386.0
444527.261676 4636043.064879 1303854392.0
444519.458097 4636064.000052 1303854400.0
444509.901596 4636083.616483 1303854409.0
444519.007922 4636102.088220 1303854430.0
444527.660285 4636083.589182 1303854438.0
444522.188678 4636062.979476 1303854441.0
444514.355516 4636037.502676 1303854444.0
444507.977100 4636017.677284 1303854447.0
444499.027089 4635997.982969 1303854451.0
444498.736252 4635939.359292 1303854459.0
444499.326502 4635919.257543 1303854461.0
444493.540859 4635890.322760 1303854464.0
444489.283479 4635865.817431 1303854467.0
444480.537184 4635840.347787 1303854470.0
444478.951652 4635817.931284 1303854475.0
444469.917474 4635798.126629 1303854479.0
444470.164476 4635776.584115 1303854481.0
444470.643989 4635752.930145 1303854483.0
444473.585351 4635725.703897 1303854485.0
444476.766173 4635697.254413 1303854487.0
444480.119052 4635669.580829 1303854489.0
444482.819323 4635643.355774 1303854491.0
444485.032084 4635618.466929 1303854493.0
444486.585300 4635594.138396 1303854495.0
444488.807612 4635570.470853 1303854497.0
444491.134555 4635549.578344 1303854499.0
444492.710306 4635528.136521 1303854502.0
444489.151243 4635508.067117 1303854510.0
444471.776534 4635493.657088 1303854518.0
444446.459327 4635493.077241 1303854522.0
444424.720100 4635493.690942 1303854525.0
444400.257025 4635496.213545 1303854529.0
444379.574105 4635493.932258 1303854539.0
