445079.814575 4635476.840770 1302968763.0
445101.814816 4635477.781530 1302968782.0
445124.977729 4635478.824435 1302968785.0
445153.618661 4635479.936272 1302968788.0
445174.702599 4635480.440177 1302968790.0
445196.782382 4635480.936483 1302968792.0
445219.023013 4635480.765418 1302968794.0
445241.346631 4635480.593785 1302968796.0
445264.004758 4635480.752753 1302968798.0
445286.498614 4635481.135122 1302968800.0
445308.743503 4635481.519473 1302968802.0
445330.822414 4635481.905168 1302968804.0
445352.736199 4635482.403231 1302968806.0
445374.234191 4635482.793516 1302968808.0
445394.818467 4635483.079836 1302968810.0
445424.369630 4635483.852682 1302968813.0
445452.015476 4635485.084374 1302968816.0
445474.678672 4635485.910174 1302968819.0
445494.951369 4635488.863975 1302968824.0
445500.604359 4635511.804687 1302968829.0
445497.027945 4635532.484305 1302968848.0
445495.888745 4635557.142490 1302968852.0
445495.919008 4635582.791030 1302968855.0
445496.065390 4635612.768996 1302968858.0
445495.728034 4635633.756938 1302968860.0
445495.554105 4635654.410529 1302968862.0
445495.707871 4635674.506445 1302968864.0
445496.027607 4635694.601092 1302968866.0
445496.156157 4635722.247492 1302968869.0
445496.862201 4635749.445340 1302968872.0
445497.957676 4635773.309199 1302968875.0
445498.712715 4635796.065326 1302968882.0
445499.656656 4635821.817919 1302968886.0
445500.933373 4635847.679000 1302968889.0
445502.487066 4635877.202076 1302968892.0
445503.952669 4635906.059624 1302968895.0
445504.825496 4635933.367237 1302968898.0
445504.941289 4635959.348239 1302968901.0
445504.949467 4635982.110088 1302968904.0
445504.860225 4636002.985110 1302968932.0
445520.094457 4636020.078793 1302968938.0
445547.225885 4636019.427182 1302968942.0
445568.132884 4636018.712205 1302968945.0
445591.290554 4636019.312502 1302968967.0
445619.177294 4636019.765731 1302968971.0
445644.159690 4636020.241234 1302968974.0
445671.543451 4636020.032305 1302968977.0
445701.338743 4636020.471298 1302968980.0
445731.298299 4636020.687097 1302968983.0
445760.676984 4636020.907446 1302968986.0
445788.395198 4636021.029520 1302968989.0
445815.202307 4636021.380700 1302968992.0
445842.589435 4636021.616537 1302968995.0
445868.985849 4636022.526211 1302968998.0
445894.555818 4636023.886395 1302969001.0
445922.277382 4636024.453098 1302969004.0
445942.448510 4636025.188245 1302969006.0
445963.777998 4636025.470527 1302969008.0
445984.774716 4636025.644362 1302969010.0
446006.022901 4636026.149453 1302969012.0
446027.022139 4636026.656495 1302969014.0
446056.651394 4636027.098231 1302969017.0
446082.545659 4636027.457331 1302969020.0
446104.376373 4636028.180373 1302969040.0
446126.128300 4636029.459245 1302969044.0
446151.108080 4636029.603444 1302969047.0
446179.990477 4636030.051340 1302969050.0
446209.185507 4636027.943221 1302969053.0
446236.383143 4636025.073064 1302969056.0
446261.094719 4636022.665902 1302969059.0
446281.238167 4636019.738110 1302969065.0
446294.146472 4636003.762973 1302969072.0
446294.644563 4635981.774583 1302969075.0
446294.942372 4635955.235330 1302969078.0
446295.479086 4635927.361875 1302969081.0
446296.099626 4635899.598823 1302969084.0
446296.805668 4635872.168228 1302969087.0
446297.184808 4635845.406299 1302969090.0
446297.990590 4635820.195625 1302969093.0
446298.656360 4635798.428044 1302969096.0
446299.410980 4635777.437029 1302969117.0
446299.311490 4635753.232483 1302969122.0
446299.370438 4635728.027443 1302969125.0
446299.721987 4635697.601625 1302969128.0
446299.973696 4635675.948205 1302969130.0
446300.139911 4635653.962329 1302969132.0
446300.385767 4635631.531719 1302969134.0
446300.466491 4635609.213389 1302969136.0
446300.387941 4635587.784528 1302969138.0
446300.309393 4635566.355668 1302969140.0
446300.393470 4635544.481448 1302969142.0
446300.556352 4635522.051469 1302969144.0
446300.885211 4635499.620238 1302969146.0
446301.379211 4635477.076731 1302969148.0
446301.623417 4635454.424074 1302969150.0
446301.948103 4635431.437711 1302969152.0
446302.442116 4635408.894206 1302969154.0
446302.945341 4635387.572000 1302969156.0
446302.792192 4635367.254042 1302969158.0
446301.332282 4635338.729465 1302969161.0
446300.139742 4635312.645607 1302969164.0
446299.815589 4635291.662741 1302969167.0
