444117.920925 4635729.484564 1303488547.0
444139.240146 4635728.318037 1303488554.0
444161.977944 4635728.139760 1303488557.0
444189.039644 4635729.038016 1303488560.0
444217.008950 4635729.263063 1303488563.0
444241.823966 4635729.401876 1303488566.0
444263.315251 4635729.011611 1303488570.0
444286.299392 4635728.498702 1303488577.0
444309.617210 4635728.205325 1303488580.0
444336.755793 4635728.326303 1303488583.0
444362.724783 4635727.457214 1303488586.0
444383.462277 4635726.184928 1303488589.0
444404.546447 4635726.797575 1303488611.0
444427.379354 4635728.173878 1303488640.0
444451.793287 4635730.093095 1303488644.0
444472.275772 4635728.045819 1303488649.0
444476.434330 4635707.916258 1303488654.0
444476.424618 4635685.376444 1303488657.0
444476.642228 4635660.059010 1303488660.0
444477.509017 4635632.848940 1303488663.0
444479.361263 4635604.298784 1303488666.0
444479.478600 4635576.761456 1303488669.0
444478.666646 4635547.121729 1303488672.0
444478.456366 4635520.142127 1303488675.0
444478.708617 4635499.265786 1303488680.0
444481.870627 4635479.032972 1303488699.0
444484.025555 4635457.364567 1303488703.0
444484.974539 4635430.042834 1303488706.0
444484.732350 4635409.614485 1303488708.0
444484.896452 4635388.072632 1303488710.0
444485.545512 4635364.861493 1303488712.0
444485.855700 4635340.764724 1303488714.0
444485.677472 4635317.893135 1303488716.0
444485.931497 4635297.238855 1303488718.0
444485.818094 4635272.035051 1303488721.0
444485.811041 4635249.828334 1303488726.0
444486.059883 4635228.507894 1303488742.0
444493.042220 4635208.578430 1303488746.0
444518.573952 4635204.604402 1303488750.0
444547.534258 4635203.934793 1303488753.0
444569.861356 4635204.094146 1303488755.0
444593.015768 4635203.914032 1303488757.0
444616.171906 4635203.956049 1303488759.0
444640.489913 4635203.989112 1303488761.0
444664.890046 4635203.910586 1303488763.0
444689.122473 4635203.611378 1303488765.0
444713.436168 4635203.089555 1303488767.0
444738.831328 4635202.892527 1303488769.0
444765.221516 4635202.576841 1303488771.0
444792.435589 4635201.477633 1303488773.0
444819.736960 4635200.933021 1303488775.0
444846.624238 4635200.502753 1303488777.0
444873.263405 4635200.185540 1303488779.0
444899.574044 4635200.315103 1303488781.0
444925.303746 4635200.449254 1303488783.0
444951.446682 4635200.358237 1303488785.0
444978.423813 4635200.816042 1303488787.0
445006.480674 4635201.376649 1303488789.0
445035.036330 4635202.044551 1303488791.0
445063.345575 4635203.047569 1303488793.0
445091.407549 4635204.274672 1303488795.0
445119.472933 4635205.945994 1303488797.0
445147.696589 4635206.616904 1303488799.0
445175.916821 4635206.843818 1303488801.0
445203.391841 4635207.298643 1303488803.0
445230.118234 4635207.537262 1303488805.0
445255.847882 4635207.672606 1303488807.0
445280.580788 4635207.704665 1303488809.0
445304.402500 4635207.965873 1303488811.0
445328.306348 4635208.115496 1303488813.0
445353.288220 4635208.145897 1303488815.0
445378.767182 4635208.061541 1303488817.0
445416.614292 4635208.215606 1303488820.0
445442.924007 4635208.236148 1303488822.0
445469.484391 4635208.476935 1303488824.0
445495.795800 4635208.719727 1303488826.0
445521.361139 4635209.079354 1303488828.0
445546.508128 4635208.998136 1303488830.0
445571.241010 4635209.031204 1303488832.0
445595.145681 4635209.292749 1303488834.0
445617.556519 4635209.565778 1303488836.0
445637.725763 4635209.744948 1303488838.0
445663.456217 4635209.992791 1303488841.0
445683.545851 4635210.616831 1303488844.0
445704.795656 4635211.010020 1303488849.0
445729.532751 4635211.598773 1303488854.0
445753.442470 4635212.527012 1303488857.0
445780.503286 4635213.098248 1303488860.0
445809.304362 4635213.323249 1303488863.0
445837.525345 4635213.663811 1303488866.0
445862.508851 4635213.918051 1303488869.0
445886.417695 4635214.735709 1303488873.0
445907.577732 4635214.241916 1303488881.0
445927.755368 4635215.532177 1303488899.0
445949.184590 4635217.701267 1303488902.0
445971.840498 4635228.410695 1303488906.0
445977.340465 4635253.240482 1303488910.0
445976.331837 4635273.456221 1303488913.0
445975.074248 4635293.673848 1303488916.0
445974.159571 4635315.332312 1303488919.0
445973.379251 4635343.762799 1303488922.0
445973.214013 4635365.748681 1303488924.0
445972.888695 4635388.513013 1303488926.0
445972.388985 4635410.168333 1303488928.0
445972.107461 4635438.706075 1303488931.0
445969.445031 4635459.711599 1303488934.0
445967.621754 4635481.932129 1303488941.0
445987.857546 4635490.994451 1303488946.0
446012.000097 4635489.923174 1303488949.0
446040.794985 4635489.482938 1303488952.0
446070.756739 4635489.700185 1303488955.0
446100.050390 4635489.367446 1303488958.0
446127.854471 4635489.601259 1303488961.0
446153.335745 4635489.963772 1303488964.0
446173.582948 4635489.588689 1303488967.0
446193.821767 4635488.103391 1303488994.0
446219.400275 4635490.352975 1303488999.0
446242.720518 4635490.287988 1303489002.0
446264.876426 4635489.898761 1303489005.0
446289.760868 4635488.156628 1303489010.0
446303.331574 4635471.843444 1303489022.0
446302.071965 4635447.869721 1303489026.0
446301.968323 4635423.110053 1303489029.0
446302.255354 4635395.127472 1303489032.0
446302.782150 4635365.921717 1303489035.0
446302.323128 4635338.055796 1303489038.0
446300.732383 4635314.195608 1303489041.0
446300.901984 4635292.653853 1303489045.0
