445508.784918 4636038.707941 1301672452.0
445484.294506 4636037.451912 1301672477.0
445462.712668 4636036.728864 1301672480.0
445439.306944 4636036.241920 1301672484.0
445418.380434 4636034.403649 1301672505.0
445395.291299 4636031.915816 1301672508.0
445364.741521 4636030.484587 1301672511.0
445341.088525 4636030.221929 1301672513.0
445315.609092 4636029.862340 1301672515.0
445288.886645 4636029.734457 1301672517.0
445261.002460 4636029.615602 1301672519.0
445232.287609 4636029.392210 1301672521.0
445202.659963 4636029.175957 1301672523.0
445172.698679 4636028.740327 1301672525.0
445143.402948 4636028.521765 1301672527.0
445115.269803 4636028.405398 1301672529.0
445087.716667 4636028.173637 1301672531.0
445059.497966 4636027.725049 1301672533.0
445030.447735 4636027.060922 1301672535.0
445000.487276 4636026.737044 1301672537.0
444969.862964 4636026.418420 1301672539.0
444938.580806 4636026.882251 1301672541.0
444907.634868 4636027.898789 1301672543.0
444877.690725 4636029.684945 1301672545.0
444848.326602 4636031.355702 1301672547.0
444819.785420 4636032.131933 1301672549.0
444792.150148 4636032.012985 1301672551.0
444766.090653 4636031.770890 1301672553.0
444743.352120 4636031.725194 1301672555.0
444720.689672 4636030.790708 1301672558.0
444697.540538 4636031.303514 1301672568.0
444669.728079 4636029.742976 1301672572.0
444641.672702 4636028.961672 1301672575.0
444620.932605 4636029.789105 1301672577.0
444598.452500 4636030.963235 1301672579.0
444572.805295 4636030.385539 1301672581.0
444545.414617 4636029.710475 1301672583.0
444520.447681 4636031.237316 1301672585.0
444496.300183 4636031.425451 1301672588.0
444473.414712 4636033.824509 1301672613.0
444468.849263 4636054.956564 1301672629.0
444463.699001 4636033.011987 1301672636.0
444463.760950 4636009.028159 1301672639.0
444463.095113 4635987.492755 1301672643.0
444467.485973 4635965.251721 1301672646.0
444465.625501 4635939.506341 1301672649.0
444466.676330 4635914.626535 1301672651.0
444469.437779 4635885.625137 1301672653.0
444471.474044 4635859.405244 1301672655.0
444471.882576 4635826.647038 1301672656.0
444474.416775 4635800.423268 1301672657.0
444477.367646 4635774.418319 1301672659.0
444476.110571 4635751.555124 1301672662.0
444476.449236 4635731.122237 1301672665.0
444476.391923 4635702.475926 1301672668.0
444476.966570 4635680.375692 1301672670.0
444477.510067 4635654.278481 1301672672.0
444476.471648 4635627.527397 1301672674.0
444476.741963 4635598.323367 1301672676.0
444476.352718 4635569.679649 1301672678.0
444475.732687 4635543.369444 1301672680.0
444475.809434 4635521.273097 1301672682.0
444475.534331 4635496.625713 1301672685.0
444478.277934 4635475.952023 1301672692.0
444451.759880 4635470.384989 1301672697.0
444424.534739 4635469.931130 1301672700.0
444403.365091 4635469.097010 1301672702.0
444381.868687 4635468.931708 1301672704.0
444360.214111 4635469.767012 1301672706.0
444339.219969 4635470.153085 1301672708.0
444313.692753 4635474.571876 1301672711.0
444293.558021 4635478.726521 1301672716.0
444270.797717 4635476.128691 1301672724.0
444255.991625 4635461.254951 1301672727.0
444230.299731 4635455.238137 1301672730.0
444205.970381 4635453.652102 1301672732.0
444181.485483 4635453.399776 1301672734.0
444159.932136 4635456.566609 1301672736.0
444135.276044 4635455.649580 1301672739.0
444113.052722 4635458.044571 1301672744.0
444086.283386 4635462.807025 1301672757.0
444057.399284 4635462.478623 1301672760.0
444034.333917 4635463.325997 1301672762.0
444008.193643 4635463.642442 1301672764.0
443981.134393 4635463.188972 1301672766.0
443955.754983 4635465.276172 1301672768.0
443934.931174 4635466.217267 1301672770.0
443913.797272 4635469.936716 1301672773.0
443892.157595 4635472.660905 1301672780.0
443880.503669 4635489.296779 1301672786.0
443881.275255 4635513.496128 1301672789.0
443881.603040 4635534.034850 1301672791.0
443882.282889 4635557.124582 1301672793.0
443882.646533 4635582.215420 1301672796.0
443882.755096 4635606.531029 1301672804.0
443882.953644 4635631.734204 1301672807.0
443884.273756 4635651.820975 1301672809.0
443885.357150 4635673.464090 1301672811.0
443885.684054 4635693.891789 1301672813.0
443885.356699 4635715.546018 1301672816.0
443901.975609 4635728.739210 1301672821.0
443923.646850 4635730.123050 1301672825.0
443950.607258 4635728.689482 1301672829.0
443972.420877 4635727.074429 1301672833.0
