446298.619422 4635287.119389 1302443967.0
446300.346577 4635263.012126 1302443981.0
446293.389915 4635242.967526 1302443985.0
446269.100708 4635235.711437 1302443989.0
446246.272548 4635235.106410 1302443992.0
446220.626907 4635235.077890 1302443995.0
446194.812769 4635234.717636 1302443998.0
446169.501601 4635235.019874 1302444001.0
446144.274263 4635235.432603 1302444004.0
446116.304891 4635235.422026 1302444007.0
446086.508053 4635235.203321 1302444010.0
446066.258446 4635235.356591 1302444012.0
446037.294869 4635235.575917 1302444015.0
446010.735482 4635235.444041 1302444018.0
445987.079067 4635235.068187 1302444021.0
445968.683402 4635249.864096 1302444026.0
445969.962677 4635276.280359 1302444030.0
445970.727167 4635300.479857 1302444033.0
445970.600667 4635327.572984 1302444036.0
445970.475012 4635354.777139 1302444039.0
445970.268057 4635382.203979 1302444042.0
445970.384638 4635408.518032 1302444045.0
445970.244678 4635433.834729 1302444048.0
445968.261309 4635456.833706 1302444051.0
445966.670997 4635476.942832 1302444054.0
445953.267036 4635493.255406 1302444058.0
445933.278075 4635494.850525 1302444061.0
445909.448107 4635493.365926 1302444064.0
445882.801624 4635492.569003 1302444067.0
445854.165970 4635492.120399 1302444070.0
445825.363492 4635491.562146 1302444073.0
445797.145298 4635491.443697 1302444076.0
445770.337039 4635491.203593 1302444079.0
445745.271508 4635490.950317 1302444082.0
445724.604299 4635490.663617 1302444085.0
445704.438395 4635490.817290 1302444091.0
445680.365318 4635490.112544 1302444095.0
445657.621725 4635489.619804 1302444098.0
445633.303063 4635489.361224 1302444101.0
445607.239122 4635488.782953 1302444104.0
445579.516278 4635488.328483 1302444107.0
445553.205061 4635487.974365 1302444110.0
445531.383643 4635488.696349 1302444113.0
445509.643518 4635489.195711 1302444130.0
445486.736475 4635489.037868 1302444134.0
445462.661657 4635488.111803 1302444137.0
445435.764412 4635487.096403 1302444140.0
445407.795129 4635486.977589 1302444143.0
445378.498898 4635486.980094 1302444146.0
445348.869862 4635486.874238 1302444149.0
445318.820774 4635486.105528 1302444152.0
445298.150955 4635485.486983 1302444154.0
445277.568382 4635485.422996 1302444156.0
445256.900262 4635485.026626 1302444158.0
445236.478539 4635484.295319 1302444160.0
445216.055104 4635483.342017 1302444162.0
445186.341344 4635483.015421 1302444165.0
445158.619276 4635482.673616 1302444168.0
445133.220852 4635482.314021 1302444171.0
445107.911400 4635482.731068 1302444174.0
445080.441709 4635482.831757 1302444177.0
445051.802485 4635481.942269 1302444180.0
445022.169973 4635481.393663 1302444183.0
445001.921894 4635481.660992 1302444185.0
444972.960992 4635482.106710 1302444188.0
444945.571704 4635481.874196 1302444191.0
444920.009854 4635481.849726 1302444194.0
444899.014888 4635482.123123 1302444198.0
444877.767524 4635481.954399 1302444204.0
444856.603145 4635481.785096 1302444207.0
444830.709338 4635481.763516 1302444210.0
444803.403883 4635481.641933 1302444213.0
444777.013008 4635481.735433 1302444216.0
444749.704104 4635481.169948 1302444219.0
444720.987852 4635481.059623 1302444222.0
444700.739769 4635481.327809 1302444224.0
444680.487375 4635481.040916 1302444226.0
444660.314516 4635480.309327 1302444228.0
444640.137337 4635479.022660 1302444230.0
444619.713778 4635478.071067 1302444232.0
444599.213268 4635477.897368 1302444234.0
444578.545917 4635477.613991 1302444236.0
444558.296094 4635477.660527 1302444238.0
444529.749245 4635477.993790 1302444241.0
444506.179919 4635478.066323 1302444244.0
444484.934244 4635478.120825 1302444250.0
444461.609551 4635477.636429 1302444254.0
444437.119564 4635476.717063 1302444257.0
444409.399118 4635476.600227 1302444260.0
444379.524460 4635476.944454 1302444263.0
444359.440602 4635476.990259 1302444265.0
444330.970659 4635476.546480 1302444268.0
444306.242097 4635476.961835 1302444271.0
444284.581472 4635477.020179 1302444277.0
444264.497609 4635477.066252 1302444281.0
444244.245164 4635476.780599 1302444284.0
444218.353907 4635477.094326 1302444287.0
444188.971083 4635476.658262 1302444290.0
444159.837216 4635476.220369 1302444293.0
444132.935301 4635474.654750 1302444296.0
444111.189931 4635474.492217 1302444299.0
444090.192319 4635474.434916 1302444305.0
444065.949470 4635473.292817 1302444309.0
444040.301054 4635472.828046 1302444312.0
444013.324831 4635472.373802 1302444315.0
443985.930172 4635471.478814 1302444318.0
443959.710433 4635472.240199 1302444321.0
443935.990814 4635474.314413 1302444324.0
443915.498109 4635475.141926 1302444329.0
443890.177259 4635474.119946 1302444341.0
443868.085920 4635472.184335 1302444344.0
443842.343109 4635470.277576 1302444347.0
443814.698570 4635469.274182 1302444350.0
443785.403028 4635469.394264 1302444353.0
443765.071913 4635469.665764 1302444355.0
443744.076019 4635469.831537 1302444357.0
443722.743788 4635469.444859 1302444359.0
443701.328567 4635469.058900 1302444361.0
443680.082828 4635469.115803 1302444363.0
443658.754101 4635469.173424 1302444365.0
443637.672580 4635469.007086 1302444367.0
443616.756153 4635468.728469 1302444369.0
443596.584855 4635468.221946 1302444371.0
443567.868452 4635468.116269 1302444374.0
443541.563970 4635468.657796 1302444377.0
443519.739950 4635469.052862 1302444381.0
443497.077247 4635468.344306 1302444389.0
443467.776397 4635467.799531 1302444393.0
443441.290954 4635466.455283 1302444396.0
443412.483605 4635465.351647 1302444399.0
443382.513533 4635464.146333 1302444402.0
443353.459846 4635463.377995 1302444405.0
443325.654502 4635463.043980 1302444408.0
443300.086291 4635462.248131 1302444411.0
443277.590392 4635461.649979 1302444415.0
443256.080614 4635459.822665 1302444426.0
443235.661168 4635459.430173 1302444429.0
443211.591136 4635459.177875 1302444432.0
443189.260305 4635458.467651 1302444435.0
443165.862140 4635459.209457 1302444441.0
443144.943870 4635458.710170 1302444445.0
443123.203693 4635459.216816 1302444448.0
443100.300801 4635459.621780 1302444451.0
443075.401765 4635459.487598 1302444455.0
443064.093187 4635477.565527 1302444460.0
443065.770649 4635500.536218 1302444479.0
443065.317056 4635526.854972 1302444483.0
443065.010809 4635550.840829 1302444486.0
443064.136082 4635576.385711 1302444489.0
443063.191690 4635603.596666 1302444492.0
443063.004830 4635632.133979 1302444495.0
443062.986609 4635661.003049 1302444498.0
443063.059362 4635690.870701 1302444501.0
443062.971037 4635710.968622 1302444503.0
443062.720294 4635731.511978 1302444505.0
443062.307135 4635752.500771 1302444507.0
443061.977852 4635773.599928 1302444509.0
443061.483492 4635794.811440 1302444511.0
443061.405830 4635816.241690 1302444513.0
443061.164867 4635838.006350 1302444515.0
443060.674068 4635859.661973 1302444517.0
443060.515207 4635881.314944 1302444519.0
443060.350136 4635902.190725 1302444521.0
443060.088332 4635931.727960 1302444524.0
443059.814107 4635959.710815 1302444527.0
443059.573165 4635981.475480 1302444530.0
443068.606639 4636000.723251 1302444537.0
443093.435883 4636002.745519 1302444541.0
443117.174825 4636003.333133 1302444544.0
443143.398777 4636003.345817 1302444547.0
443170.952203 4636003.570058 1302444550.0
443198.260224 4636004.240501 1302444553.0
443223.491043 4636004.594503 1302444556.0
443243.656445 4636004.544819 1302444560.0
443266.866517 4636001.250945 1302444579.0
443288.529131 4636001.633600 1302444582.0
443314.507667 4636002.093005 1302444585.0
443352.853984 4636002.898268 1302444589.0
443382.070552 4636003.554236 1302444592.0
443410.208354 4636004.218894 1302444595.0
443435.772839 4636004.793066 1302444598.0
443456.273683 4636005.185457 1302444603.0
443480.005516 4636004.886062 1302444608.0
443502.743333 4636004.816699 1302444611.0
443528.061499 4636005.726258 1302444614.0
443555.200850 4636006.066302 1302444617.0
443583.421595 4636006.730987 1302444620.0
443612.058997 4636007.614554 1302444623.0
443641.856374 4636008.266989 1302444626.0
443662.520514 4636008.325578 1302444628.0
443683.685176 4636008.713373 1302444630.0
443704.767730 4636009.212914 1302444632.0
443725.683440 4636009.602801 1302444634.0
443746.267220 4636009.995371 1302444636.0
443775.484571 4636010.763980 1302444639.0
443802.374055 4636010.995904 1302444642.0
443827.256219 4636009.245145 1302444645.0
443848.402479 4636007.301856 1302444649.0
443865.218689 4635992.956930 1302444656.0
443867.136604 4635973.066700 1302444659.0
443868.031622 4635949.742474 1302444662.0
443868.578093 4635924.311346 1302444665.0
443868.717532 4635899.882735 1302444668.0
