446664.191592 4637002.393481 1303137552.0
446688.675919 4637003.320454 1303137556.0
446709.909470 4637002.273236 1303137559.0
446735.810915 4637004.078033 1303137563.0
446758.657418 4637007.904371 1303137566.0
446778.862133 4637002.423709 1303137572.0
446783.775569 4636982.623012 1303137580.0
446763.459600 4636984.329350 1303137601.0
446770.273846 4636963.515129 1303137618.0
446774.496968 4636940.166514 1303137623.0
446788.602738 4636917.965411 1303137629.0
446809.394364 4636902.154336 1303137637.0
446823.959120 4636885.834656 1303137639.0
446837.561525 4636862.860181 1303137641.0
446818.569473 4636853.008984 1303137657.0
446816.228125 4636828.377030 1303137670.0
446816.375917 4636803.726485 1303137673.0
446818.120914 4636781.839850 1303137676.0
446823.817918 4636755.815463 1303137680.0
446826.430052 4636727.815515 1303137683.0
446827.970193 4636700.711841 1303137685.0
446828.758614 4636672.947581 1303137688.0
446828.192864 4636652.743711 1303137690.0
446825.547031 4636620.674791 1303137693.0
446820.991877 4636599.612446 1303137695.0
446817.682973 4636578.762863 1303137699.0
446816.039349 4636558.678079 1303137724.0
446814.385767 4636537.260969 1303137727.0
446814.852218 4636510.831521 1303137731.0
446816.475357 4636483.727234 1303137734.0
446819.064309 4636463.721878 1303137737.0
446820.230248 4636442.061648 1303137761.0
446821.619424 4636416.957715 1303137765.0
446822.188794 4636393.192307 1303137768.0
446822.729983 4636365.651973 1303137771.0
446822.248848 4636345.669548 1303137773.0
446822.343580 4636325.016622 1303137775.0
446822.771882 4636304.583274 1303137777.0
446822.138132 4636275.275182 1303137780.0
446822.154036 4636255.178015 1303137782.0
446822.248775 4636234.525092 1303137784.0
446822.200849 4636205.878830 1303137787.0
446823.598388 4636181.885180 1303137790.0
446825.823245 4636157.552254 1303137794.0
446824.217792 4636131.471393 1303137797.0
446823.276999 4636105.496603 1303137799.0
446821.960261 4636084.743191 1303137801.0
446820.701628 4636060.658344 1303137804.0
446817.555156 4636039.363428 1303137820.0
446799.223096 4636029.285264 1303137825.0
446776.646493 4636028.676701 1303137828.0
446750.578878 4636027.317075 1303137831.0
446728.007245 4636027.374829 1303137834.0
446705.857992 4636028.428795 1303137853.0
446684.948472 4636028.807349 1303137856.0
446656.315078 4636028.355542 1303137859.0
446634.156685 4636028.188431 1303137861.0
446610.585949 4636027.809910 1303137863.0
446587.266651 4636027.762681 1303137865.0
446564.194627 4636027.491607 1303137867.0
446540.537568 4636026.669831 1303137869.0
446517.213259 4636025.956668 1303137871.0
446493.971925 4636025.242958 1303137873.0
446470.898216 4636024.750131 1303137875.0
446447.909153 4636024.478810 1303137877.0
446425.669421 4636024.535026 1303137879.0
446404.257827 4636024.363014 1303137881.0
446383.427098 4636024.186693 1303137883.0
446356.040033 4636023.948776 1303137886.0
446333.548843 4636023.674074 1303137889.0
446312.460794 4636022.389564 1303137892.0
446293.685421 4636008.651924 1303137896.0
446292.289170 4635988.565387 1303137899.0
446294.078128 4635961.681790 1303137902.0
446294.669252 4635941.025101 1303137904.0
446295.169865 4635919.369795 1303137906.0
446295.667971 4635897.381407 1303137908.0
446296.335396 4635875.835878 1303137910.0
446296.843557 4635855.179819 1303137912.0
446297.047526 4635827.197844 1303137915.0
446297.305909 4635806.432636 1303137918.0
446298.809051 4635785.658044 1303137936.0
446299.816810 4635765.220288 1303137940.0
446300.130570 4635740.790561 1303137943.0
446300.737771 4635711.251083 1303137946.0
446300.913192 4635690.486504 1303137948.0
446300.841334 4635669.945857 1303137950.0
446301.016759 4635649.181280 1303137952.0
446301.187165 4635627.750541 1303137954.0
446301.530241 4635607.206768 1303137956.0
446301.645415 4635578.448240 1303137959.0
446301.808297 4635556.018260 1303137962.0
446302.315683 4635535.251184 1303137974.0
446302.734228 4635513.707545 1303137980.0
446282.329592 4635504.201475 1303137997.0
446262.248404 4635504.574998 1303138000.0
446239.750538 4635503.634413 1303138003.0
446218.504177 4635503.572719 1303138006.0
446197.004661 4635502.957833 1303138010.0
446176.749946 4635502.333606 1303138014.0
446154.829610 4635500.944793 1303138017.0
446129.916691 4635498.912475 1303138020.0
446103.354934 4635498.336155 1303138023.0
446076.875317 4635497.648278 1303138026.0
446051.636297 4635496.395936 1303138029.0
446028.300083 4635494.352033 1303138032.0
446003.055149 4635492.322674 1303138036.0
445978.149725 4635491.290131 1303138040.0
445955.739806 4635491.015976 1303138043.0
445930.919040 4635490.205022 1303138046.0
445904.021900 4635489.187856 1303138049.0
445875.046695 4635487.742445 1303138052.0
445854.626762 4635487.231421 1303138054.0
445834.544684 4635487.495122 1303138056.0
445804.920758 4635488.053533 1303138059.0
445776.449361 4635487.381924 1303138062.0
445750.469266 4635486.913524 1303138065.0
445727.724826 4635486.309533 1303138068.0
445705.065906 4635486.038064 1303138076.0
445679.996964 4635485.340909 1303138080.0
445644.220109 4635484.392438 1303138084.0
445615.084772 4635483.726540 1303138087.0
445594.580961 4635483.105868 1303138089.0
445573.580918 4635482.711114 1303138091.0
445552.749391 4635482.648234 1303138093.0
445525.120541 4635483.636694 1303138096.0
