446311.595621 4634751.285762 1303154427.0
446313.985290 4634726.951468 1303154434.0
446313.243702 4634705.638666 1303154438.0
446292.858552 4634699.019257 1303154443.0
446272.528616 4634699.727687 1303154446.0
446245.558970 4634700.486262 1303154449.0
446215.602297 4634701.378519 1303154452.0
446194.439054 4634701.649328 1303154454.0
446168.550889 4634702.733128 1303154457.0
446145.902106 4634704.125639 1303154461.0
446119.512617 4634704.769273 1303154464.0
446098.848201 4634705.147628 1303154466.0
446076.108037 4634705.430718 1303154468.0
446052.873258 4634706.161759 1303154470.0
446030.632756 4634706.663279 1303154472.0
446005.495798 4634708.297149 1303154475.0
445986.890635 4634717.542894 1303154481.0
445984.744331 4634740.987204 1303154486.0
445984.333377 4634763.419060 1303154489.0
445983.398696 4634793.405158 1303154492.0
445984.011471 4634819.493356 1303154495.0
445984.168027 4634840.144379 1303154499.0
445981.694851 4634864.257374 1303154503.0
445979.903326 4634890.696905 1303154506.0
445979.957885 4634919.787241 1303154509.0
445980.983115 4634945.539218 1303154512.0
445980.736505 4634967.747769 1303154517.0
445978.277707 4634993.748230 1303154522.0
445976.827470 4635021.406548 1303154525.0
445976.001617 4635043.841561 1303154527.0
445975.191767 4635068.386089 1303154529.0
445974.726522 4635094.593507 1303154531.0
445974.517834 4635121.798281 1303154533.0
445974.317569 4635150.113327 1303154535.0
445974.362914 4635177.982379 1303154537.0
445974.548142 4635202.408333 1303154539.0
445971.499274 4635227.191915 1303154542.0
445950.867098 4635242.559998 1303154546.0
445924.315316 4635243.427688 1303154549.0
445903.483954 4635243.474804 1303154551.0
445882.239327 4635243.747186 1303154553.0
445861.246203 4635244.350821 1303154555.0
445833.281068 4635244.896491 1303154558.0
445811.546949 4635246.283141 1303154563.0
445789.501998 4635250.448061 1303154585.0
445766.177568 4635250.070415 1303154588.0
445738.464809 4635251.058670 1303154591.0
445717.215974 4635250.776410 1303154593.0
445694.636755 4635250.171253 1303154595.0
445671.148028 4635250.017237 1303154597.0
445646.911540 4635249.757971 1303154599.0
445623.427044 4635250.159248 1303154601.0
445601.354229 4635250.660857 1303154603.0
445580.691399 4635251.040730 1303154605.0
445553.557890 4635251.803213 1303154608.0
445531.912764 4635253.967273 1303154612.0
445510.923079 4635255.016049 1303154636.0
445507.557477 4635281.578819 1303154641.0
445506.279377 4635309.791128 1303154644.0
445506.193470 4635331.110236 1303154646.0
445505.867941 4635353.652547 1303154648.0
445505.960756 4635376.635794 1303154650.0
445505.880801 4635398.732094 1303154652.0
445505.788958 4635419.274015 1303154654.0
445506.334936 4635447.250310 1303154657.0
445507.405770 4635467.894373 1303154660.0
445510.658049 4635491.630691 1303154680.0
445509.166462 4635513.626759 1303154684.0
445506.021095 4635536.412715 1303154687.0
445503.925948 4635566.296792 1303154690.0
445503.265113 4635588.397542 1303154692.0
445503.024310 4635611.161282 1303154694.0
445502.620088 4635634.259375 1303154696.0
445502.137981 4635658.024266 1303154698.0
445501.823548 4635682.009942 1303154700.0
445501.925742 4635706.214499 1303154702.0
445501.361513 4635730.091055 1303154704.0
445500.869231 4635752.523624 1303154706.0
445501.529385 4635773.726005 1303154708.0
445504.288764 4635798.132303 1303154711.0
445504.533990 4635819.337861 1303154715.0
445503.746305 4635846.547141 1303154719.0
445503.934035 4635871.084151 1303154722.0
445505.311554 4635899.276172 1303154725.0
445507.108223 4635928.020155 1303154728.0
445507.154616 4635955.778227 1303154731.0
445506.995125 4635978.319291 1303154734.0
445506.073514 4635998.867579 1303154738.0
445515.431378 4636018.004822 1303154743.0
445535.216547 4636022.516916 1303154746.0
445562.947502 4636024.303521 1303154749.0
445584.940027 4636024.468567 1303154751.0
445608.097676 4636025.068918 1303154753.0
445631.914930 4636025.109140 1303154755.0
445656.230069 4636025.145644 1303154757.0
445681.379251 4636025.731038 1303154759.0
445706.770599 4636025.426405 1303154761.0
445731.830869 4636025.235419 1303154763.0
445756.646425 4636025.601554 1303154765.0
445780.880263 4636025.861169 1303154767.0
445804.696659 4636025.790942 1303154769.0
445827.436835 4636026.062082 1303154771.0
445848.353114 4636026.569227 1303154773.0
445871.846862 4636027.723048 1303154776.0
445893.171287 4636027.338955 1303154782.0
445916.569396 4636026.828145 1303154787.0
445939.965821 4636026.095358 1303154790.0
445967.103976 4636026.333563 1303154793.0
445995.073620 4636026.787634 1303154796.0
446023.952684 4636026.790789 1303154799.0
446051.343134 4636027.471537 1303154802.0
446075.997728 4636028.506204 1303154805.0
