444705.109920 4635466.970520 1302273413.0
444704.454992 4635489.515474 1302273421.0
444704.116506 4635510.059363 1302273424.0
444703.962096 4635532.933534 1302273427.0
444703.171374 4635559.365729 1302273430.0
444702.820587 4635589.014493 1302273433.0
444702.234021 4635609.671345 1302273435.0
444701.828084 4635632.214371 1302273437.0
444701.681451 4635656.087792 1302273439.0
444701.373160 4635680.517638 1302273441.0
444701.392503 4635704.389772 1302273443.0
444700.972791 4635725.156366 1302273445.0
444700.531296 4635753.806537 1302273448.0
444700.563577 4635779.344082 1302273451.0
444700.642642 4635800.217841 1302273454.0
444700.234150 4635822.427793 1302273457.0
444699.907784 4635844.526074 1302273460.0
444700.324820 4635866.174448 1302273464.0
444700.679561 4635890.488121 1302273476.0
444700.551923 4635916.804151 1302273479.0
444700.285046 4635946.563314 1302273482.0
444700.364121 4635967.437078 1302273484.0
444700.272925 4635987.756996 1302273486.0
444700.573998 4636015.846244 1302273489.0
444720.106220 4636030.462135 1302273496.0
444745.811405 4636027.819928 1302273499.0
444775.666526 4636025.256670 1302273502.0
444796.318502 4636023.764167 1302273504.0
444817.468373 4636022.267866 1302273506.0
444838.534411 4636020.661244 1302273508.0
444859.845962 4636018.608648 1302273510.0
444881.323487 4636016.554832 1302273512.0
444903.791645 4636013.827214 1302273514.0
444926.018602 4636012.100837 1302273516.0
444948.089903 4636011.708140 1302273518.0
444970.332316 4636011.980392 1302273520.0
444993.146162 4636011.026927 1302273522.0
445014.974523 4636011.413550 1302273524.0
445036.144171 4636012.471526 1302273526.0
445057.307817 4636012.752374 1302273528.0
445078.218235 4636012.480069 1302273530.0
445099.463147 4636012.538348 1302273532.0
445121.371051 4636012.480548 1302273534.0
445143.527899 4636012.420899 1302273536.0
445165.851562 4636012.471068 1302273538.0
445188.087971 4636011.966809 1302273540.0
445209.995874 4636011.909282 1302273542.0
445232.149304 4636011.405799 1302273544.0
445254.058912 4636011.570462 1302273546.0
445276.543416 4636010.953539 1302273548.0
445298.786653 4636011.337843 1302273550.0
445321.193292 4636011.387862 1302273552.0
445343.683763 4636011.548341 1302273554.0
445365.435917 4636012.824892 1302273556.0
445386.022920 4636013.666309 1302273558.0
445413.570977 4636013.233061 1302273561.0
445435.401838 4636013.954054 1302273564.0
445457.971872 4636013.670149 1302273579.0
445481.795123 4636014.487061 1302273583.0
445503.958743 4636015.316750 1302273586.0
445527.790472 4636017.244088 1302273589.0
445553.946507 4636019.264770 1302273592.0
445582.069471 4636018.050543 1302273595.0
445611.115409 4636018.161784 1302273598.0
445640.655842 4636017.825234 1302273601.0
445660.903236 4636017.670733 1302273603.0
445681.566383 4636017.624152 1302273605.0
445702.478472 4636017.575734 1302273607.0
445723.383791 4636016.639160 1302273609.0
445743.796303 4636016.372602 1302273611.0
445772.517073 4636017.375247 1302273614.0
445799.422386 4636019.724226 1302273617.0
445827.730759 4636021.063332 1302273620.0
445857.774968 4636021.501087 1302273623.0
445878.107015 4636021.568627 1302273625.0
445898.352705 4636021.192746 1302273627.0
445927.895647 4636021.190469 1302273630.0
445957.934788 4636020.962482 1302273633.0
445987.811335 4636021.179990 1302273636.0
446007.896956 4636021.582870 1302273638.0
446028.230676 4636021.872893 1302273640.0
446048.314610 4636022.053832 1302273642.0
446076.698325 4636022.394054 1302273645.0
446105.584122 4636023.285757 1302273648.0
446135.215059 4636023.949875 1302273651.0
446155.465780 4636024.240889 1302273653.0
446185.011208 4636024.572760 1302273656.0
446211.726893 4636023.815787 1302273659.0
446237.266601 4636021.180221 1302273662.0
446258.246557 4636019.134319 1302273665.0
446279.059725 4636016.978703 1302273672.0
446298.717973 4636004.727806 1302273678.0
446300.552152 4635983.839678 1302273681.0
446298.603615 4635956.540127 1302273684.0
446298.359911 4635935.223532 1302273686.0
446298.272126 4635912.573361 1302273688.0
446298.341937 4635888.811668 1302273690.0
446298.491385 4635864.605241 1302273692.0
446298.559526 4635840.621495 1302273694.0
446298.972997 4635818.411682 1302273696.0
446298.899452 4635797.648977 1302273698.0
446298.016274 4635768.564866 1302273701.0
446297.224446 4635740.590403 1302273704.0
446297.330379 4635710.610570 1302273707.0
446297.417783 4635689.180454 1302273709.0
446297.500167 4635667.084176 1302273711.0
446298.160103 4635644.539411 1302273713.0
446298.649051 4635621.329735 1302273715.0
446298.807735 4635598.344617 1302273717.0
446298.727507 4635576.693702 1302273719.0
446298.690091 4635549.712860 1302273722.0
446298.681134 4635526.506942 1302273726.0
446293.208428 4635505.118749 1302273750.0
446270.870682 4635503.399626 1302273754.0
446247.302360 4635503.577426 1302273757.0
446218.833611 4635503.237132 1302273760.0
446191.026238 4635502.558855 1302273763.0
446168.196405 4635501.621004 1302273766.0
446147.357415 4635500.557143 1302273769.0
446123.211529 4635501.183853 1302273772.0
446095.160212 4635501.173997 1302273775.0
446066.196035 4635501.171161 1302273778.0
446038.210881 4635498.940358 1302273781.0
446016.941777 4635495.881533 1302273784.0
445994.427846 4635492.832207 1302273788.0
445972.765660 4635492.663364 1302273792.0
445958.500331 4635472.008304 1302273797.0
445957.173418 4635450.255804 1302273800.0
445957.143985 4635424.496255 1302273803.0
445957.759931 4635396.289075 1302273806.0
445957.936067 4635375.746543 1302273808.0
445958.442477 4635354.979440 1302273810.0
445958.786282 4635334.657704 1302273812.0
445959.405619 4635306.894637 1302273815.0
445959.890988 4635283.351859 1302273818.0
445960.210382 4635259.810341 1302273822.0
445960.389066 4635239.600895 1302273826.0
445961.642416 4635218.828130 1302273829.0
445963.290517 4635195.387570 1302273832.0
445965.079350 4635168.614941 1302273835.0
445965.687795 4635139.408529 1302273838.0
445965.951181 4635119.420512 1302273840.0
445966.295878 4635099.209812 1302273842.0
445966.807403 4635079.108881 1302273844.0
445967.318092 4635058.896923 1302273846.0
445967.993085 4635038.461654 1302273848.0
445968.253962 4635018.140559 1302273850.0
445968.141613 4634992.381657 1302273853.0
445968.959873 4634968.947401 1302273858.0
445970.457244 4634947.506598 1302273862.0
445971.118794 4634925.294900 1302273865.0
445971.372115 4634903.974566 1302273868.0
445971.204574 4634881.880190 1302273871.0
445971.860244 4634858.891305 1302273874.0
445972.109365 4634837.015838 1302273879.0
445992.127633 4634828.092436 1302273885.0
446012.009694 4634834.048596 1302273891.0
