446307.798928 4635260.735290 1303506208.0
446307.464758 4635238.420100 1303506231.0
446308.386320 4635217.538881 1303506234.0
446309.784079 4635193.767207 1303506237.0
446311.998371 4635168.212847 1303506240.0
446313.785176 4635140.996211 1303506243.0
446314.508166 4635115.786192 1303506246.0
446311.583704 4635091.158826 1303506250.0
446310.260339 4635069.739364 1303506271.0
446311.575989 4635046.079348 1303506276.0
446313.126406 4635020.529999 1303506280.0
446313.438634 4634995.878247 1303506284.0
446311.364978 4634974.020307 1303506288.0
446314.088200 4634949.905557 1303506292.0
446315.478523 4634925.134651 1303506295.0
446315.779060 4634898.928525 1303506298.0
446316.290763 4634878.716608 1303506306.0
446316.603857 4634854.175889 1303506313.0
446317.824880 4634828.962130 1303506317.0
446320.455996 4634803.626717 1303506321.0
446322.510346 4634778.850817 1303506325.0
446324.012179 4634757.854212 1303506329.0
446323.934590 4634736.536407 1303506336.0
446323.088290 4634712.337528 1303506340.0
446318.374606 4634692.609116 1303506346.0
446297.333819 4634687.104966 1303506352.0
446273.105523 4634688.175876 1303506355.0
446243.892414 4634688.618273 1303506358.0
446214.091627 4634688.176959 1303506361.0
446186.532579 4634687.829873 1303506364.0
446166.356027 4634686.871947 1303506367.0
446146.413355 4634683.913711 1303506373.0
446124.477066 4634680.748537 1303506377.0
446104.271090 4634675.904843 1303506383.0
446082.626417 4634667.407992 1303506397.0
446060.124197 4634666.245897 1303506400.0
446036.873315 4634664.867476 1303506403.0
446011.962485 4634663.501708 1303506407.0
445990.223198 4634664.443687 1303506418.0
445988.229391 4634686.110305 1303506423.0
445992.013679 4634714.506160 1303506427.0
445993.474054 4634742.919633 1303506430.0
445994.677018 4634770.224724 1303506433.0
445996.920206 4634792.414396 1303506438.0
445998.078555 4634813.835059 1303506443.0
445998.519396 4634839.147328 1303506446.0
445999.073524 4634868.455942 1303506449.0
445999.786066 4634896.764056 1303506452.0
446000.206708 4634919.411681 1303506455.0
446003.020701 4634940.264633 1303506461.0
446003.675168 4634960.911885 1303506465.0
446003.212326 4634987.452377 1303506468.0
446003.044436 4635009.105164 1303506470.0
446003.383760 4635031.975475 1303506472.0
446003.477473 4635055.291783 1303506474.0
446003.817639 4635078.273123 1303506476.0
446004.153597 4635100.699328 1303506478.0
446004.567498 4635122.458744 1303506480.0
446005.054291 4635142.885206 1303506482.0
446005.252034 4635168.976565 1303506485.0
446004.675092 4635191.409692 1303506489.0
446005.905434 4635211.386388 1303506510.0
445992.995445 4635227.250993 1303506524.0
445965.348729 4635226.017193 1303506528.0
445945.174501 4635225.170934 1303506530.0
445922.093078 4635224.013699 1303506532.0
445897.105397 4635223.204114 1303506534.0
445872.116865 4635222.283591 1303506536.0
445847.793092 4635221.469135 1303506538.0
445823.970631 4635221.095084 1303506540.0
445800.149856 4635220.943167 1303506542.0
445776.744031 4635220.788171 1303506544.0
445753.416967 4635220.077485 1303506546.0
445729.506427 4635219.038219 1303506548.0
445704.854041 4635218.670888 1303506550.0
445679.954373 4635218.527595 1303506552.0
445655.053009 4635218.162335 1303506554.0
445631.312659 4635217.677268 1303506556.0
445609.980724 4635217.395959 1303506558.0
445583.422931 4635217.487730 1303506561.0
445560.681849 4635217.439399 1303506564.0
445537.442823 4635217.394948 1303506567.0
445514.293579 4635218.238155 1303506571.0
445505.411528 4635239.735571 1303506576.0
445505.652482 4635260.385975 1303506579.0
445505.710710 4635289.698397 1303506582.0
445505.875470 4635311.237654 1303506584.0
445505.870855 4635332.334073 1303506586.0
445506.033069 4635353.540251 1303506588.0
445506.440852 4635374.300416 1303506590.0
445506.916578 4635403.942751 1303506593.0
445507.975765 4635433.913725 1303506596.0
445508.617462 4635463.554793 1303506599.0
445508.258213 4635492.537317 1303506602.0
445507.333104 4635512.641480 1303506604.0
445505.754299 4635534.083049 1303506606.0
445503.932491 4635556.303714 1303506608.0
445503.198861 4635579.737425 1303506610.0
445503.296796 4635603.386842 1303506612.0
445502.641066 4635626.153757 1303506614.0
445502.154710 4635649.363512 1303506616.0
445502.417775 4635672.900635 1303506618.0
445503.088968 4635695.546368 1303506620.0
445502.760946 4635717.755611 1303506622.0
445502.666591 4635737.964461 1303506624.0
445503.184556 4635762.276873 1303506627.0
445503.090203 4635782.485724 1303506632.0
445502.027232 4635806.255065 1303506638.0
445501.978758 4635832.459386 1303506641.0
445502.389958 4635853.663675 1303506643.0
445503.469267 4635875.418022 1303506645.0
445504.964334 4635897.280222 1303506647.0
445506.127464 4635919.144962 1303506649.0
445506.289707 4635940.351159 1303506651.0
445506.167593 4635967.777419 1303506654.0
445505.748118 4635988.877034 1303506657.0
445506.652101 4636009.411356 1303506661.0
445531.169774 4636014.220334 1303506667.0
445551.665276 4636013.952591 1303506670.0
445574.574021 4636014.554736 1303506673.0
445600.053480 4636014.915253 1303506676.0
445628.520256 4636015.253055 1303506679.0
445659.147079 4636015.907592 1303506682.0
445680.147236 4636016.524639 1303506684.0
445701.061868 4636016.809298 1303506686.0
445721.725861 4636016.873861 1303506688.0
445741.976639 4636017.163700 1303506690.0
445770.613579 4636018.055942 1303506693.0
445798.001569 4636018.402635 1303506696.0
445826.221054 4636018.965176 1303506699.0
445854.193278 4636019.751776 1303506702.0
445879.676905 4636020.668429 1303506705.0
445903.251117 4636021.488641 1303506708.0
445925.663588 4636022.317751 1303506711.0
445947.754239 4636024.481777 1303506714.0
445971.424041 4636026.966993 1303506717.0
445997.387828 4636025.548718 1303506720.0
446024.517565 4636024.676870 1303506723.0
446050.823383 4636024.588601 1303506726.0
446075.809070 4636025.509726 1303506729.0
446099.133449 4636026.221444 1303506732.0
446124.195383 4636026.253893 1303506736.0
446144.783060 4636027.208529 1303506739.0
446169.185336 4636027.801292 1303506742.0
446191.674012 4636027.742393 1303506745.0
446215.886003 4636025.116781 1303506749.0
446236.528991 4636022.407158 1303506777.0
446257.440204 4636022.249342 1303506784.0
446281.133414 4636016.852029 1303506788.0
446294.714783 4636002.093185 1303506792.0
446294.775365 4635977.110189 1303506796.0
446294.246705 4635951.021302 1303506799.0
446294.580514 4635929.256220 1303506801.0
446294.906792 4635906.491893 1303506803.0
446294.986638 4635884.062526 1303506805.0
446294.737066 4635861.968744 1303506807.0
446295.074236 4635840.647773 1303506809.0
446294.713220 4635814.779694 1303506812.0
446294.298520 4635792.798193 1303506817.0
446294.391767 4635772.145264 1303506839.0
446295.122940 4635748.045489 1303506842.0
446295.548132 4635727.390059 1303506844.0
446296.280991 4635703.512340 1303506846.0
446296.834494 4635677.859439 1303506848.0
446297.386330 4635651.984485 1303506850.0
446298.021995 4635626.219934 1303506852.0
446298.574680 4635600.456009 1303506854.0
446299.048571 4635575.247847 1303506856.0
446299.689403 4635539.157151 1303506859.0
446300.178372 4635515.947480 1303506861.0
446300.504720 4635493.183168 1303506863.0
446300.993698 4635469.973498 1303506865.0
446301.563159 4635446.430122 1303506867.0
446301.966649 4635422.887999 1303506869.0
446302.373491 4635399.789984 1303506871.0
446302.701534 4635377.247731 1303506873.0
446302.785636 4635355.373519 1303506875.0
446302.877271 4635334.498550 1303506877.0
446303.338665 4635307.624993 1303506880.0
446303.682622 4635287.192258 1303506883.0
