444770.552356 4635215.748533 1303823151.0
444745.908464 4635216.494790 1303823170.0
444722.505126 4635216.676339 1303823173.0
444694.537307 4635216.893397 1303823176.0
444674.205481 4635217.162295 1303823178.0
444652.627935 4635217.329894 1303823180.0
444629.970649 4635217.394917 1303823182.0
444607.231235 4635217.571684 1303823184.0
444584.824646 4635217.856969 1303823186.0
444562.834739 4635218.361150 1303823188.0
444541.591749 4635218.859584 1303823190.0
444514.125334 4635219.517582 1303823193.0
444491.334074 4635223.692342 1303823197.0
444486.213015 4635248.159694 1303823202.0
444485.049555 4635269.265193 1303823205.0
444484.434223 4635296.806387 1303823208.0
444484.181067 4635317.571694 1303823210.0
444484.103410 4635339.557006 1303823212.0
444483.353192 4635360.437222 1303823214.0
444483.106969 4635382.090748 1303823216.0
444482.769973 4635402.745677 1303823218.0
444482.815118 4635429.837595 1303823221.0
444482.827385 4635452.710481 1303823225.0
444474.019606 4635472.654196 1303823248.0
444453.776689 4635473.589246 1303823252.0
444433.021995 4635472.751803 1303823255.0
444409.194154 4635471.605300 1303823258.0
444387.321825 4635476.439442 1303823261.0
444364.852136 4635479.168672 1303823275.0
444343.026412 4635479.339162 1303823280.0
444321.124643 4635480.398584 1303823289.0
444300.464219 4635481.004232 1303823303.0
444277.246817 4635483.628552 1303823315.0
444256.202744 4635488.234552 1303823319.0
444232.463118 4635487.754153 1303823322.0
444206.642714 4635486.512893 1303823325.0
444177.251227 4635484.966607 1303823328.0
444148.941174 4635483.745065 1303823331.0
444123.537415 4635482.722906 1303823334.0
444102.364269 4635481.445572 1303823339.0
444087.296935 4635496.775477 1303823352.0
444087.296534 4635517.871943 1303823356.0
444087.956545 4635538.519090 1303823359.0
444087.883616 4635560.948535 1303823362.0
444087.897161 4635583.821438 1303823365.0
444087.487064 4635605.587327 1303823368.0
444087.072613 4635626.798080 1303823371.0
444086.987494 4635647.673148 1303823374.0
444086.829850 4635669.881193 1303823377.0
444086.493166 4635690.425135 1303823380.0
444085.821931 4635710.638600 1303823386.0
444099.319293 4635727.965010 1303823408.0
444119.826959 4635729.136509 1303823417.0
444140.040990 4635735.195867 1303823439.0
444166.951493 4635737.982803 1303823443.0
444190.699862 4635739.684274 1303823446.0
444214.356539 4635740.276203 1303823449.0
444235.013600 4635739.337216 1303823452.0
444256.217671 4635734.063682 1303823464.0
444276.790031 4635732.903412 1303823469.0
444297.790344 4635733.405364 1303823472.0
444322.443709 4635734.100892 1303823475.0
444347.093599 4635734.352396 1303823478.0
444368.257266 4635734.520177 1303823481.0
444390.326827 4635733.792678 1303823486.0
444412.661807 4635735.172821 1303823515.0
444435.155818 4635735.663522 1303823520.0
444456.082642 4635737.387887 1303823526.0
444474.251825 4635726.031804 1303823554.0
444476.535392 4635699.587925 1303823559.0
444478.586466 4635675.255505 1303823562.0
444479.372869 4635648.379163 1303823565.0
444480.181779 4635624.389529 1303823568.0
444480.182470 4635603.182044 1303823571.0
444479.934203 4635581.976500 1303823574.0
444479.929704 4635560.102853 1303823577.0
444480.346199 4635539.003163 1303823580.0
444480.087551 4635516.465295 1303823584.0
444479.172793 4635494.931846 1303823589.0
444478.910682 4635471.949871 1303823599.0
444478.389224 4635447.637511 1303823603.0
444478.445221 4635422.876516 1303823606.0
444478.803753 4635394.338012 1303823609.0
444479.298063 4635372.571518 1303823611.0
444479.947108 4635349.360378 1303823613.0
444479.840602 4635325.044789 1303823615.0
444479.573309 4635301.396657 1303823617.0
444479.908578 4635280.519677 1303823619.0
444480.471189 4635256.865079 1303823622.0
444479.897897 4635236.550350 1303823628.0
444481.719219 4635214.662487 1303823634.0
444499.862118 4635199.753624 1303823639.0
444520.864838 4635200.367275 1303823642.0
444547.091651 4635200.385156 1303823645.0
444573.570889 4635200.845304 1303823648.0
444594.574459 4635201.570200 1303823652.0
444616.163275 4635202.845778 1303823673.0
444640.068920 4635203.215146 1303823677.0
444663.889846 4635203.363186 1303823680.0
444690.115776 4635203.270565 1303823683.0
444719.331955 4635203.487939 1303823686.0
444739.499560 4635203.442513 1303823688.0
444760.335394 4635203.947130 1303823690.0
444782.000271 4635204.334350 1303823692.0
444804.578902 4635204.825589 1303823694.0
444827.490351 4635205.425356 1303823696.0
444849.902991 4635205.918025 1303823698.0
444872.483326 4635206.631534 1303823700.0
444895.393043 4635207.009465 1303823702.0
444918.799841 4635207.272593 1303823704.0
444942.873135 4635207.863749 1303823706.0
444967.030271 4635208.565371 1303823708.0
444991.850470 4635209.150922 1303823710.0
445016.917921 4635209.512584 1303823712.0
445042.065789 4635209.540613 1303823714.0
445067.546474 4635209.677198 1303823716.0
445093.616647 4635210.919667 1303823718.0
445120.597995 4635211.933146 1303823720.0
445147.739331 4635212.168259 1303823722.0
445174.879809 4635212.292448 1303823724.0
445201.437642 4635212.199155 1303823726.0
445227.416248 4635212.332482 1303823728.0
445253.149292 4635212.911924 1303823730.0
445278.963615 4635213.268768 1303823732.0
445304.942211 4635213.402377 1303823734.0
445330.090046 4635213.431422 1303823736.0
445354.161558 4635213.801913 1303823738.0
445377.240585 4635214.624228 1303823740.0
445398.324429 4635215.017775 1303823742.0
445424.222570 4635215.485536 1303823745.0
445448.215324 4635216.412115 1303823749.0
