444381.138499 4635481.706311 1303860034.0
444359.528792 4635477.655774 1303860058.0
444338.707590 4635478.928770 1303860061.0
444316.981341 4635481.208207 1303860064.0
444295.724380 4635479.819920 1303860069.0
444275.995538 4635472.201842 1303860084.0
444289.184361 4635492.528935 1303860092.0
444287.251586 4635521.301846 1303860096.0
444288.255120 4635543.500790 1303860098.0
444289.772198 4635567.694331 1303860100.0
444288.464263 4635591.465830 1303860102.0
444285.228556 4635612.809660 1303860104.0
444293.313663 4635638.506311 1303860107.0
444311.162873 4635649.914281 1303860110.0
444335.377610 4635658.163598 1303860113.0
444364.360610 4635671.261246 1303860116.0
444385.858369 4635682.307803 1303860118.0
444408.592172 4635692.234437 1303860120.0
444432.357078 4635696.046232 1303860122.0
444454.393125 4635701.648129 1303860124.0
444475.843916 4635706.699487 1303860127.0
444496.102675 4635718.533267 1303860134.0
444518.031401 4635721.027246 1303860137.0
444547.584329 4635722.129528 1303860140.0
444569.334094 4635722.959549 1303860142.0
444591.416656 4635723.898081 1303860144.0
444618.059050 4635724.246058 1303860147.0
444638.411001 4635726.752666 1303860152.0
444659.434577 4635730.253418 1303860172.0
444679.389680 4635735.094938 1303860183.0
444696.109853 4635750.842949 1303860188.0
444695.376329 4635773.943694 1303860191.0
444694.034975 4635804.266363 1303860194.0
444693.891834 4635828.583900 1303860196.0
444694.011439 4635854.675940 1303860198.0
444693.380752 4635880.329671 1303860200.0
444691.912487 4635904.990601 1303860202.0
444690.523768 4635929.206780 1303860204.0
444688.708942 4635951.982828 1303860206.0
444687.442029 4635981.194591 1303860209.0
444686.301428 4636005.297813 1303860212.0
444702.283619 4636022.272939 1303860218.0
444724.361782 4636022.767766 1303860221.0
444755.569591 4636023.413910 1303860224.0
444782.203960 4636022.874272 1303860226.0
444810.659616 4636021.765452 1303860228.0
444840.356557 4636020.202997 1303860230.0
444870.966302 4636018.633600 1303860232.0
444902.247638 4636018.058445 1303860234.0
444937.428236 4636017.342248 1303860236.0
444974.016944 4636016.282245 1303860238.0
445010.278878 4636015.891156 1303860240.0
445046.465542 4636016.500136 1303860242.0
445081.735979 4636016.672230 1303860244.0
445116.836171 4636016.290641 1303860246.0
445152.938123 4636016.678748 1303860248.0
445189.868171 4636016.838597 1303860250.0
445226.871803 4636015.776700 1303860252.0
445263.463950 4636015.162293 1303860254.0
445298.896921 4636014.890077 1303860256.0
445332.837935 4636014.851557 1303860258.0
445363.960992 4636015.278949 1303860260.0
445393.586977 4636015.273819 1303860262.0
445418.980920 4636015.301243 1303860264.0
445439.228328 4636015.146112 1303860266.0
445462.304747 4636015.968679 1303860270.0
445482.752957 4636020.364517 1303860280.0
445509.810745 4636020.934697 1303860283.0
445531.971794 4636021.431392 1303860285.0
445555.961817 4636022.358309 1303860287.0
445581.274440 4636022.609000 1303860289.0
445607.996042 4636022.626953 1303860291.0
445634.967432 4636022.754133 1303860293.0
445662.191152 4636023.323625 1303860295.0
445690.497005 4636024.329104 1303860297.0
445718.714790 4636024.669165 1303860299.0
445746.514283 4636024.568389 1303860301.0
445773.400138 4636024.363644 1303860303.0
445799.212309 4636024.833373 1303860305.0
445824.104082 4636024.310893 1303860307.0
445847.504732 4636024.132938 1303860309.0
445869.583592 4636024.742341 1303860311.0
445890.665832 4636025.248349 1303860313.0
445911.080847 4636025.315353 1303860315.0
445941.124185 4636025.642431 1303860318.0
445961.379972 4636026.599056 1303860320.0
445990.849167 4636027.818969 1303860323.0
446018.571543 4636028.497074 1303860326.0
446041.888351 4636028.209360 1303860329.0
446062.479400 4636029.607866 1303860335.0
446085.653774 4636032.430314 1303860340.0
446109.219511 4636032.140935 1303860344.0
446130.465982 4636032.424343 1303860352.0
446153.046859 4636033.585994 1303860358.0
446174.388888 4636035.534314 1303860363.0
446195.533910 4636033.375945 1303860367.0
446217.340276 4636030.879544 1303860373.0
446237.759446 4636031.502619 1303860379.0
446261.544807 4636027.325914 1303860383.0
446280.236612 4636007.976111 1303860387.0
446285.100019 4635981.624490 1303860390.0
446288.673433 4635960.279109 1303860392.0
446290.395312 4635935.505653 1303860394.0
446291.268964 4635908.295859 1303860396.0
446292.549167 4635879.972665 1303860398.0
446293.428699 4635853.540064 1303860400.0
446293.498499 4635829.778373 1303860402.0
446292.848239 4635809.575183 1303860404.0
446290.447783 4635788.385889 1303860408.0
