445103.784274 4635216.392998 1303946033.0
445083.699712 4635216.436754 1303946037.0
445059.463055 4635216.179485 1303946040.0
445029.252789 4635216.190455 1303946043.0
445006.347402 4635216.367229 1303946045.0
444982.278433 4635216.330995 1303946047.0
444957.709803 4635216.076635 1303946049.0
444933.805094 4635215.817228 1303946051.0
444909.983373 4635215.557259 1303946053.0
444886.410620 4635215.295445 1303946055.0
444863.500930 4635214.917542 1303946057.0
444841.421141 4635214.533288 1303946059.0
444821.168002 4635214.245988 1303946061.0
444793.113745 4635214.019194 1303946064.0
444768.628941 4635213.875870 1303946067.0
444746.631268 4635213.380239 1303946071.0
444725.133258 4635213.102867 1303946090.0
444703.052587 4635212.608014 1303946094.0
444679.399401 4635212.680609 1303946097.0
444652.679874 4635213.332274 1303946100.0
444626.534381 4635213.091306 1303946103.0
444603.459537 4635212.826557 1303946106.0
444581.963239 4635212.771671 1303946109.0
444559.635306 4635212.501254 1303946112.0
444538.392298 4635212.999697 1303946115.0
444515.672755 4635215.730380 1303946118.0
444491.132625 4635219.141524 1303946122.0
444484.899813 4635239.398252 1303946126.0
444484.810035 4635259.829182 1303946129.0
444484.679662 4635285.701088 1303946132.0
444484.499182 4635315.792673 1303946135.0
444484.414602 4635336.889768 1303946137.0
444484.081923 4635358.099832 1303946139.0
444483.659337 4635378.422325 1303946141.0
444483.216929 4635406.850448 1303946144.0
444483.419396 4635432.830800 1303946147.0
444483.427335 4635455.148552 1303946151.0
444473.695444 4635473.656028 1303946159.0
444451.876632 4635474.714401 1303946163.0
444430.862585 4635472.546580 1303946166.0
444406.941358 4635470.068406 1303946169.0
444382.455669 4635469.704363 1303946172.0
444358.231946 4635471.003867 1303946175.0
444333.004572 4635471.311991 1303946178.0
444309.431742 4635470.941066 1303946181.0
444286.928197 4635469.340483 1303946188.0
444265.670325 4635467.841258 1303946192.0
444240.270009 4635467.262792 1303946196.0
444210.985786 4635468.824477 1303946199.0
444188.987092 4635468.108520 1303946201.0
444167.985115 4635467.495854 1303946203.0
444139.101912 4635467.278148 1303946206.0
444117.772329 4635467.223368 1303946209.0
444096.104695 4635466.394067 1303946216.0
444072.120371 4635466.471292 1303946220.0
444046.305956 4635466.007802 1303946223.0
444016.757088 4635465.573752 1303946226.0
443989.614859 4635465.120902 1303946229.0
443963.809162 4635465.767983 1303946232.0
443939.168792 4635466.850122 1303946235.0
443917.685457 4635468.351628 1303946239.0
443894.366782 4635468.646279 1303946256.0
443873.109679 4635467.259252 1303946259.0
443846.201522 4635464.917525 1303946262.0
443825.112123 4635463.751388 1303946264.0
443802.535942 4635463.485314 1303946266.0
443780.373821 4635463.105009 1303946268.0
443759.125438 4635462.828594 1303946270.0
443738.378488 4635462.992418 1303946272.0
443717.959979 4635462.709572 1303946274.0
443697.541468 4635462.426784 1303946276.0
443676.379575 4635462.594068 1303946278.0
443654.966963 4635462.541330 1303946280.0
443634.133506 4635462.262006 1303946282.0
443613.051084 4635461.984713 1303946284.0
443592.467464 4635461.814567 1303946286.0
443566.490513 4635461.798238 1303946289.0
443541.766297 4635462.771382 1303946294.0
443515.131606 4635463.537693 1303946298.0
443487.743863 4635463.532837 1303946301.0
443466.747943 4635463.699428 1303946303.0
443444.919500 4635463.539587 1303946305.0
443422.752931 4635462.605259 1303946307.0
443400.754095 4635461.891736 1303946309.0
443378.756136 4635461.289307 1303946311.0
443357.425607 4635461.125777 1303946313.0
443337.090046 4635460.843362 1303946315.0
443308.626972 4635461.291885 1303946318.0
443287.476555 4635462.903678 1303946321.0
443267.137457 4635462.177354 1303946345.0
443245.711550 4635460.460438 1303946349.0
443222.959594 4635458.976224 1303946352.0
443201.380082 4635458.815145 1303946355.0
443177.056653 4635458.009812 1303946359.0
443151.244749 4635457.882646 1303946367.0
443129.086086 4635457.948476 1303946370.0
443105.180240 4635457.473157 1303946373.0
443080.784447 4635458.001142 1303946377.0
443063.782107 4635469.795612 1303946382.0
443064.460171 4635492.330154 1303946389.0
443064.791198 4635512.979888 1303946392.0
443064.346485 4635540.408915 1303946395.0
443064.013620 4635561.063956 1303946397.0
443063.265827 4635581.722314 1303946399.0
443062.500723 4635610.597351 1303946402.0
443061.720541 4635637.584927 1303946405.0
443061.418758 4635662.125924 1303946408.0
443061.112540 4635686.111787 1303946411.0
443060.810765 4635710.652786 1303946414.0
443060.026173 4635737.085230 1303946417.0
443059.842894 4635766.066659 1303946420.0
443059.842006 4635786.719054 1303946422.0
443060.172167 4635807.257769 1303946424.0
443060.915472 4635827.571114 1303946426.0
443060.979375 4635856.328502 1303946429.0
443060.862227 4635883.199754 1303946432.0
443060.573792 4635909.406171 1303946435.0
443060.831623 4635931.277881 1303946438.0
443061.324201 4635951.371165 1303946442.0
443062.832973 4635974.010117 1303946457.0
443063.247888 4635994.770230 1303946464.0
443081.326782 4636003.619517 1303946470.0
443109.035535 4636002.509865 1303946474.0
443136.175834 4636002.959341 1303946477.0
443164.810681 4636003.508028 1303946480.0
443192.869079 4636004.616600 1303946483.0
443219.092136 4636004.518535 1303946486.0
443243.077344 4636004.771502 1303946489.0
443266.398696 4636005.029838 1303946492.0
443292.955442 4636005.151456 1303946495.0
443320.673043 4636005.152901 1303946498.0
443340.754574 4636004.993125 1303946500.0
443361.668569 4636005.159889 1303946502.0
443382.001692 4636005.331332 1303946504.0
443410.550865 4636005.548585 1303946507.0
443435.696911 4636005.681943 1303946510.0
443457.611082 4636006.396217 1303946517.0
443482.180656 4636007.089487 1303946521.0
443508.325991 4636007.659309 1303946524.0
443537.204427 4636007.541355 1303946527.0
443567.412326 4636007.635053 1303946530.0
443588.908046 4636007.908909 1303946532.0
443610.313749 4636007.295268 1303946534.0
443632.137878 4636007.122518 1303946536.0
443654.046744 4636007.171233 1303946538.0
443675.874383 4636007.442725 1303946540.0
443697.704653 4636008.047367 1303946542.0
443719.449304 4636008.319649 1303946544.0
443741.276057 4636008.480314 1303946546.0
