446297.769005 4635251.373051 1302651413.0
446280.921310 4635240.396731 1302651418.0
446257.597739 4635240.128503 1302651421.0
446226.387589 4635239.586775 1302651424.0
446201.488036 4635239.441660 1302651426.0
446173.848128 4635239.095269 1302651428.0
446145.048032 4635238.979823 1302651430.0
446117.157466 4635238.413480 1302651432.0
446091.260338 4635238.054228 1302651434.0
446068.266180 4635237.451027 1302651436.0
446043.192218 4635236.197451 1302651439.0
446020.950848 4635236.365935 1302651466.0
445999.707885 4635236.860021 1302651469.0
445973.146816 4635236.506231 1302651472.0
445947.665458 4635236.255381 1302651475.0
445919.608872 4635235.691071 1302651478.0
445891.718260 4635235.125610 1302651481.0
445869.643707 4635235.404333 1302651484.0
445846.242998 4635235.915271 1302651489.0
445826.304241 4635233.291023 1302651498.0
445801.319954 4635232.925883 1302651502.0
445771.106432 4635232.489600 1302651505.0
445746.121291 4635232.013627 1302651507.0
445719.653317 4635232.992474 1302651509.0
445692.432512 4635233.199924 1302651511.0
445666.451480 4635232.731822 1302651513.0
445639.305190 4635231.828571 1302651515.0
445612.160587 4635231.147478 1302651517.0
445586.680023 4635231.008946 1302651519.0
445562.443463 4635230.749966 1302651521.0
445537.871543 4635230.049498 1302651523.0
445512.057310 4635229.691717 1302651525.0
445484.083625 4635229.128486 1302651527.0
445454.371386 4635229.133844 1302651529.0
445422.417556 4635229.045463 1302651531.0
445388.387262 4635228.751076 1302651533.0
445353.527910 4635228.574245 1302651535.0
445319.581448 4635228.390577 1302651537.0
445287.789320 4635227.746391 1302651539.0
445255.832909 4635227.325677 1302651541.0
445222.463948 4635226.693899 1302651543.0
445187.930550 4635225.738135 1302651545.0
445154.065337 4635225.332563 1302651547.0
445121.611810 4635225.027311 1302651549.0
445089.901768 4635224.272342 1302651551.0
445057.277110 4635223.302499 1302651553.0
445022.997772 4635223.011777 1302651555.0
444987.057762 4635222.623010 1302651557.0
444951.698677 4635222.229934 1302651559.0
444917.996821 4635221.491120 1302651561.0
444886.702537 4635220.844874 1302651563.0
444857.321324 4635220.739126 1302651565.0
444829.594760 4635219.954482 1302651567.0
444803.694839 4635219.266828 1302651569.0
444780.124670 4635219.338446 1302651571.0
444759.626011 4635219.497360 1302651573.0
444732.572823 4635219.929244 1302651576.0
444701.946735 4635219.833794 1302651579.0
444677.880344 4635220.131670 1302651581.0
444652.320125 4635220.441232 1302651583.0
444624.767270 4635220.655340 1302651585.0
444597.380397 4635220.868264 1302651587.0
444572.489286 4635221.839113 1302651589.0
444550.833081 4635222.562802 1302651591.0
444524.358243 4635222.657875 1302651594.0
444503.779191 4635223.151252 1302651609.0
444488.138166 4635239.595085 1302651615.0
444487.149330 4635261.809562 1302651618.0
444487.223796 4635282.017145 1302651620.0
444487.903414 4635305.328962 1302651622.0
444488.270971 4635331.196990 1302651624.0
444487.747279 4635359.847811 1302651626.0
444486.966841 4635387.501329 1302651628.0
444486.003996 4635413.046626 1302651630.0
444484.602860 4635435.597425 1302651632.0
444481.982876 4635461.488741 1302651635.0
444474.834860 4635481.419520 1302651647.0
444452.276976 4635483.482958 1302651652.0
444427.953143 4635493.221585 1302651657.0
444402.235723 4635494.532593 1302651659.0
444374.188596 4635495.084648 1302651661.0
444349.625206 4635495.387530 1302651663.0
444325.976412 4635495.905417 1302651666.0
444301.504692 4635497.318088 1302651675.0
444296.202902 4635519.788403 1302651683.0
444277.313501 4635534.592619 1302651686.0
444257.264552 4635539.079801 1302651688.0
444226.272206 4635534.436892 1302651690.0
444202.746035 4635529.402531 1302651692.0
444183.834917 4635520.223827 1302651695.0
444164.076472 4635508.831133 1302651713.0
444140.547558 4635503.463895 1302651718.0
444120.006152 4635498.073298 1302651721.0
444093.409246 4635493.063383 1302651724.0
444063.101404 4635491.080623 1302651727.0
444038.692631 4635489.939920 1302651729.0
444012.372518 4635488.481221 1302651731.0
443987.380193 4635487.012178 1302651733.0
443965.799951 4635486.737757 1302651735.0
443941.559738 4635485.929163 1302651738.0
