444713.945798 4636027.956170 1303144699.0
444692.605858 4636026.345304 1303144704.0
444668.116074 4636025.203107 1303144708.0
444640.128990 4636022.533701 1303144712.0
444610.745881 4636021.762837 1303144715.0
444590.493287 4636021.254161 1303144717.0
444563.189015 4636021.022491 1303144720.0
444538.538409 4636020.548195 1303144724.0
444519.075011 4636025.474241 1303144737.0
444498.187119 4636028.634897 1303144743.0
444475.783945 4636029.031577 1303144747.0
444466.347223 4636010.784538 1303144754.0
444472.392516 4635987.864403 1303144762.0
444473.305090 4635966.538762 1303144764.0
444474.573727 4635937.660035 1303144766.0
444475.708435 4635912.890611 1303144769.0
444479.532354 4635892.430551 1303144775.0
444479.755143 4635867.779273 1303144790.0
444485.829167 4635848.523054 1303144793.0
444500.951017 4635829.529440 1303144796.0
444510.584782 4635809.135170 1303144799.0
444508.249024 4635786.280372 1303144802.0
444502.683790 4635764.339009 1303144806.0
444493.210466 4635741.428797 1303144812.0
444490.189993 4635715.914527 1303144815.0
444489.697123 4635695.266055 1303144817.0
444490.187961 4635673.055443 1303144819.0
444490.596684 4635650.956505 1303144821.0
444490.187666 4635630.418416 1303144823.0
444489.064577 4635603.445924 1303144826.0
444486.866985 4635577.036977 1303144829.0
444484.656400 4635548.962623 1303144832.0
444483.949086 4635522.097929 1303144835.0
444485.613867 4635501.432649 1303144838.0
444485.771906 4635479.113602 1303144845.0
444461.905146 4635472.970701 1303144850.0
444437.106574 4635475.051656 1303144853.0
444408.809541 4635475.494489 1303144856.0
444385.231533 4635474.457150 1303144859.0
444359.660080 4635473.213391 1303144863.0
444336.332753 4635472.396324 1303144867.0
444312.108177 4635473.584958 1303144871.0
444291.282627 4635474.302957 1303144876.0
444270.190746 4635472.802421 1303144889.0
444244.282095 4635470.895510 1303144892.0
444222.521943 4635468.845175 1303144894.0
444198.535025 4635468.588893 1303144896.0
444175.710801 4635468.434614 1303144898.0
444154.212638 4635468.047945 1303144900.0
444126.666818 4635469.041179 1303144903.0
444105.932963 4635470.869340 1303144906.0
444079.472970 4635472.742510 1303144919.0
444055.320075 4635472.488013 1303144922.0
444027.597836 4635472.150608 1303144925.0
444000.376137 4635472.142478 1303144928.0
443971.741026 4635471.812466 1303144931.0
443943.271885 4635471.481263 1303144934.0
443917.642677 4635473.459531 1303144937.0
443892.899237 4635471.988859 1303144941.0
443881.758102 4635490.508272 1303144945.0
443883.210200 4635516.811907 1303144948.0
443883.296016 4635538.240808 1303144950.0
443883.241224 4635562.890805 1303144952.0
443883.038829 4635589.873681 1303144954.0
443882.751704 4635616.635158 1303144956.0
443882.705668 4635642.395430 1303144958.0
443882.975833 4635666.154599 1303144960.0
443883.774522 4635693.795798 1303144963.0
443883.205216 4635716.340206 1303144967.0
443897.424569 4635730.440565 1303144971.0
443922.832736 4635732.128073 1303144974.0
443950.281434 4635729.469284 1303144977.0
443974.015051 4635729.282572 1303144981.0
443996.433134 4635730.660758 1303145009.0
444023.237178 4635730.450069 1303145012.0
444050.678936 4635726.903451 1303145015.0
444070.920227 4635725.856220 1303145018.0
444091.766816 4635727.913250 1303145022.0
444112.764552 4635728.081575 1303145026.0
444136.929636 4635730.001667 1303145052.0
444157.102739 4635730.842795 1303145055.0
444181.918625 4635731.092426 1303145059.0
444207.840266 4635734.775538 1303145063.0
444229.159480 4635733.609280 1303145066.0
444255.036771 4635731.630175 1303145070.0
444282.184030 4635732.861217 1303145074.0
444308.420183 4635734.321554 1303145077.0
444337.552108 4635734.649018 1303145080.0
444365.018266 4635734.212373 1303145083.0
444391.409094 4635734.228365 1303145086.0
444417.724732 4635735.244347 1303145089.0
444444.916821 4635731.590164 1303145092.0
444467.304484 4635729.083879 1303145096.0
444483.533300 4635745.612468 1303145103.0
444480.890097 4635768.506064 1303145107.0
444480.077751 4635792.051594 1303145111.0
444480.320834 4635812.590982 1303145114.0
444480.920081 4635836.236545 1303145117.0
444481.907415 4635856.437032 1303145120.0
444481.517786 4635880.978576 1303145127.0
444482.371169 4635905.288365 1303145130.0
444481.258937 4635932.944495 1303145133.0
444480.791532 4635958.152853 1303145136.0
444480.475383 4635981.472455 1303145140.0
444478.389798 4636001.363797 1303145146.0
444497.129839 4636010.100459 1303145151.0
444522.873945 4636012.453673 1303145155.0
444546.461384 4636014.934805 1303145158.0
444572.286707 4636017.065497 1303145161.0
444601.823715 4636016.280530 1303145164.0
444626.619574 4636014.089101 1303145167.0
444649.632999 4636017.463309 1303145171.0
