443891.464924 4635479.550473 1301921139.0
443882.263127 4635501.940802 1301921153.0
443884.048919 4635528.463878 1301921156.0
443885.143693 4635551.550342 1301921158.0
443885.675049 4635576.861926 1301921160.0
443885.050720 4635602.959854 1301921162.0
443884.017590 4635629.838243 1301921164.0
443883.222058 4635655.271317 1301921166.0
443882.896455 4635677.147600 1301921168.0
443883.258352 4635702.016388 1301921171.0
443884.264009 4635724.326321 1301921177.0
443904.244175 4635732.274436 1301921182.0
443929.963298 4635731.294702 1301921185.0
443953.519584 4635729.665873 1301921188.0
443977.075005 4635727.926096 1301921211.0
443997.507570 4635730.097140 1301921215.0
444020.661163 4635730.026177 1301921218.0
444046.373326 4635728.158646 1301921221.0
444070.194287 4635728.526738 1301921225.0
444093.922675 4635727.674261 1301921231.0
444113.998869 4635726.739483 1301921236.0
444139.330096 4635729.205604 1301921265.0
444165.474614 4635729.555793 1301921269.0
444187.471635 4635730.160642 1301921272.0
444212.546909 4635731.740756 1301921275.0
444233.217902 4635732.578199 1301921278.0
444255.103247 4635729.520009 1301921303.0
444281.150002 4635727.983809 1301921308.0
444304.799760 4635727.687821 1301921311.0
444330.855206 4635727.262075 1301921314.0
444356.420551 4635727.839559 1301921317.0
444378.591324 4635729.442947 1301921320.0
444398.925157 4635729.617300 1301921323.0
444420.001518 4635729.230747 1301921326.0
444442.560346 4635727.389253 1301921330.0
444463.068806 4635728.672767 1301921335.0
444481.239933 4635738.857272 1301921355.0
444480.768171 4635763.510486 1301921359.0
444478.910784 4635791.394486 1301921362.0
444478.059603 4635820.603053 1301921365.0
444476.923133 4635845.150418 1301921368.0
444478.584727 4635866.678056 1301921375.0
444477.839813 4635888.224453 1301921379.0
444477.327511 4635918.318655 1301921382.0
444476.087313 4635940.202017 1301921384.0
444475.473005 4635967.854269 1301921387.0
444475.821593 4635991.279724 1301921391.0
444476.586817 4636014.924000 1301921402.0
444475.836743 4636035.804239 1301921416.0
444496.819778 4636044.856515 1301921420.0
444518.247022 4636047.021285 1301921423.0
444547.530639 4636045.682893 1301921426.0
444576.644848 4636043.901805 1301921429.0
444602.936852 4636042.031752 1301921432.0
444626.128361 4636036.299712 1301921435.0
444645.833838 4636030.483806 1301921438.0
444666.579972 4636030.433636 1301921441.0
444690.722295 4636029.579915 1301921444.0
444719.744997 4636026.689784 1301921447.0
444741.152404 4636026.301597 1301921449.0
444762.973857 4636025.799230 1301921451.0
444786.202548 4636024.841884 1301921453.0
444810.506558 4636023.432147 1301921455.0
444834.730175 4636022.356216 1301921457.0
444860.526143 4636020.713026 1301921459.0
444889.474547 4636018.934504 1301921461.0
444919.671115 4636017.590581 1301921463.0
444950.367297 4636016.464994 1301921465.0
444980.652868 4636015.897880 1301921467.0
445009.867401 4636016.338468 1301921469.0
445038.087011 4636016.897888 1301921471.0
445065.226145 4636017.243684 1301921473.0
445092.196746 4636017.257783 1301921475.0
445120.166540 4636017.708419 1301921477.0
445148.880595 4636017.820332 1301921479.0
445178.174660 4636017.816863 1301921481.0
445207.384888 4636017.703125 1301921483.0
445236.435128 4636018.367974 1301921485.0
445265.394701 4636018.034333 1301921487.0
445293.941927 4636018.037079 1301921489.0
445321.827858 4636018.378118 1301921491.0
445348.468216 4636018.617789 1301921493.0
445374.111945 4636018.754169 1301921495.0
445399.836100 4636018.556924 1301921497.0
445424.975132 4636017.809087 1301921499.0
445448.127723 4636017.742754 1301921501.0
445469.784952 4636017.465878 1301921503.0
445489.868089 4636017.534216 1301921505.0
445510.054592 4636020.266629 1301921507.0
445533.385869 4636021.864713 1301921509.0
445560.276833 4636022.325326 1301921511.0
445589.987453 4636022.542434 1301921513.0
445620.693841 4636022.752062 1301921515.0
445651.073384 4636023.630519 1301921517.0
445680.122681 4636024.186150 1301921519.0
445708.174506 4636024.527434 1301921521.0
445736.224635 4636024.646775 1301921523.0
445764.026663 4636024.879149 1301921525.0
445790.834605 4636025.341265 1301921527.0
445815.901630 4636026.038793 1301921529.0
445838.144762 4636026.424781 1301921531.0
445862.446381 4636024.685553 1301921534.0
445882.775044 4636024.308997 1301921540.0
