444700.521823 4636030.503129 1303225868.0
444679.355610 4636029.890259 1303225890.0
444658.870495 4636031.492840 1303225893.0
444629.417392 4636032.387954 1303225896.0
444606.015004 4636032.347856 1303225898.0
444579.625296 4636032.331080 1303225900.0
444553.890791 4636031.198961 1303225902.0
444531.583576 4636033.260228 1303225904.0
444504.696845 4636033.358634 1303225907.0
444484.685426 4636031.849073 1303225913.0
444472.747173 4636012.067049 1303225929.0
444473.822245 4635990.296004 1303225932.0
444474.083842 4635959.981685 1303225935.0
444474.492476 4635937.882736 1303225937.0
444475.041114 4635912.451677 1303225940.0
444477.526056 4635890.558613 1303225945.0
444479.787067 4635861.228019 1303225949.0
444480.614975 4635839.680976 1303225951.0
444480.834313 4635814.585591 1303225953.0
444480.144293 4635789.941430 1303225955.0
444479.118872 4635764.855749 1303225958.0
444479.103971 4635741.649769 1303225967.0
444480.338171 4635718.989224 1303225970.0
444481.013030 4635688.449630 1303225973.0
444481.411338 4635665.018365 1303225975.0
444481.469055 4635640.479416 1303225977.0
444481.603703 4635615.162631 1303225979.0
444481.659694 4635590.401629 1303225981.0
444481.723476 4635566.639874 1303225983.0
444481.808028 4635545.542771 1303225985.0
444481.540732 4635521.894631 1303225988.0
444481.550952 4635501.908447 1303225992.0
444482.473172 4635481.804124 1303226010.0
444462.231903 4635472.301950 1303226024.0
444440.054294 4635469.921105 1303226029.0
444418.378926 4635468.091580 1303226039.0
444397.753994 4635473.249059 1303226048.0
444375.933455 4635474.085610 1303226068.0
444352.202470 4635474.715084 1303226072.0
444328.971149 4635475.562801 1303226076.0
444298.116260 4635477.913640 1303226095.0
444273.534570 4635475.885213 1303226106.0
444256.174108 4635463.363168 1303226109.0
444231.777867 4635453.227954 1303226112.0
444206.241084 4635456.425831 1303226114.0
444180.683443 4635456.959148 1303226116.0
444157.865273 4635457.582116 1303226118.0
444135.313483 4635460.423748 1303226120.0
444112.206055 4635466.489797 1303226123.0
444089.062938 4635468.003808 1303226146.0
444063.245916 4635467.207175 1303226149.0
444042.001060 4635467.374025 1303226151.0
444017.852507 4635467.674790 1303226153.0
443992.706355 4635467.761413 1303226155.0
443968.391827 4635468.063651 1303226157.0
443944.991038 4635468.469816 1303226159.0
443923.417728 4635469.083741 1303226161.0
443898.532781 4635470.723117 1303226164.0
443883.800428 4635486.383923 1303226172.0
443884.220813 4635508.143289 1303226175.0
443884.538195 4635537.897920 1303226178.0
443884.638003 4635561.103256 1303226180.0
443884.410239 4635584.866344 1303226182.0
443884.026127 4635609.852039 1303226184.0
443883.812365 4635635.391564 1303226186.0
443883.592485 4635660.153900 1303226188.0
443882.931442 4635681.588688 1303226190.0
443882.546474 4635706.463360 1303226193.0
443889.178476 4635726.619323 1303226197.0
443915.500365 4635728.410641 1303226201.0
443944.042730 4635727.630798 1303226204.0
443965.280699 4635726.686458 1303226207.0
443991.492517 4635725.036866 1303226227.0
444017.879913 4635724.607365 1303226230.0
444038.466230 4635725.222842 1303226232.0
444064.111122 4635725.354516 1303226235.0
444085.925642 4635723.850839 1303226242.0
444110.317924 4635722.993206 1303226246.0
444134.909269 4635726.353389 1303226274.0
444158.822786 4635727.942426 1303226277.0
444179.233534 4635727.338311 1303226279.0
444200.392886 4635726.950458 1303226281.0
444228.941353 4635726.948947 1303226284.0
444265.869532 4635726.659911 1303226294.0
444286.199908 4635726.389834 1303226311.0
444313.587454 4635726.508776 1303226314.0
444335.580126 4635726.558947 1303226316.0
444358.069837 4635726.494268 1303226318.0
444380.398780 4635727.097120 1303226320.0
444403.228225 4635728.029237 1303226322.0
444426.389602 4635728.958838 1303226324.0
444448.299275 4635729.010003 1303226326.0
444471.536700 4635729.050886 1303226330.0
444485.683973 4635744.707435 1303226336.0
444485.520769 4635766.360327 1303226339.0
444484.317717 4635793.017853 1303226342.0
444483.904707 4635814.561660 1303226344.0
444483.743246 4635836.436609 1303226346.0
444484.502391 4635859.303689 1303226349.0
444482.587044 4635879.748868 1303226354.0
444481.039987 4635904.854605 1303226357.0
444480.130838 4635926.624352 1303226359.0
444477.893118 4635948.293422 1303226361.0
444475.907821 4635970.404661 1303226363.0
444473.549177 4635997.848445 1303226366.0
444485.968895 4636015.517072 1303226372.0
444512.180600 4636013.980414 1303226376.0
444542.466180 4636013.411436 1303226379.0
444565.366426 4636012.900064 1303226381.0
444587.523297 4636012.838685 1303226383.0
444613.907897 4636012.189328 1303226386.0
444637.203206 4636009.121333 1303226390.0
444659.257263 4636006.507196 1303226409.0
444681.329444 4636006.224699 1303226412.0
444708.142768 4636007.348905 1303226415.0
444736.613986 4636008.238279 1303226418.0
444758.608346 4636008.622829 1303226420.0
444781.515497 4636009.000370 1303226422.0
444804.501324 4636008.822205 1303226424.0
444828.481206 4636008.414347 1303226426.0
444853.041959 4636008.002072 1303226428.0
444877.599276 4636007.145773 1303226430.0
444902.238720 4636006.177889 1303226432.0
444926.547102 4636005.323684 1303226434.0
444950.690384 4636004.581873 1303226436.0
444974.671138 4636004.285534 1303226438.0
444997.575707 4636004.330688 1303226440.0
445018.738524 4636004.500395 1303226442.0
445043.887869 4636005.083539 1303226445.0
445064.391111 4636005.813640 1303226452.0
445090.619202 4636006.388629 1303226467.0
445117.845630 4636007.289123 1303226470.0
445140.421676 4636007.781403 1303226472.0
445164.824161 4636008.370726 1303226474.0
445189.386622 4636008.181666 1303226476.0
445214.781457 4636008.319389 1303226478.0
445240.752892 4636007.897600 1303226480.0
445266.562631 4636008.032318 1303226482.0
445292.540888 4636008.498936 1303226484.0
445318.765527 4636008.630656 1303226486.0
445345.572736 4636008.980069 1303226488.0
445372.295256 4636009.108166 1303226490.0
445398.191366 4636009.686833 1303226492.0
445423.839377 4636010.378528 1303226494.0
445449.069924 4636010.740413 1303226496.0
445474.467280 4636011.212143 1303226498.0
445500.448048 4636012.012601 1303226500.0
445527.670129 4636012.359525 1303226502.0
445556.051397 4636012.364591 1303226504.0
445584.598625 4636012.368502 1303226506.0
445612.898604 4636012.596483 1303226508.0
445640.623642 4636013.606200 1303226510.0
445668.512091 4636014.281677 1303226512.0
445696.400534 4636014.957263 1303226514.0
445723.702179 4636014.860195 1303226516.0
445749.847161 4636015.438243 1303226518.0
445775.078499 4636015.912308 1303226520.0
445798.813637 4636016.064748 1303226522.0
445820.308283 4636016.234310 1303226524.0
445848.276298 4636016.465751 1303226527.0
445871.934354 4636017.396256 1303226531.0
