444666.625212 4635470.045192 1303595238.0
444692.118788 4635471.956859 1303595257.0
444720.014680 4635473.294807 1303595260.0
444742.596773 4635474.340977 1303595262.0
444766.255974 4635475.156801 1303595264.0
444789.497649 4635475.642837 1303595266.0
444811.657902 4635475.804225 1303595268.0
444832.655467 4635475.863653 1303595270.0
444858.633142 4635475.995625 1303595273.0
444878.716982 4635475.951227 1303595277.0
444902.468588 4635477.988159 1303595286.0
444923.824701 4635481.487129 1303595289.0
444944.908663 4635481.990354 1303595291.0
444968.228992 4635481.921196 1303595293.0
444991.466334 4635481.852755 1303595295.0
445013.960215 4635482.234264 1303595297.0
445041.678018 4635482.020371 1303595300.0
445061.921814 4635481.198019 1303595309.0
445085.918023 4635482.678506 1303595321.0
445112.652804 4635484.137973 1303595324.0
445134.164498 4635486.303968 1303595326.0
445158.318952 4635486.784176 1303595328.0
445183.300712 4635486.924998 1303595330.0
445209.028502 4635486.949137 1303595332.0
445235.172933 4635487.192233 1303595334.0
445261.325040 4635488.434668 1303595336.0
445287.305192 4635488.901285 1303595338.0
445312.868697 4635489.149128 1303595340.0
445338.345805 4635488.953590 1303595342.0
445363.570544 4635488.315944 1303595344.0
445388.219481 4635488.349004 1303595346.0
445412.290058 4635488.719682 1303595348.0
445435.695032 4635488.873473 1303595350.0
445457.194696 4635489.486062 1303595352.0
445484.008940 4635490.502178 1303595355.0
445501.615239 4635502.914262 1303595359.0
445500.318536 4635528.683986 1303595363.0
445499.386920 4635558.781230 1303595366.0
445499.072484 4635582.766903 1303595368.0
445498.598026 4635607.531036 1303595370.0
445498.287846 4635632.071847 1303595372.0
445497.811700 4635656.613928 1303595374.0
445496.918935 4635680.937131 1303595376.0
445496.522387 4635705.034471 1303595378.0
445495.788809 4635728.468189 1303595380.0
445495.951923 4635749.785406 1303595382.0
445496.223507 4635774.432805 1303595385.0
445497.138573 4635796.410472 1303595391.0
445498.435691 4635824.936204 1303595395.0
445499.257570 4635845.582182 1303595397.0
445500.095586 4635868.337678 1303595399.0
445501.101263 4635891.313958 1303595401.0
445502.435467 4635913.843592 1303595403.0
445502.685800 4635935.715316 1303595405.0
445502.148790 4635963.144752 1303595408.0
445501.145908 4635983.915730 1303595412.0
445500.729849 4636005.459455 1303595418.0
445515.279005 4636019.782527 1303595441.0
445535.701698 4636020.847700 1303595444.0
445564.677376 4636022.624794 1303595447.0
445587.748660 4636022.781604 1303595449.0
445611.485486 4636023.155474 1303595451.0
445634.975907 4636023.864405 1303595453.0
445659.293591 4636024.234001 1303595455.0
445684.274273 4636024.487589 1303595457.0
445709.339626 4636024.962688 1303595459.0
445734.071357 4636025.218349 1303595461.0
445759.051183 4636025.361173 1303595463.0
445783.619482 4636025.951351 1303595465.0
445807.280053 4636027.214723 1303595467.0
445830.518954 4636027.593111 1303595469.0
445852.011874 4636027.540714 1303595471.0
445874.824052 4636026.368020 1303595474.0
445896.235680 4636026.538441 1303595479.0
445918.400879 4636027.591473 1303595483.0
445945.543243 4636028.384732 1303595486.0
445968.282555 4636028.545294 1303595488.0
445992.763623 4636028.581687 1303595490.0
446018.159162 4636028.833301 1303595492.0
446043.722343 4636029.305802 1303595494.0
446069.122919 4636030.223760 1303595496.0
446094.189043 4636030.811240 1303595498.0
446118.756435 4636031.291547 1303595500.0
446142.991900 4636031.774448 1303595502.0
446166.975899 4636031.926232 1303595504.0
446190.623779 4636031.525468 1303595506.0
446213.600266 4636030.130551 1303595508.0
446236.561676 4636026.737219 1303595510.0
446257.615381 4636023.469389 1303595512.0
446281.735216 4636019.623328 1303595515.0
446296.319890 4636005.856222 1303595518.0
446297.558960 4635983.085010 1303595521.0
446296.926400 4635954.221069 1303595524.0
446297.085882 4635931.346966 1303595526.0
446297.084424 4635909.140278 1303595528.0
446296.753549 4635887.269175 1303595530.0
446297.084025 4635865.059986 1303595532.0
446297.492465 4635842.184009 1303595534.0
446296.739980 4635819.427819 1303595536.0
446293.970771 4635793.355831 1303595539.0
446295.368321 4635769.584132 1303595565.0
446296.031581 4635747.483471 1303595568.0
446296.543223 4635716.279211 1303595571.0
446296.851119 4635691.072295 1303595573.0
446297.480915 4635664.530552 1303595575.0
446297.779614 4635638.102340 1303595577.0
446296.665885 4635611.462710 1303595579.0
446295.396222 4635586.156658 1303595581.0
446294.646234 4635563.733559 1303595583.0
446294.642286 4635541.193802 1303595586.0
446295.144630 4635519.760564 1303595607.0
446297.093039 4635491.987519 1303595611.0
446297.936555 4635471.773079 1303595613.0
446298.671143 4635448.117424 1303595615.0
446299.061233 4635422.798866 1303595617.0
446299.037223 4635397.594465 1303595619.0
446299.430668 4635372.720017 1303595621.0
446299.165229 4635348.516738 1303595623.0
446297.917312 4635326.097400 1303595625.0
446295.874777 4635297.355150 1303595628.0
446295.474318 4635277.261126 1303595631.0
