446309.939924 4635082.288546 1302182404.0
446313.410858 4635058.279189 1302182421.0
446314.917605 4635037.948735 1302182424.0
446315.639781 4635012.627694 1302182427.0
446314.858887 4634986.096612 1302182430.0
446315.757935 4634962.217674 1302182433.0
446317.235437 4634938.001278 1302182437.0
446316.164399 4634917.024051 1302182441.0
446316.093469 4634896.594457 1302182444.0
446316.087130 4634873.721643 1302182447.0
446316.217504 4634846.961635 1302182450.0
446316.311732 4634826.419765 1302182452.0
446316.394250 4634804.323518 1302182454.0
446316.228621 4634782.340174 1302182456.0
446316.122566 4634757.247451 1302182459.0
446315.788436 4634734.932278 1302182482.0
446317.193882 4634712.159867 1302182486.0
446306.848134 4634694.028362 1302182491.0
446282.271971 4634692.992230 1302182502.0
446260.945223 4634693.597174 1302182505.0
446230.984331 4634693.934231 1302182508.0
446209.901548 4634693.871287 1302182510.0
446181.345726 4634693.420712 1302182513.0
446159.596450 4634693.029852 1302182517.0
446132.787741 4634693.121437 1302182522.0
446111.371284 4634692.839241 1302182525.0
446091.034620 4634692.659973 1302182537.0
446064.139548 4634692.308336 1302182541.0
446036.411143 4634691.518979 1302182544.0
446008.189798 4634691.399665 1302182547.0
445987.190833 4634691.447778 1302182551.0
445976.795058 4634710.624327 1302182557.0
445977.167287 4634737.824680 1302182561.0
445976.792554 4634765.030697 1302182564.0
445976.336515 4634792.459399 1302182567.0
445976.073065 4634812.447405 1302182571.0
445975.253067 4634835.659600 1302182576.0
445974.004634 4634857.098511 1302182580.0
445971.852532 4634879.765642 1302182585.0
445972.275789 4634902.746346 1302182589.0
445972.881028 4634927.835305 1302182593.0
445972.558182 4634950.932702 1302182600.0
445971.900000 4634973.588509 1302182604.0
445971.759987 4634998.905189 1302182607.0
445971.582091 4635019.225654 1302182609.0
445971.174585 4635042.101630 1302182611.0
445970.528210 4635066.311819 1302182613.0
445969.873421 4635089.411738 1302182615.0
445969.372834 4635110.956021 1302182617.0
445968.977978 4635135.497406 1302182620.0
445968.080127 4635159.376406 1302182624.0
445966.846111 4635182.702789 1302182627.0
445965.779770 4635206.249969 1302182630.0
445952.814665 4635225.779170 1302182634.0
445931.904476 4635226.381967 1302182637.0
445906.164833 4635224.911857 1302182640.0
445879.777281 4635225.556398 1302182643.0
445850.313183 4635225.447186 1302182646.0
445825.497385 4635225.413780 1302182649.0
445803.913141 4635224.689677 1302182670.0
445781.500677 4635224.194008 1302182674.0
445756.268228 4635223.941948 1302182677.0
445735.933898 4635223.874734 1302182679.0
445713.109010 4635223.715523 1302182681.0
445688.621773 4635223.235956 1302182683.0
445663.057350 4635222.986757 1302182685.0
445635.757751 4635223.750192 1302182687.0
445608.370926 4635223.959229 1302182689.0
445581.814006 4635224.162033 1302182691.0
445556.334263 4635224.134636 1302182693.0
445534.093690 4635224.415667 1302182695.0
445510.944469 4635225.258885 1302182698.0
445501.064007 4635246.430843 1302182703.0
445500.561463 4635267.531069 1302182706.0
445499.192752 4635294.744770 1302182709.0
445498.608930 4635316.067687 1302182711.0
445497.713542 4635340.057795 1302182713.0
445497.488018 4635364.820014 1302182715.0
445497.254853 4635388.582991 1302182717.0
445497.078346 4635408.903493 1302182719.0
445496.656277 4635429.670008 1302182722.0
445497.641605 4635449.981623 1302182732.0
445497.751442 4635475.185415 1302182736.0
445496.768855 4635498.621029 1302182739.0
445494.986991 4635526.059970 1302182742.0
445493.406796 4635558.160783 1302182745.0
445493.000048 4635580.925793 1302182747.0
445492.429032 4635603.914128 1302182749.0
445492.189115 4635626.788896 1302182751.0
445492.033036 4635649.774058 1302182753.0
445491.622907 4635672.094962 1302182755.0
445491.204287 4635693.305596 1302182757.0
445491.524036 4635713.400243 1302182759.0
445492.071775 4635741.598605 1302182762.0
445493.566045 4635763.349771 1302182765.0
445494.142387 4635784.441761 1302182769.0
445495.129398 4635804.975440 1302182775.0
445496.446638 4635825.284525 1302182778.0
445498.149327 4635852.585785 1302182781.0
445499.806980 4635874.002605 1302182783.0
445501.315650 4635897.641239 1302182785.0
445502.665993 4635922.280389 1302182787.0
445503.592075 4635945.701416 1302182789.0
445503.889977 4635973.790666 1302182792.0
445503.070045 4635996.780919 1302182796.0
