443498.491561 4635468.777225 1302745314.0
443474.343003 4635469.079833 1302745317.0
443453.015148 4635469.249098 1302745319.0
443427.867210 4635469.115660 1302745321.0
443397.908626 4635469.353635 1302745323.0
443367.109572 4635468.266007 1302745325.0
443339.464043 4635467.153429 1302745327.0
443319.290940 4635466.425636 1302745329.0
443299.045449 4635467.030887 1302745334.0
443274.645265 4635467.003073 1302745358.0
443250.072028 4635466.088446 1302745361.0
443229.579345 4635466.917932 1302745363.0
443201.449130 4635467.475266 1302745366.0
443181.183278 4635465.527226 1302745371.0
443156.637483 4635468.054765 1302745377.0
443136.078662 4635470.994699 1302745380.0
443114.833790 4635471.164314 1302745383.0
443095.280222 4635464.880494 1302745395.0
443074.069933 4635469.380292 1302745409.0
443067.676277 4635489.750662 1302745413.0
443067.038067 4635513.739170 1302745416.0
443064.617631 4635543.182605 1302745419.0
443063.145137 4635566.622613 1302745421.0
443062.781651 4635593.828924 1302745423.0
443063.445063 4635624.913230 1302745425.0
443063.366039 4635656.558643 1302745427.0
443061.539892 4635687.662851 1302745429.0
443059.973368 4635720.097399 1302745431.0
443058.911871 4635753.416186 1302745433.0
443058.440152 4635787.840604 1302745435.0
443058.968683 4635822.812200 1302745437.0
443059.411568 4635857.451379 1302745439.0
443058.679379 4635890.434438 1302745441.0
443058.351463 4635922.081855 1302745443.0
443058.570699 4635949.505593 1302745445.0
443059.650369 4635970.371425 1302745447.0
443060.063519 4635990.909482 1302745450.0
443069.430681 4636010.376656 1302745470.0
443092.081970 4636009.862536 1302745473.0
443123.208901 4636010.724248 1302745476.0
443147.366264 4636011.752758 1302745478.0
443173.930967 4636012.873178 1302745480.0
443202.982447 4636013.640762 1302745482.0
443233.943377 4636014.504281 1302745484.0
443265.723498 4636014.028997 1302745486.0
443298.747458 4636013.432918 1302745488.0
443331.448330 4636013.949907 1302745490.0
443362.981273 4636013.699092 1302745492.0
443392.346993 4636012.244264 1302745494.0
443418.570012 4636012.146933 1302745496.0
443438.901347 4636012.096484 1302745498.0
443459.303323 4636010.491051 1302745503.0
443483.565624 4636014.295725 1302745507.0
443514.625326 4636017.158296 1302745510.0
443541.108705 4636018.502797 1302745512.0
443572.157805 4636020.033291 1302745514.0
443605.935603 4636020.320938 1302745516.0
443639.045151 4636020.058862 1302745518.0
443670.992961 4636019.806127 1302745520.0
443703.937424 4636019.656692 1302745522.0
443737.130830 4636019.505444 1302745524.0
443768.663731 4636019.256425 1302745526.0
443796.374235 4636018.371502 1302745528.0
443818.695336 4636018.084366 1302745530.0
443841.248749 4636015.685820 1302745533.0
443860.807691 4636001.874428 1302745543.0
443864.010421 4635976.533397 1302745546.0
443865.503802 4635955.425137 1302745548.0
443867.338748 4635935.535562 1302745550.0
443869.071475 4635913.204044 1302745553.0
443872.142437 4635892.194390 1302745561.0
443873.631493 4635870.530999 1302745564.0
443875.462115 4635850.086294 1302745566.0
443875.787674 4635828.210005 1302745568.0
443877.170155 4635803.549535 1302745570.0
443879.454976 4635777.549549 1302745572.0
443880.435684 4635754.557760 1302745574.0
443881.426896 4635732.898299 1302745577.0
443908.611762 4635728.353848 1302745582.0
443937.912349 4635729.011453 1302745585.0
443958.157990 4635728.519038 1302745587.0
443981.045173 4635726.229360 1302745590.0
443998.641362 4635737.083373 1302745616.0
443998.988892 4635760.175730 1302745621.0
444023.133741 4635770.090047 1302745625.0
444045.660089 4635764.139286 1302745630.0
444070.729347 4635754.393472 1302745635.0
444091.421410 4635747.346920 1302745641.0
444114.808217 4635745.275819 1302745644.0
444142.703188 4635746.611497 1302745647.0
444166.275994 4635747.092889 1302745649.0
444197.877411 4635744.846641 1302745651.0
444228.404394 4635743.164117 1302745653.0
444258.685911 4635741.927781 1302745655.0
444288.468661 4635740.584441 1302745657.0
444317.674867 4635739.800902 1302745659.0
444345.642383 4635739.804399 1302745661.0
444372.292549 4635741.150702 1302745663.0
444397.038394 4635743.067138 1302745665.0
444419.530649 4635743.335735 1302745667.0
444440.778135 4635743.614112 1302745669.0
444463.281638 4635745.326200 1302745673.0
444468.889739 4635719.522601 1302745682.0
444468.649116 4635688.657040 1302745685.0
444471.593100 4635661.763877 1302745687.0
444474.672789 4635630.983471 1302745689.0
444475.249943 4635598.557065 1302745691.0
444475.164945 4635566.357890 1302745693.0
444475.602968 4635537.374623 1302745695.0
444475.659812 4635512.724652 1302745697.0
444475.385574 4635488.188296 1302745700.0
444476.445197 4635464.418782 1302745707.0
444479.426532 4635442.299799 1302745710.0
444481.347999 4635411.972572 1302745713.0
444479.650000 4635385.781807 1302745715.0
444478.005559 4635355.815475 1302745717.0
444478.835211 4635323.831252 1302745719.0
444480.599393 4635294.615594 1302745721.0
444482.575430 4635271.283083 1302745723.0
444484.146046 4635249.175105 1302745727.0
