446298.845092 4635273.016448 1302035913.0
446299.187367 4635252.361660 1302035941.0
446280.806507 4635236.178328 1302035954.0
446257.989239 4635237.016615 1302035957.0
446229.523616 4635237.231404 1302035960.0
446201.562642 4635238.330763 1302035963.0
446175.748513 4635237.970578 1302035966.0
446153.168478 4635237.252940 1302035970.0
446130.273268 4635238.758426 1302035975.0
446108.795617 4635241.141530 1302035978.0
446080.183353 4635243.911794 1302035981.0
446057.282290 4635244.640325 1302035983.0
446032.386106 4635244.939910 1302035985.0
446006.487309 4635244.358912 1302035987.0
445981.167753 4635243.551550 1302035989.0
445957.347908 4635243.510135 1302035991.0
445935.019355 4635243.124382 1302035993.0
445913.933965 4635242.507193 1302035995.0
445885.952799 4635240.943142 1302035998.0
445865.858216 4635239.652369 1302036002.0
445839.718002 4635240.073112 1302036010.0
445815.406106 4635240.813147 1302036013.0
445787.437578 4635240.914888 1302036016.0
445757.312150 4635241.144195 1302036019.0
445734.149438 4635240.210254 1302036021.0
445710.160202 4635239.726821 1302036023.0
445686.672287 4635239.683782 1302036025.0
445664.828086 4635237.518645 1302036027.0
445642.498636 4635237.022782 1302036029.0
445620.833104 4635236.521920 1302036031.0
445600.577553 4635235.899324 1302036033.0
445570.439373 4635234.464014 1302036036.0
445549.606272 4635234.290110 1302036038.0
445527.275949 4635233.683580 1302036040.0
445504.281698 4635233.082198 1302036042.0
445481.288292 4635232.591918 1302036044.0
445458.544703 4635232.210833 1302036046.0
445434.968656 4635231.503096 1302036048.0
445410.731232 4635231.133605 1302036050.0
445385.912021 4635230.657622 1302036052.0
445360.511873 4635230.186182 1302036054.0
445334.616333 4635230.051734 1302036056.0
445307.973878 4635229.923114 1302036058.0
445280.252546 4635229.802881 1302036060.0
445252.365230 4635229.684030 1302036062.0
445223.979116 4635229.458091 1302036064.0
445194.844377 4635229.015955 1302036066.0
445166.455690 4635228.457164 1302036068.0
445138.234688 4635228.119261 1302036070.0
445110.014537 4635227.892497 1302036072.0
445082.044209 4635227.774952 1302036074.0
445053.656357 4635227.327637 1302036076.0
445024.355606 4635226.887479 1302036078.0
444994.722030 4635226.338977 1302036080.0
444964.924181 4635226.013935 1302036082.0
444935.707261 4635225.684528 1302036084.0
444907.487938 4635225.569593 1302036086.0
444880.264498 4635225.447065 1302036088.0
444854.368902 4635225.314362 1302036090.0
444829.549600 4635224.840318 1302036092.0
444806.554363 4635224.130160 1302036094.0
444784.973400 4635223.853251 1302036096.0
444763.726118 4635223.795887 1302036098.0
444740.904599 4635224.083898 1302036100.0
444716.424133 4635224.495890 1302036102.0
444690.865654 4635225.027368 1302036104.0
444663.314544 4635225.463382 1302036106.0
444635.433199 4635226.124136 1302036108.0
444608.877114 4635226.441593 1302036110.0
444584.066421 4635227.078675 1302036112.0
444561.245774 4635227.478289 1302036114.0
444532.944301 4635227.476511 1302036117.0
444512.513083 4635225.637001 1302036141.0
444492.349046 4635236.786429 1302036149.0
444489.570748 4635263.678270 1302036153.0
444488.634685 4635292.665403 1302036156.0
444488.466237 4635313.652117 1302036158.0
444488.131812 4635334.640125 1302036160.0
444487.626223 4635354.963264 1302036162.0
444487.516615 4635383.499825 1302036165.0
444487.477887 4635410.481361 1302036168.0
444487.644866 4635431.909601 1302036171.0
444487.822229 4635454.670167 1302036177.0
444478.584789 4635472.729648 1302036187.0
444454.638597 4635477.690780 1302036191.0
444429.736269 4635477.107757 1302036194.0
444400.419130 4635474.449631 1302036197.0
444379.520126 4635476.389318 1302036199.0
444358.700651 4635477.884310 1302036201.0
444331.249122 4635480.319458 1302036204.0
444307.042802 4635483.839680 1302036208.0
444284.617449 4635492.231550 1302036234.0
444259.674729 4635497.090101 1302036237.0
444230.494475 4635501.315710 1302036240.0
444203.709578 4635504.079235 1302036243.0
444182.055990 4635505.026109 1302036246.0
444163.161314 4635497.956975 1302036252.0
444149.019804 4635514.945001 1302036257.0
444146.209854 4635537.617969 1302036260.0
444145.760983 4635565.046888 1302036263.0
444146.514256 4635587.025716 1302036265.0
444146.600155 4635608.565641 1302036267.0
444145.486538 4635635.888742 1302036270.0
444147.429463 4635661.411333 1302036273.0
444146.595563 4635682.070200 1302036276.0
444143.686174 4635702.634309 1302036280.0
444122.045633 4635694.587517 1302036282.0
444118.736291 4635674.738385 1302036309.0
444121.312809 4635654.065843 1302036330.0
