444710.123386 4635482.032209 1303652239.0
444688.708308 4635481.643284 1303652248.0
444666.711452 4635481.147907 1303652251.0
444641.140090 4635479.903138 1303652254.0
444613.990228 4635478.448666 1303652257.0
444585.516007 4635477.448735 1303652260.0
444557.046961 4635477.115080 1303652263.0
444530.906748 4635477.429608 1303652266.0
444508.080849 4635477.052210 1303652269.0
444484.017055 4635477.572803 1303652276.0
444459.195987 4635476.766975 1303652280.0
444434.620411 4635475.515183 1303652283.0
444407.805026 4635474.391989 1303652286.0
444379.680033 4635475.610832 1303652289.0
444351.387338 4635476.609029 1303652292.0
444325.325769 4635476.368527 1303652295.0
444304.493282 4635476.198270 1303652298.0
444284.405076 4635475.689151 1303652304.0
444259.829455 4635474.437962 1303652308.0
444235.604026 4635475.515829 1303652311.0
444208.131651 4635475.286800 1303652314.0
444179.416200 4635475.289685 1303652317.0
444151.948171 4635475.616008 1303652320.0
444126.968030 4635475.700856 1303652323.0
444104.387559 4635474.878690 1303652327.0
444080.145586 4635473.847570 1303652333.0
444058.228131 4635472.909312 1303652336.0
444031.914067 4635472.227730 1303652339.0
444003.609165 4635471.672928 1303652342.0
443974.469141 4635470.458601 1303652345.0
443946.916354 4635470.564314 1303652348.0
443925.440021 4635472.954014 1303652351.0
443905.274892 4635473.223807 1303652367.0
443882.692627 4635472.180289 1303652371.0
443860.188966 4635470.581053 1303652374.0
443835.112674 4635469.002170 1303652377.0
443807.137054 4635468.112450 1303652380.0
443777.837125 4635467.677427 1303652383.0
443757.660585 4635466.504284 1303652385.0
443737.323322 4635465.998673 1303652387.0
443716.983424 4635465.160038 1303652389.0
443687.762071 4635464.169594 1303652392.0
443658.459476 4635463.401980 1303652395.0
443628.997047 4635463.412991 1303652398.0
443600.950683 4635464.079117 1303652401.0
443574.481969 4635464.843891 1303652404.0
443550.258330 4635466.146144 1303652407.0
443527.691812 4635467.102240 1303652410.0
443503.873439 4635467.180062 1303652413.0
443470.501778 4635466.112391 1303652417.0
443443.687904 4635465.214877 1303652420.0
443414.550363 4635464.335922 1303652423.0
443384.915768 4635463.572070 1303652426.0
443346.566558 4635462.766607 1303652430.0
443320.337096 4635462.309047 1303652433.0
443297.264704 4635462.270590 1303652436.0
443274.440389 4635462.119198 1303652442.0
443247.961952 4635461.663886 1303652447.0
443225.633789 4635461.286630 1303652450.0
443202.558732 4635460.915398 1303652453.0
443178.640508 4635458.885452 1303652457.0
443156.401518 4635459.284941 1303652463.0
443130.175565 4635459.272189 1303652467.0
443108.676374 4635458.777647 1303652470.0
443087.917862 4635457.500012 1303652473.0
443067.336385 4635467.990657 1303652478.0
443066.344039 4635489.206138 1303652494.0
443066.041332 4635513.636102 1303652499.0
443065.710233 4635534.513197 1303652502.0
443065.228251 4635557.279081 1303652505.0
443065.742998 4635580.148035 1303652508.0
443065.849912 4635603.908523 1303652511.0
443066.041588 4635627.890403 1303652514.0
443065.905759 4635652.430074 1303652517.0
443065.692273 4635677.636572 1303652520.0
443064.652489 4635703.293813 1303652523.0
443063.614490 4635729.173109 1303652526.0
443062.826342 4635755.161445 1303652529.0
443062.542319 4635781.922992 1303652532.0
443062.345723 4635809.239013 1303652535.0
443062.227677 4635835.999236 1303652538.0
443061.615285 4635863.207549 1303652541.0
443061.410715 4635889.524329 1303652544.0
443060.780585 4635914.512099 1303652547.0
443060.294237 4635936.722861 1303652550.0
443060.563609 4635960.037927 1303652554.0
443059.893553 4635980.029472 1303652569.0
443068.669209 4635998.168960 1303652574.0
443090.097103 4636000.329439 1303652578.0
443110.193730 4636002.056477 1303652581.0
443132.862776 4636003.763033 1303652584.0
443156.940723 4636005.236348 1303652587.0
443182.091219 4636005.923947 1303652590.0
443206.663494 4636006.949349 1303652593.0
443227.914730 4636007.779237 1303652596.0
443255.220071 4636008.116816 1303652600.0
443279.205263 4636008.369905 1303652603.0
443305.593381 4636008.159809 1303652606.0
443333.478699 4636008.382037 1303652609.0
443362.277692 4636008.708143 1303652612.0
443391.323861 4636008.810332 1303652615.0
443418.050073 4636009.375206 1303652618.0
443440.463006 4636010.196500 1303652621.0
443462.045236 4636010.913423 1303652627.0
443486.691608 4636010.828859 1303652631.0
443511.257640 4636011.078120 1303652634.0
443538.813640 4636011.636866 1303652637.0
443568.525392 4636011.956569 1303652640.0
443589.191285 4636012.237001 1303652642.0
443609.771556 4636012.185067 1303652644.0
443640.811878 4636012.605588 1303652647.0
443661.559866 4636012.774546 1303652649.0
443681.810841 4636013.058528 1303652651.0
443711.272748 4636013.269768 1303652654.0
443740.403602 4636013.594779 1303652657.0
443768.621657 4636013.927115 1303652660.0
443795.261309 4636014.049951 1303652663.0
443819.899772 4636012.967294 1303652666.0
443843.442850 4636009.783710 1303652670.0
443861.961556 4636000.866026 1303652677.0
443865.580950 4635975.743780 1303652681.0
443866.979104 4635953.081793 1303652684.0
443867.780643 4635928.425894 1303652687.0
443868.319243 4635901.995523 1303652690.0
443868.921583 4635873.121899 1303652693.0
443869.852365 4635843.801552 1303652696.0
443871.209449 4635815.921291 1303652699.0
443873.159683 4635789.590836 1303652702.0
443874.375323 4635764.820648 1303652705.0
443875.118436 4635743.274174 1303652708.0
443892.227047 4635723.819457 1303652713.0
443919.360436 4635723.272681 1303652717.0
443942.108743 4635724.426029 1303652720.0
443964.450852 4635726.692986 1303652723.0
443987.861269 4635727.619203 1303652726.0
444012.018541 4635728.539626 1303652729.0
444035.761754 4635729.574418 1303652732.0
444058.095092 4635730.731396 1303652735.0
444079.777619 4635733.559064 1303652740.0
444102.604486 4635734.157136 1303652745.0
444123.278974 4635735.438369 1303652748.0
444145.940731 4635736.148910 1303652751.0
444169.351083 4635737.075722 1303652754.0
444193.248027 4635736.555357 1303652757.0
444216.072260 4635736.820711 1303652760.0
444236.403477 4635736.661519 1303652763.0
444257.912985 4635738.602809 1303652767.0
444283.394447 4635739.069653 1303652776.0
444310.784549 4635739.521666 1303652780.0
444334.610649 4635740.556805 1303652783.0
444359.517274 4635741.805651 1303652786.0
444383.254304 4635742.064410 1303652789.0
444405.990318 4635741.664857 1303652792.0
444427.899087 4635741.604933 1303652795.0
444453.617349 4635740.516062 1303652799.0
444474.538960 4635741.574319 1303652805.0
444479.662177 4635717.440018 1303652810.0
444481.547285 4635693.108892 1303652814.0
444482.625918 4635671.781969 1303652817.0
444482.541030 4635650.242047 1303652820.0
444481.793989 4635628.929355 1303652823.0
444481.044348 4635607.283582 1303652826.0
444480.709636 4635585.634575 1303652829.0
444480.705139 4635563.760928 1303652832.0
444480.460337 4635542.999494 1303652835.0
444479.674346 4635516.690583 1303652839.0
444477.844995 4635494.942195 1303652843.0
444484.833952 4635475.900929 1303652850.0
444509.961888 4635473.484473 1303652855.0
444530.564424 4635476.099867 1303652858.0
444551.991634 4635478.042697 1303652861.0
444574.401724 4635478.312437 1303652864.0
444596.561121 4635478.362129 1303652867.0
444618.137878 4635478.194352 1303652870.0
444644.187333 4635476.881544 1303652874.0
444666.423681 4635476.153619 1303652878.0
