445504.743532 4636009.425958 1303048022.0
445521.015742 4636021.182084 1303048036.0
445541.837206 4636020.134583 1303048039.0
445567.139656 4636019.052897 1303048042.0
445594.599621 4636017.954820 1303048045.0
445622.402537 4636018.297669 1303048048.0
445650.624590 4636019.192596 1303048051.0
445679.839021 4636019.635932 1303048054.0
445709.387062 4636020.298912 1303048057.0
445738.680232 4636020.186721 1303048060.0
445767.811665 4636020.631049 1303048063.0
445795.859269 4636020.417544 1303048066.0
445822.333611 4636020.660250 1303048069.0
445847.811332 4636020.799598 1303048072.0
445870.551520 4636021.070875 1303048075.0
445893.712513 4636022.116263 1303048079.0
445914.549187 4636023.068342 1303048082.0
445940.280891 4636023.872294 1303048085.0
445969.333513 4636024.873213 1303048088.0
445990.088868 4636026.048197 1303048090.0
446011.767104 4636028.548649 1303048092.0
446033.770518 4636030.158434 1303048094.0
446056.007727 4636029.767912 1303048096.0
446077.747052 4636029.381229 1303048098.0
446099.576081 4636029.882202 1303048100.0
446121.569388 4636030.159932 1303048102.0
446143.564371 4636030.659784 1303048104.0
446165.224908 4636030.829131 1303048106.0
446185.975170 4636031.338522 1303048108.0
446250.894759 4636023.631136 1303048115.0
446273.952586 4636022.013733 1303048118.0
446294.245360 4636005.871864 1303048122.0
446295.392233 4635981.879979 1303048125.0
446295.757958 4635953.341611 1303048128.0
446295.767377 4635932.578276 1303048130.0
446296.266320 4635910.700915 1303048132.0
446297.178507 4635888.598373 1303048134.0
446297.670764 4635865.832797 1303048136.0
446297.832768 4635843.291778 1303048138.0
446298.330057 4635821.192367 1303048140.0
446298.744366 4635799.093582 1303048142.0
446299.076533 4635777.106450 1303048144.0
446299.241062 4635754.898516 1303048146.0
446299.735019 4635732.354999 1303048148.0
446300.475425 4635709.476525 1303048150.0
446301.049030 4635686.488276 1303048152.0
446301.368663 4635662.835741 1303048154.0
446301.779656 4635640.292854 1303048156.0
446302.196511 4635618.527157 1303048158.0
446302.289796 4635597.874234 1303048160.0
446302.322824 4635569.227359 1303048163.0
446302.297140 4635543.800898 1303048166.0
446302.885005 4635522.700115 1303048171.0
446303.394072 4635502.155095 1303048195.0
446304.045686 4635478.500066 1303048198.0
446304.245545 4635449.962972 1303048201.0
446304.502316 4635428.975723 1303048203.0
446305.085184 4635407.208782 1303048205.0
446305.504592 4635385.776175 1303048207.0
446305.761373 4635364.788928 1303048209.0
446305.856364 4635344.358068 1303048211.0
446306.388204 4635315.818478 1303048214.0
446306.857145 4635289.944166 1303048217.0
446307.425817 4635266.289770 1303048221.0
446307.936608 4635245.966813 1303048232.0
446309.488624 4635220.639508 1303048236.0
446311.606527 4635193.309340 1303048239.0
446312.616958 4635173.204687 1303048241.0
446313.293759 4635152.880482 1303048243.0
446313.715735 4635131.780966 1303048245.0
446313.805748 4635110.683951 1303048247.0
446314.305703 4635088.917648 1303048249.0
446314.720997 4635066.929917 1303048251.0
446315.058322 4635045.608975 1303048253.0
446315.238869 4635025.510581 1303048255.0
446315.376752 4634999.749809 1303048258.0
446315.548101 4634978.430120 1303048279.0
446315.645662 4634958.332354 1303048283.0
446314.718858 4634934.467174 1303048286.0
446313.923737 4634906.048636 1303048289.0
446313.686813 4634885.620293 1303048291.0
446314.112171 4634864.964893 1303048293.0
446314.541716 4634844.864629 1303048295.0
446315.045894 4634823.653470 1303048297.0
446315.218096 4634802.444813 1303048299.0
446315.310652 4634781.680891 1303048301.0
446315.573383 4634761.470853 1303048303.0
446315.616589 4634734.156340 1303048306.0
446317.263495 4634710.382811 1303048310.0
446301.628560 4634695.289062 1303048321.0
446276.902312 4634696.363711 1303048326.0
446251.832360 4634695.886573 1303048329.0
446223.943037 4634695.763901 1303048332.0
446197.633158 4634695.962511 1303048335.0
446174.641461 4634695.914086 1303048338.0
446151.816594 4634695.975507 1303048344.0
446124.842742 4634696.179404 1303048348.0
446100.856763 4634696.360801 1303048351.0
446074.543521 4634696.115758 1303048354.0
446048.564784 4634696.201379 1303048357.0
446025.583171 4634697.485759 1303048360.0
446004.923782 4634698.530548 1303048363.0
445986.560850 4634706.886191 1303048369.0
445982.477015 4634726.570055 1303048373.0
445982.315055 4634749.000023 1303048376.0
445981.511017 4634774.321727 1303048379.0
445980.780723 4634798.421507 1303048382.0
445979.207018 4634820.751148 1303048387.0
445994.576563 4634833.625543 1303048393.0
446016.057937 4634831.575189 1303048397.0
446040.361149 4634829.503529 1303048401.0
446059.681532 4634838.017842 1303048405.0
446060.496783 4634857.997676 1303048409.0
446039.060885 4634866.043356 1303048414.0
446018.998928 4634869.193222 1303048421.0
