443909.569270 4635470.525175 1302485790.0
443888.720119 4635468.246618 1302485807.0
443865.148980 4635468.099217 1302485810.0
443835.849935 4635467.774982 1302485813.0
443814.432969 4635467.166630 1302485815.0
443792.352972 4635466.674606 1302485817.0
443769.855404 4635465.852845 1302485819.0
443747.687149 4635464.695452 1302485821.0
443726.017690 4635463.645222 1302485823.0
443703.852929 4635462.932075 1302485825.0
443680.446856 4635462.672946 1302485827.0
443656.876561 4635462.637261 1302485829.0
443633.640850 4635462.932109 1302485831.0
443610.154419 4635463.006949 1302485833.0
443587.165915 4635463.077923 1302485835.0
443565.913996 4635462.357976 1302485837.0
443544.330121 4635461.640722 1302485840.0
443523.754418 4635462.470019 1302485862.0
443499.443385 4635463.217967 1302485866.0
443472.720423 4635463.318931 1302485869.0
443452.547330 4635462.590760 1302485871.0
443431.050834 4635462.428327 1302485873.0
443408.971657 4635462.048519 1302485875.0
443388.137294 4635461.658887 1302485877.0
443368.051585 4635461.485432 1302485879.0
443338.836324 4635461.273609 1302485882.0
443312.942342 4635461.257544 1302485885.0
443290.695405 4635460.657369 1302485889.0
443266.714559 4635461.181414 1302485916.0
443243.495645 4635463.587051 1302485920.0
443219.618152 4635466.664219 1302485923.0
443197.303281 4635467.952459 1302485926.0
443173.296777 4635465.257030 1302485932.0
443149.894205 4635465.443753 1302485935.0
443122.262799 4635466.108453 1302485938.0
443096.768682 4635464.202399 1302485941.0
443073.299974 4635466.499553 1302485946.0
443069.916941 4635489.732755 1302485954.0
443069.732701 4635518.603144 1302485958.0
443069.407804 4635540.257429 1302485960.0
443068.512651 4635563.248684 1302485962.0
443067.368547 4635586.241930 1302485964.0
443066.302113 4635608.568350 1302485966.0
443066.387730 4635629.664186 1302485968.0
443067.750967 4635654.858081 1302485971.0
443066.924630 4635676.072241 1302485976.0
443066.188385 4635698.173957 1302485980.0
443065.028347 4635719.168718 1302485983.0
443063.731635 4635743.828706 1302485986.0
443063.031798 4635770.482542 1302485989.0
443062.254311 4635797.803206 1302485992.0
443061.810542 4635825.343272 1302485995.0
443062.216137 4635855.319306 1302485998.0
443062.122060 4635885.077268 1302486001.0
443061.689844 4635914.060693 1302486004.0
443061.720913 4635938.710075 1302486007.0
443062.396315 4635960.911551 1302486014.0
443058.016037 4635983.930685 1302486030.0
443066.563161 4636004.625789 1302486035.0
443091.203364 4636003.762665 1302486040.0
443119.313726 4636000.984329 1302486043.0
443142.547689 4636000.687786 1302486045.0
443166.614128 4636000.717779 1302486047.0
443190.514601 4636000.749177 1302486049.0
443214.498054 4636000.779993 1302486051.0
443237.736441 4636001.038897 1302486053.0
443262.058892 4636001.955446 1302486055.0
443287.955333 4636002.526443 1302486057.0
443314.097178 4636002.651444 1302486059.0
443340.492381 4636003.329696 1302486061.0
443366.554769 4636003.899658 1302486063.0
443391.619607 4636004.255575 1302486065.0
443415.359383 4636004.955210 1302486067.0
443435.612166 4636005.460547 1302486069.0
443458.198123 4636007.168797 1302486074.0
443483.684014 4636008.298935 1302486078.0
443504.763951 4636008.464802 1302486080.0
443530.324886 4636008.595203 1302486082.0
443558.874911 4636008.924077 1302486084.0
443588.584034 4636008.910783 1302486086.0
443618.791922 4636009.004699 1302486088.0
443648.834723 4636009.211083 1302486090.0
443678.964012 4636009.861046 1302486092.0
443708.758736 4636010.180679 1302486094.0
443738.388369 4636010.612774 1302486096.0
443767.105201 4636011.052199 1302486098.0
443794.325734 4636011.170445 1302486100.0
443818.054914 4636010.539094 1302486102.0
443843.434972 4636008.784464 1302486105.0
443862.261104 4635996.755401 1302486118.0
443864.991327 4635974.638085 1302486121.0
443866.075051 4635954.199259 1302486123.0
443867.122909 4635929.208317 1302486125.0
443868.149778 4635901.552722 1302486127.0
443869.836146 4635873.336760 1302486129.0
443872.926248 4635844.221466 1302486131.0
443875.514103 4635814.554962 1302486133.0
443877.780543 4635786.223403 1302486135.0
443879.817296 4635760.336406 1302486137.0
443882.060271 4635739.555355 1302486139.0
443886.552597 4635719.866928 1302486146.0
443912.717285 4635722.769815 1302486151.0
443944.188604 4635725.075866 1302486154.0
443971.091375 4635726.862818 1302486156.0
443999.569966 4635728.526449 1302486158.0
444026.805518 4635730.422029 1302486160.0
444052.543841 4635731.885336 1302486162.0
444078.606246 4635732.346885 1302486165.0
444103.002855 4635732.044363 1302486171.0
444127.581110 4635733.739112 1302486174.0
444150.734685 4635733.668572 1302486176.0
444175.713050 4635733.472771 1302486178.0
444200.938630 4635733.053054 1302486180.0
444225.003295 4635732.753550 1302486182.0
444251.803847 4635732.099613 1302486185.0
