444360.138406 4635449.448394 1303163988.0
444340.170421 4635453.712636 1303164014.0
444315.492984 4635460.678561 1303164018.0
444294.777298 4635464.837743 1303164032.0
444279.962825 4635480.720424 1303164043.0
444278.385095 4635501.829217 1303164048.0
444281.317333 4635526.566856 1303164052.0
444280.683730 4635551.665488 1303164056.0
444278.143183 4635577.001106 1303164060.0
444277.755953 4635601.764712 1303164063.0
444278.859867 4635626.183553 1303164066.0
444276.291567 4635647.966305 1303164069.0
444273.640298 4635669.749707 1303164073.0
444294.674158 4635685.129946 1303164078.0
444317.735685 4635694.498559 1303164081.0
444346.055270 4635697.053091 1303164084.0
444371.522996 4635695.743816 1303164087.0
444391.729093 4635700.804642 1303164096.0
444410.414767 4635713.094598 1303164101.0
444426.323075 4635731.069002 1303164106.0
444449.483572 4635731.887650 1303164114.0
444472.818686 4635733.815352 1303164118.0
444493.721351 4635743.090325 1303164121.0
444517.770447 4635751.452578 1303164124.0
444537.627914 4635754.406884 1303164126.0
444566.566111 4635751.183706 1303164129.0
444587.113409 4635746.804543 1303164131.0
444611.870491 4635739.505822 1303164134.0
444626.782796 4635725.510644 1303164138.0
444639.570492 4635705.092043 1303164143.0
444649.375111 4635685.251817 1303164150.0
444671.364440 4635684.858916 1303164168.0
444688.649261 4635698.492881 1303164174.0
444687.066075 4635719.046444 1303164178.0
444687.734688 4635741.025963 1303164180.0
444687.104003 4635766.679690 1303164182.0
444686.583036 4635795.774617 1303164184.0
444686.074147 4635826.423927 1303164186.0
444685.061332 4635856.299914 1303164188.0
444684.274196 4635883.176235 1303164190.0
444684.209768 4635906.937994 1303164192.0
444684.038218 4635927.591636 1303164194.0
444683.199364 4635947.806326 1303164196.0
444684.158319 4635975.113226 1303164199.0
444700.953156 4635989.861359 1303164203.0
444726.023063 4635990.888135 1303164206.0
444747.355348 4635991.499857 1303164208.0
444771.846953 4635992.864382 1303164210.0
444799.828932 4635994.868143 1303164212.0
444830.542401 4635995.962584 1303164214.0
444864.063477 4635995.258881 1303164216.0
444898.904530 4635993.545820 1303164218.0
444934.326467 4635991.828438 1303164220.0
444970.320711 4635988.996472 1303164222.0
445003.005148 4635987.411617 1303164224.0
445029.382142 4635985.764555 1303164226.0
445053.188429 4635984.359490 1303164229.0
445072.886744 4635988.315806 1303164255.0
445094.507303 4635994.033900 1303164261.0
445122.157239 4635996.041485 1303164264.0
445144.985685 4635996.975971 1303164266.0
445170.798890 4635997.554451 1303164268.0
445199.845801 4635997.775042 1303164270.0
445231.713223 4635997.863029 1303164272.0
445265.162407 4635998.605206 1303164274.0
445299.106911 4635999.010635 1303164276.0
445333.462907 4635998.968931 1303164278.0
445366.154164 4635998.273961 1303164280.0
445397.022387 4635997.926217 1303164282.0
445425.733945 4635997.706165 1303164284.0
445452.282886 4635996.836589 1303164286.0
445477.256035 4635996.090208 1303164288.0
445500.410393 4635996.246100 1303164290.0
445521.911914 4635997.302980 1303164292.0
445544.571772 4635997.906934 1303164294.0
445567.317152 4635998.843407 1303164296.0
445590.393601 4635999.666389 1303164298.0
445615.209261 4636000.032032 1303164300.0
445640.531279 4636001.504233 1303164302.0
445666.440082 4636003.749283 1303164304.0
445693.009331 4636005.545257 1303164306.0
445719.410064 4636007.009514 1303164308.0
445745.230762 4636008.589319 1303164310.0
445770.131891 4636009.287951 1303164312.0
445792.872967 4636009.670007 1303164314.0
445814.290564 4636010.617373 1303164316.0
445835.959631 4636011.895992 1303164318.0
445858.960606 4636013.719720 1303164320.0
445883.370561 4636015.310749 1303164322.0
445908.349567 4636015.343070 1303164324.0
445934.246420 4636016.034712 1303164326.0
445962.141551 4636017.599556 1303164328.0
445990.782656 4636019.047819 1303164330.0
446019.499997 4636019.607351 1303164332.0
446047.050551 4636019.509635 1303164334.0
446073.437687 4636019.198767 1303164336.0
446098.498807 4636019.120099 1303164338.0
446122.733476 4636019.491904 1303164340.0
446148.135751 4636020.632199 1303164342.0
446174.034224 4636021.546767 1303164344.0
446198.430645 4636021.362440 1303164346.0
446219.995650 4636019.867173 1303164348.0
446247.258705 4636014.664860 1303164351.0
