445506.633216 4635225.847028 1302130889.0
445484.474788 4635226.016552 1302130892.0
445463.809337 4635226.063683 1302130894.0
445439.906410 4635226.024632 1302130896.0
445411.934401 4635225.683739 1302130898.0
445382.885215 4635225.573280 1302130900.0
445351.427602 4635225.259347 1302130902.0
445302.703718 4635224.522927 1302130905.0
445270.162950 4635223.662500 1302130907.0
445237.954987 4635222.910697 1302130909.0
445207.488106 4635221.923581 1302130911.0
445180.424678 4635221.021439 1302130913.0
445156.184626 4635220.319733 1302130915.0
445127.712909 4635219.761734 1302130918.0
445106.051538 4635219.817572 1302130922.0
445083.240282 4635221.436812 1302130934.0
445056.351371 4635221.644133 1302130937.0
445032.942920 4635221.158499 1302130939.0
445006.297836 4635220.697926 1302130941.0
444977.574554 4635219.809367 1302130943.0
444947.110179 4635219.156446 1302130945.0
444915.234956 4635218.514563 1302130947.0
444883.611274 4635218.203978 1302130949.0
444852.732783 4635217.665698 1302130951.0
444823.514955 4635217.225723 1302130953.0
444796.040784 4635216.883390 1302130955.0
444772.967690 4635216.840147 1302130957.0
444745.492650 4635216.386982 1302130960.0
444723.749123 4635216.555653 1302130964.0
444703.098261 4635218.492451 1302130980.0
444679.965453 4635221.447884 1302130983.0
444658.646379 4635222.834831 1302130985.0
444632.753344 4635223.036015 1302130987.0
444604.285013 4635222.924216 1302130989.0
444576.401932 4635223.363147 1302130991.0
444551.675084 4635224.110722 1302130993.0
444531.175568 4635224.159266 1302130995.0
444509.513319 4635224.105891 1302131006.0
444491.252870 4635234.574293 1302131012.0
444488.118392 4635258.359962 1302131016.0
444487.094153 4635286.681578 1302131019.0
444486.442479 4635309.559633 1302131021.0
444485.808980 4635334.769259 1302131023.0
444485.596488 4635360.752842 1302131025.0
444484.286979 4635384.413264 1302131027.0
444483.134806 4635406.962122 1302131029.0
444482.629241 4635427.285264 1302131031.0
444482.316479 4635451.048954 1302131034.0
444479.910860 4635472.497245 1302131043.0
444459.476112 4635480.762012 1302131047.0
444434.401759 4635479.403076 1302131050.0
444403.284900 4635480.089994 1302131053.0
444378.559818 4635480.949207 1302131055.0
444353.584043 4635481.588396 1302131057.0
444330.767682 4635482.432865 1302131059.0
444310.268899 4635482.482052 1302131061.0
444289.767510 4635482.198216 1302131065.0
444269.735778 4635488.905904 1302131076.0
444249.061479 4635487.735267 1302131078.0
444224.735722 4635486.593278 1302131080.0
444198.500375 4635485.355295 1302131082.0
444174.594757 4635484.876390 1302131084.0
444152.601329 4635484.826709 1302131086.0
444131.153982 4635480.331454 1302131090.0
444107.267504 4635482.295372 1302131095.0
444078.043689 4635480.970247 1302131098.0
444052.968367 4635479.501625 1302131100.0
444028.394449 4635478.473288 1302131102.0
444004.646908 4635476.994404 1302131104.0
443983.480702 4635476.605641 1302131106.0
443960.419752 4635478.008390 1302131109.0
443940.250269 4635477.722948 1302131116.0
443914.999309 4635475.034819 1302131131.0
443887.517281 4635473.585727 1302131134.0
443865.846128 4635472.313018 1302131136.0
443841.359510 4635471.839807 1302131138.0
443815.794924 4635471.486217 1302131140.0
443788.740935 4635471.699641 1302131142.0
443761.519218 4635471.692424 1302131144.0
443734.462597 4635471.572972 1302131146.0
443707.492470 4635471.897077 1302131148.0
443681.180102 4635471.438844 1302131150.0
443656.194653 4635470.859179 1302131152.0
443633.117039 4635470.153472 1302131154.0
443611.370737 4635469.881438 1302131156.0
443583.814412 4635469.544445 1302131159.0
443560.239735 4635468.953944 1302131163.0
443535.595892 4635469.593371 1302131167.0
443514.019957 4635469.875455 1302131170.0
443491.856944 4635469.385021 1302131173.0
443465.789977 4635468.481500 1302131176.0
443424.866425 4635467.473978 1302131180.0
443404.191881 4635466.305790 1302131182.0
443383.684187 4635465.247371 1302131184.0
443355.124900 4635464.030960 1302131187.0
443331.962462 4635463.104833 1302131190.0
443308.476017 4635463.180668 1302131194.0
443286.486005 4635463.577769 1302131201.0
443266.228127 4635462.628733 1302131207.0
443245.566803 4635463.126413 1302131210.0
443223.568826 4635462.524464 1302131213.0
443198.416420 4635461.836700 1302131217.0
443177.410745 4635460.782844 1302131223.0
443155.408321 4635459.625969 1302131227.0
443130.838582 4635459.155862 1302131231.0
443108.687901 4635460.221000 1302131236.0
