446673.741257 4636460.478282 1302037970.0
446675.257590 4636485.671531 1302037973.0
446676.685120 4636510.088211 1302037976.0
446676.361854 4636533.407667 1302037980.0
446680.281110 4636558.138793 1302038008.0
446679.951187 4636580.570032 1302038011.0
446679.035461 4636602.339457 1302038013.0
446677.490037 4636628.665973 1302038015.0
446676.863155 4636655.762846 1302038017.0
446678.327240 4636685.064734 1302038019.0
446681.020945 4636712.358813 1302038021.0
446681.232936 4636740.670778 1302038023.0
446680.679220 4636777.538060 1302038026.0
446681.827022 4636797.848605 1302038028.0
446683.999575 4636822.037651 1302038031.0
446684.072060 4636842.800383 1302038036.0
446682.834466 4636865.904630 1302038049.0
446681.322364 4636896.672250 1302038052.0
446676.675519 4636918.802727 1302038054.0
446674.936821 4636941.466597 1302038056.0
446674.423560 4636961.567519 1302038058.0
446672.944603 4636985.672883 1302038062.0
446684.608749 4637003.128840 1302038069.0
446710.416428 4637003.490811 1302038072.0
446731.330562 4637004.111551 1302038074.0
446757.376347 4637003.028474 1302038077.0
446777.855710 4637000.987796 1302038104.0
446795.442772 4636989.419902 1302038125.0
446797.103845 4636967.422848 1302038128.0
446797.575142 4636941.659543 1302038131.0
446789.520392 4636918.624755 1302038134.0
446779.991205 4636898.154766 1302038137.0
446787.507521 4636871.339509 1302038141.0
446778.491033 4636852.864296 1302038150.0
446758.450173 4636858.121658 1302038153.0
446728.839419 4636859.675526 1302038156.0
446707.013008 4636859.172648 1302038158.0
446685.190750 4636859.224974 1302038160.0
446663.533602 4636859.165096 1302038162.0
446641.708846 4636858.884472 1302038164.0
446618.553218 4636858.169759 1302038166.0
446596.069682 4636858.560416 1302038168.0
446562.890358 4636860.030705 1302038172.0
446551.701010 4636839.573471 1302038176.0
446553.697902 4636807.136675 1302038179.0
446554.840453 4636782.478644 1302038181.0
446555.402208 4636757.824974 1302038183.0
446555.968135 4636733.726441 1302038185.0
446556.962266 4636711.401233 1302038187.0
446557.964736 4636690.186299 1302038189.0
446558.808766 4636669.971856 1302038191.0
446559.071154 4636649.650746 1302038193.0
446559.740915 4636628.327278 1302038195.0
446560.244734 4636607.005056 1302038197.0
446560.491302 4636584.574429 1302038199.0
446560.139553 4636559.816589 1302038201.0
446559.180318 4636531.510236 1302038203.0
446558.789407 4636501.534116 1302038205.0
446558.816708 4636471.998993 1302038207.0
446558.681392 4636442.909226 1302038209.0
446558.883816 4636414.594161 1302038211.0
446559.838867 4636387.050683 1302038213.0
446561.465242 4636360.501472 1302038215.0
446560.524332 4636334.637726 1302038217.0
446560.160096 4636308.214487 1302038219.0
446561.110178 4636280.004851 1302038221.0
446561.639547 4636251.021139 1302038223.0
446561.748198 4636221.263351 1302038225.0
446561.438626 4636191.064568 1302038227.0
446560.543200 4636160.203982 1302038229.0
446560.412082 4636131.669365 1302038231.0
446561.316712 4636108.456585 1302038233.0
446561.860273 4636081.360343 1302038236.0
446563.532568 4636060.917641 1302038260.0
446564.509375 4636036.260887 1302038265.0
446542.758053 4636023.988362 1302038270.0
446519.366595 4636025.385332 1302038273.0
446497.962516 4636026.212282 1302038275.0
446472.489039 4636026.625745 1302038277.0
446444.523631 4636026.724935 1302038279.0
446417.305885 4636026.929644 1302038281.0
446390.337081 4636027.132583 1302038283.0
446363.701038 4636027.444152 1302038285.0
446337.567063 4636028.307205 1302038287.0
446311.681199 4636029.057451 1302038289.0
446286.628497 4636030.245641 1302038291.0
446262.496131 4636032.426278 1302038293.0
446239.030139 4636034.935067 1302038295.0
446217.060332 4636037.765737 1302038297.0
446190.518211 4636039.520681 1302038300.0
446168.105000 4636038.579711 1302038304.0
446147.019476 4636037.628773 1302038311.0
446123.874541 4636038.692079 1302038319.0
446102.460446 4636038.187892 1302038322.0
446079.644919 4636038.915748 1302038332.0
446058.901393 4636039.294884 1302038335.0
446038.236643 4636039.118316 1302038337.0
446015.166288 4636039.071075 1302038339.0
445992.343191 4636038.799966 1302038341.0
445971.929062 4636038.843757 1302038343.0
445949.273607 4636038.793582 1302038346.0
