446306.145877 4635074.433771 1302793184.0
446312.474517 4635055.177311 1302793199.0
446313.712206 4635032.184084 1302793205.0
446312.465140 4635009.875782 1302793222.0
446315.124598 4634988.315277 1302793227.0
446319.700448 4634967.739635 1302793231.0
446320.041146 4634946.862804 1302793234.0
446319.301256 4634925.772049 1302793237.0
446319.629411 4634903.229814 1302793240.0
446319.842789 4634876.469180 1302793243.0
446319.791295 4634847.600909 1302793246.0
446319.717870 4634826.838236 1302793248.0
446319.143965 4634805.746234 1302793250.0
446319.178816 4634777.321449 1302793253.0
446316.450366 4634756.689814 1302793267.0
446297.823492 4634741.063451 1302793273.0
446275.734019 4634739.564469 1302793276.0
446249.292731 4634733.323951 1302793279.0
446230.144997 4634725.696088 1302793281.0
446210.438878 4634721.070390 1302793283.0
446186.397644 4634713.923719 1302793286.0
446166.993250 4634705.298663 1302793292.0
446142.198235 4634697.269568 1302793296.0
446116.890071 4634687.245839 1302793299.0
446093.185650 4634680.763132 1302793302.0
446068.337718 4634676.731892 1302793305.0
446044.086708 4634674.805852 1302793308.0
446021.002684 4634673.537254 1302793311.0
445998.571686 4634670.820347 1302793315.0
445982.398587 4634683.378671 1302793322.0
445980.454472 4634711.595883 1302793326.0
445979.513902 4634740.804790 1302793329.0
445978.145738 4634768.351439 1302793332.0
445976.658395 4634791.124558 1302793336.0
445977.474722 4634811.215411 1302793341.0
445977.549986 4634832.089117 1302793344.0
445977.249000 4634858.073212 1302793347.0
445977.304408 4634887.274574 1302793350.0
445978.171239 4634914.027051 1302793353.0
445977.248898 4634934.686257 1302793362.0
445977.151448 4634954.673009 1302793365.0
445977.608362 4634982.094797 1302793368.0
445977.678585 4635002.302346 1302793370.0
445976.850200 4635024.404278 1302793372.0
445976.023506 4635046.728264 1302793374.0
445975.195977 4635068.941224 1302793376.0
445974.697897 4635090.818587 1302793378.0
445974.280287 4635112.362240 1302793380.0
445973.935569 4635132.572940 1302793382.0
445972.942081 4635154.787163 1302793386.0
445969.892353 4635179.459716 1302793401.0
445968.734590 4635201.897254 1302793405.0
445951.324652 4635215.353328 1302793412.0
445929.952723 4635220.734073 1302793415.0
445902.760544 4635224.715639 1302793418.0
445874.411589 4635229.372299 1302793421.0
445853.005159 4635230.201165 1302793423.0
445828.769466 4635230.052306 1302793425.0
445803.205925 4635229.913631 1302793427.0
445776.809944 4635229.448283 1302793429.0
445749.497682 4635228.545876 1302793431.0
445721.442729 4635228.204399 1302793433.0
445694.634318 4635228.075598 1302793435.0
445669.710128 4635224.712556 1302793437.0
445645.216959 4635223.455949 1302793439.0
445621.646844 4635223.524783 1302793441.0
445598.077576 4635223.704723 1302793443.0
445574.997768 4635222.770665 1302793445.0
445554.904760 4635221.702822 1302793447.0
445529.999148 4635220.782864 1302793450.0
445510.129001 4635227.152693 1302793454.0
445506.061250 4635248.724322 1302793458.0
445505.016828 4635274.936237 1302793461.0
445504.762395 4635295.923533 1302793463.0
445504.353028 4635318.355450 1302793465.0
445504.283264 4635341.784074 1302793467.0
445503.039770 4635363.667206 1302793469.0
445502.532990 4635384.212301 1302793471.0
445502.193040 4635404.867153 1302793473.0
445501.931834 4635424.966236 1302793475.0
445502.309304 4635452.610720 1302793478.0
445502.182903 4635479.481824 1302793481.0
445501.474747 4635506.246346 1302793484.0
445498.694477 4635533.359824 1302793487.0
445498.694147 4635555.011386 1302793489.0
445498.446559 4635576.886908 1302793491.0
445498.198124 4635598.651404 1302793493.0
445497.702435 4635620.639859 1302793495.0
445497.208449 4635642.850370 1302793497.0
445496.631483 4635665.061517 1302793499.0
445496.129012 4635686.161757 1302793501.0
445495.691111 4635715.700064 1302793504.0
445495.735830 4635743.236073 1302793507.0
445496.921090 4635767.987513 1302793510.0
445499.497529 4635790.174536 1302793515.0
445501.516004 4635815.363739 1302793519.0
445503.156079 4635845.330287 1302793522.0
445504.237085 4635867.306687 1302793524.0
445505.416359 4635891.280943 1302793526.0
445506.018149 4635915.703754 1302793528.0
445506.023772 4635938.132519 1302793530.0
445505.416510 4635967.227997 1302793533.0
445505.609338 4635992.431175 1302793536.0
445509.681046 4636014.828835 1302793540.0
445531.623737 4636019.324413 1302793544.0
445557.275087 4636020.460697 1302793547.0
445577.777358 4636021.081248 1302793549.0
445599.191568 4636021.583858 1302793551.0
445620.274697 4636022.200094 1302793553.0
445641.024203 4636022.596871 1302793555.0
445669.907543 4636023.153726 1302793558.0
445695.634211 4636023.290631 1302793561.0
445720.780855 4636023.543083 1302793564.0
445746.593881 4636024.123648 1302793567.0
445773.815043 4636024.360485 1302793570.0
445801.870236 4636025.146248 1302793573.0
445831.001641 4636025.590834 1302793576.0
445860.050059 4636026.036171 1302793579.0
445889.095941 4636026.148545 1302793582.0
445919.140121 4636026.586558 1302793585.0
445940.384940 4636026.647345 1302793587.0
445961.717793 4636027.373728 1302793589.0
445983.304635 4636028.764451 1302793591.0
446005.961804 4636029.036790 1302793593.0
446028.206589 4636029.645426 1302793595.0
446049.453915 4636030.039620 1302793597.0
446069.704626 4636030.330389 1302793599.0
446089.959537 4636031.176353 1302793601.0
446119.169660 4636031.066354 1302793604.0
446146.553363 4636030.859250 1302793607.0
446174.119808 4636032.871542 1302793610.0
446201.909181 4636031.440217 1302793613.0
446227.860411 4636028.357375 1302793616.0
446253.869507 4636021.943185 1302793620.0
446275.414420 4636017.783433 1302793623.0
446290.916065 4636004.564567 1302793626.0
446295.082911 4635984.880216 1302793629.0
446296.060480 4635960.445474 1302793632.0
446295.929993 4635932.132915 1302793635.0
446295.379572 4635903.157323 1302793638.0
446295.668186 4635875.396775 1302793641.0
446296.783286 4635847.185862 1302793644.0
446300.546333 4635817.955687 1302793647.0
446302.482935 4635788.628251 1302793650.0
446303.928346 4635760.192787 1302793653.0
446304.374612 4635731.320723 1302793656.0
446304.802343 4635710.998375 1302793658.0
446305.381821 4635688.787317 1302793660.0
446306.290733 4635666.240675 1302793662.0
446306.872733 4635644.362699 1302793664.0
446307.466454 4635624.039104 1302793666.0
446309.064518 4635593.825964 1302793669.0
446310.735400 4635573.272186 1302793671.0
446310.941969 4635545.623306 1302793674.0
446309.120732 4635524.207582 1302793678.0
446318.174135 4635503.154035 1302793691.0
446341.870797 4635497.979000 1302793695.0
446369.364604 4635501.102960 1302793698.0
446391.869138 4635502.932171 1302793700.0
446417.443343 4635504.627328 1302793702.0
446445.749428 4635505.413772 1302793704.0
446475.134336 4635506.192222 1302793706.0
446503.855340 4635506.975779 1302793708.0
446531.577991 4635507.433845 1302793710.0
446558.471601 4635508.009271 1302793712.0
446584.202554 4635508.482484 1302793714.0
446609.187453 4635509.072414 1302793716.0
446634.337487 4635509.550161 1302793718.0
446658.574661 4635510.034833 1302793720.0
446686.135461 4635511.049878 1302793723.0
446700.963705 4635529.592515 1302793727.0
446703.222783 4635554.225010 1302793730.0
446703.471906 4635576.429811 1302793732.0
446703.913584 4635602.186239 1302793734.0
446704.205902 4635630.164452 1302793736.0
446703.924801 4635659.146257 1302793738.0
446703.384783 4635686.797600 1302793740.0
446702.659694 4635711.896562 1302793742.0
446702.244951 4635734.106336 1302793744.0
446701.923166 4635757.647816 1302793747.0
446719.520829 4635769.285699 1302793752.0
446742.407784 4635766.893874 1302793755.0
446767.614984 4635764.040649 1302793758.0
446790.179985 4635762.983784 1302793761.0
446810.348405 4635763.277285 1302793767.0
446819.645279 4635741.334304 1302793774.0
446819.055456 4635717.910676 1302793778.0
446820.139416 4635696.362119 1302793782.0
446823.387626 4635675.685673 1302793785.0
446825.850035 4635649.796529 1302793788.0
446825.783008 4635629.700001 1302793790.0
446824.164222 4635601.842726 1302793793.0
446822.799358 4635574.649757 1302793796.0
446821.318243 4635554.119654 1302793800.0
446811.390722 4635536.095346 1302793816.0
446785.623404 4635530.736121 1302793820.0
446765.107442 4635528.446676 1302793823.0
446744.828805 4635524.601049 1302793829.0
446720.082976 4635522.676457 1302793833.0
446697.243336 4635520.404586 1302793836.0
446671.830257 4635518.041020 1302793839.0
446648.988922 4635515.547250 1302793842.0
446628.552525 4635512.813468 1302793847.0
