444699.321296 4636025.515923 1302711248.0
444675.245553 4636024.259452 1302711257.0
444651.429961 4636024.444483 1302711261.0
444627.356793 4636023.521256 1302711264.0
444605.943334 4636023.132595 1302711266.0
444582.786402 4636022.646528 1302711268.0
444560.051285 4636023.045526 1302711270.0
444537.405202 4636024.221140 1302711272.0
444516.009033 4636026.053294 1302711274.0
444490.448241 4636025.919356 1302711277.0
444472.184481 4636014.403150 1302711283.0
444472.255116 4635991.529596 1302711291.0
444473.146051 4635967.428273 1302711294.0
444473.238222 4635936.671140 1302711297.0
444473.362422 4635910.022016 1302711300.0
444473.288743 4635889.925440 1302711304.0
444483.021769 4635871.640000 1302711309.0
444486.567363 4635847.406961 1302711312.0
444494.481695 4635819.364725 1302711315.0
444493.103626 4635791.616974 1302711318.0
444491.519857 4635769.422526 1302711321.0
444491.096996 4635747.107997 1302711327.0
444492.795398 4635720.113514 1302711331.0
444493.881775 4635689.126579 1302711334.0
444494.529081 4635665.693375 1302711336.0
444494.675885 4635641.930971 1302711338.0
444495.167612 4635619.831388 1302711340.0
444495.333454 4635598.511583 1302711342.0
444495.330732 4635576.859990 1302711344.0
444495.247619 4635555.542126 1302711346.0
444494.923333 4635535.225447 1302711348.0
444494.391548 4635509.580759 1302711351.0
444491.398686 4635487.619366 1302711361.0
444466.273299 4635479.709715 1302711366.0
444439.542656 4635478.807809 1302711369.0
444418.953950 4635477.969112 1302711371.0
444389.642876 4635476.088221 1302711374.0
444367.141971 4635474.820466 1302711377.0
444344.290890 4635471.223805 1302711399.0
444322.467745 4635471.727439 1302711403.0
444301.644793 4635472.778489 1302711408.0
444281.095125 4635476.936413 1302711418.0
444260.512468 4635476.875365 1302711421.0
444239.928940 4635476.703349 1302711423.0
444216.191882 4635476.556086 1302711425.0
444192.287977 4635476.299175 1302711427.0
444170.544357 4635476.358515 1302711429.0
444143.633740 4635473.682584 1302711432.0
444121.501551 4635466.527911 1302711436.0
444098.065035 4635462.381460 1302711455.0
444071.175254 4635462.370454 1302711458.0
444049.431586 4635462.430164 1302711460.0
444024.782472 4635462.401735 1302711462.0
443998.054298 4635461.834565 1302711464.0
443971.907905 4635461.373954 1302711466.0
443947.010693 4635461.458780 1302711468.0
443926.272483 4635462.732328 1302711470.0
443903.614195 4635462.577614 1302711474.0
443888.784834 4635476.462629 1302711482.0
443888.308084 4635500.227674 1302711485.0
443888.717181 4635531.091923 1302711488.0
443887.893625 4635552.972123 1302711490.0
443886.990588 4635575.297086 1302711492.0
443886.761069 4635598.838120 1302711494.0
443886.129743 4635624.047831 1302711496.0
443886.824444 4635649.025030 1302711498.0
443888.489603 4635670.774596 1302711500.0
443890.028139 4635697.521695 1302711503.0
443893.686666 4635719.477630 1302711508.0
443918.605706 4635722.279316 1302711512.0
443945.903324 4635721.509281 1302711515.0
443968.468194 4635720.443475 1302711518.0
443995.029434 4635721.011829 1302711536.0
444021.919116 4635721.133565 1302711539.0
444042.340345 4635721.861385 1302711541.0
444067.654182 4635722.106707 1302711544.0
444087.826448 4635722.836612 1302711550.0
444110.395682 4635722.326391 1302711554.0
444134.371306 4635721.250042 1302711571.0
444154.782072 4635720.645857 1302711574.0
444175.119428 4635721.263680 1302711577.0
444200.611400 4635723.062555 1302711581.0
444225.530288 4635725.865315 1302711585.0
444250.337495 4635725.004912 1302711588.0
444280.539580 4635724.213428 1302711591.0
444301.711096 4635725.380258 1302711593.0
444322.962985 4635726.213419 1302711595.0
444343.627036 4635726.162966 1302711597.0
444373.170444 4635726.043225 1302711600.0
444400.325496 4635728.273962 1302711603.0
444426.808856 4635729.510737 1302711606.0
444447.827343 4635732.344703 1302711609.0
444469.405932 4635732.509549 1302711613.0
444483.765034 4635754.049243 1302711618.0
444483.895787 4635781.473610 1302711621.0
444482.116186 4635808.690800 1302711624.0
444480.301120 4635831.355875 1302711627.0
444480.406795 4635855.560456 1302711631.0
444476.696991 4635880.016848 1302711636.0
444473.957906 4635901.245689 1302711639.0
444471.529241 4635930.355526 1302711642.0
444469.506852 4635958.351858 1302711645.0
444466.020989 4635979.586528 1302711648.0
444460.542727 4636000.725704 1302711656.0
444477.070857 4636013.143683 1302711662.0
444501.721497 4636013.617767 1302711665.0
444522.270591 4636009.571489 1302711667.0
444543.808569 4636004.629300 1302711669.0
444572.393088 4635998.744064 1302711672.0
444594.054705 4635999.019662 1302711674.0
444614.983300 4636001.077569 1302711676.0
444640.253667 4636006.543842 1302711679.0
444661.043866 4636012.156046 1302711692.0
444681.878209 4636012.771439 1302711696.0
444703.129177 4636013.605727 1302711700.0
444723.209785 4636013.338822 1302711703.0
444752.922250 4636013.774493 1302711706.0
444776.080911 4636014.483167 1302711708.0
444801.224233 4636014.288263 1302711710.0
444826.947563 4636013.977922 1302711712.0
444852.917259 4636013.332665 1302711714.0
444879.051202 4636012.464163 1302711716.0
444905.100451 4636011.374344 1302711718.0
444942.844060 4636009.416977 1302711721.0
444967.072026 4636008.896634 1302711723.0
444990.725127 4636009.158050 1302711725.0
445014.297816 4636009.753267 1302711727.0
445037.868786 4636010.126507 1302711729.0
445061.106970 4636010.391358 1302711731.0
445084.676220 4636010.542699 1302711733.0
445108.331017 4636011.026560 1302711735.0
445133.148401 4636011.612577 1302711737.0
445172.404516 4636012.087520 1302711740.0
445199.126185 4636012.103939 1302711742.0
445226.584437 4636010.782389 1302711744.0
445254.216341 4636010.458914 1302711746.0
445281.933785 4636010.467990 1302711748.0
445309.986563 4636010.918735 1302711750.0
445337.378042 4636011.707766 1302711752.0
445363.855867 4636012.392878 1302711754.0
445389.333655 4636012.530586 1302711756.0
445412.157743 4636012.910791 1302711758.0
445440.705830 4636013.025153 1302711761.0
445464.362274 4636013.732250 1302711765.0
445487.022087 4636014.336020 1302711770.0
445512.250915 4636014.476073 1302711773.0
445532.748114 4636014.430331 1302711775.0
445554.912575 4636015.371206 1302711777.0
445578.819634 4636016.298835 1302711779.0
445604.133972 4636016.771661 1302711781.0
445629.944496 4636017.018722 1302711783.0
445656.005655 4636017.486032 1302711785.0
445682.900854 4636018.502245 1302711787.0
445710.293930 4636019.514764 1302711789.0
445736.359299 4636020.537504 1302711791.0
445761.841255 4636021.231680 1302711793.0
445786.074263 4636021.380286 1302711795.0
445818.529151 4636022.354694 1302711798.0
445838.948399 4636022.976627 1302711800.0
445864.991789 4636021.113130 1302711803.0
445885.084172 4636022.403881 1302711822.0
445911.478889 4636023.091658 1302711826.0
445940.943897 4636023.756228 1302711829.0
445963.353827 4636024.252375 1302711831.0
445986.338726 4636023.966997 1302711833.0
446009.161871 4636024.238087 1302711835.0
446030.991765 4636024.849877 1302711837.0
446052.736992 4636025.240308 1302711839.0
446076.144356 4636025.951322 1302711841.0
446101.296836 4636026.982307 1302711843.0
446127.026814 4636027.564879 1302711845.0
446152.258901 4636028.151307 1302711847.0
446176.080306 4636028.748485 1302711849.0
446203.042402 4636027.656517 1302711852.0
446222.848023 4636023.953877 1302711855.0
446242.810407 4636019.028740 1302711879.0
446266.862346 4636017.181745 1302711907.0
446288.646177 4636011.687829 1302711911.0
446296.600854 4635988.088742 1302711915.0
446295.896191 4635960.668780 1302711918.0
446295.477306 4635938.132138 1302711920.0
446294.953672 4635912.709415 1302711922.0
446294.998358 4635885.616906 1302711924.0
446295.218221 4635859.744446 1302711926.0
446295.374358 4635836.426238 1302711928.0
446295.885033 4635816.103261 1302711930.0
446296.620388 4635792.558620 1302711933.0
446296.955061 4635770.904570 1302711953.0
446298.436449 4635747.243273 1302711956.0
446299.860811 4635727.024445 1302711958.0
446300.266768 4635703.815392 1302711960.0
446300.242739 4635678.610979 1302711962.0
446300.380497 4635652.850181 1302711964.0
446300.607940 4635627.976974 1302711966.0
446300.934275 4635605.212659 1302711968.0
446301.362850 4635585.001343 1302711970.0
446301.840101 4635560.237290 1302711973.0
446301.769927 4635539.918702 1302711977.0
446301.517880 4635517.491850 1302711994.0
446301.908806 4635492.284317 1302711997.0
446302.163055 4635470.963985 1302711999.0
446302.393036 4635446.423867 1302712001.0
446302.690108 4635419.773610 1302712003.0
446302.983837 4635392.679246 1302712005.0
446303.202951 4635366.695779 1302712007.0
446303.435459 4635342.488747 1302712009.0
446303.607576 4635321.280072 1302712011.0
446304.154475 4635294.738971 1302712014.0
446304.812821 4635271.972166 1302712018.0
446304.888570 4635248.987687 1302712041.0
446305.869684 4635224.997084 1302712045.0
446306.794591 4635204.559973 1302712048.0
446307.632332 4635183.568354 1302712051.0
446309.859171 4635159.679400 1302712054.0
446311.576366 4635134.239821 1302712057.0
446312.051211 4635109.142706 1302712060.0
446309.702662 4635083.844801 1302712064.0
446308.869713 4635061.422343 1302712084.0
446311.845210 4635037.749820 1302712088.0
446310.864687 4635017.771208 1302712102.0
446313.513260 4634994.767351 1302712110.0
446315.591776 4634973.211225 1302712115.0
446333.096018 4634961.087756 1302712123.0
446354.995397 4634959.479403 1302712138.0
446378.097637 4634963.302696 1302712147.0
446399.907342 4634960.806890 1302712156.0
446425.572325 4634963.278658 1302712161.0
446446.073345 4634963.346599 1302712164.0
446465.932512 4634955.313992 1302712168.0
446466.266132 4634933.437930 1302712174.0
446465.411980 4634908.128761 1302712178.0
446447.567823 4634897.159531 1302712183.0
446426.498177 4634898.761357 1302712186.0
446396.876809 4634899.983444 1302712189.0
446367.497747 4634900.315564 1302712192.0
446343.013662 4634900.388874 1302712195.0
446322.833557 4634898.875376 1302712208.0
446316.090608 4634918.245974 1302712222.0
446315.000465 4634938.795351 1302712238.0
446318.724783 4634959.419487 1302712253.0
446317.471165 4634980.303197 1302712257.0
446317.069236 4635004.067357 1302712260.0
446316.768708 4635030.273487 1302712263.0
446316.462329 4635055.702429 1302712266.0
446316.036152 4635076.246808 1302712287.0
446315.283869 4635097.570878 1302712292.0
446314.687535 4635117.561374 1302712295.0
446314.594173 4635138.214281 1302712298.0
446313.613848 4635162.315906 1302712302.0
