443877.477633 4635484.435120 1301834173.0
443853.160534 4635484.404670 1301834176.0
443832.830337 4635484.787004 1301834178.0
443809.759801 4635484.968942 1301834180.0
443785.773774 4635484.825078 1301834182.0
443762.614990 4635484.341660 1301834184.0
443739.374091 4635483.970001 1301834186.0
443716.300041 4635483.708134 1301834188.0
443693.222477 4635483.002232 1301834190.0
443670.229651 4635482.517803 1301834192.0
443647.234186 4635481.700367 1301834194.0
443624.989117 4635481.321203 1301834196.0
443603.993253 4635481.487389 1301834198.0
443574.785135 4635482.162817 1301834201.0
443549.877417 4635480.916705 1301834204.0
443529.283286 4635479.414416 1301834208.0
443505.423571 4635474.273955 1301834230.0
443483.253523 4635472.895331 1301834233.0
443453.027486 4635470.803478 1301834236.0
443429.860680 4635469.321898 1301834238.0
443406.447546 4635468.175452 1301834240.0
443382.790734 4635467.697224 1301834242.0
443360.048548 4635467.433872 1301834244.0
443338.634165 4635467.160030 1301834246.0
443318.378957 4635466.543927 1301834248.0
443293.070326 4635467.078449 1301834251.0
443270.915234 4635467.587947 1301834257.0
443246.246628 4635465.119613 1301834262.0
443223.735687 4635462.634168 1301834265.0
443200.992585 4635462.260296 1301834268.0
443180.005508 4635463.538004 1301834272.0
443153.533267 4635463.860233 1301834280.0
443129.122426 4635462.500591 1301834283.0
443106.792480 4635461.901652 1301834286.0
443086.215031 4635462.510159 1301834290.0
443072.513097 4635482.272710 1301834299.0
443071.045884 4635506.378877 1301834303.0
443070.091688 4635532.368528 1301834306.0
443068.419016 4635561.917021 1301834309.0
443067.509674 4635583.131841 1301834311.0
443066.525338 4635605.346571 1301834313.0
443065.542785 4635627.783356 1301834315.0
443063.810707 4635649.893029 1301834317.0
443062.585428 4635673.108997 1301834319.0
443061.699200 4635697.210530 1301834321.0
443060.899515 4635721.755510 1301834323.0
443059.849108 4635746.080427 1301834325.0
443059.125323 4635769.736528 1301834327.0
443058.399770 4635793.170575 1301834329.0
443057.250429 4635815.497668 1301834331.0
443056.426818 4635837.044917 1301834333.0
443056.267967 4635858.697887 1301834335.0
443056.192990 4635880.461222 1301834337.0
443056.199222 4635902.001840 1301834339.0
443056.365208 4635922.763940 1301834341.0
443056.028862 4635942.974885 1301834343.0
443055.677887 4635971.735596 1301834346.0
443055.857192 4635994.163108 1301834349.0
443075.798073 4636007.549904 1301834354.0
443096.882479 4636008.269701 1301834357.0
443121.459197 4636009.849945 1301834360.0
443148.271085 4636010.746227 1301834363.0
443177.741028 4636011.954506 1301834366.0
443198.904845 4636012.229833 1301834368.0
443221.898677 4636013.045806 1301834370.0
443245.633143 4636013.078712 1301834372.0
443269.530032 4636012.666265 1301834374.0
443292.352584 4636012.817624 1301834376.0
443315.587389 4636012.632672 1301834378.0
443339.478097 4636011.443269 1301834380.0
443362.211486 4636010.818321 1301834382.0
443383.864352 4636009.979966 1301834384.0
443404.523210 4636009.371644 1301834386.0
443430.416076 4636009.499049 1301834389.0
443452.745144 4636010.210012 1301834394.0
443476.393979 4636009.911264 1301834398.0
443501.617701 4636009.378033 1301834401.0
443524.534671 4636010.972832 1301834404.0
443552.430515 4636012.528244 1301834408.0
443579.507084 4636015.422666 1301834411.0
443600.588752 4636015.810871 1301834413.0
443624.329335 4636016.622229 1301834415.0
443649.394978 4636017.090080 1301834417.0
443675.703581 4636017.326121 1301834419.0
443701.680254 4636017.564883 1301834421.0
443726.655885 4636017.145444 1301834423.0
443750.883808 4636016.620963 1301834425.0
443774.869801 4636016.986747 1301834427.0
443799.032266 4636018.683630 1301834429.0
443821.028446 4636019.287340 1301834431.0
443842.165045 4636016.122732 1301834434.0
443856.103839 4635994.694285 1301834438.0
443861.725282 4635970.888665 1301834441.0
443865.444301 4635947.875283 1301834444.0
443866.944695 4635927.655243 1301834447.0
443869.011978 4635905.654190 1301834451.0
443871.577172 4635883.649216 1301834478.0
443872.859143 4635856.768852 1301834482.0
443873.630102 4635828.227005 1301834485.0
443875.037071 4635806.675298 1301834487.0
443876.948078 4635785.896860 1301834489.0
443879.133302 4635757.788010 1301834492.0
443881.281920 4635735.564260 1301834496.0
443897.873507 4635724.219119 1301834501.0
443920.817450 4635718.597778 1301834506.0
443942.806676 4635718.202627 1301834510.0
443963.228799 4635719.041247 1301834520.0
443986.140460 4635719.860349 1301834525.0
444012.623950 4635721.095584 1301834529.0
444032.893169 4635723.601117 1301834532.0
444055.671098 4635728.529752 1301834536.0
444074.817720 4635736.040752 1301834540.0
444095.846803 4635740.206008 1301834543.0
444122.085592 4635741.998740 1301834546.0
444142.850874 4635744.278624 1301834548.0
444163.609178 4635745.670350 1301834550.0
444185.188618 4635745.945363 1301834552.0
444206.672895 4635744.666709 1301834554.0
444231.616450 4635740.030016 1301834557.0
444252.458598 4635741.532379 1301834562.0
444272.264966 4635737.935342 1301834586.0
444295.430677 4635739.419653 1301834594.0
444318.426067 4635740.350200 1301834597.0
444346.732458 4635741.239324 1301834600.0
444367.644550 4635741.075968 1301834602.0
444391.044443 4635740.671182 1301834604.0
444415.191198 4635740.260645 1301834606.0
444438.419063 4635739.080120 1301834608.0
444462.800926 4635736.891368 1301834611.0
444483.918715 4635731.175051 1301834619.0
444485.740749 4635709.398198 1301834623.0
444488.539581 4635685.170987 1301834626.0
444491.132665 4635655.837822 1301834629.0
444492.462023 4635634.731016 1301834631.0
444492.296777 4635613.524824 1301834633.0
444492.018266 4635588.433328 1301834636.0
444491.169231 4635564.678686 1301834644.0
444493.329345 4635543.676445 1301834648.0
444494.561045 4635520.682828 1301834653.0
444495.465130 4635498.246935 1301834657.0
444497.301118 4635478.246529 1301834670.0
444516.760817 4635472.654279 1301834674.0
444540.427842 4635474.468596 1301834677.0
444568.315988 4635474.806705 1301834680.0
444597.024507 4635473.917170 1301834683.0
444623.918523 4635474.485296 1301834686.0
444648.070494 4635474.630694 1301834689.0
444671.633788 4635473.781440 1301834692.0
444696.446210 4635473.477737 1301834695.0
444720.185825 4635473.959681 1301834698.0
444745.598965 4635476.205266 1301834701.0
444775.482223 4635476.972846 1301834704.0
444797.066723 4635477.804855 1301834706.0
444818.482660 4635478.305134 1301834708.0
444838.735050 4635478.592419 1301834710.0
444864.468048 4635479.281476 1301834713.0
444885.300484 4635479.453370 1301834718.0
444906.633418 4635479.954556 1301834723.0
444929.721960 4635482.107740 1301834727.0
444950.144594 4635482.949195 1301834730.0
444972.116537 4635480.225659 1301834734.0
444994.960379 4635482.936113 1301834737.0
445020.050003 4635486.295510 1301834740.0
445040.886689 4635487.022994 1301834745.0
445069.034820 4635488.804495 1301834750.0
445093.143940 4635494.170316 1301834754.0
445118.547458 4635495.195930 1301834757.0
445140.122439 4635494.807680 1301834759.0
445162.864371 4635495.076713 1301834761.0
445187.191600 4635496.443958 1301834763.0
445212.504419 4635496.471302 1301834765.0
445237.722299 4635494.944993 1301834767.0
445261.694527 4635493.317312 1301834769.0
445284.168729 4635491.146049 1301834771.0
445307.234084 4635490.302723 1301834773.0
445330.063262 4635491.126789 1301834775.0
445354.234709 4635493.828203 1301834777.0
445376.994502 4635496.429490 1301834779.0
445398.090278 4635498.488436 1301834781.0
445425.173876 4635502.167073 1301834784.0
445447.765938 4635504.547803 1301834787.0
445468.914056 4635502.609345 1301834790.0
445489.100900 4635494.349389 1301834795.0
445509.165128 4635491.753144 1301834818.0
445515.213474 4635512.137069 1301834825.0
445511.299975 4635532.153056 1301834829.0
445506.912361 4635555.281615 1301834832.0
445505.174393 4635577.612672 1301834834.0
445504.528845 4635601.711912 1301834836.0
445504.377820 4635625.363235 1301834838.0
445503.978691 4635649.127491 1301834840.0
445504.067285 4635671.555612 1301834842.0
445504.481874 4635693.204004 1301834844.0
445503.228275 4635713.754823 1301834846.0
445504.104507 4635741.506537 1301834849.0
445504.393052 4635768.374479 1301834852.0
445503.806740 4635789.364330 1301834856.0
445502.499914 4635813.801739 1301834864.0
445501.876503 4635840.787695 1301834867.0
445501.950675 4635861.328361 1301834869.0
445502.781036 4635883.084612 1301834871.0
445502.536870 4635905.404254 1301834873.0
445502.131840 4635928.391330 1301834875.0
445501.880036 4635949.711729 1301834877.0
445501.498800 4635975.807568 1301834880.0
445501.416364 4635997.570808 1301834884.0
