443061.850046 4635778.375426 1303575087.0
443061.403613 4635805.582410 1303575090.0
443061.383641 4635834.229433 1303575093.0
443061.280690 4635862.877121 1303575096.0
443060.921693 4635890.638581 1303575099.0
443060.876881 4635916.176844 1303575102.0
443060.898190 4635939.604927 1303575105.0
443060.592011 4635963.590800 1303575109.0
443061.343298 4635984.903395 1303575128.0
443077.968477 4635998.760843 1303575135.0
443101.744686 4636004.011551 1303575140.0
443123.259965 4636006.726603 1303575143.0
443146.350103 4636009.207079 1303575146.0
443169.691825 4636012.018726 1303575149.0
443192.521471 4636013.057983 1303575152.0
443213.687939 4636013.666436 1303575155.0
443236.422201 4636013.152113 1303575160.0
443261.637065 4636011.507759 1303575184.0
443284.702377 4636010.879919 1303575187.0
443312.908124 4636009.656069 1303575190.0
443333.158256 4636009.828033 1303575192.0
443353.742961 4636010.330496 1303575194.0
443374.407113 4636010.388250 1303575196.0
443403.946751 4636009.931396 1303575199.0
443429.751342 4636009.393294 1303575202.0
443449.995296 4636008.788399 1303575207.0
443475.394677 4636009.475057 1303575212.0
443499.046156 4636009.509466 1303575215.0
443527.097412 4636009.731135 1303575218.0
443547.514371 4636010.013419 1303575220.0
443568.760261 4636010.178161 1303575222.0
443590.421057 4636010.339679 1303575224.0
443612.162195 4636010.167524 1303575226.0
443633.988951 4636010.327861 1303575228.0
443655.734479 4636010.710976 1303575230.0
443677.148956 4636011.207809 1303575232.0
443698.396589 4636011.594992 1303575234.0
443719.562114 4636012.093920 1303575236.0
443740.642900 4636012.371513 1303575238.0
443761.226671 4636012.764126 1303575240.0
443790.527865 4636013.643168 1303575243.0
443817.408578 4636012.764876 1303575246.0
443841.028510 4636008.803438 1303575250.0
443860.216319 4636000.546680 1303575257.0
443864.155383 4635973.867434 1303575261.0
443865.135123 4635950.764608 1303575264.0
443865.962031 4635929.328500 1303575267.0
443866.788946 4635907.892392 1303575270.0
443867.339795 4635883.016403 1303575273.0
443868.613001 4635855.025766 1303575276.0
443869.864480 4635834.807692 1303575278.0
443870.775283 4635813.481962 1303575280.0
443872.687151 4635792.814549 1303575282.0
443875.365886 4635764.146639 1303575285.0
443876.927475 4635741.150272 1303575288.0
443893.477939 4635724.586842 1303575293.0
443914.306234 4635724.311782 1303575296.0
443937.795285 4635724.682045 1303575299.0
443959.783618 4635724.175919 1303575302.0
443980.792726 4635725.787209 1303575315.0
444007.369653 4635728.354100 1303575320.0
444030.198292 4635729.173995 1303575323.0
444053.125606 4635731.991801 1303575326.0
444075.203877 4635732.373597 1303575330.0
444096.532668 4635732.428241 1303575336.0
444116.881322 4635734.489252 1303575339.0
444141.971402 4635737.956580 1303575342.0
444168.377024 4635739.859208 1303575345.0
444193.611280 4635740.549736 1303575348.0
444216.022316 4635741.040395 1303575351.0
444238.513726 4635741.197394 1303575354.0
444263.747096 4635741.777143 1303575357.0
444290.980772 4635743.451678 1303575360.0
444320.112662 4635743.779070 1303575363.0
444348.998195 4635744.441608 1303575366.0
444377.964104 4635744.770533 1303575369.0
444406.252269 4635743.328322 1303575372.0
444432.384579 4635742.125110 1303575375.0
444455.346171 4635738.726038 1303575378.0
444477.384567 4635734.001829 1303575384.0
444481.264759 4635710.099287 1303575388.0
444482.334734 4635687.662091 1303575391.0
444484.115243 4635660.555934 1303575394.0
444485.709895 4635630.897447 1303575397.0
444486.545654 4635610.349657 1303575399.0
444486.554151 4635590.141417 1303575401.0
444486.737200 4635560.382901 1303575404.0
444486.430119 4635531.627510 1303575407.0
444486.145535 4635505.758828 1303575410.0
444485.647462 4635484.444199 1303575414.0
444500.212549 4635468.452863 1303575420.0
444527.694431 4635469.904317 1303575424.0
444557.490447 4635470.116493 1303575427.0
444586.289745 4635470.225514 1303575430.0
444606.458327 4635470.401758 1303575432.0
444627.043571 4635470.796887 1303575434.0
444647.709212 4635470.858350 1303575436.0
444668.373126 4635470.697818 1303575438.0
444689.039626 4635470.870428 1303575440.0
444710.044107 4635471.817711 1303575442.0
444730.966455 4635472.876728 1303575444.0
444751.725404 4635474.270174 1303575446.0
444772.313204 4635474.998805 1303575448.0
444792.484340 4635475.508656 1303575450.0
444820.625715 4635476.400959 1303575453.0
444846.196188 4635477.535344 1303575456.0
444867.861083 4635478.033844 1303575459.0
444891.694814 4635479.959070 1303575467.0
444914.378727 4635483.447741 1303575471.0
444938.877182 4635485.479018 1303575474.0
444965.774536 4635486.492542 1303575477.0
444992.170528 4635487.065905 1303575480.0
445017.487677 4635487.647691 1303575483.0
445040.070521 4635488.805831 1303575486.0
445066.549480 4635489.378829 1303575490.0
445093.034424 4635490.729114 1303575494.0
445116.279429 4635491.660324 1303575497.0
445141.516122 4635492.576272 1303575500.0
445170.651501 4635493.240233 1303575503.0
445191.819239 4635493.854577 1303575505.0
445213.727880 4635493.686050 1303575507.0
445235.806764 4635494.071449 1303575509.0
445258.467408 4635494.563480 1303575511.0
445281.377010 4635495.053671 1303575513.0
445304.447467 4635494.876499 1303575515.0
445330.616055 4635487.458435 1303575517.0
445353.417984 4635484.729708 1303575519.0
445375.323243 4635484.117569 1303575521.0
445396.817824 4635484.063814 1303575523.0
445417.977901 4635483.679585 1303575525.0
445447.532459 4635484.896635 1303575528.0
445473.941134 4635487.137189 1303575531.0
445497.364796 4635489.733779 1303575535.0
445503.417425 4635510.672829 1303575540.0
445502.125814 4635537.108716 1303575544.0
445501.744518 4635563.204538 1303575547.0
445501.155633 4635583.861301 1303575549.0
445500.161168 4635605.742538 1303575551.0
445499.502900 4635628.176372 1303575553.0
445498.682065 4635651.055586 1303575555.0
445498.353201 4635673.153801 1303575557.0
445498.263102 4635693.917785 1303575559.0
445499.067413 4635723.113486 1303575562.0
445499.778543 4635750.977497 1303575565.0
445500.205039 4635774.180273 1303575568.0
445500.118342 4635795.388369 1303575574.0
445501.647408 4635821.691654 1303575579.0
445502.496461 4635845.890502 1303575582.0
445503.699528 4635872.973518 1303575585.0
445505.983059 4635900.270337 1303575588.0
445506.854180 4635927.355896 1303575591.0
445507.378928 4635952.556533 1303575594.0
445508.714804 4635975.308224 1303575597.0
445508.402938 4635999.626993 1303575601.0
