444286.261195 4635479.560823 1304004766.0
444262.836989 4635476.968211 1304004773.0
444237.147341 4635481.832684 1304004778.0
444213.649698 4635480.462182 1304004781.0
444184.181290 4635479.693707 1304004784.0
444163.009890 4635478.638248 1304004786.0
444142.256032 4635477.912679 1304004788.0
444116.942206 4635477.778110 1304004791.0
444094.802818 4635480.283535 1304004798.0
444090.075603 4635501.861233 1304004802.0
444089.098520 4635525.408113 1304004805.0
444089.148659 4635552.944156 1304004808.0
444089.627675 4635582.253379 1304004811.0
444090.452778 4635602.788198 1304004813.0
444091.427962 4635631.871461 1304004816.0
444092.153314 4635660.845652 1304004819.0
444092.696136 4635687.711630 1304004822.0
444092.854732 4635707.918582 1304004825.0
444090.022395 4635727.704874 1304004836.0
444120.086365 4635730.466882 1304004845.0
444160.102371 4635732.373756 1304004869.0
444254.417208 4635737.297759 1304004879.0
444282.304359 4635737.634738 1304004882.0
444311.592694 4635736.739498 1304004885.0
444340.305347 4635736.515081 1304004888.0
444373.005594 4635736.814808 1304004892.0
444397.815372 4635736.288001 1304004896.0
444419.246176 4635738.785562 1304004900.0
444440.710738 4635745.613249 1304004906.0
444460.170526 4635740.131861 1304004915.0
444472.739926 4635723.711877 1304004921.0
444475.636405 4635701.371475 1304004925.0
444477.861233 4635678.037006 1304004928.0
444480.962575 4635650.032282 1304004931.0
444482.307395 4635620.264707 1304004934.0
444482.919198 4635592.279390 1304004937.0
444483.231078 4635568.404667 1304004940.0
444483.560268 4635546.750488 1304004943.0
444483.647422 4635525.986467 1304004946.0
444483.977484 4635504.443316 1304004950.0
444485.541113 4635481.447113 1304004959.0
444485.565118 4635452.578112 1304004964.0
444486.361111 4635426.923080 1304004967.0
444486.556293 4635398.718951 1304004970.0
444487.071323 4635368.957857 1304004973.0
444487.327076 4635348.525630 1304004975.0
444487.082302 4635327.764202 1304004977.0
444486.760594 4635307.780612 1304004979.0
444487.214279 4635280.795847 1304004982.0
444487.938569 4635256.584821 1304004985.0
444488.107887 4635235.709136 1304004988.0
444490.335536 4635212.707771 1304004992.0
444513.663664 4635202.866101 1304004997.0
444535.414154 4635203.585006 1304005000.0
444563.131332 4635203.147207 1304005003.0
444591.433763 4635203.260133 1304005006.0
444613.346769 4635203.533876 1304005009.0
444633.520418 4635204.265339 1304005014.0
444657.751982 4635203.854998 1304005020.0
444681.322208 4635203.782975 1304005023.0
444710.620515 4635203.888642 1304005026.0
444732.367527 4635204.164039 1304005028.0
444755.610090 4635204.649973 1304005030.0
444779.598704 4635205.019166 1304005032.0
444804.002268 4635205.385225 1304005034.0
444828.572669 4635205.861110 1304005036.0
444852.477421 4635206.120164 1304005038.0
444876.383028 4635206.490325 1304005040.0
444900.538463 4635206.969669 1304005042.0
444925.026714 4635207.557554 1304005044.0
444949.097432 4635207.815650 1304005046.0
444972.256108 4635208.191904 1304005048.0
444994.502741 4635208.686309 1304005050.0
445014.589899 4635208.975383 1304005052.0
445040.402551 4635209.109309 1304005055.0
445061.228914 4635208.393508 1304005058.0
445081.393066 4635207.904941 1304005061.0
445104.492691 4635211.391023 1304005064.0
445133.210852 4635211.613931 1304005067.0
445154.623274 4635211.560092 1304005069.0
445177.615080 4635211.827265 1304005071.0
445202.184557 4635212.193410 1304005073.0
445227.500946 4635212.553898 1304005075.0
445253.311007 4635212.355513 1304005077.0
445279.872247 4635212.706621 1304005079.0
445306.931427 4635213.054005 1304005081.0
445333.657787 4635213.293012 1304005083.0
445359.223129 4635213.652057 1304005085.0
445382.381741 4635214.029644 1304005087.0
445403.049783 4635214.315359 1304005089.0
445431.937284 4635214.982307 1304005092.0
445457.004665 4635215.345517 1304005095.0
445479.415497 4635215.618111 1304005100.0
445500.821098 4635214.677096 1304005117.0
445523.155729 4635215.838679 1304005122.0
445545.413302 4635217.778156 1304005125.0
445574.399024 4635220.443534 1304005128.0
445595.824966 4635222.167454 1304005130.0
445618.314516 4635221.884716 1304005132.0
445640.634698 4635221.159206 1304005134.0
445662.376491 4635220.771279 1304005136.0
445682.958958 4635220.725357 1304005138.0
445711.836235 4635220.061115 1304005141.0
445735.409740 4635220.436688 1304005144.0
445755.992206 4635220.390977 1304005149.0
