446301.016494 4635252.792006 1304042429.0
446291.743631 4635233.764166 1304042448.0
446271.250079 4635234.584893 1304042452.0
446249.530107 4635237.857666 1304042455.0
446219.485998 4635237.862338 1304042458.0
446196.408868 4635237.259350 1304042460.0
446172.246149 4635235.776371 1304042462.0
446149.656876 4635233.837447 1304042464.0
446129.470107 4635231.325260 1304042466.0
446108.614363 4635228.151991 1304042469.0
446086.312475 4635220.326321 1304042494.0
446061.174800 4635221.626932 1304042497.0
446040.264594 4635222.229411 1304042499.0
446017.196642 4635222.848300 1304042501.0
445991.882062 4635222.707061 1304042503.0
445968.142612 4635222.331899 1304042505.0
445944.155030 4635222.069733 1304042508.0
445924.023767 4635226.885914 1304042527.0
445903.705473 4635228.927736 1304042530.0
445878.405244 4635230.674361 1304042533.0
445856.664325 4635231.172656 1304042535.0
445832.011996 4635230.804886 1304042537.0
445806.358711 4635229.778614 1304042539.0
445782.123013 4635229.629914 1304042541.0
445758.219273 4635229.478769 1304042543.0
445733.568618 4635229.333393 1304042545.0
445707.594346 4635229.753357 1304042547.0
445679.127827 4635229.859318 1304042549.0
445650.577470 4635229.854998 1304042551.0
445623.186432 4635229.508844 1304042553.0
445597.038550 4635228.931234 1304042555.0
445571.635029 4635228.014933 1304042557.0
445548.144522 4635227.639268 1304042559.0
445524.904680 4635227.483831 1304042561.0
445501.416713 4635227.441401 1304042563.0
445477.090345 4635226.295130 1304042565.0
445451.353981 4635225.270771 1304042567.0
445424.290612 4635224.367703 1304042569.0
445397.642186 4635223.461558 1304042571.0
445370.830326 4635222.889867 1304042573.0
445342.606770 4635222.218073 1304042575.0
445314.139349 4635222.214465 1304042577.0
445285.169720 4635221.659659 1304042579.0
445255.871535 4635221.551630 1304042581.0
445225.658745 4635221.228686 1304042583.0
445194.781173 4635220.799951 1304042585.0
445165.394859 4635220.026769 1304042587.0
445136.091527 4635219.253070 1304042589.0
445108.948506 4635218.795948 1304042591.0
445082.799654 4635218.109198 1304042593.0
445055.736187 4635217.207530 1304042595.0
445027.108742 4635217.983538 1304042597.0
444996.988330 4635218.882221 1304042599.0
444966.858488 4635218.559733 1304042601.0
444936.807342 4635217.681597 1304042603.0
444908.089186 4635217.459480 1304042605.0
444880.118800 4635217.342728 1304042607.0
444852.728486 4635217.110562 1304042609.0
444826.417905 4635216.981173 1304042611.0
444801.431729 4635216.397484 1304042613.0
444778.188349 4635215.800374 1304042615.0
444752.447498 4635214.223403 1304042618.0
444728.862667 4635212.407730 1304042622.0
444706.535608 4635212.247879 1304042625.0
444677.489755 4635212.584404 1304042628.0
444653.836567 4635212.657085 1304042630.0
444628.026486 4635212.857641 1304042632.0
444601.638923 4635213.506916 1304042634.0
444575.908379 4635213.262908 1304042636.0
444551.751196 4635212.562611 1304042638.0
444529.090432 4635212.183846 1304042640.0
444501.451956 4635212.065996 1304042643.0
444484.212464 4635225.746443 1304042647.0
444483.881502 4635247.178557 1304042650.0
444484.696898 4635277.262380 1304042653.0
444483.562001 4635302.031776 1304042655.0
444482.449610 4635329.687879 1304042657.0
444481.667456 4635357.119343 1304042659.0
444480.127164 4635383.113275 1304042661.0
444479.396868 4635406.547117 1304042663.0
444479.884575 4635426.529417 1304042665.0
444479.985896 4635450.178847 1304042668.0
444477.817133 4635470.070818 1304042674.0
444454.332618 4635481.024184 1304042688.0
444432.710117 4635485.967272 1304042692.0
444412.029098 4635494.567200 1304042695.0
444386.902130 4635497.095029 1304042698.0
444359.411643 4635494.533847 1304042701.0
444333.516983 4635494.403047 1304042704.0
444309.819050 4635499.251695 1304042732.0
444286.379288 4635494.660517 1304042738.0
444258.187039 4635497.878980 1304042741.0
444229.812323 4635498.989337 1304042743.0
444200.020742 4635499.333668 1304042745.0
444172.301234 4635499.328782 1304042747.0
444149.296334 4635497.288428 1304042749.0
444127.796774 4635486.131552 1304042760.0
444106.091740 4635480.528053 1304042768.0
444081.048671 4635483.167338 1304042771.0
444056.172467 4635485.916435 1304042773.0
444027.628256 4635486.584792 1304042775.0
443998.405311 4635485.371021 1304042777.0
443968.519327 4635484.273618 1304042779.0
443944.691422 4635483.128668 1304042781.0
