445512.421638 4636036.792545 1303738650.0
445492.250478 4636036.058616 1303738676.0
445469.007317 4636035.126196 1303738679.0
445444.768378 4636034.201478 1303738683.0
445422.439694 4636033.484272 1303738701.0
445399.857807 4636032.213909 1303738704.0
445368.888016 4636030.119679 1303738707.0
445345.146927 4636029.191482 1303738709.0
445320.415172 4636028.937171 1303738711.0
445295.517452 4636028.684221 1303738713.0
445270.701003 4636028.208666 1303738715.0
445245.386663 4636027.737025 1303738717.0
445219.572724 4636027.047248 1303738719.0
445194.586880 4636026.129126 1303738721.0
445172.010045 4636025.525647 1303738723.0
445144.288376 4636024.961863 1303738726.0
445123.873315 4636024.897057 1303738729.0
445103.039069 4636024.280372 1303738732.0
445079.136229 4636023.909475 1303738735.0
445051.832015 4636023.675933 1303738738.0
445031.333107 4636023.501006 1303738740.0
445009.423518 4636023.337028 1303738742.0
444986.764524 4636022.845805 1303738744.0
444961.950590 4636022.704406 1303738746.0
444934.571104 4636023.471200 1303738748.0
444907.109500 4636024.349768 1303738750.0
444879.398099 4636025.119342 1303738752.0
444851.439477 4636026.113005 1303738754.0
444823.988210 4636028.324221 1303738756.0
444796.453115 4636030.425158 1303738758.0
444769.985597 4636031.074483 1303738760.0
444744.674649 4636031.048730 1303738762.0
444721.019012 4636030.455050 1303738764.0
444700.011006 4636028.841586 1303738766.0
444674.771814 4636027.372083 1303738769.0
444654.001514 4636024.313466 1303738772.0
444628.098445 4636022.849287 1303738775.0
444606.927882 4636021.681496 1303738777.0
444585.172988 4636020.074178 1303738779.0
444562.075692 4636016.589798 1303738781.0
444539.142605 4636012.882145 1303738783.0
444517.547574 4636010.496551 1303738785.0
444490.558738 4636008.153056 1303738788.0
444468.679238 4636001.217432 1303738793.0
444468.420533 4635978.679548 1303738798.0
444468.558560 4635953.806857 1303738801.0
444469.079474 4635924.822926 1303738804.0
444468.574423 4635902.620067 1303738807.0
444469.890666 4635879.847839 1303738814.0
444470.371028 4635856.304892 1303738817.0
444468.671322 4635829.892058 1303738819.0
444468.489549 4635806.576342 1303738821.0
444469.659757 4635786.359038 1303738823.0
444470.398606 4635764.035453 1303738826.0
444471.478055 4635742.819553 1303738832.0
444470.948778 4635717.507938 1303738836.0
444470.559505 4635688.864215 1303738839.0
444471.313088 4635668.428096 1303738841.0
444472.629402 4635645.655878 1303738843.0
444469.292459 4635622.142697 1303738845.0
444471.181892 4635598.366707 1303738847.0
444471.341606 4635576.269711 1303738849.0
444471.673356 4635554.948613 1303738851.0
444471.517572 4635534.963722 1303738853.0
444468.911889 4635509.446234 1303738856.0
444473.558120 4635487.980472 1303738861.0
444460.904967 4635472.423329 1303738869.0
444439.817454 4635471.477427 1303738872.0
444410.684466 4635471.149535 1303738875.0
444383.213826 4635471.141885 1303738878.0
444360.894488 4635471.871343 1303738881.0
444340.239243 4635473.143038 1303738887.0
444317.940742 4635476.537282 1303738902.0
444294.142407 4635479.166087 1303738907.0
444271.131404 4635476.348149 1303738921.0
444249.274388 4635472.521947 1303738925.0
444223.039864 4635471.394901 1303738928.0
444199.969297 4635471.575576 1303738930.0
444176.310856 4635470.872660 1303738932.0
444155.733398 4635471.478077 1303738934.0
444132.149230 4635469.664385 1303738937.0
444108.910066 4635469.513574 1303738941.0
444087.763020 4635471.567099 1303738960.0
444065.007837 4635469.636088 1303738963.0
444035.026603 4635466.984677 1303738966.0
444012.115883 4635466.387466 1303738968.0
443988.793711 4635466.237699 1303738970.0
443966.552124 4635466.301577 1303738972.0
443945.812179 4635467.353015 1303738974.0
443920.686999 4635470.104544 1303738977.0
443899.877197 4635472.822176 1303738986.0
443881.060091 4635486.183442 1303739015.0
443881.317134 4635508.277197 1303739018.0
443883.039183 4635537.243524 1303739021.0
443883.860511 4635557.223188 1303739023.0
443884.103554 4635577.540510 1303739025.0
443884.021650 4635598.748666 1303739027.0
443884.114465 4635621.065786 1303739029.0
443884.526980 4635641.825912 1303739031.0
443884.831250 4635669.915141 1303739034.0
443884.275931 4635694.235984 1303739037.0
443884.106678 4635714.889661 1303739042.0
443900.066087 4635728.643215 1303739049.0
443924.202395 4635726.898687 1303739052.0
443949.835060 4635725.475570 1303739055.0
443971.891530 4635723.081365 1303739059.0
443992.821145 4635725.137453 1303739087.0
444016.487497 4635726.950024 1303739091.0
444040.388834 4635726.984283 1303739099.0
444062.357980 4635724.035875 1303739103.0
444082.519782 4635723.433438 1303739110.0
444102.590760 4635721.832464 1303739114.0
444122.912443 4635720.451649 1303739119.0
