446304.106369 4635255.322484 1303944508.0
446289.880894 4635239.885045 1303944528.0
446269.196259 4635237.376217 1303944531.0
446242.636060 4635237.132449 1303944534.0
446221.800503 4635236.623499 1303944536.0
446198.559904 4635236.354838 1303944538.0
446173.989781 4635235.874230 1303944540.0
446149.836283 4635235.612626 1303944542.0
446123.110926 4635235.481585 1303944545.0
446098.706771 4635234.999982 1303944565.0
446077.706891 4635234.714763 1303944568.0
446051.141620 4635233.805546 1303944571.0
446026.820440 4635233.323561 1303944574.0
446003.827100 4635232.831595 1303944579.0
445978.593861 4635232.467721 1303944584.0
445955.105097 4635232.312769 1303944587.0
445928.378026 4635231.960404 1303944590.0
445899.411057 4635231.736183 1303944593.0
445869.864839 4635231.738547 1303944596.0
445845.214201 4635231.592786 1303944599.0
445823.797647 4635231.089414 1303944605.0
445803.293138 4635230.468135 1303944616.0
445776.477983 4635229.450810 1303944620.0
445748.587325 4635228.885909 1303944623.0
445727.669540 4635228.490061 1303944625.0
445706.755135 4635228.538384 1303944627.0
445686.503806 4635228.470679 1303944629.0
445666.253322 4635228.514059 1303944631.0
445636.787524 4635228.183675 1303944634.0
445616.038248 4635228.119971 1303944636.0
445595.703074 4635227.942130 1303944638.0
445566.817348 4635227.496573 1303944641.0
445544.739372 4635227.332194 1303944644.0
445524.323747 4635227.488273 1303944652.0
445498.595041 4635227.462987 1303944672.0
445473.611548 4635227.210023 1303944675.0
445442.820426 4635227.223686 1303944678.0
445419.329902 4635226.848446 1303944680.0
445394.428537 4635226.484097 1303944682.0
445368.945385 4635226.013262 1303944684.0
445343.297099 4635225.654819 1303944686.0
445317.815641 4635225.406222 1303944688.0
445292.332475 4635224.935661 1303944690.0
445266.683324 4635224.466467 1303944692.0
445241.450826 4635224.216230 1303944694.0
445217.295492 4635223.735732 1303944696.0
445194.800817 4635223.353574 1303944698.0
445167.990636 4635223.004700 1303944701.0
445147.322598 4635222.719667 1303944704.0
445125.570550 4635221.776841 1303944709.0
445102.161252 4635221.179953 1303944735.0
445081.743886 4635221.115246 1303944738.0
445054.517874 4635220.658970 1303944741.0
445033.352733 4635220.489135 1303944743.0
445011.025722 4635220.328331 1303944745.0
444988.284615 4635220.281828 1303944747.0
444965.042989 4635219.906163 1303944749.0
444941.801360 4635219.530573 1303944751.0
444918.061784 4635219.158909 1303944753.0
444893.905534 4635218.568480 1303944755.0
444870.164232 4635217.974922 1303944757.0
444847.254548 4635217.597072 1303944759.0
444825.091776 4635217.213511 1303944761.0
444803.762346 4635217.267697 1303944763.0
444774.878194 4635217.047404 1303944766.0
444752.301320 4635216.778313 1303944769.0
444731.387700 4635216.940526 1303944790.0
444706.989338 4635217.240878 1303944795.0
444682.010042 4635217.545825 1303944798.0
444651.555959 4635218.226493 1303944801.0
444628.649704 4635218.293454 1303944803.0
444604.251344 4635218.594159 1303944805.0
444580.436511 4635219.223509 1303944807.0
444557.617566 4635219.845189 1303944809.0
444537.290069 4635220.669613 1303944811.0
444516.050545 4635221.612232 1303944814.0
444494.740145 4635224.109940 1303944840.0
444486.334873 4635242.496017 1303944845.0
444486.822560 4635262.478312 1303944848.0
444486.602270 4635287.462648 1303944851.0
444485.987800 4635315.114870 1303944854.0
444485.801262 4635344.429266 1303944857.0
444485.210961 4635364.530998 1303944859.0
444484.870496 4635384.741818 1303944861.0
444484.863718 4635405.172106 1303944863.0
444484.246681 4635432.491252 1303944866.0
444484.155190 4635452.700134 1303944869.0
444479.329947 4635472.501773 1303944878.0
444459.698240 4635477.318229 1303944882.0
444437.943378 4635475.933400 1303944885.0
444413.694546 4635474.012928 1303944888.0
444388.127431 4635473.324203 1303944891.0
444361.074338 4635473.646481 1303944894.0
444334.523509 4635474.520106 1303944897.0
444310.873778 4635474.927015 1303944900.0
444290.373237 4635474.754204 1303944908.0
444265.830622 4635477.722026 1303944914.0
444243.665120 4635476.896173 1303944917.0
444215.616186 4635477.226798 1303944920.0
444185.661148 4635477.905569 1303944923.0
444165.328321 4635477.953872 1303944925.0
444136.861839 4635477.954977 1303944928.0
444115.272874 4635476.569832 1303944931.0
444095.141739 4635481.169147 1303944937.0
444091.408628 4635502.516975 1303944941.0
444090.851705 4635526.726761 1303944944.0
444086.720258 4635550.187366 1303944947.0
444083.257961 4635574.308926 1303944950.0
444083.895130 4635602.617602 1303944953.0
444085.177011 4635628.478470 1303944956.0
444086.462371 4635654.783448 1303944959.0
444086.905670 4635679.540560 1303944962.0
444087.062539 4635699.525457 1303944965.0
444092.034269 4635719.694631 1303944985.0
444113.711587 4635721.856239 1303944992.0
444147.247871 4635722.925610 1303945019.0
444172.977487 4635723.279080 1303945022.0
444193.154083 4635724.564419 1303945024.0
444215.820210 4635725.830317 1303945026.0
444240.643930 4635727.079398 1303945028.0
444267.297645 4635728.869417 1303945030.0
444295.268680 4635729.316826 1303945032.0
444322.744405 4635730.101318 1303945034.0
444347.728850 4635730.683311 1303945036.0
444375.036857 4635731.247247 1303945039.0
444397.613870 4635731.737181 1303945053.0
444420.275595 4635732.448594 1303945057.0
444443.673784 4635731.821927 1303945061.0
444464.181366 4635732.994417 1303945073.0
444479.220427 4635714.001409 1303945081.0
444479.795080 4635691.901175 1303945084.0
444480.486384 4635663.471099 1303945087.0
444481.147496 4635641.814329 1303945089.0
444481.973720 4635620.045240 1303945091.0
444482.639171 4635598.943608 1303945093.0
444482.811036 4635578.400993 1303945095.0
444482.987229 4635558.413515 1303945097.0
444483.927533 4635529.981505 1303945100.0
444484.260190 4635508.771436 1303945103.0
444485.014711 4635488.446351 1303945111.0
444485.312768 4635462.795197 1303945124.0
444485.303968 4635440.366419 1303945127.0
444486.168242 4635412.823278 1303945130.0
444486.433437 4635382.953096 1303945133.0
444486.354636 4635362.190375 1303945135.0
444485.932632 4635339.986887 1303945137.0
444486.260128 4635318.110662 1303945139.0
444486.594549 4635297.122655 1303945141.0
444486.791479 4635269.140586 1303945144.0
444486.204364 4635247.049422 1303945148.0
