445964.891206 4635472.070858 1301839356.0
445952.431267 4635492.484513 1301839364.0
445927.542689 4635493.672689 1301839368.0
445903.624670 4635491.522576 1301839371.0
445874.316681 4635489.968662 1301839374.0
445852.981363 4635489.131498 1301839376.0
445831.231103 4635488.297553 1301839378.0
445809.150576 4635487.688254 1301839380.0
445787.568813 4635487.186261 1301839382.0
445766.568802 4635486.790938 1301839384.0
445738.587706 4635485.116446 1301839387.0
445716.673977 4635484.617197 1301839393.0
445689.627726 4635485.822646 1301839398.0
445662.407039 4635485.919193 1301839401.0
445633.352157 4635484.919506 1301839404.0
445606.784341 4635483.567846 1301839407.0
445581.880502 4635482.758741 1301839410.0
445560.716179 4635482.587347 1301839413.0
445536.394089 4635481.884990 1301839417.0
445515.601389 4635476.048173 1301839431.0
445494.180432 4635474.879637 1301839435.0
445467.860657 4635473.415562 1301839438.0
445447.100181 4635471.797976 1301839440.0
445424.094779 4635469.642480 1301839442.0
445391.874338 4635467.113558 1301839445.0
445370.623560 4635466.499256 1301839447.0
445349.212765 4635466.663480 1301839449.0
445327.134661 4635466.388755 1301839451.0
445304.809296 4635466.338065 1301839453.0
445282.480518 4635465.843336 1301839455.0
445260.151736 4635465.348676 1301839457.0
445238.815387 4635464.402323 1301839459.0
445218.645127 4635464.002235 1301839461.0
445190.259089 4635463.665412 1301839464.0
445164.528650 4635463.308259 1301839467.0
445142.960414 4635464.584652 1301839470.0
445121.894386 4635466.412410 1301839473.0
445098.493593 4635466.814786 1301839476.0
445072.599748 4635466.792325 1301839479.0
445042.640365 4635466.912356 1301839482.0
445020.978885 4635466.857434 1301839484.0
444999.151428 4635466.803858 1301839486.0
444978.240264 4635467.187407 1301839488.0
444957.661052 4635467.568453 1301839490.0
444931.185429 4635467.439968 1301839493.0
444909.844732 4635465.939464 1301839498.0
444886.188961 4635465.567273 1301839503.0
444856.797584 4635464.018183 1301839506.0
444833.389045 4635463.422186 1301839508.0
444807.989655 4635462.952722 1301839510.0
444782.008486 4635462.376825 1301839512.0
444756.275414 4635461.688065 1301839514.0
444730.953828 4635460.552070 1301839516.0
444705.386716 4635459.862206 1301839518.0
444679.160869 4635459.843752 1301839520.0
444652.513180 4635458.940402 1301839522.0
444625.538710 4635458.705894 1301839524.0
444599.809917 4635458.572834 1301839526.0
444574.749342 4635458.989838 1301839528.0
444550.516918 4635459.178416 1301839530.0
444529.859018 4635460.116480 1301839532.0
444509.698185 4635460.939697 1301839535.0
444487.469583 4635462.667356 1301839542.0
444466.731308 4635463.939330 1301839545.0
444438.671937 4635462.936750 1301839548.0
444418.002796 4635462.431785 1301839550.0
444397.004300 4635462.262552 1301839552.0
444367.365539 4635460.939479 1301839555.0
444339.054569 4635459.606153 1301839558.0
444315.066763 4635459.238451 1301839561.0
444294.657846 4635460.175251 1301839567.0
444271.837077 4635460.464772 1301839571.0
444244.393325 4635463.899499 1301839574.0
444221.652947 4635463.855451 1301839576.0
444199.238430 4635463.031684 1301839578.0
444177.815410 4635461.645049 1301839580.0
444157.630235 4635459.360503 1301839582.0
444134.633908 4635458.430466 1301839585.0
444112.215876 4635457.162864 1301839591.0
444089.207334 4635454.678594 1301839595.0
444062.636397 4635452.999607 1301839598.0
444033.077010 4635451.233163 1301839601.0
444005.854359 4635451.113984 1301839604.0
443980.280112 4635449.538504 1301839607.0
443958.276956 4635448.268123 1301839610.0
443934.445433 4635446.679098 1301839614.0
443912.625716 4635447.628095 1301839632.0
443889.392584 4635448.255190 1301839636.0
443861.092816 4635448.367116 1301839639.0
443840.020001 4635449.310450 1301839641.0
443815.874010 4635449.944982 1301839643.0
443791.394317 4635450.360160 1301839645.0
443767.322555 4635449.883929 1301839647.0
443743.083935 4635449.298063 1301839649.0
443719.091642 4635448.377231 1301839651.0
443694.431050 4635446.906592 1301839653.0
443669.685702 4635445.214639 1301839655.0
443644.774365 4635443.524086 1301839657.0
443621.198732 4635442.822355 1301839659.0
443598.626861 4635443.112063 1301839661.0
443577.225617 4635444.502911 1301839663.0
443554.585718 4635446.680877 1301839666.0
443533.530523 4635449.845662 1301839693.0
443508.302177 4635450.045679 1301839697.0
443480.916144 4635450.262904 1301839700.0
443459.504363 4635450.321780 1301839702.0
443436.346308 4635449.950449 1301839704.0
443413.768283 4635449.463553 1301839706.0
443392.104004 4635449.080500 1301839708.0
443371.686307 4635448.909673 1301839710.0
443343.304408 4635449.135343 1301839713.0
443318.983620 4635448.662607 1301839716.0
443295.658684 4635448.182027 1301839720.0
443273.249265 4635448.027336 1301839727.0
443248.197493 4635449.559278 1301839731.0
443225.468510 4635450.961762 1301839734.0
443199.327289 4635451.170149 1301839738.0
443176.234483 4635448.578458 1301839745.0
443153.571661 4635447.870993 1301839749.0
443133.153057 4635447.589822 1301839752.0
443111.744799 4635448.093852 1301839755.0
443089.339799 4635448.494875 1301839759.0
443077.531467 4635466.354706 1301839765.0
443072.566332 4635488.934342 1301839786.0
443071.704875 4635516.144629 1301839790.0
443069.922585 4635542.362967 1301839793.0
443069.325193 4635571.458729 1301839796.0
443069.044671 4635598.664377 1301839799.0
443065.830359 4635622.229341 1301839802.0
443064.124901 4635647.669832 1301839805.0
443062.449631 4635676.885250 1301839808.0
443062.037353 4635697.985068 1301839810.0
443060.804992 4635720.312820 1301839812.0
443060.082087 4635744.079947 1301839814.0
443059.186119 4635766.960183 1301839816.0
443058.288384 4635789.618367 1301839818.0
443058.059853 4635812.937407 1301839820.0
443057.585037 4635836.591521 1301839822.0
443057.355626 4635859.799536 1301839824.0
443057.034359 4635881.897943 1301839826.0
443057.115583 4635902.438651 1301839828.0
443057.423131 4635930.527889 1301839831.0
443056.047958 4635955.743686 1301839834.0
443057.470215 4635977.939192 1301839839.0
443077.820722 4635990.656514 1301839847.0
443098.000362 4635992.382855 1301839850.0
443123.070591 4635993.403991 1301839853.0
443148.715479 4635993.643388 1301839856.0
443171.367708 4635993.240548 1301839859.0
443196.515588 4635993.595117 1301839863.0
443216.544269 4635997.210581 1301839867.0
443236.414044 4636001.715642 1301839873.0
443259.744252 4636003.084228 1301839883.0
443285.151641 4636004.769454 1301839886.0
443306.492038 4636006.376107 1301839888.0
443329.398471 4636006.637952 1301839890.0
443353.130302 4636006.338134 1301839892.0
443375.705688 4636006.713794 1301839894.0
443396.953366 4636007.100077 1301839896.0
443423.842901 4636007.330573 1301839899.0
443445.578764 4636006.491746 1301839903.0
443468.593721 4636009.973170 1301839909.0
443491.176130 4636011.237415 1301839912.0
443519.059656 4636011.238315 1301839915.0
443548.944415 4636012.444839 1301839918.0
443570.864705 4636013.936652 1301839920.0
443593.613040 4636015.199906 1301839922.0
443616.602400 4636015.462017 1301839924.0
443639.753327 4636015.167752 1301839926.0
443662.825663 4636015.429355 1301839928.0
443685.661343 4636017.247383 1301839930.0
443708.739811 4636018.286325 1301839932.0
443731.813008 4636018.659179 1301839934.0
443753.892180 4636019.262026 1301839936.0
443774.476806 4636019.765704 1301839938.0
443802.854663 4636019.319675 1301839941.0
443825.917339 4636018.360506 1301839944.0
443846.891481 4636015.641331 1301839951.0
443858.349593 4635995.342788 1301839957.0
443859.974787 4635969.903155 1301839960.0
443861.052373 4635948.687137 1301839962.0
443861.779661 4635925.142165 1301839964.0
443862.410847 4635899.932438 1301839966.0
443863.292739 4635874.942806 1301839968.0
443864.596556 4635850.838122 1301839970.0
443865.816525 4635826.623066 1301839972.0
443867.702125 4635802.624834 1301839974.0
443869.763332 4635779.846596 1301839976.0
443871.013958 4635759.517497 1301839978.0
443873.754816 4635738.732520 1301839981.0
443896.163183 4635728.340852 1301839986.0
443917.082319 4635729.064390 1301839989.0
443941.232610 4635729.096356 1301839992.0
443962.167459 4635731.818517 1301839995.0
443983.153843 4635730.543107 1301840011.0
444007.663990 4635734.125558 1301840016.0
444028.155955 4635733.298303 1301840020.0
444050.846512 4635737.672439 1301840036.0
444075.216080 4635733.927978 1301840042.0
444103.014181 4635733.487717 1301840046.0
444132.566281 4635734.477250 1301840049.0
444154.805282 4635734.191828 1301840051.0
444178.037489 4635733.565589 1301840053.0
444201.432189 4635732.494018 1301840055.0
444225.242686 4635731.530301 1301840057.0
444249.463767 4635730.008281 1301840059.0
444273.601004 4635728.375966 1301840061.0
444296.993993 4635727.082654 1301840063.0
444319.728319 4635726.460772 1301840065.0
444342.879306 4635726.057774 1301840067.0
444365.942974 4635725.100364 1301840069.0
444388.260651 4635724.259887 1301840071.0
444408.752670 4635723.433728 1301840073.0
444438.376473 4635722.980528 1301840076.0
444463.981521 4635718.006391 1301840079.0
444484.513282 4635711.628443 1301840087.0
444486.300713 4635685.410503 1301840092.0
444487.926515 4635659.748994 1301840095.0
444489.600709 4635629.645752 1301840098.0
444489.930776 4635608.102599 1301840100.0
444490.092278 4635586.227658 1301840102.0
444490.502743 4635564.350778 1301840104.0
444490.836281 4635543.251735 1301840106.0
444491.676396 4635523.259085 1301840108.0
444492.879547 4635496.601573 1301840111.0
444493.294358 4635475.279832 1301840115.0
444511.853272 4635460.589809 1301840124.0
444538.902954 4635459.823995 1301840128.0
444567.290811 4635460.380279 1301840131.0
444596.837900 4635460.594558 1301840134.0
444625.547341 4635459.816165 1301840137.0
444653.421732 4635458.378173 1301840140.0
444674.152287 4635456.107498 1301840143.0
