443863.910661 4635900.697857 1302660928.0
443865.642513 4635878.255311 1302660933.0
443866.913962 4635850.042620 1302660936.0
443868.390765 4635826.824848 1302660938.0
443869.763597 4635800.943077 1302660940.0
443871.718206 4635775.167758 1302660942.0
443873.036951 4635752.950543 1302660944.0
443878.248112 4635729.703354 1302660948.0
443906.029619 4635727.152807 1302660952.0
443936.146950 4635726.138461 1302660955.0
443959.548640 4635725.954313 1302660957.0
443981.550067 4635727.113662 1302660959.0
444011.135381 4635732.321726 1302660962.0
444032.414342 4635736.595865 1302660964.0
444053.591107 4635738.428120 1302660966.0
444078.804466 4635736.453589 1302660969.0
444099.496379 4635739.955298 1302660973.0
444119.851108 4635742.793507 1302660976.0
444149.003913 4635745.784853 1302660979.0
444172.089256 4635747.602494 1302660981.0
444197.657161 4635748.512490 1302660983.0
444222.053712 4635748.210375 1302660985.0
444242.872374 4635746.714975 1302660987.0
444263.091908 4635742.892610 1302660991.0
444286.526149 4635736.269308 1302661004.0
444313.752028 4635736.944685 1302661007.0
444335.086865 4635737.777234 1302661009.0
444357.411439 4635737.824877 1302661011.0
444380.395553 4635737.312271 1302661013.0
444401.888547 4635737.144479 1302661015.0
444422.217159 4635736.652735 1302661017.0
444449.079039 4635733.223213 1302661020.0
444469.820855 4635732.506314 1302661024.0
444482.540684 4635714.086564 1302661045.0
444481.943172 4635690.663059 1302661048.0
444482.278401 4635669.786066 1302661050.0
444483.746875 4635645.236122 1302661052.0
444485.527404 4635618.129967 1302661054.0
444486.632811 4635589.585635 1302661056.0
444486.757101 4635562.936526 1302661058.0
444486.319520 4635538.734543 1302661060.0
444485.909626 4635518.085430 1302661062.0
444484.661206 4635496.332513 1302661065.0
444484.329104 4635475.016592 1302661075.0
444485.234897 4635452.802753 1302661078.0
444486.403506 4635432.363410 1302661080.0
444487.461448 4635408.371846 1302661082.0
444488.332659 4635381.716924 1302661084.0
444488.684316 4635352.290206 1302661086.0
444489.111182 4635321.863598 1302661088.0
444490.224466 4635294.318523 1302661090.0
444491.125990 4635271.549557 1302661092.0
444492.620563 4635250.330444 1302661095.0
444492.864235 4635228.343842 1302661105.0
444496.508799 4635206.108677 1302661109.0
444517.629927 4635200.614535 1302661113.0
444543.532554 4635201.634231 1302661116.0
444566.189894 4635201.568934 1302661118.0
444591.922209 4635202.034962 1302661120.0
444617.404684 4635202.391992 1302661122.0
444639.565799 4635202.552853 1302661124.0
444662.724526 4635202.928102 1302661127.0
444688.787924 4635203.280874 1302661136.0
444714.768328 4635203.634386 1302661139.0
444736.763450 4635203.796837 1302661141.0
444761.582837 4635204.270560 1302661143.0
444789.057922 4635204.723787 1302661145.0
444819.105712 4635205.157193 1302661147.0
444851.146132 4635205.686334 1302661149.0
444884.851512 4635206.868941 1302661151.0
444919.714454 4635207.487590 1302661153.0
444953.582358 4635208.225130 1302661155.0
444986.120688 4635208.751031 1302661157.0
445017.659695 4635208.840657 1302661159.0
445048.953153 4635209.376452 1302661161.0
445080.833529 4635210.685096 1302661163.0
445113.957038 4635211.762238 1302661165.0
445147.904457 4635212.055954 1302661167.0
445181.855288 4635212.793940 1302661169.0
445216.470032 4635213.526983 1302661171.0
445251.495454 4635213.701869 1302661173.0
445286.691115 4635214.430788 1302661175.0
445320.556361 4635214.836991 1302661177.0
445354.667166 4635214.797337 1302661179.0
445389.695970 4635215.417011 1302661181.0
445424.142981 4635215.930280 1302661183.0
445457.762630 4635216.783151 1302661185.0
445489.886740 4635217.425556 1302661187.0
445518.026452 4635217.987540 1302661189.0
445542.509485 4635217.911385 1302661191.0
445565.589314 4635218.845338 1302661193.0
445588.841901 4635220.666314 1302661195.0
445611.999618 4635220.933620 1302661197.0
445634.156363 4635220.542439 1302661199.0
445655.235928 4635220.381610 1302661201.0
445683.457747 4635220.832588 1302661204.0
445708.444628 4635221.530396 1302661207.0
445732.191720 4635222.903937 1302661211.0
445755.776203 4635224.722929 1302661215.0
445782.996194 4635224.404694 1302661218.0
445805.730483 4635223.565517 1302661220.0
445831.867381 4635222.700540 1302661222.0
445859.342254 4635223.157894 1302661224.0
445884.493393 4635223.633004 1302661226.0
445904.743881 4635223.590244 1302661228.0
445928.495131 4635225.519574 1302661231.0
445950.170768 4635227.353697 1302661234.0
445972.198560 4635231.850017 1302661259.0
445979.764854 4635255.553801 1302661263.0
445980.247866 4635286.417441 1302661266.0
445979.859732 4635311.847049 1302661268.0
445979.487599 4635339.386172 1302661270.0
445979.040902 4635368.036196 1302661272.0
445978.426551 4635396.465427 1302661274.0
445977.795368 4635422.674117 1302661276.0
445977.064366 4635446.662895 1302661278.0
445974.119653 4635474.221534 1302661281.0
445970.287833 4635494.236626 1302661301.0
445986.153895 4635507.107227 1302661306.0
446009.850321 4635501.931084 1302661309.0
446030.504854 4635500.553205 1302661311.0
446054.563548 4635499.371672 1302661313.0
446080.699448 4635498.507599 1302661315.0
446106.090149 4635497.871327 1302661317.0
446130.736487 4635497.573874 1302661319.0
446153.724762 4635497.511107 1302661321.0
446180.859037 4635496.972955 1302661324.0
