446221.803552 4635489.890697 1303520358.0
446244.715562 4635490.717067 1303520361.0
446264.895689 4635492.452384 1303520364.0
446290.962033 4635493.366143 1303520368.0
446305.257021 4635474.049599 1303520373.0
446302.523727 4635452.751786 1303520377.0
446302.614516 4635431.765788 1303520398.0
446301.026297 4635408.238678 1303520402.0
446300.673688 4635383.480887 1303520405.0
446300.766989 4635362.827972 1303520407.0
446300.430283 4635340.179698 1303520409.0
446299.764130 4635317.867008 1303520411.0
446299.195192 4635297.441153 1303520413.0
446299.415141 4635271.568718 1303520416.0
446300.838797 4635251.238878 1303520437.0
446286.927689 4635233.467374 1303520447.0
446261.205755 4635234.327551 1303520451.0
446237.971017 4635234.835951 1303520454.0
446212.161071 4635235.030769 1303520457.0
446184.604137 4635234.683709 1303520460.0
446157.880457 4635234.774593 1303520463.0
446136.546102 4635234.158627 1303520466.0
446114.450555 4635231.660915 1303520487.0
446094.286449 4635232.146558 1303520490.0
446065.161082 4635232.922163 1303520493.0
446043.913062 4635232.749955 1303520495.0
446018.253939 4635230.945730 1303520498.0
445995.817957 4635227.340630 1303520512.0
445970.591433 4635227.865000 1303520516.0
445942.030979 4635226.527188 1303520519.0
445918.627711 4635226.704807 1303520521.0
445893.232676 4635226.897630 1303520523.0
445867.337168 4635226.761246 1303520525.0
445840.609222 4635226.298184 1303520527.0
445813.877894 4635225.391114 1303520529.0
445788.806363 4635224.471513 1303520531.0
445765.060135 4635223.208811 1303520533.0
445740.650820 4635222.062272 1303520535.0
445714.916186 4635221.259015 1303520537.0
445689.515200 4635220.675374 1303520539.0
445665.521659 4635219.636956 1303520541.0
445644.109283 4635219.689260 1303520543.0
445614.725588 4635219.247307 1303520546.0
445587.829056 4635218.453378 1303520549.0
445565.165030 4635217.627210 1303520552.0
445541.585557 4635216.475011 1303520557.0
445516.016850 4635215.671204 1303520576.0
445486.884641 4635215.560955 1303520579.0
445466.133620 4635215.275632 1303520581.0
445441.481192 4635214.909213 1303520584.0
445420.560781 4635214.181185 1303520595.0
445394.092765 4635215.161242 1303520600.0
445363.971469 4635215.947346 1303520603.0
445340.318326 4635216.017748 1303520605.0
445315.414358 4635215.320593 1303520607.0
445289.680479 4635214.629898 1303520609.0
445264.032996 4635214.382767 1303520611.0
445238.798755 4635213.910485 1303520613.0
445214.560396 4635213.430634 1303520615.0
445192.644914 4635212.821961 1303520617.0
445164.254453 4635212.041123 1303520620.0
445142.674342 4635211.874157 1303520623.0
445122.333100 4635210.920477 1303520628.0
445100.912118 4635209.864142 1303520646.0
445075.509292 4635209.060636 1303520649.0
445053.179680 4635208.566618 1303520651.0
445028.028382 4635208.094442 1303520653.0
445001.133419 4635207.524781 1303520655.0
444973.075724 4635206.853169 1303520657.0
444944.356670 4635206.519879 1303520659.0
444915.473347 4635206.410043 1303520661.0
444887.586768 4635206.403646 1303520663.0
444860.443665 4635205.947470 1303520665.0
444833.799362 4635205.598568 1303520667.0
444807.901970 4635205.243980 1303520669.0
444784.494294 4635204.870189 1303520671.0
444756.187581 4635204.201360 1303520674.0
444731.373361 4635204.393819 1303520678.0
444707.894747 4635205.575303 1303520705.0
444680.177580 4635206.012539 1303520708.0
444656.692077 4635206.305975 1303520710.0
444630.302764 4635206.733090 1303520712.0
444603.084409 4635207.277783 1303520714.0
444577.775705 4635207.918757 1303520716.0
444555.288687 4635208.537862 1303520718.0
444527.157442 4635209.089949 1303520721.0
444505.326571 4635208.704798 1303520732.0
444493.120992 4635229.341146 1303520738.0
444492.630944 4635251.662770 1303520741.0
444492.041474 4635271.875525 1303520743.0
444490.980889 4635295.534002 1303520745.0
444490.102729 4635321.300702 1303520747.0
444489.643849 4635347.619306 1303520749.0
444489.516929 4635373.935324 1303520751.0
444488.631870 4635398.813811 1303520753.0
444488.062334 4635421.580196 1303520755.0
444487.861092 4635449.007136 1303520758.0
444484.225351 4635472.352587 1303520767.0
444464.116489 4635479.837563 1303520771.0
444439.767372 4635475.697106 1303520774.0
444409.466510 4635474.601091 1303520777.0
444388.877787 4635473.762481 1303520779.0
444361.061331 4635471.981073 1303520782.0
444333.921774 4635471.859994 1303520785.0
444313.372086 4635476.017824 1303520788.0
444290.239387 4635478.863507 1303520809.0
444266.759121 4635479.713373 1303520813.0
444239.039542 4635479.708227 1303520816.0
444215.708737 4635478.447447 1303520818.0
444191.133979 4635477.307521 1303520820.0
444167.307840 4635476.383881 1303520822.0
444145.471655 4635475.222650 1303520824.0
444121.136254 4635472.859715 1303520827.0
444096.129962 4635469.613855 1303520833.0
444073.305734 4635469.459904 1303520836.0
444052.640927 4635469.511135 1303520838.0
444027.906233 4635469.150266 1303520840.0
444004.833035 4635468.998491 1303520842.0
443980.426792 4635468.191068 1303520844.0
443958.678770 4635467.695920 1303520846.0
443932.276440 4635466.349195 1303520849.0
443909.937876 4635464.637468 1303520854.0
