444487.840462 4635712.601819 1303073193.0
444486.069929 4635687.744015 1303073196.0
444485.066155 4635665.434016 1303073198.0
444485.279472 4635639.561448 1303073200.0
444486.060716 4635612.018945 1303073202.0
444486.595606 4635584.811466 1303073204.0
444486.719030 4635558.051330 1303073206.0
444485.852672 4635532.076146 1303073208.0
444485.600099 4635510.315468 1303073210.0
444485.843720 4635488.328857 1303073213.0
444490.158066 4635466.865694 1303073219.0
444510.343925 4635458.602955 1303073225.0
444532.003732 4635458.434271 1303073228.0
444553.000501 4635458.381848 1303073230.0
444575.904260 4635458.092582 1303073232.0
444598.319591 4635459.028560 1303073234.0
444619.902448 4635459.637979 1303073236.0
444641.063460 4635459.362470 1303073238.0
444662.390447 4635459.085735 1303073240.0
444682.642905 4635459.372577 1303073242.0
444711.373896 4635461.370210 1303073245.0
444731.551108 4635462.657079 1303073247.0
444753.054392 4635463.711654 1303073249.0
444775.136001 4635464.428708 1303073251.0
444796.387727 4635465.152262 1303073253.0
444824.360587 4635465.712784 1303073256.0
444847.620337 4635468.530580 1303073261.0
444870.105684 4635467.801364 1303073265.0
444894.257657 4635467.947596 1303073273.0
444917.341091 4635469.434577 1303073276.0
444937.929738 4635470.274714 1303073278.0
444961.835309 4635470.756181 1303073280.0
444986.406490 4635471.454655 1303073282.0
445009.730280 4635471.829742 1303073284.0
445031.806683 4635471.881428 1303073286.0
445059.109588 4635471.670805 1303073289.0
445079.525382 4635471.624413 1303073293.0
445103.450609 4635474.659979 1303073302.0
445129.768767 4635475.900654 1303073305.0
445152.431192 4635476.614403 1303073307.0
445176.916772 4635476.981091 1303073309.0
445200.897591 4635476.463477 1303073311.0
445224.462620 4635475.838107 1303073313.0
445248.282588 4635475.988092 1303073315.0
445271.521642 4635476.142619 1303073317.0
445293.680151 4635476.083452 1303073319.0
445314.924092 4635475.809308 1303073321.0
445335.421146 4635475.540958 1303073323.0
445356.250151 4635475.270121 1303073325.0
445376.332269 4635475.005072 1303073327.0
445405.795376 4635475.112314 1303073330.0
445426.378821 4635475.287698 1303073332.0
445447.050353 4635476.128670 1303073334.0
445474.531099 4635477.472747 1303073337.0
445494.709788 4635478.983831 1303073342.0
445501.661702 4635498.139461 1303073360.0
445500.582530 4635519.799275 1303073363.0
445499.839561 4635542.011687 1303073365.0
445499.375287 4635568.108145 1303073367.0
445499.252308 4635595.423363 1303073369.0
445498.961662 4635622.517797 1303073371.0
445499.086798 4635649.720085 1303073373.0
445499.456643 4635676.365334 1303073375.0
445498.992392 4635702.461798 1303073377.0
445498.020895 4635727.340773 1303073379.0
445497.775877 4635749.549382 1303073381.0
445499.218576 4635775.409191 1303073384.0
445500.038756 4635795.833113 1303073389.0
445502.156352 4635823.131197 1303073393.0
445502.977370 4635843.666148 1303073395.0
445503.820472 4635867.087807 1303073397.0
445505.252093 4635891.504268 1303073399.0
445506.266246 4635915.590822 1303073401.0
445506.530159 4635939.238982 1303073403.0
445506.694950 4635960.778261 1303073405.0
445507.121428 4635983.981044 1303073408.0
445507.038975 4636005.744283 1303073413.0
445518.380729 4636023.867048 1303073435.0
445542.763580 4636021.904040 1303073439.0
445573.049981 4636021.450472 1303073442.0
445597.613231 4636021.373846 1303073444.0
445624.002065 4636021.283367 1303073446.0
445650.892172 4636021.633296 1303073448.0
445678.446124 4636021.978263 1303073450.0
445706.495419 4636021.986459 1303073452.0
445734.129807 4636021.997927 1303073454.0
445761.765038 4636022.120530 1303073456.0
445788.484094 4636021.806078 1303073458.0
445814.544371 4636022.162941 1303073460.0
445839.274414 4636022.196913 1303073462.0
445860.684369 4636022.145173 1303073464.0
445881.179001 4636021.767351 1303073467.0
445905.751511 4636022.913087 1303073484.0
445927.081852 4636023.306286 1303073487.0
445956.209035 4636023.196249 1303073490.0
445977.869609 4636023.365027 1303073492.0
445999.038188 4636024.314835 1303073494.0
446019.869787 4636024.601060 1303073496.0
446040.537104 4636025.110656 1303073498.0
446069.251891 4636025.337307 1303073501.0
446089.666054 4636025.293795 1303073504.0
