446007.722592 4635232.135871 1303850525.0
445985.393167 4635231.638932 1303850538.0
445960.992351 4635231.601909 1303850542.0
445934.344898 4635230.804785 1303850545.0
445911.106782 4635230.870142 1303850547.0
445885.462791 4635231.064884 1303850549.0
445858.319068 4635230.493880 1303850551.0
445830.757855 4635229.593053 1303850553.0
445804.361877 4635229.127603 1303850555.0
445779.044767 4635228.654039 1303850557.0
445753.311855 4635228.072698 1303850559.0
445725.422035 4635227.618915 1303850561.0
445697.276468 4635226.278922 1303850563.0
445669.965026 4635225.487847 1303850565.0
445644.896857 4635225.012861 1303850567.0
445621.325900 4635224.970669 1303850569.0
445600.908575 4635224.904474 1303850571.0
445578.336043 4635225.187902 1303850574.0
445557.260732 4635225.904093 1303850580.0
445534.606911 4635226.410348 1303850587.0
445510.710783 4635227.259277 1303850590.0
445480.920646 4635227.931321 1303850593.0
445458.097451 4635227.994981 1303850595.0
445433.693187 4635227.515655 1303850597.0
445409.123788 4635227.148712 1303850599.0
445383.641491 4635226.788852 1303850601.0
445356.999028 4635226.660049 1303850603.0
445329.690083 4635226.203359 1303850605.0
445303.128047 4635225.741039 1303850607.0
445277.644880 4635225.270531 1303850609.0
445253.073750 4635224.682071 1303850611.0
445229.832168 4635224.305543 1303850613.0
445209.661227 4635223.905474 1303850615.0
445187.834746 4635224.073367 1303850618.0
445167.423375 4635224.785604 1303850622.0
445145.503647 4635223.621941 1303850644.0
445118.702869 4635224.494551 1303850648.0
445089.657931 4635224.940423 1303850651.0
445067.331795 4635224.890470 1303850653.0
445043.093452 4635224.411202 1303850655.0
445018.191180 4635223.937140 1303850657.0
444993.455742 4635223.572911 1303850659.0
444969.219100 4635223.315949 1303850661.0
444945.062014 4635222.614319 1303850663.0
444920.659383 4635222.358805 1303850665.0
444897.171362 4635222.318367 1303850667.0
444873.679903 4635221.833898 1303850669.0
444850.767653 4635221.122956 1303850671.0
444829.764180 4635220.397305 1303850673.0
444802.950505 4635219.605696 1303850676.0
444780.122949 4635219.116392 1303850679.0
444757.878044 4635218.844711 1303850683.0
444734.387417 4635218.471728 1303850694.0
444708.498678 4635219.227773 1303850698.0
444677.294237 4635219.470018 1303850701.0
444652.811167 4635219.549147 1303850703.0
444628.245106 4635219.629005 1303850705.0
444602.435912 4635219.940681 1303850707.0
444575.631696 4635220.371225 1303850709.0
444550.238321 4635220.790890 1303850711.0
444527.581041 4635220.856238 1303850713.0
444501.852246 4635220.834552 1303850716.0
444485.435757 4635233.620315 1303850720.0
444485.133343 4635258.716324 1303850724.0
444483.963036 4635289.592858 1303850727.0
444481.899687 4635312.370880 1303850729.0
444479.247640 4635334.154188 1303850731.0
444477.252601 4635355.044106 1303850733.0
444476.818868 4635384.582500 1303850736.0
444478.943068 4635412.213382 1303850739.0
444479.196523 4635434.085084 1303850742.0
444478.449797 4635455.409412 1303850748.0
444469.049004 4635473.803281 1303850758.0
444448.148252 4635475.520712 1303850762.0
444422.244867 4635474.279317 1303850766.0
444400.086313 4635474.341194 1303850769.0
444379.086117 4635473.949960 1303850772.0
444358.921863 4635474.329496 1303850776.0
444335.251311 4635472.071672 1303850783.0
444313.693621 4635474.682904 1303850792.0
444293.731811 4635479.724468 1303850805.0
444272.441359 4635484.665448 1303850827.0
444248.482304 4635487.961868 1303850831.0
444217.521898 4635487.427000 1303850834.0
444192.368868 4635486.624701 1303850836.0
444154.848084 4635485.586334 1303850839.0
444132.849433 4635484.870551 1303850841.0
444108.346342 4635482.286907 1303850844.0
444090.101078 4635494.532788 1303850849.0
444087.438980 4635514.872907 1303850852.0
444086.932815 4635534.974037 1303850854.0
444085.954008 4635558.298864 1303850856.0
444084.743680 4635583.846190 1303850858.0
444083.699335 4635609.392215 1303850860.0
444082.560684 4635633.495539 1303850862.0
444081.660540 4635656.264584 1303850864.0
444082.079453 4635677.912934 1303850866.0
444081.016836 4635701.127392 1303850869.0
444080.023267 4635722.564764 1303850874.0
444098.437829 4635731.969153 1303850879.0
444118.597868 4635731.144764 1303850888.0
