444120.815808 4635728.240479 1302879175.0
444144.387807 4635728.610772 1302879187.0
444169.124198 4635729.305118 1302879190.0
444189.948126 4635728.475728 1302879192.0
444210.856781 4635727.867802 1302879194.0
444237.241559 4635727.106033 1302879197.0
444258.328353 4635728.051328 1302879201.0
444283.305866 4635727.744878 1302879207.0
444306.544174 4635727.896250 1302879210.0
444330.942529 4635727.816563 1302879213.0
444357.909939 4635727.272755 1302879216.0
444381.890770 4635726.863402 1302879219.0
444401.877939 4635725.152893 1302879238.0
444423.056356 4635727.208301 1302879244.0
444445.768315 4635734.359372 1302879248.0
444467.671046 4635733.522380 1302879253.0
444482.654821 4635718.082897 1302879262.0
444481.644981 4635694.995707 1302879266.0
444481.931749 4635667.901191 1302879269.0
444481.846860 4635646.361270 1302879271.0
444481.003850 4635623.383817 1302879273.0
444480.490185 4635600.070696 1302879275.0
444480.400969 4635577.975641 1302879277.0
444480.325600 4635557.657021 1302879279.0
444479.107368 4635529.130800 1302879282.0
444478.857370 4635507.703204 1302879285.0
444478.435340 4635485.499712 1302879308.0
444479.577962 4635461.729551 1302879317.0
444480.807042 4635438.402854 1302879321.0
444480.933922 4635412.086833 1302879324.0
444481.434293 4635391.097528 1302879326.0
444481.919094 4635368.109736 1302879328.0
444481.730469 4635343.905820 1302879330.0
444481.608395 4635317.591743 1302879332.0
444481.891754 4635290.053134 1302879334.0
444482.189826 4635264.401988 1302879336.0
444482.265753 4635242.194624 1302879338.0
444482.315727 4635216.656448 1302879341.0
444497.449330 4635198.995183 1302879346.0
444526.419168 4635199.546788 1302879350.0
444555.551525 4635199.653109 1302879353.0
444582.028174 4635199.780208 1302879356.0
444602.947029 4635200.283720 1302879359.0
444626.766241 4635200.209581 1302879363.0
444648.177858 4635200.043193 1302879366.0
444670.998593 4635199.643859 1302879369.0
444695.562136 4635199.231068 1302879372.0
444721.788079 4635199.138564 1302879375.0
444742.125123 4635199.535965 1302879377.0
444764.536931 4635199.917338 1302879379.0
444788.689821 4635200.063221 1302879381.0
444814.338262 4635200.419669 1302879383.0
444840.567634 4635200.771711 1302879385.0
444866.213488 4635200.795264 1302879387.0
444891.192839 4635200.490963 1302879389.0
444915.928369 4635200.854838 1302879391.0
444940.912009 4635201.105847 1302879393.0
444966.890676 4635201.238224 1302879395.0
444992.953189 4635201.481082 1302879397.0
445018.765012 4635201.503902 1302879399.0
445044.494700 4635201.638484 1302879401.0
445070.222673 4635201.551104 1302879403.0
445096.534146 4635201.792421 1302879405.0
445124.007486 4635202.024885 1302879407.0
445151.815349 4635202.587982 1302879409.0
445179.124408 4635203.043991 1302879411.0
445205.687399 4635203.616876 1302879413.0
445231.419624 4635204.085214 1302879415.0
445256.485360 4635204.225665 1302879417.0
445281.053149 4635204.370028 1302879419.0
445305.537093 4635204.404086 1302879421.0
445330.521535 4635204.767488 1302879423.0
445356.255443 4635205.458331 1302879425.0
445382.488139 4635206.256476 1302879427.0
445407.141455 4635206.733719 1302879429.0
445428.557282 4635207.124811 1302879431.0
445454.209875 4635208.038697 1302879434.0
445477.780049 4635207.969310 1302879438.0
445501.015712 4635207.569458 1302879466.0
445521.687159 4635208.299626 1302879469.0
445552.065101 4635208.511530 1302879472.0
445574.060144 4635208.676566 1302879474.0
445596.386300 4635208.728108 1302879476.0
445619.292541 4635208.664258 1302879478.0
445642.033647 4635208.712775 1302879480.0
445664.858588 4635208.871760 1302879482.0
445687.350719 4635208.922321 1302879484.0
445715.902850 4635209.148843 1302879487.0
445737.899570 4635209.536439 1302879491.0
445759.480489 4635209.816235 1302879518.0
445783.055713 4635210.414019 1302879521.0
445803.639894 4635210.590501 1302879523.0
445827.129586 4635210.855981 1302879525.0
445852.447597 4635211.440743 1302879527.0
445878.017104 4635212.356785 1302879529.0
445902.257069 4635213.060947 1302879531.0
445924.678822 4635214.778294 1302879533.0
445952.418689 4635217.343631 1302879536.0
445972.434535 4635219.190413 1302879540.0
445978.528066 4635245.681201 1302879545.0
445976.658745 4635272.787541 1302879548.0
445975.989659 4635294.000007 1302879550.0
445975.334892 4635317.099934 1302879552.0
445974.604720 4635341.199735 1302879554.0
445974.126047 4635365.630731 1302879556.0
445973.559339 4635389.396194 1302879558.0
445972.979164 4635411.385225 1302879560.0
445971.862708 4635439.263099 1302879563.0
445970.118194 4635460.927862 1302879567.0
445970.372967 4635483.576764 1302879585.0
445992.925659 4635491.733261 1302879590.0
446020.627404 4635489.413661 1302879593.0
446043.779161 4635489.016200 1302879595.0
446068.345906 4635489.163269 1302879597.0
446091.830454 4635488.874478 1302879599.0
446113.737404 4635488.486665 1302879601.0
446139.877545 4635488.177945 1302879604.0
446163.529748 4635488.110189 1302879608.0
446187.346246 4635487.819205 1302879612.0
446211.087303 4635488.528170 1302879641.0
446238.892214 4635488.873444 1302879645.0
446262.381785 4635489.251378 1302879648.0
446286.286288 4635489.626261 1302879652.0
446307.314829 4635482.805728 1302879675.0
446307.202834 4635456.935787 1302879679.0
446306.724579 4635426.516238 1302879682.0
446307.119721 4635401.863845 1302879684.0
446307.256698 4635375.992030 1302879686.0
446307.153916 4635351.343392 1302879688.0
446306.230449 4635327.922307 1302879690.0
446305.409214 4635307.054220 1302879692.0
446304.388524 4635281.746302 1302879695.0
446303.236159 4635260.991746 1302879700.0
446300.341833 4635240.361354 1302879718.0
446280.627969 4635234.514174 1302879722.0
446255.730915 4635234.701950 1302879725.0
446228.597316 4635235.461861 1302879728.0
446200.132525 4635235.787795 1302879731.0
446173.079406 4635236.214209 1302879734.0
446151.668781 4635236.487042 1302879737.0
446130.422458 4635236.536630 1302879743.0
446105.191765 4635236.505388 1302879764.0
446081.627597 4635237.349891 1302879767.0
446052.914680 4635237.789324 1302879770.0
446024.615875 4635238.114702 1302879773.0
446004.282443 4635238.157750 1302879776.0
