444661.063217 4635726.243545 1302014241.0
444681.550936 4635724.863035 1302014261.0
444697.648628 4635745.945511 1302014265.0
444699.487606 4635769.026283 1302014268.0
444698.785105 4635796.124008 1302014271.0
444698.608330 4635816.111483 1302014273.0
444698.104795 4635836.767698 1302014275.0
444697.847628 4635857.088900 1302014277.0
444697.260256 4635877.634735 1302014279.0
444696.094597 4635898.518161 1302014281.0
444694.268536 4635919.850853 1302014283.0
444691.784666 4635941.965891 1302014285.0
444689.800428 4635964.299118 1302014287.0
444688.550105 4635984.961140 1302014289.0
444689.071715 4636009.384555 1302014292.0
444703.650106 4636027.258857 1302014296.0
444726.406750 4636029.635999 1302014299.0
444747.891962 4636028.581025 1302014301.0
444770.949516 4636026.958754 1302014303.0
444794.177343 4636025.890407 1302014305.0
444816.901268 4636024.048803 1302014307.0
444839.792886 4636022.428040 1302014309.0
444863.014718 4636020.582727 1302014311.0
444886.073177 4636019.071856 1302014313.0
444908.721031 4636018.119406 1302014315.0
444931.616976 4636017.054075 1302014317.0
444953.927767 4636015.438171 1302014319.0
444975.413901 4636014.494911 1302014321.0
444995.903407 4636013.448379 1302014323.0
445023.781678 4636012.789005 1302014326.0
445045.846982 4636011.619420 1302014344.0
445072.164029 4636012.970891 1302014349.0
445094.157482 4636013.245449 1302014352.0
445121.053669 4636014.370569 1302014355.0
445150.522263 4636015.475979 1302014358.0
445171.608891 4636016.534997 1302014360.0
445193.772558 4636017.363721 1302014362.0
445216.930285 4636017.962801 1302014364.0
445240.414810 4636017.893240 1302014366.0
445264.146571 4636017.599790 1302014368.0
445287.962166 4636017.416808 1302014370.0
445311.040308 4636018.460940 1302014372.0
445333.862682 4636018.618840 1302014374.0
445357.096552 4636018.329520 1302014376.0
445380.580217 4636018.149395 1302014378.0
445403.819194 4636018.526391 1302014380.0
445427.057317 4636018.792436 1302014382.0
445449.226036 4636020.288118 1302014384.0
445471.389644 4636021.117706 1302014386.0
445492.637905 4636021.621267 1302014388.0
445513.638068 4636022.237822 1302014390.0
445533.727981 4636023.194501 1302014392.0
445554.397907 4636024.035769 1302014394.0
445576.144035 4636024.535773 1302014396.0
445597.972293 4636024.924182 1302014398.0
445619.300117 4636024.983377 1302014400.0
445640.459435 4636024.710821 1302014402.0
445661.954914 4636024.990932 1302014404.0
445684.030410 4636025.155651 1302014406.0
445706.441214 4636025.762017 1302014408.0
445728.601377 4636026.148296 1302014410.0
445750.676865 4636026.313221 1302014412.0
445772.917467 4636026.365924 1302014414.0
445794.163141 4636026.537302 1302014416.0
445814.994752 4636026.822927 1302014418.0
445835.662087 4636027.331930 1302014420.0
445856.907753 4636027.503495 1302014422.0
445877.742730 4636028.233412 1302014424.0
445898.074756 4636028.301009 1302014426.0
445927.946221 4636027.852102 1302014429.0
445948.527188 4636027.917953 1302014431.0
445969.026015 4636028.095520 1302014433.0
445998.663689 4636029.647287 1302014436.0
446027.054110 4636030.875529 1302014439.0
446052.105941 4636029.575397 1302014442.0
446074.363327 4636031.849586 1302014469.0
446095.204981 4636033.468356 1302014473.0
446122.676695 4636033.926697 1302014477.0
446144.252564 4636033.874553 1302014480.0
446168.653978 4636034.356287 1302014483.0
446195.536426 4636033.709026 1302014486.0
446223.972042 4636029.941201 1302014489.0
446252.403498 4636025.618354 1302014492.0
446278.167869 4636019.761267 1302014495.0
446295.246994 4636006.641546 1302014498.0
446298.055174 4635982.859202 1302014501.0
446296.254175 4635953.115802 1302014504.0
446295.011330 4635931.362608 1302014506.0
446294.180880 4635909.273204 1302014508.0
446293.601885 4635887.515005 1302014510.0
446293.436129 4635865.531624 1302014512.0
446294.342456 4635842.651893 1302014514.0
446295.179201 4635821.549223 1302014516.0
446296.059593 4635795.227651 1302014519.0
446298.560215 4635774.667606 1302014524.0
446297.377743 4635749.916058 1302014549.0
446297.799593 4635728.816520 1302014552.0
446297.925619 4635701.501339 1302014555.0
446297.601448 4635680.518460 1302014557.0
446297.926930 4635657.643116 1302014559.0
446298.159386 4635633.436072 1302014561.0
446298.058229 4635609.009477 1302014563.0
446297.705603 4635584.251679 1302014565.0
446297.601936 4635559.492005 1302014567.0
446297.499108 4635534.843359 1302014569.0
446296.980509 4635510.086815 1302014571.0
446296.541548 4635484.885538 1302014573.0
446296.428677 4635458.904570 1302014575.0
446296.890864 4635432.142034 1302014577.0
446297.269231 4635405.269097 1302014579.0
446297.821951 4635379.505181 1302014581.0
446297.717462 4635354.634488 1302014583.0
446297.367355 4635330.209781 1302014585.0
446296.856291 4635306.452488 1302014587.0
446297.432460 4635283.797335 1302014589.0
446299.830364 4635249.580979 1302014593.0
