445969.335014 4635478.032961 1303316304.0
445982.073698 4635494.369312 1303316313.0
446002.906006 4635494.544474 1303316316.0
446032.349632 4635492.100683 1303316319.0
446055.090649 4635492.261538 1303316321.0
446078.161931 4635492.197898 1303316323.0
446100.817437 4635492.026446 1303316325.0
446122.643070 4635491.861342 1303316327.0
446142.893625 4635491.930279 1303316329.0
446168.124250 4635492.072673 1303316332.0
446189.120848 4635492.025070 1303316336.0
446214.361528 4635493.499953 1303316360.0
446240.339863 4635493.747990 1303316364.0
446263.245158 4635493.686202 1303316368.0
446285.235919 4635493.409317 1303316377.0
446303.510804 4635484.610935 1303316382.0
446305.060220 4635458.950538 1303316386.0
446304.842636 4635430.083492 1303316389.0
446305.008054 4635407.986598 1303316391.0
446305.253953 4635385.555997 1303316393.0
446305.250052 4635363.016247 1303316395.0
446304.671924 4635341.369093 1303316397.0
446303.522076 4635320.947617 1303316399.0
446302.833338 4635295.637196 1303316402.0
446303.757386 4635275.089056 1303316427.0
446304.597614 4635254.430515 1303316449.0
446289.946306 4635237.552851 1303316456.0
446265.950431 4635236.179331 1303316459.0
446235.664887 4635237.185055 1303316462.0
446215.497442 4635237.226248 1303316464.0
446188.024346 4635236.989576 1303316467.0
446163.543927 4635237.396594 1303316470.0
446136.236806 4635237.158868 1303316473.0
446115.983008 4635236.756861 1303316475.0
446094.567343 4635236.363703 1303316477.0
446072.156633 4635236.089175 1303316479.0
446049.247138 4635235.707461 1303316481.0
446026.920253 4635235.543474 1303316483.0
446005.673080 4635235.482407 1303316485.0
445985.172818 4635235.415740 1303316487.0
445955.373439 4635234.864503 1303316490.0
445934.290555 4635234.580335 1303316492.0
445913.455796 4635234.183313 1303316494.0
445893.201966 4635233.781939 1303316496.0
445863.236586 4635233.232347 1303316499.0
445842.317138 4635232.614110 1303316501.0
445821.068256 4635232.331539 1303316503.0
445798.656664 4635231.946844 1303316505.0
445776.991980 4635231.556534 1303316507.0
445756.074205 4635231.160604 1303316509.0
445734.158007 4635230.439239 1303316511.0
445710.750515 4635230.062406 1303316513.0
445687.175347 4635229.464861 1303316515.0
445663.684010 4635228.977788 1303316517.0
445641.025960 4635228.928569 1303316519.0
445620.359677 4635228.864218 1303316521.0
445595.293209 4635228.611461 1303316524.0
445574.868259 4635227.546098 1303316553.0
445552.537070 4635226.828461 1303316558.0
445530.044139 4635226.667299 1303316561.0
445502.483697 4635225.878769 1303316564.0
445481.815698 4635225.592766 1303316566.0
445459.653868 4635225.318259 1303316568.0
445436.744273 4635224.938514 1303316570.0
445413.584851 4635224.449723 1303316572.0
445391.004656 4635223.734500 1303316574.0
445369.258616 4635223.568121 1303316576.0
445347.926674 4635223.287597 1303316578.0
445326.344906 4635222.898021 1303316580.0
445304.680997 4635222.620174 1303316582.0
445282.851957 4635222.454695 1303316584.0
445260.690953 4635222.291834 1303316586.0
445238.776357 4635221.794046 1303316588.0
445217.943195 4635221.621112 1303316590.0
445191.382835 4635221.381262 1303316593.0
445167.065777 4635221.457347 1303316597.0
445143.492214 4635221.083654 1303316621.0
445118.343538 4635220.944241 1303316625.0
445094.604842 4635220.683016 1303316628.0
445068.040186 4635219.888491 1303316631.0
445039.233066 4635218.889297 1303316634.0
445018.149195 4635218.496812 1303316636.0
444996.320977 4635218.443238 1303316638.0
444974.239499 4635217.836519 1303316640.0
444951.992034 4635217.231150 1303316642.0
444929.001941 4635217.186760 1303316644.0
444906.178687 4635217.252187 1303316646.0
444884.432590 4635217.087287 1303316648.0
444863.765368 4635216.914103 1303316650.0
444834.465408 4635216.585753 1303316653.0
444808.651047 4635216.230519 1303316656.0
444788.065087 4635215.834858 1303316659.0
444766.734790 4635215.778129 1303316664.0
444744.242625 4635215.730474 1303316686.0
444718.683252 4635216.150825 1303316690.0
444694.450006 4635216.338906 1303316693.0
444667.475485 4635216.215257 1303316696.0
444646.725254 4635216.043348 1303316698.0
444625.561794 4635216.096778 1303316700.0
444603.902979 4635216.487225 1303316702.0
444581.747950 4635217.103665 1303316704.0
444559.592923 4635217.720174 1303316706.0
444538.598903 4635218.216679 1303316708.0
444512.214821 4635219.310395 1303316711.0
444490.005361 4635223.591661 1303316715.0
444485.780761 4635245.942385 1303316719.0
444486.390372 4635270.920253 1303316722.0
444486.055083 4635291.797233 1303316724.0
444485.482077 4635314.119506 1303316726.0
444485.084572 4635337.661785 1303316728.0
444484.855645 4635361.535852 1303316730.0
444484.374294 4635384.967753 1303316732.0
444483.638792 4635407.735431 1303316734.0
444482.968115 4635428.170894 1303316736.0
444483.151549 4635451.708650 1303316739.0
444480.652557 4635471.825261 1303316748.0
444462.378078 4635480.406286 1303316752.0
444441.205004 4635479.127945 1303316755.0
444417.941640 4635475.867366 1303316758.0
444395.267832 4635473.712600 1303316761.0
444373.693656 4635474.214134 1303316764.0
444351.038041 4635474.391079 1303316768.0
444329.543385 4635474.447989 1303316775.0
444309.220102 4635475.717180 1303316781.0
444288.572690 4635477.988270 1303316808.0
444264.893436 4635474.620408 1303316814.0
444244.951210 4635471.556477 1303316817.0
444215.651355 4635471.119654 1303316820.0
444194.900092 4635470.727013 1303316822.0
444174.397790 4635470.332481 1303316824.0
444148.334439 4635469.870573 1303316827.0
444123.127957 4635472.844092 1303316831.0
444103.070211 4635476.221435 1303316839.0
444093.260698 4635495.285229 1303316845.0
444091.452862 4635518.727594 1303316848.0
444091.679421 4635547.594660 1303316851.0
444093.153392 4635576.785040 1303316854.0
444092.693404 4635602.770613 1303316857.0
444091.278749 4635623.434046 1303316860.0
444090.157505 4635649.757913 1303316864.0
444089.582310 4635671.636134 1303316867.0
444087.950973 4635696.409530 1303316871.0
444084.044199 4635716.759428 1303316878.0
444098.444800 4635732.857371 1303316885.0
444119.013662 4635731.252536 1303316892.0
