445512.912729 4636035.900519 1304080860.0
445486.341836 4636033.883162 1304080875.0
445460.864133 4636033.745108 1304080878.0
445433.062109 4636033.513917 1304080881.0
445402.439579 4636033.415489 1304080884.0
445380.028758 4636032.810080 1304080886.0
445356.280865 4636030.993627 1304080888.0
445331.540595 4636029.629006 1304080890.0
445305.395605 4636029.052493 1304080892.0
445278.257396 4636028.816809 1304080894.0
445250.206392 4636028.588245 1304080896.0
445221.571955 4636028.031176 1304080898.0
445192.857093 4636027.807943 1304080900.0
445165.055019 4636027.577799 1304080902.0
445138.827017 4636027.002536 1304080904.0
445114.674391 4636026.522411 1304080906.0
445090.609021 4636026.596865 1304080908.0
445065.464040 4636026.568692 1304080910.0
445039.153895 4636026.105464 1304080912.0
445011.930953 4636025.649380 1304080914.0
444983.964605 4636025.643278 1304080916.0
444955.170161 4636025.865753 1304080918.0
444925.551915 4636026.871952 1304080920.0
444896.766064 4636028.204935 1304080922.0
444868.478107 4636029.534181 1304080924.0
444841.018250 4636030.635059 1304080926.0
444813.805622 4636031.512059 1304080928.0
444787.667450 4636031.825665 1304080930.0
444764.511430 4636031.450036 1304080932.0
444737.039529 4636030.996933 1304080935.0
444715.037479 4636029.613205 1304080951.0
444691.058531 4636030.132473 1304080955.0
444666.571347 4636029.323364 1304080958.0
444643.412858 4636017.955785 1304080961.0
444623.026345 4636010.897053 1304080963.0
444600.606786 4635998.524561 1304080965.0
444580.349854 4635986.801515 1304080967.0
444559.586304 4635984.631390 1304080969.0
444533.468705 4635987.610581 1304080972.0
444513.131294 4635986.880715 1304080977.0
444501.490650 4636005.292016 1304080992.0
444483.477726 4636015.314421 1304080996.0
444483.320222 4635995.107462 1304081004.0
444481.391543 4635971.250187 1304081007.0
444480.979032 4635950.267979 1304081009.0
444481.760195 4635922.725462 1304081012.0
444483.761969 4635902.723743 1304081019.0
444493.973865 4635881.991838 1304081030.0
444493.964195 4635859.452018 1304081032.0
444492.433139 4635833.370968 1304081034.0
444491.870192 4635803.729287 1304081036.0
444487.288613 4635780.225794 1304081039.0
444479.807748 4635757.411105 1304081045.0
444479.301866 4635735.097224 1304081049.0
444478.986956 4635705.342581 1304081052.0
444478.717047 4635681.361354 1304081054.0
444478.348576 4635655.382284 1304081056.0
444478.382052 4635627.734574 1304081058.0
444478.173497 4635600.977024 1304081060.0
444477.710790 4635573.555251 1304081062.0
444477.354435 4635549.130567 1304081064.0
444476.945380 4635528.592481 1304081066.0
444478.681877 4635506.483199 1304081069.0
444476.528360 4635485.736643 1304081075.0
444455.078640 4635480.907333 1304081080.0
444422.032285 4635478.944400 1304081084.0
444401.619950 4635479.436785 1304081086.0
444380.213500 4635480.159058 1304081088.0
444358.389514 4635480.551555 1304081090.0
444337.474922 4635480.492877 1304081092.0
444312.992732 4635480.573182 1304081095.0
444291.413369 4635480.408802 1304081100.0
444270.407099 4635479.240698 1304081107.0
444246.983316 4635487.307395 1304081111.0
444225.326197 4635487.810028 1304081113.0
444200.084094 4635486.231162 1304081115.0
444175.345995 4635485.425673 1304081117.0
444153.847882 4635485.039005 1304081119.0
444127.695499 4635483.800632 1304081122.0
444105.835808 4635479.641789 1304081141.0
444080.566625 4635474.621503 1304081146.0
444054.747881 4635473.602847 1304081149.0
444024.860988 4635472.394180 1304081152.0
444003.197718 4635472.120298 1304081154.0
443981.036518 4635471.850397 1304081156.0
443959.540964 4635471.797396 1304081158.0
443930.755601 4635473.467344 1304081161.0
443910.101290 4635474.851315 1304081164.0
443888.610113 4635475.353664 1304081174.0
443883.484322 4635498.933263 1304081180.0
443884.399133 4635520.244598 1304081184.0
443885.074599 4635542.779194 1304081188.0
443884.835462 4635565.098928 1304081192.0
443883.877439 4635590.977416 1304081196.0
443883.598182 4635618.738138 1304081199.0
443883.682254 4635639.944987 1304081201.0
443883.768077 4635661.373891 1304081203.0
443883.911628 4635690.130592 1304081206.0
443883.020003 4635713.898915 1304081210.0
443898.649226 4635727.877135 1304081218.0
443924.607704 4635725.674122 1304081222.0
443946.514797 4635725.390662 1304081225.0
443968.011334 4635725.665671 1304081229.0
