444373.671357 4635481.986683 1301924087.0
444351.633974 4635486.933258 1301924104.0
444328.318837 4635487.670598 1301924112.0
444304.254213 4635488.080772 1301924117.0
444282.024867 4635489.698046 1301924127.0
444279.696774 4635510.368573 1301924137.0
444278.201171 4635531.365691 1301924140.0
444276.404898 4635556.362385 1301924143.0
444275.843013 4635580.017016 1301924146.0
444275.428867 4635601.338780 1301924150.0
444277.855352 4635625.081071 1301924157.0
444278.888438 4635651.054942 1301924160.0
444278.616336 4635679.925908 1301924163.0
444276.386079 4635702.483256 1301924166.0
444271.409526 4635724.062784 1301924195.0
444273.086528 4635747.477839 1301924199.0
444274.799132 4635775.445011 1301924202.0
444275.376479 4635796.203855 1301924204.0
444274.964969 4635817.858707 1301924206.0
444274.391839 4635840.069995 1301924208.0
444274.144567 4635861.501496 1301924210.0
444273.645744 4635882.601864 1301924212.0
444273.565312 4635904.143096 1301924214.0
444273.828105 4635927.125085 1301924216.0
444273.841083 4635949.997996 1301924218.0
444272.686237 4635972.102806 1301924220.0
444271.560067 4635997.871517 1301924223.0
444291.406927 4636010.152071 1301924231.0
444316.012464 4636004.852096 1301924235.0
444338.897984 4636002.452532 1301924238.0
444364.125212 4636002.366465 1301924241.0
444390.023225 4636003.163522 1301924244.0
444414.940184 4636005.855908 1301924247.0
444434.889501 4636010.030575 1301924249.0
444455.660813 4636013.199581 1301924251.0
444477.263650 4636016.584234 1301924253.0
444499.099836 4636017.968521 1301924255.0
444520.592845 4636017.912106 1301924257.0
444548.950823 4636014.915424 1301924260.0
444574.900636 4636011.715525 1301924263.0
444598.116404 4636009.092158 1301924265.0
444621.683969 4636009.019913 1301924267.0
444645.026750 4636012.058442 1301924269.0
444666.119527 4636013.893155 1301924271.0
444693.926876 4636014.787516 1301924274.0
444722.150847 4636015.900821 1301924277.0
444744.063065 4636016.396996 1301924279.0
444767.469802 4636016.992684 1301924281.0
444791.790187 4636017.692400 1301924283.0
444815.858182 4636017.950019 1301924285.0
444839.672931 4636017.654511 1301924287.0
444862.986355 4636016.918828 1301924289.0
444885.637651 4636016.410413 1301924291.0
444908.621733 4636016.010530 1301924293.0
444931.604099 4636015.388666 1301924295.0
444954.423080 4636015.101241 1301924297.0
444976.247144 4636014.932609 1301924299.0
444997.492054 4636014.990584 1301924301.0
445017.909722 4636015.388110 1301924303.0
445045.385073 4636016.286405 1301924306.0
445066.640251 4636017.676913 1301924310.0
445091.455906 4636018.040731 1301924321.0
445119.009937 4636018.383534 1301924324.0
445141.168476 4636018.545931 1301924326.0
445164.487895 4636018.588426 1301924328.0
445188.556706 4636018.958331 1301924330.0
445212.707640 4636019.216653 1301924332.0
445236.942406 4636019.585445 1301924334.0
445261.673348 4636019.728439 1301924336.0
445286.237472 4636019.761766 1301924338.0
445310.639043 4636020.240562 1301924340.0
445334.540165 4636020.390180 1301924342.0
445357.944251 4636020.654726 1301924344.0
445380.185746 4636020.817230 1301924346.0
445401.267206 4636021.210763 1301924348.0
445428.824591 4636021.998874 1301924351.0
445450.401377 4636022.055656 1301924355.0
445475.221224 4636022.975946 1301924378.0
445496.966516 4636023.364681 1301924381.0
445524.106423 4636023.823253 1301924384.0
445545.272537 4636024.438633 1301924386.0
445567.100798 4636024.826947 1301924388.0
445589.177150 4636025.102399 1301924390.0
445611.586271 4636025.486412 1301924392.0
445634.077522 4636025.758835 1301924394.0
445656.985370 4636026.250218 1301924396.0
445679.561289 4636026.744206 1301924398.0
445701.557183 4636027.353721 1301924400.0
445723.382880 4636027.409432 1301924402.0
445744.878343 4636027.689793 1301924404.0
445766.204459 4636027.527374 1301924406.0
445787.283323 4636027.588968 1301924408.0
445808.366409 4636028.205760 1301924410.0
445830.279300 4636028.816304 1301924412.0
445851.944931 4636029.650862 1301924414.0
445873.028845 4636030.378873 1301924416.0
445893.615712 4636031.221755 1301924418.0
445914.283025 4636031.730986 1301924420.0
445935.694634 4636031.901525 1301924422.0
445958.519443 4636032.394507 1301924424.0
445981.924273 4636032.772130 1301924426.0
446005.995471 4636033.477878 1301924428.0
446029.735580 4636034.297250 1301924430.0
446052.978639 4636035.231500 1301924432.0
446075.802583 4636035.613830 1301924434.0
446098.792485 4636035.994978 1301924436.0
446121.868723 4636036.819681 1301924438.0
446143.447102 4636037.100617 1301924440.0
446164.696073 4636037.717208 1301924442.0
446185.446314 4636038.226598 1301924444.0
446212.985887 4636036.686170 1301924447.0
446233.135983 4636034.646459 1301924450.0
446256.840026 4636030.692418 1301924475.0
446282.875097 4636027.720177 1301924479.0
