446300.176551 4635251.465937 1302039580.0
446282.456265 4635234.833488 1302039605.0
446259.973465 4635236.002347 1302039608.0
446228.353374 4635236.129903 1302039611.0
446203.039696 4635236.098941 1302039613.0
446175.813888 4635235.638382 1302039615.0
446149.251995 4635235.172908 1302039617.0
446124.518401 4635235.026808 1302039619.0
446102.774971 4635235.191271 1302039621.0
446076.713530 4635235.055382 1302039624.0
446056.375888 4635234.543146 1302039629.0
446032.721156 4635234.389194 1302039648.0
446007.584379 4635235.801022 1302039652.0
445981.605081 4635235.553825 1302039670.0
445959.035115 4635236.169128 1302039673.0
445937.948865 4635235.440841 1302039675.0
445913.047589 4635235.074680 1302039677.0
445885.323797 4635234.619011 1302039679.0
445855.928382 4635232.621685 1302039681.0
445824.550470 4635231.860924 1302039683.0
445791.762558 4635231.222063 1302039685.0
445758.892493 4635230.695012 1302039687.0
445727.513709 4635229.823651 1302039689.0
445697.469529 4635229.830523 1302039691.0
445669.080074 4635229.158702 1302039693.0
445641.684800 4635228.257341 1302039695.0
445615.536915 4635227.679663 1302039697.0
445591.711059 4635226.862281 1302039699.0
445564.487680 4635226.737138 1302039702.0
445541.910911 4635226.465546 1302039706.0
445521.152285 4635225.180819 1302039719.0
445498.579753 4635225.464499 1302039722.0
445477.412959 4635225.071291 1302039724.0
445453.177219 4635224.923710 1302039726.0
445427.440845 4635223.899437 1302039728.0
445402.292202 4635223.759022 1302039730.0
445376.975873 4635223.397913 1302039732.0
445350.830487 4635223.154288 1302039734.0
445323.356399 4635222.809923 1302039736.0
445294.305489 4635222.477771 1302039738.0
445263.097675 4635222.273342 1302039740.0
445231.059953 4635222.075431 1302039742.0
445199.103509 4635221.654970 1302039744.0
445167.396885 4635221.343764 1302039746.0
445136.274608 4635221.472334 1302039748.0
445104.821225 4635221.714625 1302039750.0
445071.123674 4635221.530222 1302039752.0
445035.762883 4635220.914675 1302039754.0
445000.320807 4635220.521999 1302039756.0
444965.375809 4635220.014625 1302039758.0
444931.675661 4635219.497801 1302039760.0
444899.301636 4635218.748811 1302039762.0
444868.424008 4635218.321490 1302039764.0
444839.207905 4635218.103505 1302039766.0
444812.978596 4635217.751468 1302039768.0
444789.897762 4635216.708926 1302039770.0
444762.918085 4635215.918754 1302039773.0
444742.662359 4635215.298596 1302039779.0
444720.422608 4635215.693194 1302039792.0
444692.454785 4635215.910259 1302039795.0
444669.219149 4635216.312749 1302039797.0
444643.326091 4635216.513894 1302039799.0
444615.940065 4635216.837774 1302039801.0
444589.135838 4635217.268267 1302039803.0
444563.743316 4635217.798911 1302039805.0
444541.255465 4635218.307033 1302039807.0
444516.690259 4635218.498302 1302039810.0
444495.137797 4635221.886165 1302039829.0
444488.244515 4635242.592171 1302039833.0
444488.789294 4635269.902256 1302039836.0
444488.304457 4635292.890044 1302039838.0
444487.345047 4635318.879445 1302039840.0
444487.136008 4635345.307136 1302039842.0
444486.919188 4635370.735584 1302039844.0
444484.950095 4635394.956315 1302039846.0
444482.962848 4635416.845478 1302039848.0
444481.335255 4635442.284924 1302039851.0
444479.672199 4635463.172258 1302039856.0
444462.012370 4635476.078814 1302039863.0
444442.389343 4635482.005590 1302039867.0
444420.843777 4635486.170878 1302039870.0
444400.613902 4635488.771487 1302039872.0
444378.885934 4635490.828681 1302039874.0
444358.221202 4635490.879026 1302039876.0
444335.391857 4635490.058073 1302039879.0
444314.089259 4635493.444548 1302039896.0
444293.051776 4635488.279400 1302039902.0
444301.434209 4635509.532374 1302039909.0
444304.827828 4635529.602987 1302039914.0
444281.748768 4635528.673126 1302039917.0
444259.724206 4635524.626138 1302039919.0
444235.612774 4635519.041078 1302039921.0
444211.827164 4635512.676309 1302039923.0
444192.207400 4635508.388627 1302039925.0
444170.753189 4635503.005036 1302039928.0
444149.744349 4635501.504207 1302039934.0
444141.196967 4635522.778719 1302039938.0
444137.497699 4635548.456582 1302039941.0
444133.891025 4635575.355097 1302039944.0
444130.873121 4635603.248304 1302039947.0
444128.191540 4635631.694047 1302039950.0
444125.666376 4635658.917190 1302039953.0
444123.299365 4635685.139789 1302039956.0
444121.716932 4635705.582465 1302039959.0
444099.905835 4635707.530142 1302039962.0
444112.233542 4635723.866448 1302039976.0
