443911.860640 4635476.947109 1302217513.0
443888.707093 4635477.129445 1302217530.0
443860.555915 4635475.019524 1302217533.0
443838.392086 4635474.416985 1302217535.0
443813.745627 4635474.722368 1302217537.0
443786.274083 4635474.605993 1302217539.0
443755.974820 4635473.734810 1302217541.0
443725.513958 4635473.420203 1302217543.0
443695.049580 4635472.661617 1302217545.0
443666.319155 4635470.779109 1302217547.0
443640.744883 4635469.204847 1302217549.0
443616.839140 4635468.727813 1302217551.0
443595.339159 4635468.120775 1302217553.0
443572.264165 4635467.748346 1302217556.0
443551.101404 4635467.804976 1302217577.0
443525.718589 4635469.449600 1302217581.0
443502.067960 4635469.748167 1302217584.0
443475.084607 4635468.407743 1302217587.0
443445.531265 4635467.420927 1302217590.0
443424.950294 4635467.584346 1302217592.0
443402.208112 4635467.320859 1302217594.0
443379.040399 4635465.728416 1302217596.0
443356.367952 4635463.799008 1302217598.0
443327.964913 4635461.360087 1302217601.0
443303.728921 4635461.108797 1302217604.0
443283.074663 4635462.494586 1302217608.0
443256.431137 4635462.151592 1302217622.0
443229.115741 4635460.814743 1302217625.0
443201.303291 4635459.592997 1302217628.0
443179.885327 4635458.875523 1302217631.0
443156.325618 4635460.173821 1302217635.0
443130.435165 4635460.602528 1302217638.0
443102.464695 4635460.381737 1302217641.0
443081.390202 4635461.105262 1302217644.0
443067.259143 4635479.094704 1302217659.0
443066.630693 4635504.304511 1302217663.0
443066.112746 4635532.955500 1302217666.0
443065.861974 4635553.498850 1302217668.0
443065.366683 4635574.599327 1302217670.0
443064.950833 4635595.255032 1302217672.0
443064.517669 4635624.127417 1302217675.0
443064.036591 4635647.004332 1302217678.0
443062.787349 4635667.222564 1302217682.0
443060.629716 4635688.003230 1302217685.0
443059.595278 4635714.326636 1302217688.0
443059.332563 4635743.752835 1302217691.0
443059.505631 4635765.403148 1302217693.0
443060.104271 4635788.382473 1302217695.0
443060.122467 4635821.803667 1302217698.0
443060.451741 4635842.231356 1302217700.0
443060.695369 4635862.326628 1302217702.0
443060.275134 4635882.427207 1302217704.0
443059.591314 4635911.079540 1302217707.0
443059.366342 4635934.842694 1302217710.0
443059.535871 4635956.048905 1302217714.0
443060.544982 4635978.469783 1302217728.0
443068.424701 4635998.726087 1302217733.0
443094.908263 4636000.068930 1302217737.0
443122.970236 4636001.621335 1302217740.0
443143.641517 4636002.566638 1302217742.0
443165.135520 4636002.617161 1302217744.0
443186.148458 4636004.781239 1302217746.0
443206.817948 4636005.504671 1302217748.0
443236.360262 4636005.380203 1302217751.0
443265.573303 4636005.591584 1302217754.0
443285.904663 4636005.540698 1302217756.0
443306.652698 4636005.708622 1302217758.0
443327.816522 4636005.984333 1302217760.0
443349.312269 4636006.257466 1302217762.0
443370.556421 4636006.199561 1302217764.0
443391.136719 4636006.146996 1302217766.0
443419.104136 4636006.257873 1302217769.0
443439.936022 4636006.536553 1302217772.0
443460.343303 4636005.597288 1302217778.0
443481.590975 4636005.983823 1302217782.0
443505.743877 4636006.458413 1302217785.0
443533.794264 4636006.569081 1302217788.0
443554.125610 4636006.518961 1302217790.0
443574.957483 4636006.798036 1302217792.0
443596.121279 4636007.074543 1302217794.0
443617.449277 4636007.127745 1302217796.0
443639.270770 4636006.621935 1302217798.0
443661.266132 4636007.114124 1302217800.0
443683.757623 4636007.380390 1302217802.0
443706.746999 4636007.642791 1302217804.0
443729.986194 4636008.014328 1302217806.0
443752.974687 4636008.165851 1302217808.0
443775.051259 4636008.435682 1302217810.0
443795.964335 4636008.492694 1302217812.0
443822.505261 4636006.617795 1302217815.0
443842.657500 4636004.904398 1302217820.0
443859.659796 4635993.111777 1302217841.0
443863.195329 4635967.879156 1302217845.0
443864.577728 4635943.218679 1302217849.0
443864.876991 4635918.011568 1302217853.0
443865.540564 4635896.909850 1302217856.0
443866.448717 4635875.251036 1302217860.0
443867.028445 4635854.038946 1302217865.0
443866.574752 4635828.060534 1302217868.0
443867.484672 4635806.623777 1302217870.0
443868.806895 4635784.850668 1302217872.0
443869.727329 4635764.746239 1302217874.0
443870.139365 4635743.313408 1302217877.0
443885.457283 4635728.314148 1302217902.0
443909.619818 4635729.900388 1302217906.0
443933.250350 4635727.160567 1302217909.0
443954.401840 4635725.772738 1302217912.0
