446210.013509 4635500.194790 1302134305.0
446233.756197 4635501.125885 1302134308.0
446256.666494 4635501.730238 1302134311.0
446280.341252 4635504.660602 1302134320.0
446298.177731 4635492.756576 1302134324.0
446297.830132 4635468.664945 1302134327.0
446296.929239 4635448.241589 1302134329.0
446296.989881 4635423.258615 1302134331.0
446297.188045 4635394.499469 1302134333.0
446297.965461 4635365.513891 1302134335.0
446297.260801 4635338.093955 1302134337.0
446296.249290 4635314.007335 1302134339.0
446296.299062 4635287.581014 1302134342.0
446299.776528 4635264.459857 1302134367.0
446295.561885 4635244.838720 1302134371.0
446270.461207 4635240.031478 1302134375.0
446241.325812 4635239.474038 1302134378.0
446217.004676 4635238.991403 1302134380.0
446189.859354 4635238.197083 1302134382.0
446149.185790 4635237.394077 1302134385.0
446123.536792 4635236.921799 1302134387.0
446098.717692 4635236.443334 1302134389.0
446075.051205 4635234.734864 1302134391.0
446052.379747 4635232.907903 1302134393.0
446030.969951 4635233.292126 1302134395.0
446005.329339 4635233.930544 1302134398.0
445981.498519 4635232.445696 1302134413.0
445957.840406 4635231.847885 1302134416.0
445935.427141 4635231.240706 1302134418.0
445908.861830 4635230.332020 1302134420.0
445879.226713 4635229.557786 1302134422.0
445848.101981 4635229.350165 1302134424.0
445815.401275 4635229.265700 1302134426.0
445784.109710 4635228.948594 1302134428.0
445755.222323 4635228.280219 1302134430.0
445726.340003 4635228.278123 1302134432.0
445696.797144 4635228.725313 1302134434.0
445665.012702 4635229.078688 1302134436.0
445632.889520 4635228.546522 1302134438.0
445601.753738 4635226.896625 1302134440.0
445571.864491 4635225.459408 1302134442.0
445542.971114 4635224.014703 1302134444.0
445515.325127 4635222.893676 1302134446.0
445488.595422 4635222.209880 1302134448.0
445461.284778 4635221.530631 1302134450.0
445434.140957 4635220.961243 1302134452.0
445407.994718 4635220.606381 1302134454.0
445383.008637 4635220.020653 1302134456.0
445358.274929 4635219.877212 1302134458.0
445332.797712 4635220.183696 1302134460.0
445306.236506 4635219.832391 1302134462.0
445279.255226 4635218.818210 1302134464.0
445251.032493 4635218.257806 1302134466.0
445222.146683 4635217.813646 1302134468.0
445193.511546 4635217.589741 1302134470.0
445164.541881 4635217.035426 1302134472.0
445135.821180 4635216.479310 1302134474.0
445108.097215 4635216.026665 1302134476.0
445080.706062 4635215.682595 1302134478.0
445051.991338 4635215.904007 1302134480.0
445021.784498 4635216.359117 1302134482.0
444989.420762 4635216.942043 1302134484.0
444955.227807 4635217.095115 1302134486.0
444919.203050 4635216.485276 1302134488.0
444884.341010 4635215.977658 1302134490.0
444850.473990 4635215.351474 1302134492.0
444820.009574 4635214.699096 1302134494.0
444795.015646 4635213.116186 1302134496.0
444773.266086 4635212.507516 1302134499.0
444749.278357 4635212.249372 1302134505.0
444720.969944 4635211.358629 1302134508.0
444700.217118 4635210.853482 1302134510.0
444677.228713 4635211.031958 1302134512.0
444652.251120 4635211.559064 1302134514.0
444625.529001 4635211.877748 1302134516.0
444598.143820 4635212.312723 1302134518.0
444574.084313 4635213.499166 1302134520.0
444547.615492 4635214.371342 1302134523.0
444527.446181 4635214.195258 1302134528.0
444503.627010 4635214.269729 1302134545.0
444486.286361 4635225.619249 1302134549.0
444484.890363 4635248.836203 1302134553.0
444484.759989 4635274.708109 1302134556.0
444485.602999 4635297.685551 1302134558.0
444485.735439 4635325.331953 1302134560.0
444485.229925 4635356.314343 1302134562.0
444484.483239 4635388.297920 1302134564.0
444483.797922 4635417.505173 1302134566.0
444483.888847 4635439.822277 1302134568.0
444483.059120 4635461.147252 1302134571.0
444481.888798 4635481.364542 1302134595.0
444462.599451 4635487.510730 1302134601.0
444442.454286 4635490.332627 1302134604.0
444412.166482 4635490.902008 1302134607.0
444382.520043 4635488.579628 1302134609.0
444354.784895 4635486.575543 1302134611.0
444331.457611 4635485.758492 1302134613.0
444308.737271 4635488.267791 1302134617.0
444285.074561 4635487.009379 1302134643.0
444261.581291 4635486.193855 1302134648.0
444237.378498 4635490.158423 1302134652.0
444210.747359 4635491.366241 1302134655.0
444184.176596 4635489.686803 1302134657.0
444158.942321 4635489.107326 1302134659.0
444131.293568 4635487.547569 1302134662.0
444110.275090 4635484.825557 1302134665.0
444079.720871 4635483.177761 1302134668.0
444055.823950 4635483.809526 1302134670.0
444029.014618 4635483.464947 1302134672.0
443999.542698 4635482.253127 1302134674.0
443971.568034 4635481.473788 1302134676.0
443948.163795 4635481.435835 1302134678.0
443923.257911 4635480.410472 1302134681.0
443901.791159 4635473.473308 1302134706.0
443877.528147 4635469.778225 1302134709.0
443854.772889 4635467.847885 1302134711.0
443828.783721 4635466.276220 1302134713.0
443798.977978 4635464.845791 1302134715.0
443765.609881 4635464.220847 1302134717.0
443731.163811 4635463.715607 1302134719.0
443698.049925 4635463.755175 1302134721.0
443666.500513 4635462.228047 1302134723.0
443636.446624 4635460.911294 1302134725.0
443608.559194 4635460.687860 1302134727.0
443584.324106 4635460.546643 1302134729.0
443563.828745 4635461.042086 1302134731.0
443542.901730 4635459.431359 1302134734.0
443521.655955 4635459.488734 1302134745.0
443498.756587 4635460.336526 1302134748.0
443470.861212 4635459.114385 1302134751.0
443447.373879 4635459.078735 1302134753.0
443420.900744 4635459.288944 1302134755.0
443391.521269 4635459.300277 1302134757.0
443362.138261 4635458.867623 1302134759.0
443334.989738 4635457.640076 1302134761.0
443311.904079 4635455.936164 1302134763.0
443285.754040 4635455.033961 1302134766.0
443263.783456 4635457.873731 1302134788.0
443242.952604 4635457.928632 1302134791.0
443222.455473 4635458.203002 1302134793.0
443200.629650 4635458.376991 1302134795.0
443174.069973 4635458.144670 1302134798.0
443151.574929 4635457.657942 1302134803.0
443127.513747 4635458.516200 1302134806.0
443106.847093 4635458.348119 1302134808.0
443080.956633 4635458.777006 1302134811.0
