444302.244285 4635485.764774 1303607218.0
444280.325171 4635484.603779 1303607237.0
444252.697287 4635485.708202 1303607241.0
444223.396622 4635485.160321 1303607244.0
444201.647812 4635484.553404 1303607246.0
444180.811859 4635483.939400 1303607248.0
444152.170724 4635482.831473 1303607251.0
444129.426046 4635482.232584 1303607254.0
444107.927919 4635481.846054 1303607259.0
444087.843191 4635481.781598 1303607264.0
444062.362528 4635481.537499 1303607267.0
444040.946507 4635481.039493 1303607269.0
444018.205298 4635480.885067 1303607271.0
443996.211848 4635480.835869 1303607273.0
443975.130387 4635480.668533 1303607275.0
443946.076875 4635479.897779 1303607278.0
443924.156791 4635478.626852 1303607281.0
443902.899725 4635477.239736 1303607287.0
443880.325344 4635477.195471 1303607307.0
443853.845292 4635476.515854 1303607310.0
443831.433378 4635476.026326 1303607312.0
443806.116017 4635475.448753 1303607314.0
443778.973798 4635474.996706 1303607316.0
443737.970002 4635474.321123 1303607319.0
443710.332476 4635474.206352 1303607321.0
443682.612836 4635474.203370 1303607323.0
443654.973548 4635473.866759 1303607325.0
443627.748315 4635473.415944 1303607327.0
443601.105749 4635473.182689 1303607329.0
443577.118786 4635472.928499 1303607331.0
443556.951894 4635472.977224 1303607333.0
443535.538425 4635472.813818 1303607336.0
443513.708255 4635472.431712 1303607365.0
443493.205885 4635472.039141 1303607368.0
443463.159922 4635471.722364 1303607371.0
443439.504010 4635471.354975 1303607373.0
443416.177400 4635470.651947 1303607375.0
443393.850166 4635470.385191 1303607377.0
443372.520547 4635470.332643 1303607379.0
443351.856595 4635470.496933 1303607381.0
443324.552738 4635470.603073 1303607384.0
443303.977075 4635471.433005 1303607387.0
443281.237546 4635471.502986 1303607403.0
443260.146275 4635470.116465 1303607410.0
443236.236064 4635469.085572 1303607413.0
443208.431613 4635468.863042 1303607416.0
443186.935118 4635468.701345 1303607419.0
443165.930346 4635467.758551 1303607431.0
443143.853815 4635467.712646 1303607434.0
443116.300087 4635467.710543 1303607437.0
443087.170475 4635467.832171 1303607441.0
443066.440801 4635480.544690 1303607448.0
443065.744452 4635507.642623 1303607452.0
443066.237014 4635527.735894 1303607454.0
443066.666109 4635550.272428 1303607456.0
443066.434860 4635573.258378 1303607458.0
443066.786293 4635596.461740 1303607460.0
443066.889655 4635619.778120 1303607462.0
443067.239314 4635642.759429 1303607464.0
443067.087510 4635665.300610 1303607466.0
443066.763526 4635687.065927 1303607468.0
443066.436884 4635708.498164 1303607470.0
443065.191201 4635729.160507 1303607472.0
443064.024961 4635749.378078 1303607474.0
443062.942602 4635769.706014 1303607476.0
443062.613319 4635790.805172 1303607478.0
443062.285814 4635812.126385 1303607480.0
443061.378316 4635833.563270 1303607482.0
443060.304858 4635855.001482 1303607484.0
443059.977369 4635876.322697 1303607486.0
443059.807861 4635896.643341 1303607488.0
443059.374768 4635925.515740 1303607491.0
443059.337066 4635951.942222 1303607494.0
443059.579814 4635971.926470 1303607497.0
443058.769540 4635995.139134 1303607518.0
443074.890600 4636008.223364 1303607524.0
443101.525897 4636007.788468 1303607528.0
443131.569643 4636008.103698 1303607531.0
443153.393783 4636007.929480 1303607533.0
443174.306013 4636007.873640 1303607535.0
443201.111700 4636007.992929 1303607538.0
443222.441490 4636008.267003 1303607541.0
443242.694287 4636008.771791 1303607547.0
443264.429249 4636007.821384 1303607556.0
443291.395588 4636007.273527 1303607559.0
443313.967444 4636007.204883 1303607561.0
443338.864547 4636007.339881 1303607563.0
443364.258654 4636007.359979 1303607565.0
443389.072771 4636007.495812 1303607567.0
443411.975665 4636007.313813 1303607569.0
443436.623815 4636007.451130 1303607572.0
443458.035685 4636007.614223 1303607578.0
443479.364571 4636007.778039 1303607581.0
443510.238087 4636008.088281 1303607584.0
443534.473080 4636008.451282 1303607586.0
443560.034892 4636008.692817 1303607588.0
443585.849163 4636009.376581 1303607590.0
443611.327986 4636009.618958 1303607592.0
443636.391898 4636009.864708 1303607594.0
443661.207741 4636010.223544 1303607596.0
443685.607795 4636010.474719 1303607598.0
443709.757146 4636010.505891 1303607600.0
443733.742287 4636010.760510 1303607602.0
443757.314271 4636011.240540 1303607604.0
443780.471344 4636011.723924 1303607606.0
443802.215100 4636011.885431 1303607608.0
443828.356868 4636012.012319 1303607611.0
443849.172945 4636010.293705 1303607622.0
443862.527399 4635988.425740 1303607627.0
443864.394556 4635962.095929 1303607630.0
443865.220585 4635940.548793 1303607632.0
443865.615958 4635917.006437 1303607634.0
443866.090819 4635893.019319 1303607636.0
443867.306407 4635868.249126 1303607638.0
443867.941998 4635843.594538 1303607640.0
443868.246535 4635819.053595 1303607642.0
443869.632493 4635794.837234 1303607644.0
443871.694584 4635772.170023 1303607646.0
443872.904975 4635746.733673 1303607649.0
443881.217191 4635727.348245 1303607653.0
443907.758309 4635725.362648 1303607657.0
443934.482886 4635725.596388 1303607660.0
443958.054041 4635725.855038 1303607663.0
443981.957132 4635726.111154 1303607679.0
444006.358128 4635726.363438 1303607683.0
444027.852038 4635726.305545 1303607686.0
444048.933641 4635726.584057 1303607689.0
444070.630133 4635731.188133 1303607695.0
444090.648603 4635733.473729 1303607701.0
444114.553398 4635733.952345 1303607704.0
444134.884626 4635733.792863 1303607706.0
444156.545348 4635733.845084 1303607708.0
444178.288183 4635733.785693 1303607710.0
444199.619573 4635734.173727 1303607712.0
444220.121984 4635734.679351 1303607714.0
444245.765089 4635734.589625 1303607717.0
444266.108473 4635735.984898 1303607724.0
444286.938467 4635735.932981 1303607729.0
444313.576511 4635735.724683 1303607732.0
444334.078903 4635736.230635 1303607734.0
444363.293801 4635736.557556 1303607737.0
444390.761686 4635736.343065 1303607740.0
444417.317606 4635736.246829 1303607743.0
444443.953046 4635735.705937 1303607746.0
444465.711444 4635737.645913 1303607750.0
444482.129310 4635725.193165 1303607756.0
444480.868783 4635701.885861 1303607759.0
444480.231459 4635673.355106 1303607762.0
444480.382541 4635650.147836 1303607764.0
444481.267518 4635625.269338 1303607766.0
444481.489480 4635600.507043 1303607768.0
444481.387287 4635576.746580 1303607770.0
444481.543575 4635554.205477 1303607772.0
444481.956613 4635532.661679 1303607774.0
444481.905399 4635504.792567 1303607777.0
444482.155931 4635483.694172 1303607782.0
444498.576152 4635471.463527 1303607787.0
444523.303868 4635470.937812 1303607790.0
444543.974700 4635471.665137 1303607792.0
444566.140168 4635472.491925 1303607794.0
444587.471435 4635472.770101 1303607796.0
444616.273309 4635473.212324 1303607799.0
444639.011907 4635473.035578 1303607802.0
444662.743768 4635472.518087 1303607806.0
444683.159577 4635472.470559 1303607809.0
444704.659394 4635473.080879 1303607812.0
444726.329489 4635474.245111 1303607815.0
444750.240239 4635475.392031 1303607818.0
444773.730878 4635475.876085 1303607821.0
444794.482064 4635476.270411 1303607824.0
444821.293056 4635476.839925 1303607828.0
444841.633594 4635477.792738 1303607831.0
444863.629580 4635478.177628 1303607835.0
444884.887264 4635479.678635 1303607844.0
444909.128194 4635480.601465 1303607848.0
444937.928277 4635480.822934 1303607851.0
444958.843691 4635480.994402 1303607853.0
444979.260319 4635481.058749 1303607855.0
445009.141801 4635481.605255 1303607858.0
445036.948591 4635482.167893 1303607861.0
445057.949549 4635482.672093 1303607864.0
445078.289172 4635483.514554 1303607879.0
445099.048860 4635485.020039 1303607882.0
445128.933728 4635486.011155 1303607885.0
445152.589405 4635486.384152 1303607887.0
445176.909831 4635486.863145 1303607889.0
445201.643481 4635487.116975 1303607891.0
445226.792065 4635487.367701 1303607893.0
445252.107473 4635487.728267 1303607895.0
445276.923247 4635487.870693 1303607897.0
445301.159813 4635488.239721 1303607899.0
445324.817167 4635488.835344 1303607901.0
445348.220444 4635488.766793 1303607903.0
445371.456894 4635488.588564 1303607905.0
445394.194568 4635488.303200 1303607907.0
445416.353034 4635488.244415 1303607909.0
445438.265087 4635488.520687 1303607911.0
445466.319049 4635488.861039 1303607914.0
