446579.865821 4636036.811894 1303219556.0
446558.953826 4636036.857737 1303219558.0
446538.787825 4636036.787008 1303219560.0
446517.801184 4636037.943867 1303219562.0
446496.303320 4636037.328092 1303219564.0
446473.481931 4636037.277496 1303219566.0
446449.499643 4636037.346734 1303219568.0
446425.350558 4636037.306275 1303219570.0
446402.778106 4636037.254033 1303219572.0
446381.613819 4636036.858161 1303219574.0
446355.964383 4636035.940964 1303219577.0
446333.961913 4636034.441211 1303219581.0
446313.372619 4636033.263975 1303219584.0
446295.780776 4636022.404280 1303219587.0
446287.672263 4636003.589727 1303219590.0
446289.894525 4635979.145596 1303219593.0
446291.824325 4635948.929931 1303219596.0
446292.646811 4635925.939795 1303219598.0
446293.457583 4635901.395279 1303219600.0
446294.760399 4635876.069821 1303219602.0
446295.397688 4635850.527314 1303219604.0
446296.381985 4635826.980795 1303219606.0
446296.915379 4635798.663237 1303219609.0
446298.328842 4635777.001054 1303219613.0
446300.812738 4635754.220467 1303219633.0
446301.776149 4635727.898274 1303219636.0
446302.115030 4635706.799362 1303219638.0
446302.439686 4635683.812990 1303219640.0
446302.674665 4635659.939027 1303219642.0
446303.152746 4635635.285998 1303219644.0
446303.464860 4635610.634222 1303219646.0
446303.778653 4635586.204500 1303219648.0
446304.104166 4635563.329160 1303219650.0
446304.614905 4635543.006192 1303219652.0
446305.352014 4635519.683617 1303219655.0
446291.375179 4635504.133270 1303219660.0
446271.209329 4635504.285339 1303219663.0
446243.148818 4635503.053601 1303219666.0
446221.983766 4635502.769216 1303219668.0
446200.567235 4635502.153693 1303219670.0
446179.652816 4635502.089607 1303219672.0
446158.652051 4635501.582102 1303219674.0
446136.493661 4635501.638579 1303219676.0
446113.340264 4635501.813685 1303219678.0
446090.844043 4635501.095625 1303219680.0
446058.880560 4635499.561049 1303219683.0
446029.648907 4635497.117651 1303219686.0
446004.657994 4635495.752563 1303219689.0
445982.905253 4635494.585074 1303219694.0
445962.148351 4635493.410097 1303219712.0
445937.243765 4635492.488724 1303219715.0
445916.823854 4635491.977523 1303219717.0
445894.828024 4635491.589382 1303219719.0
445871.837187 4635491.319904 1303219721.0
445848.600762 4635491.496501 1303219723.0
445825.448168 4635491.783569 1303219725.0
445803.035703 4635491.176813 1303219727.0
445781.448034 4635489.897649 1303219729.0
445760.939191 4635488.610336 1303219731.0
445734.126689 4635487.815233 1303219734.0
445712.217199 4635487.871133 1303219743.0
445688.654733 4635488.827971 1303219750.0
445666.898516 4635487.217337 1303219756.0
445645.228664 4635486.050246 1303219766.0
445622.266602 4635489.556495 1303219783.0
445596.042621 4635489.756721 1303219787.0
445570.323351 4635490.841456 1303219790.0
445542.111073 4635491.501208 1303219793.0
445513.477069 4635491.276028 1303219796.0
445485.257148 4635490.936760 1303219799.0
445455.532399 4635489.165689 1303219802.0
445434.618748 4635489.214818 1303219804.0
445413.871922 4635489.373763 1303219806.0
445393.372355 4635489.308806 1303219808.0
445372.623825 4635489.245817 1303219810.0
445351.707615 4635488.962108 1303219812.0
445330.375614 4635488.570617 1303219814.0
445308.625263 4635487.738267 1303219816.0
445286.790213 4635486.684567 1303219818.0
445265.211795 4635486.628264 1303219820.0
445243.298867 4635486.241498 1303219822.0
445220.717766 4635485.304768 1303219824.0
445197.725993 4635484.926437 1303219826.0
445174.481835 4635484.105988 1303219828.0
445151.322368 4635483.507031 1303219830.0
445129.076613 4635483.012144 1303219832.0
445107.579451 4635482.733626 1303219834.0
445086.414235 4635482.452613 1303219836.0
445065.080474 4635481.839862 1303219838.0
445044.405469 4635480.555890 1303219840.0
445014.685677 4635479.452820 1303219843.0
444986.799316 4635479.335019 1303219846.0
444959.491291 4635478.879756 1303219849.0
444935.417198 4635478.066499 1303219852.0
444914.166390 4635477.453558 1303219856.0
444891.256687 4635476.964547 1303219863.0
444870.006729 4635476.462765 1303219866.0
444843.528553 4635476.001525 1303219869.0
444815.725151 4635475.883751 1303219872.0
444788.916737 4635475.647339 1303219875.0
444766.424532 4635475.488595 1303219878.0
444744.275470 4635476.770701 1303219885.0
444721.047578 4635478.061246 1303219890.0
444699.887485 4635478.447545 1303219893.0
444675.474497 4635476.749525 1303219896.0
444649.073246 4635475.511173 1303219899.0
444628.979039 4635474.223893 1303219902.0
444604.737171 4635473.190988 1303219909.0
444579.832258 4635472.274358 1303219913.0
444556.588817 4635471.566951 1303219916.0
444532.029671 4635472.424339 1303219919.0
444507.973645 4635473.944096 1303219923.0
444484.747503 4635475.457467 1303219932.0
444463.331516 4635474.958191 1303219935.0
444438.586495 4635473.263571 1303219938.0
444412.439335 4635472.690316 1303219941.0
444390.234190 4635477.416012 1303219944.0
