444679.834900 4635471.830173 1303696290.0
444707.147298 4635472.839500 1303696294.0
444733.877911 4635473.742411 1303696297.0
444763.268422 4635475.179965 1303696300.0
444791.988996 4635475.845596 1303696303.0
444819.711993 4635476.297003 1303696306.0
444845.773514 4635476.539313 1303696309.0
444868.017606 4635476.811261 1303696313.0
444888.437688 4635477.319457 1303696319.0
444909.523383 4635478.044632 1303696322.0
444935.595188 4635479.619596 1303696325.0
444964.309712 4635479.508732 1303696328.0
444984.395252 4635479.686686 1303696330.0
445005.062560 4635479.971239 1303696332.0
445026.063528 4635480.475345 1303696334.0
445046.822382 4635481.869651 1303696336.0
445068.071446 4635482.260933 1303696338.0
445089.732021 4635482.204971 1303696340.0
445111.724544 4635482.146518 1303696342.0
445134.051582 4635482.418657 1303696344.0
445156.630143 4635483.022031 1303696346.0
445179.204427 4635483.070340 1303696348.0
445202.108951 4635482.894114 1303696350.0
445225.016889 4635483.162070 1303696352.0
445248.093360 4635483.761905 1303696354.0
445271.832018 4635484.134660 1303696356.0
445296.482681 4635484.389457 1303696358.0
445320.800540 4635484.535860 1303696360.0
445345.119247 4635484.793373 1303696362.0
445369.017054 4635484.276961 1303696364.0
445391.672607 4635484.103254 1303696366.0
445413.499136 4635484.047004 1303696368.0
445434.082554 4635484.222411 1303696370.0
445462.135683 4635484.451719 1303696373.0
445485.803223 4635486.380202 1303696377.0
445496.978153 4635504.282143 1303696382.0
445496.224148 4635525.051202 1303696385.0
445495.352598 4635552.150078 1303696388.0
445495.428470 4635572.912789 1303696390.0
445495.346017 4635594.676015 1303696392.0
445495.183978 4635616.883985 1303696394.0
445495.018544 4635638.647847 1303696396.0
445494.680345 4635659.524763 1303696398.0
445494.501323 4635679.512192 1303696400.0
445494.310683 4635708.826539 1303696403.0
445495.015035 4635735.802332 1303696406.0
445496.783735 4635760.882409 1303696409.0
445497.778385 4635782.415332 1303696413.0
445499.028778 4635804.834569 1303696420.0
445499.864248 4635827.256981 1303696423.0
445501.243486 4635855.671053 1303696426.0
445502.393039 4635875.759357 1303696428.0
445504.114386 4635905.503218 1303696431.0
445505.077840 4635933.809442 1303696434.0
445505.193632 4635959.790444 1303696437.0
445504.959661 4635983.442415 1303696440.0
445505.121061 4636004.537586 1303696444.0
445518.948857 4636022.197197 1303696458.0
445542.023542 4636022.797968 1303696462.0
445566.751903 4636022.608939 1303696465.0
445596.120420 4636021.496282 1303696468.0
445624.991904 4636020.498574 1303696471.0
445652.792265 4636020.508460 1303696474.0
445680.679839 4636021.072958 1303696477.0
445709.391294 4636020.854048 1303696480.0
445739.099367 4636020.738696 1303696483.0
445759.352669 4636021.361665 1303696485.0
445779.517914 4636021.319160 1303696487.0
445799.601867 4636021.499399 1303696489.0
445819.931383 4636021.233691 1303696491.0
445840.265965 4636021.634205 1303696493.0
445860.849487 4636022.032884 1303696495.0
445881.519361 4636022.875101 1303696497.0
445902.684586 4636023.380515 1303696499.0
445924.595793 4636023.769295 1303696501.0
445947.421472 4636024.373268 1303696503.0
445970.912679 4636025.194334 1303696505.0
445994.320898 4636026.016106 1303696507.0
446017.061055 4636026.287851 1303696509.0
446038.972241 4636026.676982 1303696511.0
446060.547295 4636026.513558 1303696513.0
446082.044411 4636027.016991 1303696515.0
446103.540682 4636027.409462 1303696517.0
446125.198713 4636027.245606 1303696519.0
446146.859263 4636027.414897 1303696521.0
446168.685772 4636027.583000 1303696523.0
446189.934767 4636028.199667 1303696525.0
446219.045149 4636025.870161 1303696528.0
446245.817836 4636021.670847 1303696531.0
446268.457413 4636019.612449 1303696534.0
446288.825535 4636013.463012 1303696538.0
446294.863267 4635988.768045 1303696542.0
446294.186225 4635965.011980 1303696545.0
446294.889735 4635937.248300 1303696548.0
446294.901664 4635916.818047 1303696550.0
446295.325996 4635896.051584 1303696552.0
446295.834989 4635875.506551 1303696554.0
446296.361674 4635846.300773 1303696557.0
446294.420631 4635820.000474 1303696560.0
446295.165189 4635797.677131 1303696564.0
