445795.320158 4635229.751559 1302148189.0
445770.838023 4635229.937872 1302148201.0
445748.761761 4635229.994916 1302148204.0
445723.856215 4635229.074280 1302148207.0
445696.464337 4635228.616816 1302148210.0
445668.162100 4635228.499502 1302148213.0
445639.918283 4635225.161880 1302148216.0
445619.007254 4635225.654569 1302148218.0
445598.845685 4635226.474696 1302148220.0
445570.956686 4635226.132544 1302148223.0
445545.814003 4635226.768812 1302148226.0
445522.585195 4635228.056735 1302148230.0
445504.940764 4635243.292247 1302148245.0
445503.985280 4635270.280717 1302148249.0
445502.763852 4635295.050552 1302148252.0
445501.968421 4635321.260566 1302148255.0
445501.258536 4635347.803027 1302148258.0
445500.878066 4635374.009869 1302148261.0
445500.148659 4635397.998709 1302148264.0
445499.729976 4635419.209333 1302148267.0
445500.735682 4635442.185598 1302148271.0
445499.758175 4635466.287372 1302148284.0
445499.204107 4635491.496245 1302148288.0
445498.223219 4635515.153913 1302148291.0
445497.189084 4635542.698167 1302148294.0
445495.913646 4635571.243572 1302148297.0
445495.569490 4635591.343295 1302148299.0
445495.309172 4635611.553412 1302148301.0
445494.883736 4635631.875826 1302148303.0
445494.374469 4635652.087848 1302148305.0
445493.616251 4635672.301776 1302148307.0
445493.445729 4635693.399478 1302148309.0
445492.934776 4635713.389448 1302148311.0
445492.976957 4635740.592375 1302148314.0
445494.413727 4635765.674992 1302148317.0
445497.650647 4635787.412825 1302148321.0
445499.152539 4635810.163239 1302148327.0
445500.220818 4635830.474230 1302148330.0
445501.058831 4635853.229725 1302148333.0
445502.402384 4635876.980656 1302148336.0
445504.911082 4635901.166808 1302148339.0
445506.094598 4635925.696202 1302148342.0
445506.369554 4635950.787716 1302148345.0
445506.049199 4635973.996213 1302148348.0
445505.874423 4635994.538788 1302148351.0
445505.957087 4636016.189730 1302148355.0
445529.081041 4636023.230038 1302148360.0
445556.140509 4636024.022449 1302148364.0
445579.632633 4636024.953252 1302148367.0
445603.454129 4636025.548515 1302148370.0
445627.522868 4636025.919904 1302148373.0
445651.094564 4636026.406200 1302148376.0
445675.412238 4636026.775850 1302148379.0
445700.063525 4636027.365108 1302148382.0
445723.634361 4636027.740616 1302148385.0
445747.701388 4636027.890356 1302148388.0
445771.190927 4636028.488709 1302148391.0
445794.260486 4636028.424133 1302148394.0
445816.504458 4636028.921081 1302148397.0
445838.494416 4636028.753828 1302148400.0
445864.386168 4636028.779053 1302148404.0
445886.299893 4636029.500796 1302148425.0
445910.538765 4636030.427016 1302148430.0
445931.618454 4636030.600064 1302148433.0
445955.604159 4636030.973191 1302148436.0
445981.165656 4636031.223413 1302148439.0
446007.808426 4636031.798631 1302148442.0
446033.702679 4636032.157553 1302148445.0
446059.511425 4636032.184115 1302148448.0
446085.902717 4636032.428429 1302148451.0
446111.879100 4636032.675980 1302148454.0
446139.928323 4636032.685883 1302148457.0
446166.569386 4636033.039640 1302148460.0
446191.709241 4636032.405536 1302148463.0
446214.507187 4636029.346468 1302148466.0
446234.978333 4636025.860903 1302148469.0
446263.899320 4636020.424071 1302148474.0
446284.611083 4636015.826499 1302148503.0
446294.507799 4635996.654104 1302148507.0
446295.097245 4635975.775360 1302148510.0
446295.754610 4635952.897502 1302148513.0
446296.321464 4635929.021026 1302148516.0
446297.387892 4635905.362851 1302148519.0
446298.782074 4635881.147039 1302148522.0
446300.250043 4635855.709304 1302148525.0
446300.782610 4635827.280718 1302148528.0
446300.253975 4635801.191836 1302148531.0
446299.511541 4635779.767974 1302148535.0
446300.735613 4635754.998282 1302148553.0
446302.024266 4635727.785370 1302148557.0
446302.088247 4635703.246493 1302148560.0
446302.218477 4635676.486449 1302148563.0
446302.514680 4635649.725156 1302148566.0
446302.402656 4635623.855208 1302148569.0
446302.743225 4635602.978354 1302148572.0
446303.804729 4635578.654030 1302148576.0
446304.648247 4635558.439588 1302148580.0
446304.412946 4635538.233277 1302148584.0
446303.756852 4635517.252906 1302148587.0
446303.739545 4635492.936718 1302148590.0
446303.963671 4635467.619409 1302148593.0
446304.430069 4635441.412009 1302148596.0
446304.395198 4635414.764255 1302148599.0
446304.613477 4635388.669760 1302148602.0
446305.091606 4635364.016742 1302148605.0
446305.501814 4635341.362838 1302148608.0
446305.641301 4635315.824108 1302148612.0
446306.310527 4635294.500654 1302148616.0
446307.071117 4635274.286847 1302148641.0
446307.552618 4635250.077942 1302148647.0
446309.130570 4635228.192476 1302148650.0
446311.346520 4635202.860168 1302148653.0
446312.310932 4635176.649027 1302148656.0
446312.608913 4635150.109809 1302148659.0
446313.245559 4635124.456308 1302148662.0
446313.571997 4635101.692011 1302148665.0
446311.918344 4635080.497104 1302148671.0
