446298.666424 4635282.344599 1302043134.0
446298.413540 4635259.806729 1302043143.0
446287.082669 4635243.015076 1302043150.0
446264.985534 4635240.294843 1302043154.0
446242.489349 4635239.687324 1302043157.0
446219.166610 4635239.530250 1302043160.0
446197.916945 4635239.135528 1302043163.0
446174.832266 4635237.533366 1302043167.0
446152.753528 4635237.256077 1302043172.0
446126.532834 4635238.009477 1302043177.0
446103.964552 4635238.846374 1302043180.0
446076.980148 4635237.385066 1302043183.0
446048.256301 4635236.381165 1302043186.0
446017.874322 4635235.612012 1302043189.0
445994.386413 4635235.567957 1302043191.0
445968.570567 4635234.986468 1302043193.0
445944.988712 4635233.499854 1302043195.0
445917.839107 4635232.151434 1302043198.0
445896.306690 4635227.318419 1302043202.0
445873.108531 4635221.720889 1302043218.0
445852.023913 4635221.214910 1302043221.0
445824.881837 4635220.866088 1302043224.0
445796.745561 4635220.747000 1302043227.0
445768.609282 4635220.628023 1302043230.0
445740.471309 4635220.287103 1302043233.0
445709.668332 4635218.745233 1302043236.0
445687.084779 4635217.584964 1302043238.0
445663.092073 4635216.657580 1302043240.0
445643.077819 4635215.033721 1302043242.0
445618.335639 4635213.779105 1302043246.0
445596.095035 4635214.059942 1302043250.0
445567.046665 4635214.059759 1302043253.0
445543.063260 4635214.354078 1302043255.0
445515.172510 4635213.790090 1302043257.0
445485.299326 4635214.462750 1302043259.0
445453.102412 4635215.153326 1302043261.0
445420.232221 4635214.627837 1302043263.0
445387.857413 4635213.765600 1302043265.0
445355.233622 4635212.905421 1302043267.0
445323.194163 4635212.485040 1302043269.0
445288.599897 4635214.416129 1302043271.0
445254.908304 4635215.008047 1302043273.0
445221.302265 4635215.932566 1302043275.0
445189.515190 4635215.954981 1302043277.0
445158.975534 4635216.301036 1302043279.0
445129.017668 4635216.753775 1302043281.0
445098.884411 4635215.986621 1302043283.0
445069.166098 4635215.216395 1302043285.0
445039.700174 4635214.888480 1302043287.0
445010.893885 4635214.000427 1302043289.0
444982.168862 4635212.889795 1302043291.0
444951.872155 4635212.457626 1302043293.0
444920.577837 4635211.811230 1302043295.0
444888.783851 4635210.946770 1302043297.0
444855.995685 4635210.312213 1302043299.0
444822.548745 4635210.349113 1302043301.0
444789.518477 4635210.605008 1302043303.0
444757.810893 4635210.184597 1302043305.0
444727.020507 4635210.312380 1302043307.0
444695.815167 4635210.443517 1302043309.0
444665.025640 4635210.682595 1302043311.0
444634.485949 4635211.030898 1302043313.0
444605.360552 4635211.812471 1302043315.0
444577.730718 4635212.804596 1302043317.0
444551.510002 4635213.563793 1302043319.0
444528.359077 4635214.188150 1302043321.0
444504.038504 4635213.822388 1302043324.0
444485.366544 4635224.738145 1302043330.0
444483.715522 4635247.179850 1302043334.0
444484.826540 4635272.597947 1302043337.0
444485.488863 4635293.689221 1302043339.0
444485.669685 4635316.893891 1302043341.0
444485.854834 4635340.653697 1302043343.0
444485.371747 4635363.863542 1302043345.0
444484.632777 4635386.187111 1302043347.0
444484.128070 4635406.621279 1302043349.0
444483.989930 4635431.493947 1302043352.0
444484.400693 4635452.254085 1302043356.0
444471.444393 4635472.341168 1302043374.0
444450.356882 4635471.395235 1302043377.0
444427.611344 4635470.684366 1302043380.0
444397.231804 4635470.144185 1302043383.0
444376.400171 4635470.084745 1302043385.0
444347.204132 4635472.311385 1302043388.0
444323.900228 4635474.492092 1302043391.0
444301.696011 4635479.329092 1302043395.0
444281.409218 4635485.261503 1302043412.0
444258.423838 4635496.322651 1302043421.0
444237.020053 4635497.378437 1302043423.0
444213.863105 4635497.115608 1302043425.0
444191.366575 4635496.403544 1302043427.0
444167.204199 4635494.927370 1302043430.0
444147.325530 4635499.968695 1302043434.0
444139.292617 4635523.348822 1302043438.0
444136.845124 4635549.905142 1302043441.0
444135.027585 4635572.126198 1302043443.0
444132.964583 4635594.793316 1302043445.0
444130.822964 4635618.016223 1302043447.0
444128.513648 4635641.018378 1302043449.0
444127.268355 4635662.124611 1302043451.0
444125.169454 4635690.787856 1302043454.0
444121.863497 4635713.686801 1302043457.0
444100.973100 4635716.626558 1302043460.0
