446683.854042 4636968.825115 1303772087.0
446685.840659 4636990.350754 1303772096.0
446690.720388 4637010.411296 1303772100.0
446715.580597 4637017.220327 1303772104.0
446740.332042 4637020.588216 1303772108.0
446758.425114 4637010.126780 1303772119.0
446775.165827 4636996.344493 1303772137.0
446793.356085 4636987.769992 1303772147.0
446812.052498 4636980.302092 1303772152.0
446811.073513 4636960.323367 1303772178.0
446809.317933 4636936.353236 1303772197.0
446805.668121 4636914.284828 1303772200.0
446794.648819 4636894.270087 1303772204.0
446774.909220 4636884.313559 1303772209.0
446752.713646 4636878.816792 1303772212.0
446728.668584 4636870.113958 1303772215.0
446700.412710 4636864.218560 1303772218.0
446677.800493 4636858.503076 1303772222.0
446655.680244 4636852.006744 1303772233.0
446634.515907 4636851.277060 1303772236.0
446608.482065 4636854.025991 1303772239.0
446582.269805 4636855.110853 1303772242.0
446561.263910 4636853.380896 1303772247.0
446555.605308 4636829.107009 1303772274.0
446554.823674 4636802.353781 1303772277.0
446553.918593 4636781.264194 1303772279.0
446552.499841 4636758.068825 1303772281.0
446552.061753 4636732.867492 1303772283.0
446553.688821 4636706.429291 1303772285.0
446555.722439 4636678.877704 1303772287.0
446556.835865 4636650.333723 1303772289.0
446558.108585 4636620.900280 1303772291.0
446558.792999 4636590.471952 1303772293.0
446559.552898 4636559.043757 1303772295.0
446560.064715 4636527.728459 1303772297.0
446560.729161 4636494.635481 1303772299.0
446561.395283 4636461.764560 1303772301.0
446562.062247 4636429.004667 1303772303.0
446563.150770 4636397.129881 1303772305.0
446563.821921 4636364.925128 1303772307.0
446565.069759 4636332.160883 1303772309.0
446566.237133 4636299.730344 1303772311.0
446564.996489 4636267.095807 1303772313.0
446564.335022 4636234.234859 1303772315.0
446563.999636 4636200.594232 1303772317.0
446564.489879 4636166.392245 1303772319.0
446564.493914 4636133.748376 1303772321.0
446564.872356 4636106.764405 1303772323.0
446564.961364 4636085.445314 1303772325.0
446565.798864 4636064.342675 1303772328.0
446565.645599 4636043.913671 1303772338.0
446553.076019 4636027.686065 1303772342.0
446531.503483 4636028.181079 1303772345.0
446506.697195 4636029.033545 1303772348.0
446477.236473 4636028.921771 1303772351.0
446454.165278 4636028.762080 1303772353.0
446429.353151 4636028.837624 1303772355.0
446404.872948 4636028.910758 1303772357.0
446381.720437 4636028.973980 1303772359.0
446354.837967 4636029.620538 1303772362.0
446333.930961 4636030.333205 1303772366.0
446308.870728 4636030.522072 1303772381.0
446286.561425 4636032.355784 1303772384.0
446257.795541 4636036.347918 1303772387.0
446235.160210 4636038.961486 1303772389.0
446210.868633 4636042.031769 1303772391.0
446187.157940 4636045.097746 1303772393.0
446162.595639 4636045.283366 1303772395.0
446137.361935 4636044.474847 1303772397.0
446112.214565 4636044.109899 1303772399.0
446086.735268 4636043.747551 1303772401.0
446060.095917 4636043.616147 1303772403.0
446032.373607 4636042.937881 1303772405.0
446003.406578 4636042.269159 1303772407.0
445973.440403 4636041.163998 1303772409.0
445943.146507 4636040.616619 1303772411.0
445913.017722 4636039.957082 1303772413.0
445882.972754 4636039.408068 1303772415.0
445852.182639 4636039.086913 1303772417.0
445821.725288 4636038.874394 1303772419.0
445791.929244 4636038.323871 1303772421.0
445762.380445 4636037.549522 1303772423.0
445733.498023 4636037.103319 1303772425.0
445707.020349 4636036.416835 1303772427.0
445682.618883 4636035.936682 1303772429.0
445659.214879 4636035.671070 1303772431.0
445636.970062 4636035.063587 1303772433.0
445615.970801 4636034.557695 1303772435.0
445586.757272 4636034.225649 1303772438.0
445561.030635 4636034.089138 1303772441.0
445540.032211 4636033.694498 1303772444.0
445519.369105 4636033.741489 1303772473.0
445494.311406 4636034.266304 1303772480.0
445470.992060 4636034.222730 1303772483.0
445441.696381 4636034.002942 1303772486.0
445418.874065 4636033.844697 1303772488.0
445394.059353 4636033.590767 1303772490.0
445367.250538 4636033.019117 1303772492.0
445338.867636 4636032.792750 1303772494.0
445309.323848 4636032.686443 1303772496.0
445280.191550 4636032.132963 1303772498.0
445252.055871 4636031.682974 1303772500.0
445224.664454 4636030.894272 1303772502.0
445197.441554 4636030.437479 1303772504.0
445171.132295 4636030.084791 1303772506.0
445146.977973 4636029.382502 1303772508.0
445125.564587 4636028.992278 1303772510.0
445102.991173 4636028.833128 1303772513.0
445079.172186 4636028.572619 1303772529.0
445057.261759 4636028.297468 1303772532.0
445028.629863 4636028.074257 1303772535.0
445006.304526 4636027.802464 1303772537.0
444981.905515 4636027.657793 1303772539.0
444955.766474 4636027.859754 1303772541.0
444928.134631 4636028.184388 1303772543.0
444898.597660 4636028.968002 1303772545.0
444867.649156 4636029.651632 1303772547.0
444835.373818 4636030.456706 1303772549.0
444803.432130 4636031.481409 1303772551.0
444772.810397 4636031.496715 1303772553.0
444743.762718 4636031.166839 1303772555.0
444715.624380 4636030.385887 1303772557.0
444689.477579 4636029.589581 1303772559.0
444665.325768 4636029.222006 1303772561.0
444641.923371 4636029.181791 1303772563.0
444618.275483 4636029.587697 1303772565.0
444593.381153 4636029.781310 1303772567.0
444568.310490 4636028.643975 1303772569.0
444542.410872 4636027.624216 1303772571.0
444517.421442 4636026.264359 1303772573.0
444495.507496 4636025.546826 1303772575.0
444472.168150 4636022.952895 1303772578.0
444464.962386 4636003.467092 1303772582.0
444467.213896 4635983.574451 1303772586.0
444467.599133 4635958.477765 1303772589.0
444467.276488 4635938.383129 1303772591.0
444466.416995 4635913.296149 1303772594.0
444467.495532 4635891.969216 1303772601.0
444476.799778 4635871.910566 1303772604.0
444488.502802 4635850.833930 1303772607.0
444490.380105 4635825.503556 1303772610.0
444487.843708 4635798.208968 1303772613.0
444484.036660 4635778.252527 1303772617.0
444482.369011 4635755.947700 1303772621.0
444482.762123 4635731.850269 1303772624.0
444483.684213 4635701.086680 1303772627.0
444484.421392 4635678.541046 1303772629.0
444485.474078 4635653.883308 1303772631.0
444486.272625 4635628.561349 1303772633.0
444485.998418 4635604.024988 1303772635.0
444485.395727 4635579.935324 1303772637.0
444485.551161 4635557.283194 1303772639.0
444485.719577 4635536.296472 1303772641.0
444485.949352 4635512.533425 1303772644.0
444474.593777 4635493.079959 1303772650.0
444447.940979 4635491.511212 1303772654.0
444422.799264 4635492.151453 1303772657.0
444399.558463 4635491.777640 1303772660.0
