444377.817264 4635481.510175 1304030444.0
444355.441588 4635475.022884 1304030467.0
444331.961305 4635475.872535 1304030470.0
444309.412117 4635479.046698 1304030473.0
444288.432764 4635481.320383 1304030479.0
444278.945163 4635499.160021 1304030486.0
444274.730093 4635522.621159 1304030490.0
444269.973233 4635551.083068 1304030493.0
444265.486682 4635571.659455 1304030495.0
444262.804550 4635600.105140 1304030498.0
444266.505401 4635627.612612 1304030501.0
444268.820258 4635647.691652 1304030503.0
444270.853542 4635674.212869 1304030506.0
444277.807721 4635693.256313 1304030514.0
444285.177656 4635712.407546 1304030524.0
444292.151733 4635734.004630 1304030529.0
444318.456978 4635733.687919 1304030533.0
444349.909002 4635733.553162 1304030536.0
444372.985652 4635734.261182 1304030538.0
444396.234332 4635735.745173 1304030540.0
444420.725170 4635736.886444 1304030542.0
444443.885649 4635737.705074 1304030544.0
444469.547774 4635740.058752 1304030547.0
444490.571402 4635743.559007 1304030554.0
444513.072296 4635744.938171 1304030557.0
444533.486466 4635744.779180 1304030559.0
444557.877839 4635743.812052 1304030561.0
444582.939139 4635743.617033 1304030563.0
444606.349385 4635744.545281 1304030565.0
444628.258136 4635744.485973 1304030567.0
444657.476416 4635745.258208 1304030570.0
444680.736194 4635748.186480 1304030573.0
444696.959292 4635764.049387 1304030577.0
444696.727118 4635787.590376 1304030580.0
444695.288124 4635816.026227 1304030583.0
444695.298878 4635838.788094 1304030585.0
444694.985460 4635862.551785 1304030587.0
444694.662564 4635885.094176 1304030589.0
444693.519329 4635908.864312 1304030592.0
444691.871313 4635931.750097 1304030596.0
444691.528606 4635951.738865 1304030600.0
444692.535163 4635974.493004 1304030605.0
444688.666502 4635999.949817 1304030610.0
444691.502101 4636023.133891 1304030614.0
444715.791204 4636030.495626 1304030618.0
444736.293561 4636031.113755 1304030620.0
444760.451385 4636032.258760 1304030622.0
444787.514398 4636033.492360 1304030624.0
444817.391872 4636033.815985 1304030626.0
444849.084608 4636032.793273 1304030628.0
444881.273518 4636031.544794 1304030630.0
444912.467522 4636030.415189 1304030632.0
444942.583639 4636029.405087 1304030634.0
444971.457619 4636028.737811 1304030636.0
444996.932808 4636028.541034 1304030638.0
445028.224384 4636029.298758 1304030641.0
445057.277176 4636030.295958 1304030644.0
445079.599933 4636030.234829 1304030646.0
445104.081907 4636030.379195 1304030648.0
445129.478382 4636030.738667 1304030650.0
445154.459092 4636030.990398 1304030652.0
445178.521880 4636030.583078 1304030654.0
445202.332309 4636029.733647 1304030656.0
445226.564479 4636029.769322 1304030658.0
445250.463869 4636029.696603 1304030660.0
445273.115131 4636029.189420 1304030662.0
445295.181264 4636028.131634 1304030664.0
445316.831644 4636026.966075 1304030666.0
445337.570091 4636025.918614 1304030668.0
445357.824285 4636026.651469 1304030670.0
445385.467191 4636027.771857 1304030673.0
445412.199849 4636029.232429 1304030676.0
445441.337242 4636030.452613 1304030679.0
445462.755692 4636031.509949 1304030681.0
445484.000523 4636031.569374 1304030683.0
445505.491748 4636031.293877 1304030685.0
445526.410598 4636032.133159 1304030687.0
445555.876481 4636032.907164 1304030690.0
445576.380413 4636033.749764 1304030692.0
445596.799662 4636034.371003 1304030694.0
445617.966582 4636035.097625 1304030696.0
445639.217326 4636035.934704 1304030698.0
445661.384241 4636037.208991 1304030700.0
445683.548608 4636038.150266 1304030702.0
445705.797640 4636039.313031 1304030704.0
445729.198245 4636039.134687 1304030706.0
445752.928236 4636038.620810 1304030708.0
445776.576938 4636038.329698 1304030710.0
445799.814116 4636038.485931 1304030712.0
445823.633003 4636038.748849 1304030714.0
445847.785498 4636039.231377 1304030716.0
445871.020980 4636039.165788 1304030718.0
445893.259005 4636038.885785 1304030720.0
445915.497030 4636038.605851 1304030722.0
445939.321804 4636039.646346 1304030724.0
445963.979748 4636041.124734 1304030726.0
445987.642752 4636042.721786 1304030728.0
446009.059372 4636043.558709 1304030730.0
446038.363365 4636044.891103 1304030733.0
446058.538622 4636046.181714 1304030735.0
446079.368471 4636046.246057 1304030737.0
446101.190726 4636045.858817 1304030739.0
446123.587129 4636044.579032 1304030741.0
446146.152019 4636043.631144 1304030743.0
446167.979318 4636043.910271 1304030745.0
446195.860854 4636043.699594 1304030748.0
446218.336903 4636041.975372 1304030751.0
446242.199333 4636037.020784 1304030755.0
446264.174177 4636034.856355 1304030760.0
446285.473463 4636031.142620 1304030780.0
446294.847995 4636008.754192 1304030784.0
446295.059470 4635981.771454 1304030787.0
446295.891168 4635960.002617 1304030789.0
446297.191466 4635934.344074 1304030791.0
446298.063470 4635906.912226 1304030793.0
446298.857523 4635880.147169 1304030795.0
446299.168754 4635855.384355 1304030797.0
446299.666882 4635833.395971 1304030799.0
446299.480221 4635808.636913 1304030802.0
