445931.037019 4635505.748819 1302476574.0
445910.327718 4635499.910225 1302476582.0
445884.990498 4635496.660615 1302476585.0
445863.396959 4635494.604013 1302476587.0
445840.053077 4635491.561482 1302476589.0
445816.550800 4635489.519533 1302476591.0
445794.967354 4635488.795464 1302476593.0
445774.543189 4635487.729535 1302476595.0
445747.736604 4635487.711570 1302476598.0
445725.086150 4635488.550308 1302476604.0
445701.498298 4635486.176290 1302476609.0
445676.341289 4635484.813617 1302476612.0
445650.122375 4635485.679807 1302476615.0
445626.056899 4635485.974488 1302476618.0
445605.221146 4635485.356320 1302476621.0
445582.309857 4635484.643033 1302476625.0
445556.824258 4635483.727427 1302476630.0
445533.339685 4635484.017981 1302476634.0
445511.696970 4635486.404164 1302476638.0
445491.379516 4635488.447171 1302476647.0
445470.785066 4635486.828246 1302476655.0
445442.399147 4635486.490419 1302476658.0
445418.581782 4635486.672867 1302476660.0
445392.682924 4635485.983081 1302476662.0
445365.459667 4635485.747681 1302476664.0
445339.070540 4635486.061153 1302476666.0
445314.255617 4635486.029538 1302476668.0
445290.680386 4635485.322285 1302476670.0
445267.265153 4635483.836645 1302476672.0
445243.191983 4635483.133376 1302476674.0
445218.460031 4635483.101456 1302476676.0
445193.807648 4635482.624874 1302476678.0
445169.654039 4635482.255573 1302476680.0
445146.492000 4635481.323549 1302476682.0
445124.573055 4635480.159957 1302476684.0
445104.235997 4635479.650445 1302476686.0
445075.600189 4635479.204970 1302476689.0
445048.627551 4635479.190915 1302476692.0
445025.397915 4635480.258414 1302476696.0
445005.213964 4635478.082496 1302476702.0
444979.386848 4635475.950219 1302476707.0
444954.820829 4635475.917932 1302476711.0
444932.499762 4635476.423544 1302476715.0
444911.681058 4635478.027946 1302476726.0
444891.454115 4635470.300993 1302476737.0
444864.361492 4635465.514110 1302476741.0
444833.565337 4635464.753226 1302476744.0
444811.573608 4635464.923565 1302476746.0
444791.072214 4635464.638286 1302476748.0
444765.422139 4635463.948850 1302476751.0
444744.681249 4635464.886933 1302476755.0
444723.468282 4635469.159756 1302476762.0
444697.417927 4635470.361246 1302476766.0
444666.454925 4635469.491345 1302476769.0
444643.703375 4635468.002597 1302476771.0
444621.282039 4635466.289286 1302476773.0
444598.367082 4635465.135053 1302476775.0
444575.619819 4635464.201658 1302476777.0
444554.541809 4635464.476715 1302476779.0
444528.749927 4635466.898183 1302476782.0
444506.198039 4635469.738640 1302476795.0
444484.460470 4635470.574212 1302476801.0
444463.362569 4635468.295915 1302476804.0
444436.799590 4635467.614778 1302476807.0
444415.309249 4635468.226565 1302476809.0
444391.565243 4635467.190500 1302476811.0
444367.824697 4635466.598623 1302476813.0
444345.332431 4635466.441209 1302476815.0
444318.704663 4635468.092731 1302476818.0
444296.148510 4635470.378718 1302476837.0
444271.668415 4635481.340476 1302476847.0
444250.848972 4635482.835784 1302476849.0
444226.204288 4635483.361794 1302476851.0
444203.297126 4635483.208077 1302476853.0
444182.220907 4635483.706291 1302476855.0
444160.160154 4635485.655726 1302476858.0
444140.068475 4635484.702906 1302476862.0
444114.154598 4635482.130305 1302476865.0
444090.827258 4635481.314041 1302476867.0
444063.269288 4635480.753141 1302476869.0
444034.219281 4635480.426137 1302476871.0
444004.334157 4635479.439611 1302476873.0
443977.443561 4635479.317932 1302476875.0
443950.475217 4635479.863171 1302476878.0
443928.736839 4635480.589413 1302476889.0
443902.484787 4635477.243004 1302476893.0
443881.891613 4635475.850723 1302476895.0
443857.571860 4635475.487177 1302476897.0
443829.597145 4635474.708396 1302476899.0
443800.461470 4635474.049917 1302476901.0
443770.826985 4635473.284461 1302476903.0
443741.111258 4635472.741837 1302476905.0
443711.316046 4635472.644102 1302476907.0
443682.101744 4635472.541899 1302476909.0
443653.965401 4635472.320255 1302476911.0
443627.153344 4635471.644106 1302476913.0
443601.338011 4635471.071201 1302476915.0
443578.099689 4635471.033149 1302476917.0
443551.374122 4635470.800737 1302476920.0
443530.453292 4635469.967237 1302476924.0
443506.530809 4635467.381056 1302476943.0
443484.693572 4635466.110822 1302476946.0
443462.692994 4635465.175053 1302476948.0
443435.959459 4635463.943828 1302476950.0
443407.405472 4635463.393371 1302476952.0
443379.600134 4635463.059146 1302476954.0
443352.956622 4635462.715791 1302476956.0
443329.468410 4635462.569502 1302476958.0
443303.082691 4635463.334625 1302476961.0
443282.603255 4635465.829366 1302476967.0
