443908.079863 4635471.092073 1303677423.0
443885.335114 4635470.493962 1303677448.0
443865.156854 4635469.098461 1303677451.0
443838.008491 4635467.868999 1303677454.0
443816.759253 4635467.481384 1303677456.0
443793.601293 4635467.108893 1303677458.0
443768.704968 4635467.305369 1303677460.0
443742.230122 4635467.292330 1303677462.0
443715.421569 4635467.059958 1303677464.0
443688.281939 4635466.941337 1303677466.0
443661.973062 4635466.927284 1303677468.0
443636.244219 4635466.797705 1303677470.0
443611.510348 4635466.549308 1303677472.0
443588.270253 4635466.289169 1303677474.0
443559.801925 4635466.070525 1303677477.0
443535.902322 4635466.370952 1303677481.0
443510.679317 4635467.237124 1303677507.0
443471.923143 4635467.433522 1303677512.0
443451.672361 4635467.372176 1303677514.0
443429.509332 4635466.881936 1303677516.0
443406.430787 4635466.065935 1303677518.0
443383.354000 4635465.472064 1303677520.0
443361.024099 4635464.872328 1303677522.0
443339.770385 4635463.931001 1303677524.0
443310.737010 4635465.716462 1303677527.0
443289.246700 4635466.331647 1303677531.0
443265.082213 4635464.636475 1303677560.0
443238.097896 4635463.185921 1303677564.0
443217.424184 4635462.129303 1303677567.0
443193.435376 4635461.654350 1303677571.0
443172.265495 4635460.823887 1303677576.0
443149.272532 4635460.341138 1303677581.0
443128.521125 4635459.951603 1303677584.0
443104.209214 4635460.589872 1303677588.0
443081.977327 4635461.877811 1303677599.0
443065.312269 4635474.335789 1303677606.0
443065.472881 4635494.431712 1303677609.0
443067.007433 4635520.290439 1303677612.0
443067.002493 4635550.824911 1303677615.0
443066.597283 4635572.812942 1303677617.0
443066.031430 4635595.468464 1303677619.0
443065.798413 4635618.232361 1303677621.0
443065.488626 4635641.774113 1303677623.0
443065.682080 4635665.978049 1303677625.0
443064.461237 4635689.749153 1303677627.0
443063.909608 4635714.181115 1303677629.0
443063.273226 4635738.391687 1303677631.0
443062.639512 4635762.935342 1303677633.0
443062.418063 4635787.142599 1303677635.0
443061.858470 4635810.575320 1303677637.0
443061.291782 4635833.119824 1303677639.0
443060.974050 4635855.662338 1303677641.0
443060.908821 4635878.646973 1303677643.0
443061.261171 4635901.961373 1303677645.0
443061.522550 4635924.277192 1303677647.0
443060.944343 4635945.378345 1303677649.0
443060.589798 4635973.694946 1303677652.0
443062.110109 4635997.777254 1303677656.0
443081.822010 4636003.282456 1303677661.0
443108.370796 4636002.404141 1303677665.0
443130.533086 4636003.004393 1303677668.0
443151.616611 4636003.613324 1303677671.0
443177.756692 4636003.515770 1303677675.0
443202.904535 4636003.870361 1303677679.0
443225.068578 4636004.692962 1303677683.0
443245.904024 4636005.415184 1303677689.0
443271.880784 4636005.652379 1303677694.0
443296.121999 4636006.791761 1303677697.0
443325.674021 4636007.888964 1303677700.0
443346.918169 4636007.830989 1303677702.0
443367.745643 4636007.554321 1303677704.0
443387.828048 4636007.505706 1303677706.0
443416.043522 4636007.503564 1303677709.0
443437.705220 4636007.775645 1303677712.0
443461.937578 4636007.805318 1303677718.0
443489.656918 4636008.029474 1303677722.0
443517.957125 4636008.249133 1303677725.0
443539.454608 4636008.744894 1303677727.0
443561.946985 4636009.121803 1303677729.0
443585.184432 4636009.270812 1303677731.0
443608.920645 4636009.526983 1303677733.0
443632.990538 4636010.002660 1303677735.0
443657.643052 4636010.695878 1303677737.0
443682.626608 4636011.275530 1303677739.0
443707.443318 4636011.745554 1303677741.0
443731.429333 4636012.111192 1303677743.0
443754.583775 4636012.261410 1303677745.0
443776.823667 4636012.196853 1303677747.0
443797.821466 4636012.475270 1303677749.0
443823.789388 4636011.604205 1303677752.0
443843.944240 4636010.223893 1303677757.0
443860.181314 4635996.105589 1303677763.0
443862.497496 4635974.102569 1303677766.0
443863.525211 4635946.557999 1303677769.0
443864.272633 4635925.566653 1303677771.0
443864.591148 4635902.802143 1303677773.0
443865.486172 4635879.477919 1303677775.0
443866.382953 4635856.375750 1303677777.0
443867.526943 4635833.049567 1303677779.0
443868.754802 4635809.833757 1303677781.0
443869.990544 4635787.617194 1303677783.0
443871.653465 4635766.951744 1303677785.0
443872.887478 4635744.513128 1303677788.0
443884.678933 4635724.323052 1303677793.0
443911.062836 4635723.449047 1303677797.0
443934.884702 4635723.927714 1303677800.0
443959.205345 4635724.513571 1303677804.0
443982.879568 4635727.325275 1303677820.0
444003.476356 4635729.272977 1303677823.0
444026.143385 4635730.649300 1303677826.0
444048.219047 4635730.697931 1303677829.0
444071.123682 4635730.629087 1303677833.0
444096.673368 4635729.207149 1303677839.0
444119.828701 4635729.358563 1303677842.0
444148.058284 4635731.024740 1303677845.0
444177.274096 4635731.461925 1303677848.0
444204.580386 4635731.803153 1303677851.0
444229.647825 4635732.384082 1303677854.0
444254.130892 4635732.525537 1303677858.0
444276.374240 4635732.795630 1303677863.0
444297.530971 4635732.074984 1303677866.0
444322.253440 4635730.993427 1303677869.0
444346.076097 4635731.584496 1303677872.0
444367.815462 4635731.081575 1303677875.0
444388.472562 4635730.143033 1303677879.0
444412.215693 4635731.179080 1303677899.0
444435.416897 4635737.215961 1303677903.0
444456.915950 4635737.825525 1303677907.0
444472.166822 4635724.715650 1303677913.0
444472.221040 4635699.732589 1303677917.0
444473.111170 4635675.520251 1303677920.0
444474.207859 4635645.865642 1303677923.0
444474.784238 4635623.987464 1303677925.0
444476.276066 4635602.435254 1303677927.0
444476.778127 4635581.667997 1303677929.0
444477.382127 4635552.683436 1303677932.0
444476.169074 4635524.823379 1303677935.0
444475.565484 4635500.622691 1303677938.0
444478.048008 4635478.396561 1303677945.0
444497.652043 4635470.027286 1303677949.0
444519.973122 4635469.520311 1303677952.0
444548.616821 4635470.962798 1303677955.0
444569.697404 4635471.020804 1303677957.0
444590.612010 4635471.080164 1303677959.0
444612.110117 4635471.468150 1303677961.0
444634.105284 4635471.741304 1303677963.0
444656.514524 4635471.900275 1303677965.0
444679.419962 4635471.833396 1303677967.0
444702.246721 4635472.322370 1303677969.0
444724.821929 4635472.480267 1303677971.0
444746.821388 4635473.308905 1303677973.0
444768.073953 4635474.143401 1303677975.0
444789.074107 4635474.535781 1303677977.0
444818.205317 4635474.643166 1303677980.0
444844.682641 4635474.993285 1303677983.0
444868.755901 4635475.695209 1303677987.0
444892.825719 4635475.953106 1303677994.0
444913.658163 4635476.125083 1303677997.0
444938.560425 4635476.709798 1303678000.0
444964.210427 4635477.399857 1303678003.0
444990.771569 4635477.860905 1303678006.0
445016.172596 4635478.553073 1303678009.0
445050.532837 4635478.732084 1303678013.0
445077.423346 4635478.857812 1303678016.0
445103.821916 4635479.764670 1303678019.0
445131.218037 4635480.886009 1303678022.0
445161.595712 4635481.207264 1303678025.0
445182.593241 4635481.267723 1303678027.0
445204.504483 4635481.432249 1303678029.0
445227.081330 4635481.813792 1303678031.0
445249.990977 4635482.303882 1303678033.0
445272.990430 4635483.681626 1303678035.0
445296.808663 4635483.609718 1303678037.0
445321.785310 4635483.084863 1303678039.0
445347.845905 4635483.217983 1303678041.0
445373.407723 4635483.243988 1303678043.0
445398.224354 4635483.497864 1303678045.0
445421.881710 4635484.093810 1303678047.0
445443.878464 4635484.591517 1303678049.0
445467.792422 4635486.184953 1303678052.0
