446830.733331 4636559.567656 1302730762.0
446807.995823 4636548.301009 1302730769.0
446787.754116 4636549.007399 1302730771.0
446766.275260 4636550.722397 1302730773.0
446738.590743 4636554.815573 1302730776.0
446716.383418 4636558.978907 1302730779.0
446690.833028 4636559.947364 1302730798.0
446667.995863 4636557.564587 1302730801.0
446645.511377 4636557.955079 1302730803.0
446619.471463 4636560.037795 1302730805.0
446593.352751 4636562.676365 1302730807.0
446566.887163 4636563.319030 1302730809.0
446538.177095 4636563.423476 1302730811.0
446508.304546 4636563.425735 1302730813.0
446478.435333 4636563.872230 1302730815.0
446450.056326 4636563.863509 1302730817.0
446424.421328 4636564.611491 1302730819.0
446402.764105 4636564.663426 1302730821.0
446373.637487 4636564.549603 1302730824.0
446346.414266 4636563.755356 1302730827.0
446320.356867 4636563.507593 1302730830.0
446297.954537 4636563.787530 1302730833.0
446276.216006 4636564.062529 1302730836.0
446253.814515 4636564.453632 1302730839.0
446233.065814 4636563.944057 1302730842.0
446205.678293 4636563.373656 1302730846.0
446178.873267 4636563.021025 1302730849.0
446150.731407 4636561.457234 1302730852.0
446117.871732 4636561.483719 1302730856.0
446096.382115 4636561.757384 1302730864.0
446068.423833 4636562.524235 1302730868.0
446048.255927 4636562.010799 1302730870.0
446021.617669 4636561.768530 1302730873.0
445996.970802 4636561.511259 1302730881.0
445974.896149 4636561.234558 1302730884.0
445953.071260 4636561.067064 1302730887.0
445932.490991 4636560.890187 1302730896.0
445905.516602 4636560.095736 1302730900.0
445876.143531 4636560.318920 1302730903.0
445846.687485 4636560.542856 1302730906.0
445825.365500 4636561.038132 1302730908.0
445803.212925 4636561.428758 1302730910.0
445781.800362 4636560.925550 1302730912.0
445760.717157 4636560.086796 1302730914.0
445730.836078 4636558.982043 1302730917.0
445705.440707 4636558.509417 1302730920.0
445682.791123 4636559.015242 1302730926.0
445662.543574 4636558.947640 1302730929.0
445631.339956 4636558.519599 1302730932.0
445606.362838 4636558.488268 1302730934.0
445578.645002 4636558.144868 1302730936.0
445548.188993 4636557.822511 1302730938.0
445515.988807 4636557.291562 1302730940.0
445485.451512 4636557.192163 1302730942.0
445457.824285 4636557.847844 1302730944.0
445430.435778 4636557.169396 1302730946.0
445401.803491 4636556.611623 1302730948.0
445373.090778 4636556.387683 1302730950.0
445345.961401 4636557.039978 1302730952.0
445321.901244 4636557.557777 1302730954.0
445294.683781 4636557.544741 1302730957.0
445273.104341 4636556.933309 1302730963.0
445247.792733 4636556.572704 1302730967.0
445225.557170 4636556.965765 1302730970.0
445203.146261 4636556.138873 1302730974.0
445181.067245 4636555.309496 1302730981.0
445158.492083 4636554.706076 1302730986.0
445136.248816 4636554.100170 1302730990.0
445115.415262 4636553.372435 1302730994.0
445090.356830 4636553.565608 1302730999.0
445068.282069 4636553.291717 1302731003.0
445043.546965 4636552.372221 1302731008.0
445021.057322 4636552.101678 1302731013.0
444997.487285 4636551.617483 1302731018.0
444972.672620 4636551.142983 1302731023.0
444950.515724 4636550.981125 1302731027.0
444925.533383 4636550.286018 1302731031.0
444905.035121 4636550.000440 1302731034.0
444882.048467 4636549.845215 1302731040.0
444856.476688 4636548.044572 1302731044.0
444826.007646 4636546.059894 1302731047.0
444802.598352 4636544.908893 1302731049.0
444777.369624 4636544.549317 1302731051.0
444752.138307 4636543.856747 1302731053.0
444730.065208 4636543.805959 1302731055.0
444705.916869 4636543.660318 1302731058.0
444684.181704 4636544.384287 1302731073.0
444672.806684 4636522.154811 1302731078.0
444672.791491 4636498.837783 1302731081.0
444672.797865 4636478.296438 1302731083.0
444673.362645 4636454.863871 1302731085.0
444673.676778 4636431.211184 1302731087.0
444673.330551 4636408.007764 1302731089.0
444673.394895 4636384.245986 1302731091.0
444673.454930 4636359.929072 1302731093.0
444673.265172 4636335.503065 1302731095.0
444673.411638 4636311.629617 1302731097.0
444673.559833 4636287.978225 1302731099.0
444672.962088 4636264.443662 1302731101.0
444672.615864 4636241.240249 1302731103.0
444672.684535 4636218.033613 1302731105.0
444672.913128 4636194.048498 1302731107.0
444673.219530 4636169.396575 1302731109.0
444673.614091 4636145.410173 1302731111.0
444674.180653 4636122.199673 1302731113.0
444674.407538 4636097.992507 1302731115.0
444674.549722 4636073.563932 1302731117.0
444674.545782 4636051.690273 1302731119.0
444671.814681 4636031.281242 1302731122.0
444647.214316 4636026.586889 1302731127.0
444622.823042 4636027.442693 1302731130.0
444601.170150 4636028.277281 1302731132.0
444577.278499 4636029.351424 1302731134.0
444551.968396 4636029.437383 1302731136.0
444525.999632 4636030.194766 1302731138.0
444503.593868 4636030.258277 1302731140.0
444482.922918 4636029.309029 1302731143.0
444473.221691 4636009.065432 1302731148.0
444472.279239 4635983.979096 1302731154.0
444469.244056 4635956.577363 1302731157.0
444467.916108 4635935.269190 1302731159.0
444470.664681 4635915.261644 1302731161.0
444478.227133 4635895.327609 1302731165.0
444482.216170 4635874.755230 1302731172.0
444481.555578 4635853.885993 1302731175.0
444477.306793 4635830.490944 1302731178.0
444477.740454 4635800.952529 1302731181.0
444478.358263 4635773.744394 1302731184.0
444477.702851 4635753.541323 1302731188.0
444477.129556 4635733.226579 1302731193.0
444478.109604 4635709.901811 1302731196.0
444478.986772 4635684.024066 1302731199.0
444480.028189 4635657.922974 1302731202.0
444481.902069 4635632.148496 1302731205.0
444483.842511 4635604.263858 1302731208.0
444482.866332 4635574.847477 1302731211.0
444482.966381 4635545.089607 1302731214.0
444483.654266 4635516.215430 1302731217.0
444484.641305 4635493.778888 1302731220.0
444477.017544 4635473.963236 1302731228.0
444450.788270 4635473.501515 1302731232.0
444423.912414 4635475.265613 1302731235.0
444401.839451 4635475.659919 1302731238.0
444380.669816 4635474.825867 1302731254.0
