446305.503013 4635066.222149 1303821622.0
446306.889090 4635040.896102 1303821642.0
446308.113377 4635016.126442 1303821645.0
446309.027457 4634994.245987 1303821648.0
446309.760497 4634970.368298 1303821653.0
446310.054314 4634943.273954 1303821657.0
446311.168034 4634914.841033 1303821660.0
446311.793004 4634887.633162 1303821663.0
446312.926824 4634861.864892 1303821666.0
446314.547748 4634834.649520 1303821669.0
446315.056947 4634814.104523 1303821671.0
446315.625723 4634790.450147 1303821673.0
446316.257425 4634764.130498 1303821675.0
446316.983840 4634739.364603 1303821677.0
446317.686841 4634711.489954 1303821680.0
446312.968960 4634691.206410 1303821686.0
446288.324019 4634692.058341 1303821698.0
446264.919844 4634692.345833 1303821701.0
446244.501031 4634692.277780 1303821703.0
446221.009669 4634692.010908 1303821705.0
446196.856010 4634691.971180 1303821707.0
446171.299795 4634693.052463 1303821710.0
446146.899663 4634693.347867 1303821716.0
446125.151223 4634693.068139 1303821719.0
446100.995881 4634692.806682 1303821738.0
446079.834291 4634693.299886 1303821741.0
446049.621041 4634693.195482 1303821744.0
446028.119899 4634692.692110 1303821746.0
446003.132899 4634692.215218 1303821749.0
445983.816078 4634706.129764 1303821756.0
445982.578529 4634729.012019 1303821759.0
445982.135929 4634758.217151 1303821762.0
445981.598556 4634785.868535 1303821765.0
445980.846379 4634807.081613 1303821768.0
445979.296246 4634832.520010 1303821774.0
445977.896962 4634855.958664 1303821777.0
445977.052554 4634875.951077 1303821779.0
445976.390135 4634898.051746 1303821781.0
445975.970811 4634919.373338 1303821783.0
445975.988347 4634943.578487 1303821786.0
445974.337600 4634966.685953 1303821792.0
445973.851294 4634990.117691 1303821795.0
445973.263478 4635011.107464 1303821797.0
445972.866068 4635035.315764 1303821799.0
445972.649803 4635061.521292 1303821801.0
445972.345497 4635087.061289 1303821803.0
445972.025199 4635110.491773 1303821805.0
445972.388201 4635136.470845 1303821808.0
445971.795361 4635156.794461 1303821830.0
445970.649375 4635180.786376 1303821835.0
445969.076657 4635203.227061 1303821846.0
445963.767703 4635225.474018 1303821851.0
445942.814959 4635231.406712 1303821855.0
445918.486173 4635229.925852 1303821858.0
445890.677685 4635229.248738 1303821861.0
445868.350768 4635229.085248 1303821864.0
445847.433839 4635228.800076 1303821883.0
445826.852246 4635228.956550 1303821887.0
445803.280469 4635228.802729 1303821890.0
445775.974971 4635228.788437 1303821893.0
445755.723646 4635228.720535 1303821895.0
445733.561006 4635228.334149 1303821897.0
445711.156160 4635228.837946 1303821899.0
445683.280728 4635230.271788 1303821902.0
445660.457550 4635230.334800 1303821905.0
445636.714700 4635229.516634 1303821908.0
445609.157679 4635229.171800 1303821911.0
445584.589153 4635228.915279 1303821914.0
445564.170989 4635228.738162 1303821917.0
445542.094714 4635228.795846 1303821920.0
445521.949289 4635231.725706 1303821924.0
445516.399571 4635254.863131 1303821930.0
445513.014418 4635278.872275 1303821944.0
445510.519246 4635299.876708 1303821948.0
445510.619685 4635323.859196 1303821952.0
445510.275458 4635343.958910 1303821955.0
445509.852492 4635364.614396 1303821958.0
445508.297415 4635389.164718 1303821962.0
445507.472258 4635411.488786 1303821967.0
445504.248103 4635434.830508 1303821986.0
445505.131133 4635463.470428 1303821989.0
445504.798829 4635485.124527 1303821991.0
445504.377596 4635506.002072 1303821993.0
445502.877538 4635526.887870 1303821995.0
445500.879571 4635547.777479 1303821997.0
445499.213562 4635568.664550 1303821999.0
445499.454547 4635589.314965 1303822001.0
445499.123974 4635611.191123 1303822003.0
445498.883187 4635633.954864 1303822005.0
445498.393447 4635656.720511 1303822007.0
445497.812232 4635678.376522 1303822009.0
445497.471481 4635698.920357 1303822011.0
445496.693143 4635727.350932 1303822014.0
445496.643832 4635753.444223 1303822017.0
445496.978859 4635775.537362 1303822020.0
445497.389223 4635796.630621 1303822033.0
445497.277322 4635825.389203 1303822037.0
445497.520871 4635846.372707 1303822039.0
445498.285255 4635870.350136 1303822041.0
445499.151308 4635896.769530 1303822043.0
445500.522897 4635924.184360 1303822045.0
445501.383843 4635949.937593 1303822047.0
445501.708667 4635970.698412 1303822049.0
445501.639822 4635994.238086 1303822052.0
445504.557451 4636017.643877 1303822056.0
445526.085231 4636022.142613 1303822061.0
445550.317406 4636022.179390 1303822064.0
445570.652014 4636022.579134 1303822066.0
445593.394765 4636023.182608 1303822068.0
445618.375457 4636023.435965 1303822070.0
445645.098748 4636023.676112 1303822072.0
445672.485884 4636023.911295 1303822074.0
445700.620692 4636024.251917 1303822076.0
445728.673360 4636024.704310 1303822078.0
445756.143465 4636024.939182 1303822080.0
445782.700775 4636025.181109 1303822082.0
445808.595078 4636025.539213 1303822084.0
445833.161680 4636025.907508 1303822086.0
445854.655449 4636025.966146 1303822088.0
445876.649634 4636026.354147 1303822091.0
445896.815704 4636026.423001 1303822115.0
445917.486402 4636027.376350 1303822118.0
445946.454349 4636028.155751 1303822121.0
445967.951473 4636028.658839 1303822123.0
445990.607802 4636028.820102 1303822125.0
446011.687490 4636028.993387 1303822127.0
446040.569908 4636029.440718 1303822130.0
446067.625059 4636029.679934 1303822133.0
446093.441374 4636030.705865 1303822136.0
446122.158653 4636031.265810 1303822139.0
446143.489785 4636031.770683 1303822141.0
446165.483921 4636032.159576 1303822143.0
446186.398463 4636032.445660 1303822145.0
446212.034529 4636031.585811 1303822148.0
446235.414190 4636028.633451 1303822152.0
446256.229000 4636026.699822 1303822165.0
446280.604465 4636023.740096 1303822182.0
446295.141410 4636003.644438 1303822186.0
446294.763748 4635964.563491 1303822190.0
446295.166307 4635940.910320 1303822192.0
446295.473331 4635915.592368 1303822194.0
446295.602676 4635888.721288 1303822196.0
446296.148612 4635862.069134 1303822198.0
446296.873077 4635837.081139 1303822200.0
446297.292403 4635815.648516 1303822202.0
446297.349663 4635790.221419 1303822205.0
446297.856165 4635769.343308 1303822233.0
446298.482603 4635742.357453 1303822237.0
446297.665549 4635722.044489 1303822239.0
446297.650716 4635698.061374 1303822241.0
446298.446484 4635671.518380 1303822243.0
446299.398188 4635643.641810 1303822245.0
446299.605541 4635616.103953 1303822247.0
446301.635243 4635588.108226 1303822249.0
446303.663290 4635559.890447 1303822251.0
446304.702211 4635532.568392 1303822253.0
446305.329554 4635505.693576 1303822255.0
446305.873918 4635478.819386 1303822257.0
446306.334463 4635451.834795 1303822259.0
446307.038958 4635424.182167 1303822261.0
446307.408997 4635396.198961 1303822263.0
446308.020476 4635367.214636 1303822265.0
446308.302518 4635338.565895 1303822267.0
446308.853615 4635312.579929 1303822269.0
446309.592453 4635289.479417 1303822271.0
446311.048920 4635262.487330 1303822274.0
