446747.785399 4636918.825725 1303168579.0
446729.094702 4636927.070983 1303168582.0
446709.042453 4636930.774105 1303168584.0
446684.420205 4636933.623232 1303168586.0
446661.032550 4636935.130793 1303168588.0
446641.720203 4636926.836936 1303168590.0
446621.136047 4636925.991915 1303168592.0
446600.798298 4636924.812004 1303168594.0
446581.760260 4636908.854933 1303168596.0
446566.277384 4636891.205727 1303168598.0
446559.882084 4636868.269768 1303168601.0
446545.840876 4636843.725703 1303168604.0
446539.976259 4636814.123762 1303168607.0
446541.205068 4636789.909215 1303168609.0
446542.413049 4636762.918986 1303168611.0
446545.240489 4636730.586990 1303168613.0
446550.628457 4636696.681307 1303168615.0
446557.344890 4636662.876695 1303168617.0
446560.983857 4636628.095883 1303168619.0
446561.985183 4636595.666573 1303168621.0
446562.261410 4636566.129578 1303168623.0
446564.704990 4636537.908724 1303168625.0
446566.974311 4636508.578844 1303168627.0
446569.248651 4636479.915131 1303168629.0
446569.861827 4636451.041815 1303168631.0
446570.650127 4636423.388556 1303168633.0
446571.019387 4636395.183274 1303168635.0
446570.794486 4636365.205915 1303168637.0
446570.557093 4636333.563149 1303168639.0
446570.065770 4636301.256089 1303168641.0
446567.657620 4636267.853076 1303168643.0
446564.912539 4636233.786392 1303168645.0
446563.905828 4636199.151500 1303168647.0
446562.996252 4636166.403451 1303168649.0
446562.007856 4636134.211162 1303168651.0
446561.265064 4636101.572898 1303168653.0
446560.385464 4636072.821833 1303168655.0
446559.463698 4636049.511724 1303168657.0
446558.962665 4636026.975694 1303168660.0
446534.486265 4636016.500175 1303168670.0
446503.796622 4636018.507151 1303168673.0
446479.072449 4636019.248063 1303168675.0
446453.519305 4636020.106325 1303168677.0
446428.878956 4636020.957814 1303168679.0
446406.061687 4636021.462569 1303168681.0
446383.988741 4636021.628694 1303168683.0
446362.580480 4636021.900916 1303168685.0
446341.674287 4636022.724587 1303168687.0
446319.856144 4636023.666225 1303168689.0
446297.212382 4636025.169324 1303168691.0
446274.248429 4636028.229379 1303168693.0
446252.197284 4636031.282620 1303168695.0
446229.070759 4636034.788182 1303168697.0
446204.619078 4636038.636929 1303168699.0
446180.402941 4636040.707444 1303168701.0
446157.413063 4636040.326033 1303168703.0
446135.833856 4636039.934028 1303168705.0
446115.252934 4636039.867636 1303168707.0
446094.753312 4636039.578621 1303168709.0
446073.671980 4636039.183036 1303168711.0
446051.180812 4636038.909225 1303168713.0
446026.029206 4636037.989445 1303168715.0
446000.633699 4636037.737804 1303168717.0
445975.236505 4636037.264198 1303168719.0
445950.750411 4636036.561702 1303168721.0
445927.179629 4636036.185442 1303168723.0
445903.447097 4636036.365657 1303168725.0
445878.302204 4636036.334615 1303168727.0
445851.747477 4636036.425414 1303168729.0
445824.856603 4636035.963701 1303168731.0
445797.218896 4636035.507772 1303168733.0
445768.920718 4636035.501114 1303168735.0
445739.876556 4636035.611286 1303168737.0
445710.166852 4636035.504581 1303168739.0
445680.456299 4636035.286973 1303168741.0
445650.661067 4636034.848068 1303168743.0
445622.359485 4636034.397883 1303168745.0
445596.877554 4636033.704206 1303168747.0
445575.131456 4636033.204139 1303168749.0
445554.135578 4636033.142539 1303168752.0
445529.005085 4636035.000193 1303168778.0
445507.264929 4636035.277524 1303168781.0
445482.035325 4636035.026462 1303168784.0
445453.070725 4636034.693059 1303168787.0
445431.078221 4636034.528420 1303168789.0
445407.343116 4636034.377206 1303168791.0
445381.947537 4636034.127770 1303168793.0
445355.474054 4636033.997729 1303168795.0
445328.425667 4636034.649435 1303168797.0
445302.285811 4636034.739097 1303168799.0
445277.140873 4636034.710178 1303168801.0
445252.905309 4636034.230222 1303168803.0
445228.751869 4636033.638683 1303168805.0
445203.270726 4636033.057441 1303168807.0
445176.294211 4636032.265732 1303168809.0
445149.567486 4636031.583236 1303168811.0
445123.503747 4636030.784697 1303168813.0
445098.357927 4636030.645382 1303168815.0
445074.536377 4636030.051807 1303168817.0
445052.124642 4636029.336402 1303168819.0
445029.881435 4636028.952868 1303168821.0
445006.724574 4636028.465424 1303168823.0
444983.235785 4636027.980619 1303168825.0
444959.915528 4636027.827690 1303168827.0
444937.347248 4636028.335228 1303168829.0
444915.693479 4636029.057833 1303168831.0
444895.116750 4636029.550102 1303168833.0
444869.065850 4636030.417903 1303168836.0
444842.441825 4636032.289543 1303168840.0
444819.379116 4636033.245420 1303168843.0
444792.989425 4636033.227853 1303168846.0
444767.343979 4636032.871510 1303168849.0
444746.751759 4636031.365718 1303168852.0
444721.534132 4636032.671731 1303168857.0
444694.559254 4636032.103901 1303168861.0
444668.895680 4636029.416340 1303168864.0
444639.839351 4636027.976616 1303168867.0
444618.004094 4636026.702925 1303168869.0
444595.421997 4636025.435110 1303168871.0
444572.998078 4636023.166830 1303168873.0
444549.913750 4636021.347898 1303168875.0
444526.334117 4636019.866000 1303168877.0
444504.664771 4636018.591363 1303168879.0
444480.161071 4636015.673376 1303168882.0
444464.104870 4635999.920690 1303168886.0
444465.506651 4635977.480893 1303168890.0
444468.561157 4635954.139939 1303168893.0
444469.847955 4635927.592784 1303168896.0
444468.099899 4635905.621684 1303168899.0
444471.495903 4635883.499446 1303168906.0
444479.301284 4635862.786282 1303168909.0
444482.801007 4635832.668798 1303168912.0
444481.656268 4635802.920619 1303168915.0
444480.575561 4635781.388454 1303168919.0
444476.019031 4635761.104757 1303168927.0
444476.753578 4635738.226037 1303168930.0
444477.788915 4635711.347752 1303168933.0
444478.494054 4635684.694110 1303168936.0
444478.558681 4635661.043377 1303168939.0
444478.873134 4635637.501733 1303168943.0
