444711.616129 4635214.540159 1302062616.0
444683.962161 4635212.423113 1302062620.0
444661.717226 4635212.151732 1302062622.0
444634.985618 4635211.249083 1302062624.0
444604.939555 4635211.038507 1302062626.0
444573.739394 4635211.836342 1302062628.0
444545.194937 4635212.613641 1302062630.0
444521.379220 4635213.132162 1302062632.0
444497.149418 4635213.765022 1302062635.0
444482.263953 4635231.313320 1302062640.0
444484.089012 4635252.506565 1302062643.0
444484.493715 4635272.489507 1302062645.0
444484.517212 4635296.805741 1302062647.0
444484.488004 4635325.008572 1302062649.0
444484.143281 4635355.323506 1302062651.0
444483.625666 4635384.751519 1302062653.0
444483.584357 4635411.399974 1302062655.0
444483.842989 4635433.937838 1302062657.0
444485.011891 4635456.135508 1302062660.0
444472.890665 4635476.882284 1302062670.0
444449.260856 4635479.842358 1302062673.0
444428.510510 4635479.560065 1302062675.0
444402.688390 4635478.096039 1302062677.0
444374.788100 4635476.204199 1302062679.0
444348.557954 4635475.631826 1302062681.0
444326.637951 4635474.359661 1302062683.0
444303.135966 4635472.433728 1302062686.0
444277.552328 4635469.635883 1302062698.0
444247.193615 4635471.760994 1302062701.0
444225.634213 4635474.150438 1302062703.0
444196.122801 4635478.489813 1302062706.0
444171.426440 4635483.013642 1302062709.0
444150.862073 4635485.284481 1302062718.0
444129.217140 4635487.341786 1302062729.0
444104.565504 4635486.980001 1302062732.0
444075.275281 4635487.765054 1302062735.0
444053.036381 4635488.161745 1302062737.0
444031.204569 4635487.555999 1302062739.0
444009.784199 4635486.502951 1302062741.0
443989.693368 4635485.661582 1302062743.0
443967.517363 4635483.504261 1302062747.0
443943.749728 4635479.471955 1302062759.0
443917.266198 4635478.347994 1302062763.0
443889.782434 4635476.676839 1302062766.0
443859.978502 4635475.468210 1302062769.0
443838.066262 4635475.196792 1302062771.0
443814.661994 4635475.159277 1302062773.0
443790.760673 4635475.236795 1302062775.0
443767.024451 4635475.202056 1302062777.0
443742.537831 4635474.729185 1302062779.0
443717.722765 4635474.703130 1302062781.0
443691.993954 4635474.573349 1302062783.0
443665.429119 4635473.673034 1302062785.0
443639.857491 4635472.431858 1302062787.0
443616.529159 4635471.506119 1302062789.0
443588.966686 4635470.391917 1302062792.0
443565.060941 4635469.915056 1302062796.0
443544.536572 4635466.746657 1302062817.0
443516.811610 4635466.078158 1302062821.0
443491.900300 4635464.388139 1302062824.0
443460.930864 4635462.746286 1302062827.0
443437.189290 4635462.046482 1302062829.0
443413.032770 4635461.350053 1302062831.0
443389.204667 4635460.206960 1302062833.0
443366.541915 4635459.498818 1302062835.0
443345.373823 4635458.889895 1302062837.0
443319.396844 4635458.874467 1302062840.0
443293.919559 4635459.077224 1302062844.0
443269.944013 4635460.267421 1302062854.0
443243.459377 4635459.034936 1302062857.0
443222.376024 4635458.647772 1302062859.0
443194.551169 4635455.871671 1302062862.0
443171.484947 4635456.610812 1302062869.0
443151.316219 4635456.438630 1302062872.0
443124.355773 4635457.986241 1302062875.0
443100.791634 4635458.729586 1302062878.0
443075.583710 4635461.484761 1302062882.0
443068.513718 4635480.306054 1302062890.0
443065.192399 4635500.873943 1302062897.0
443062.085883 4635527.547004 1302062900.0
443061.033651 4635551.649858 1302062902.0
443060.255238 4635578.859486 1302062904.0
443059.144002 4635605.960741 1302062906.0
443058.925208 4635630.501074 1302062908.0
443059.506100 4635651.259849 1302062910.0
443060.939032 4635674.787672 1302062913.0
443063.697943 4635698.082829 1302062926.0
443063.167617 4635725.179445 1302062929.0
443062.608899 4635748.723191 1302062931.0
443062.160683 4635775.708119 1302062933.0
443061.800782 4635803.358549 1302062935.0
443061.529195 4635831.674480 1302062937.0
443061.842047 4635860.429877 1302062939.0
443061.649013 4635888.190011 1302062941.0
443060.867118 4635914.955544 1302062943.0
443060.069255 4635939.722588 1302062945.0
443059.739114 4635960.710724 1302062947.0
443059.258989 4635983.698679 1302062950.0
443069.449767 4636002.382028 1302062956.0
443098.163173 4636002.374648 1302062960.0
443118.408022 4636001.879837 1302062962.0
443142.564529 4636002.797304 1302062964.0
443169.792233 4636003.801382 1302062966.0
443198.013935 4636004.575568 1302062968.0
443225.819837 4636005.242145 1302062970.0
443253.127841 4636005.912798 1302062972.0
443280.183358 4636006.141429 1302062974.0
443307.820626 4636006.476566 1302062976.0
443337.037187 4636007.132349 1302062978.0
443367.163889 4636007.447913 1302062980.0
443396.127081 4636007.550781 1302062982.0
443421.272239 4636007.573061 1302062984.0
443441.687450 4636007.632988 1302062986.0
443464.347566 4636008.230325 1302062989.0
443487.846301 4636009.931423 1302062992.0
443509.178701 4636010.539437 1302062994.0
443535.988751 4636011.215123 1302062996.0
443567.111189 4636011.523637 1302062998.0
443601.223591 4636012.141714 1302063000.0
443636.826135 4636012.304025 1302063002.0
443672.261833 4636012.356799 1302063004.0
443723.220314 4636012.953289 1302063007.0
443755.426741 4636013.920266 1302063009.0
443785.965642 4636013.901242 1302063011.0
443813.508453 4636012.795641 1302063013.0
443835.571872 4636011.400250 1302063015.0
443859.760436 4636005.879913 1302063018.0
443867.082641 4635987.279497 1302063021.0
443867.609853 4635959.405769 1302063024.0
443867.922249 4635935.864066 1302063026.0
443868.084434 4635914.322163 1302063028.0
443872.143312 4635892.305417 1302063057.0
443873.680356 4635866.200283 1302063061.0
443873.431147 4635845.105761 1302063063.0
443873.809064 4635819.342865 1302063065.0
443875.662325 4635791.236628 1302063067.0
443876.615024 4635764.691967 1302063069.0
443876.783376 4635743.927261 1302063071.0
443883.267318 4635724.223139 1302063074.0
443904.992708 4635721.942370 1302063078.0
443926.069965 4635721.665383 1302063081.0
443948.986866 4635723.150528 1302063084.0
443967.582422 4635734.440737 1302063089.0
443987.989608 4635743.940204 1302063099.0
444007.969598 4635751.888608 1302063104.0
444031.503147 4635747.373329 1302063119.0
444056.159995 4635748.512044 1302063121.0
444085.292762 4635748.949503 1302063123.0
444113.002594 4635747.843768 1302063125.0
444134.730585 4635745.896782 1302063127.0
444163.762092 4635744.003641 1302063129.0
444193.625197 4635742.326172 1302063131.0
444219.677982 4635741.566937 1302063133.0
444241.336068 4635741.286334 1302063135.0
444261.920569 4635741.680401 1302063137.0
444283.671191 4635742.620577 1302063139.0
444304.825290 4635741.566871 1302063140.0
444326.395183 4635740.621012 1302063141.0
444347.379853 4635739.124620 1302063142.0
444383.790984 4635736.397487 1302063144.0
444410.492945 4635733.746305 1302063146.0
444434.587758 4635726.674202 1302063148.0
444452.498457 4635714.098707 1302063150.0
444463.331146 4635687.810229 1302063153.0
444467.715290 4635664.680989 1302063155.0
444470.992091 4635637.896266 1302063157.0
444473.491753 4635607.231416 1302063159.0
444475.489196 4635576.015314 1302063161.0
444478.416820 4635547.012642 1302063163.0
444479.620781 4635520.466153 1302063165.0
444481.033992 4635499.469731 1302063167.0
444482.853498 4635477.359803 1302063171.0
444485.079305 4635454.136373 1302063175.0
444485.508734 4635424.042841 1302063178.0
444485.898442 4635399.501314 1302063180.0
444485.840333 4635370.743991 1302063182.0
444486.255072 4635338.763002 1302063184.0
444486.848775 4635308.446128 1302063186.0
444486.967040 4635281.019841 1302063188.0
444486.957395 4635258.480042 1302063190.0
444487.950557 4635236.820701 1302063194.0
