443125.381767 4635461.753214 1303686809.0
443099.817063 4635461.402193 1303686812.0
443079.732218 4635461.340578 1303686815.0
443061.641285 4635471.922375 1303686820.0
443063.301008 4635492.672522 1303686832.0
443063.259697 4635518.654878 1303686837.0
443062.721355 4635544.752242 1303686840.0
443062.388496 4635565.407283 1303686842.0
443062.071613 4635588.060815 1303686844.0
443061.683286 4635612.158365 1303686846.0
443061.292300 4635635.922835 1303686848.0
443061.222612 4635658.352325 1303686850.0
443061.057516 4635679.228098 1303686852.0
443060.730890 4635700.660335 1303686854.0
443060.489915 4635722.424991 1303686856.0
443059.755474 4635744.748764 1303686858.0
443059.280642 4635768.402874 1303686860.0
443058.563963 4635792.947194 1303686862.0
443057.932938 4635817.823933 1303686864.0
443057.550870 4635842.698684 1303686866.0
443057.417757 4635867.571445 1303686868.0
443057.027710 4635891.446951 1303686870.0
443056.711774 4635914.211523 1303686872.0
443056.221888 4635935.978176 1303686874.0
443056.218361 4635956.297496 1303686876.0
443056.482421 4635978.946398 1303686879.0
443063.214609 4636000.988421 1303686888.0
443085.052081 4636002.479404 1303686892.0
443108.041530 4636002.739874 1303686895.0
443136.009871 4636002.960666 1303686898.0
443156.260921 4636003.243154 1303686900.0
443177.505090 4636003.184674 1303686902.0
443197.835576 4636003.022509 1303686904.0
443224.889339 4636003.028876 1303686907.0
443245.055630 4636003.090223 1303686913.0
443268.542951 4636003.347244 1303686923.0
443292.531694 4636004.044487 1303686926.0
443322.910010 4636004.690963 1303686929.0
443346.231355 4636004.949560 1303686931.0
443371.212328 4636005.195038 1303686933.0
443395.942588 4636005.220527 1303686935.0
443418.431464 4636005.152874 1303686937.0
443441.087183 4636005.195000 1303686940.0
443462.586447 4636005.912584 1303686946.0
443483.419211 4636006.302419 1303686949.0
443511.055574 4636006.527318 1303686952.0
443532.716385 4636006.688661 1303686954.0
443556.702436 4636007.053711 1303686956.0
443582.097409 4636007.185613 1303686958.0
443608.240971 4636007.533748 1303686960.0
443633.888396 4636008.107973 1303686962.0
443659.203891 4636008.684915 1303686964.0
443684.603239 4636009.372319 1303686966.0
443709.917844 4636009.838415 1303686968.0
443734.981746 4636010.084513 1303686970.0
443759.132849 4636010.337907 1303686972.0
443782.370276 4636010.487559 1303686974.0
443803.695625 4636010.208237 1303686976.0
443829.080059 4636009.008692 1303686979.0
443849.155439 4636008.073159 1303686984.0
443862.778970 4635988.756860 1303686989.0
443864.502039 4635965.204038 1303686992.0
443865.099977 4635935.775275 1303686995.0
443864.670775 4635912.905622 1303686997.0
443864.313179 4635888.591963 1303686999.0
443864.531215 4635863.607563 1303687001.0
443865.082064 4635838.731575 1303687003.0
443865.799761 4635813.965307 1303687005.0
443867.100978 4635789.527545 1303687007.0
443868.249361 4635766.756500 1303687009.0
443869.705195 4635740.874078 1303687012.0
443885.520151 4635725.759869 1303687016.0
443907.919907 4635724.806205 1303687019.0
443934.986912 4635726.369660 1303687022.0
443958.898738 4635727.735971 1303687025.0
443982.966045 4635727.768731 1303687038.0
444009.687988 4635727.669672 1303687042.0
444034.674230 4635728.472622 1303687045.0
444057.004956 4635729.296515 1303687048.0
444080.164650 4635730.002936 1303687053.0
444103.073642 4635730.489331 1303687057.0
444129.224255 4635731.616577 1303687060.0
444158.112481 4635732.611423 1303687063.0
444185.004715 4635733.066856 1303687066.0
444209.072860 4635733.211407 1303687069.0
444229.988457 4635733.491755 1303687072.0
444251.647436 4635733.322211 1303687076.0
444273.881227 4635732.370997 1303687103.0
444298.608903 4635731.955521 1303687108.0
444321.764211 4635732.107591 1303687111.0
444348.987498 4635732.450021 1303687114.0
444376.540984 4635732.567909 1303687117.0
444401.770032 4635732.593011 1303687120.0
444426.417321 4635732.511708 1303687123.0
444448.234473 4635731.342222 1303687126.0
444468.322805 4635731.962823 1303687131.0
444479.950848 4635711.886071 1303687137.0
444479.790753 4635691.346039 1303687140.0
444480.747455 4635665.023539 1303687143.0
444481.668774 4635644.808183 1303687145.0
444482.407687 4635622.484604 1303687147.0
444482.554454 4635598.722200 1303687149.0
444481.363924 4635573.748847 1303687151.0
444481.101817 4635550.766869 1303687153.0
444480.845767 4635528.562082 1303687155.0
444480.604428 4635508.244757 1303687157.0
444480.197114 4635487.928727 1303687160.0
444493.265809 4635471.615936 1303687167.0
444521.398611 4635471.396786 1303687171.0
444549.455339 4635472.066610 1303687174.0
444571.118560 4635472.342153 1303687176.0
444595.025896 4635473.044444 1303687178.0
444620.426140 4635473.624174 1303687180.0
444646.321716 4635473.867045 1303687182.0
444671.553387 4635474.115166 1303687184.0
444695.706217 4635474.371752 1303687186.0
444720.026742 4635474.849187 1303687188.0
444744.514098 4635475.436444 1303687190.0
444769.000589 4635475.912758 1303687192.0
444793.404947 4635476.500826 1303687194.0
444816.812590 4635476.985665 1303687196.0
444837.895718 4635477.377546 1303687198.0
444861.800417 4635477.747650 1303687201.0
444884.292608 4635477.906695 1303687208.0
444908.365852 4635478.608753 1303687212.0
444934.842293 4635478.848179 1303687215.0
444963.890485 4635478.956802 1303687218.0
444991.611732 4635479.186822 1303687221.0
445016.595246 4635479.549115 1303687224.0
445037.591931 4635479.498119 1303687227.0
445062.731139 4635478.526967 1303687231.0
445084.299323 4635477.250331 1303687244.0
445110.794573 4635479.933008 1303687249.0
445136.370099 4635481.734598 1303687252.0
445156.873976 4635482.353951 1303687254.0
445179.449971 4635482.624316 1303687256.0
445203.851686 4635482.880708 1303687258.0
445229.496502 4635482.905559 1303687260.0
445256.305699 4635483.254656 1303687262.0
445284.026900 4635483.485814 1303687264.0
445311.999616 4635484.048250 1303687266.0
445339.971475 4635484.499769 1303687268.0
445367.774798 4635484.619589 1303687270.0
445395.162331 4635484.631672 1303687272.0
445421.140779 4635484.876722 1303687274.0
445444.213815 4635485.033084 1303687276.0
445471.523453 4635485.712258 1303687279.0
