444980.483693 4635478.273457 1302094353.0
444953.598322 4635478.814256 1302094356.0
444930.028161 4635478.774360 1302094359.0
444907.119322 4635478.396325 1302094363.0
444882.050227 4635477.701977 1302094370.0
444857.987289 4635478.332334 1302094373.0
444829.187188 4635478.111189 1302094376.0
444799.640196 4635477.895947 1302094379.0
444770.836644 4635477.230928 1302094382.0
444744.939370 4635476.765551 1302094385.0
444719.048123 4635477.077458 1302094388.0
444691.580975 4635477.512727 1302094391.0
444662.448904 4635477.294833 1302094394.0
444641.862819 4635476.788574 1302094396.0
444621.525693 4635476.280439 1302094398.0
444592.058205 4635475.621305 1302094401.0
444565.077745 4635474.609836 1302094404.0
444542.586384 4635474.562826 1302094407.0
444520.841909 4635474.510070 1302094411.0
444499.512371 4635474.454148 1302094424.0
444476.695978 4635475.298149 1302094433.0
444452.788630 4635474.596256 1302094436.0
444424.724101 4635472.927568 1302094439.0
444400.485653 4635472.339467 1302094442.0
444379.506256 4635474.612884 1302094447.0
444359.569288 4635472.214795 1302094476.0
444336.080320 4635471.954161 1302094479.0
444313.839635 4635472.127981 1302094482.0
444293.621040 4635476.172248 1302094495.0
444284.642632 4635495.451338 1302094505.0
444285.411976 4635519.539690 1302094509.0
444285.015161 4635543.081994 1302094512.0
444283.890576 4635569.072739 1302094515.0
444282.920684 4635593.618833 1302094518.0
444282.165890 4635613.832921 1302094523.0
444282.580719 4635635.037167 1302094532.0
444282.609277 4635659.908556 1302094535.0
444281.840987 4635689.005471 1302094538.0
444280.673026 4635709.444863 1302094541.0
444279.795715 4635735.211613 1302094561.0
444279.086119 4635761.199121 1302094564.0
444278.341788 4635782.745542 1302094566.0
444277.360672 4635805.848292 1302094568.0
444276.706287 4635828.282282 1302094570.0
444276.544596 4635850.046216 1302094572.0
444276.382038 4635871.699122 1302094574.0
444275.969667 4635893.242950 1302094576.0
444275.478660 4635915.342564 1302094578.0
444275.490763 4635938.104447 1302094580.0
444275.326481 4635959.535302 1302094582.0
444275.039670 4635986.518819 1302094585.0
444279.193900 4636008.360027 1302094590.0
444302.781452 4636010.840353 1302094595.0
444325.918496 4636008.771882 1302094598.0
444350.225967 4636007.804683 1302094601.0
444373.290457 4636007.069342 1302094604.0
444396.225164 4636000.339252 1302094607.0
444421.525658 4635988.372178 1302094610.0
444451.394706 4635987.583997 1302094613.0
444476.257273 4635993.941144 1302094615.0
444502.945386 4636000.284152 1302094617.0
444527.281435 4636002.981456 1302094619.0
444549.613810 4636004.139966 1302094621.0
444570.450783 4636005.088116 1302094623.0
444599.510679 4636006.971668 1302094626.0
444623.092062 4636008.675863 1302094629.0
444642.634099 4636013.853581 1302094634.0
444667.553497 4636016.879931 1302094642.0
444689.051674 4636017.490188 1302094645.0
444717.021521 4636017.939242 1302094648.0
444739.100557 4636018.545142 1302094650.0
444762.754509 4636018.916828 1302094652.0
444786.408458 4636019.288592 1302094654.0
444810.973474 4636019.431308 1302094656.0
444835.783993 4636019.128071 1302094658.0
444860.924718 4636018.600297 1302094660.0
444885.732660 4636017.964153 1302094662.0
444910.539748 4636017.217067 1302094664.0
444934.765112 4636016.363532 1302094666.0
444957.996421 4636015.739829 1302094668.0
444980.400494 4636015.455694 1302094670.0
445001.730098 4636015.735095 1302094672.0
445028.956508 4636016.635249 1302094675.0
445051.369999 4636017.572636 1302094679.0
445072.287253 4636018.188531 1302094684.0
445094.946251 4636018.680027 1302094687.0
445125.071840 4636018.891997 1302094690.0
445148.641912 4636019.154576 1302094692.0
445174.204383 4636019.512930 1302094694.0
445200.926878 4636019.640383 1302094696.0
445227.817041 4636019.988715 1302094698.0
445254.707199 4636020.337148 1302094700.0
445281.930130 4636020.794160 1302094702.0
445309.401999 4636021.249364 1302094704.0
445336.542790 4636021.818249 1302094706.0
445363.266115 4636022.057339 1302094708.0
445390.322211 4636022.405010 1302094710.0
445417.047230 4636022.866356 1302094712.0
445441.614736 4636023.344328 1302094714.0
445467.343122 4636023.702463 1302094717.0
