446323.805722 4634818.590976 1301687988.0
446323.543737 4634794.831825 1301687990.0
446323.027748 4634770.408389 1301687992.0
446322.587224 4634744.985086 1301687994.0
446321.423991 4634722.787194 1301687996.0
446319.008278 4634699.599438 1301687999.0
446300.333409 4634688.636826 1301688011.0
446274.467790 4634692.717969 1301688015.0
446250.002250 4634695.345212 1301688018.0
446222.786114 4634696.438832 1301688021.0
446194.904336 4634697.315516 1301688024.0
446170.012112 4634698.391790 1301688027.0
446148.111122 4634699.889677 1301688031.0
446126.708957 4634701.494894 1301688034.0
446101.312897 4634701.797984 1301688037.0
446076.319216 4634700.432620 1301688040.0
446049.167617 4634699.083682 1301688043.0
446022.347150 4634697.621305 1301688046.0
445998.517068 4634696.469466 1301688049.0
445978.112561 4634698.289635 1301688061.0
445976.877553 4634721.504971 1301688069.0
445977.390520 4634745.373257 1301688073.0
445977.071004 4634768.914754 1301688076.0
445976.271197 4634794.791595 1301688079.0
445975.762972 4634815.336625 1301688082.0
445975.506261 4634836.212848 1301688086.0
445975.506113 4634858.086426 1301688089.0
445975.875827 4634884.953705 1301688092.0
445975.173355 4634912.717381 1301688095.0
445974.787711 4634938.480055 1301688098.0
445974.620744 4634960.243869 1301688102.0
445975.629155 4634983.775306 1301688107.0
445975.328196 4635009.759407 1301688110.0
445974.248317 4635031.530146 1301688112.0
445973.093031 4635054.300759 1301688114.0
445972.351872 4635076.957198 1301688116.0
445971.526886 4635099.503242 1301688118.0
445971.111813 4635121.379976 1301688120.0
445970.767948 4635141.701704 1301688122.0
445969.733581 4635169.467910 1301688125.0
445970.056177 4635190.117685 1301688128.0
445969.800365 4635211.104948 1301688151.0
445962.484491 4635231.368524 1301688166.0
445941.011920 4635234.418297 1301688170.0
445916.692415 4635234.158741 1301688173.0
445887.551883 4635232.936585 1301688176.0
445859.328451 4635232.262745 1301688179.0
445834.512678 4635232.229308 1301688182.0
445812.111220 4635233.176896 1301688186.0
445789.947755 4635232.679308 1301688212.0
445761.884370 4635231.227401 1301688216.0
445731.913886 4635230.012199 1301688219.0
445709.172008 4635229.852368 1301688221.0
445685.687446 4635230.253439 1301688223.0
445662.286724 4635230.764982 1301688225.0
445638.550653 4635230.835027 1301688227.0
445613.984679 4635230.911486 1301688229.0
445589.913253 4635230.540118 1301688231.0
445569.326569 4635230.031173 1301688233.0
445545.252590 4635229.326876 1301688236.0
445522.183827 4635229.836341 1301688240.0
445502.504323 4635239.424709 1301688254.0
445498.698313 4635262.659844 1301688258.0
445498.062924 4635288.091397 1301688261.0
445496.620584 4635316.527033 1301688264.0
445495.863149 4635336.851977 1301688266.0
445495.873006 4635359.835858 1301688268.0
445495.811769 4635384.374754 1301688270.0
445495.665847 4635408.692232 1301688272.0
445496.175338 4635431.894361 1301688274.0
445497.178506 4635454.537544 1301688276.0
445497.836977 4635475.517862 1301688278.0
445498.324376 4635495.833287 1301688280.0
445498.064890 4635516.154427 1301688282.0
445497.060225 4635536.703337 1301688284.0
445495.979377 4635558.141099 1301688286.0
445495.648812 4635580.017256 1301688288.0
445496.160003 4635603.441445 1301688290.0
445496.756727 4635627.198081 1301688292.0
445496.770851 4635650.737108 1301688294.0
445496.952648 4635674.496921 1301688296.0
445496.804204 4635698.481328 1301688298.0
445495.246725 4635722.698585 1301688300.0
445494.676574 4635745.797952 1301688302.0
445495.257161 4635767.445077 1301688304.0
445497.025006 4635792.414128 1301688307.0
445499.712455 4635818.264414 1301688312.0
445501.312610 4635843.012684 1301688315.0
445501.641679 4635864.328635 1301688317.0
445503.140151 4635886.634943 1301688319.0
445504.555632 4635908.941887 1301688321.0
445505.724708 4635931.583818 1301688323.0
445506.566098 4635954.783426 1301688325.0
445507.057720 4635975.654003 1301688327.0
445507.065893 4635998.415852 1301688330.0
445506.554944 4636018.405831 1301688338.0
445522.353872 4636033.385558 1301688345.0
445548.303144 4636030.078182 1301688348.0
445569.700361 4636028.360159 1301688350.0
445593.672544 4636026.955631 1301688352.0
445617.898764 4636026.215447 1301688354.0
445642.627111 4636026.026682 1301688356.0
445667.523113 4636026.058791 1301688358.0
445693.580848 4636026.082129 1301688360.0
445719.307503 4636026.219119 1301688362.0
445744.698849 4636025.914622 1301688364.0
445769.177404 4636025.617165 1301688366.0
445792.746549 4636025.770848 1301688368.0
445815.156490 4636026.266529 1301688370.0
445836.151529 4636026.217871 1301688372.0
445864.282934 4636026.115031 1301688375.0
445885.352517 4636024.955616 1301688380.0
