446032.758349 4634866.757290 1303588961.0
446013.578761 4634854.910982 1303588980.0
446008.184358 4634833.078281 1303588987.0
445986.892218 4634827.243855 1303588994.0
445974.333738 4634845.770609 1303589004.0
445974.917081 4634867.972865 1303589008.0
445974.845729 4634891.401452 1303589011.0
445974.940368 4634914.828782 1303589014.0
445975.593233 4634935.253978 1303589017.0
445974.861306 4634959.131710 1303589025.0
445974.060704 4634984.897533 1303589029.0
445973.179644 4635010.997067 1303589032.0
445972.750241 4635030.986339 1303589034.0
445972.581606 4635052.528102 1303589036.0
445972.252041 4635074.737287 1303589038.0
445971.925848 4635097.390581 1303589040.0
445971.600501 4635120.154903 1303589042.0
445971.275999 4635143.030252 1303589044.0
445971.283466 4635165.903085 1303589046.0
445971.451864 4635188.108498 1303589048.0
445972.028479 4635209.422548 1303589050.0
445972.097888 4635229.519078 1303589052.0
445971.987373 4635258.721716 1303589055.0
445971.456862 4635287.261340 1303589058.0
445970.944510 4635307.251250 1303589060.0
445970.770013 4635328.015833 1303589062.0
445970.517583 4635349.447209 1303589064.0
445970.348144 4635370.877956 1303589066.0
445970.010205 4635391.976882 1303589068.0
445969.668059 4635412.520672 1303589070.0
445969.301875 4635440.836990 1303589073.0
445967.237209 4635464.058651 1303589076.0
445969.471054 4635485.027040 1303589080.0
445991.755420 4635490.631798 1303589084.0
446014.228131 4635488.240786 1303589087.0
446041.034695 4635488.259754 1303589090.0
446069.836314 4635488.707852 1303589093.0
446098.968196 4635488.931500 1303589096.0
446126.855266 4635489.164682 1303589099.0
446152.918291 4635489.633827 1303589102.0
446178.651041 4635490.327630 1303589105.0
446205.377114 4635490.680924 1303589108.0
446233.016043 4635491.027428 1303589111.0
446260.322181 4635491.265517 1303589114.0
446283.070718 4635492.426343 1303589117.0
446304.026302 4635486.938752 1303589125.0
446305.258833 4635463.279344 1303589129.0
446304.171901 4635440.192588 1303589132.0
446304.037302 4635411.324917 1303589135.0
446303.794473 4635390.119367 1303589137.0
446303.631284 4635368.469085 1303589139.0
446303.469770 4635347.040857 1303589141.0
446302.566376 4635326.284423 1303589143.0
446301.749315 4635305.971472 1303589145.0
446301.047180 4635278.884619 1303589148.0
446301.142164 4635258.453761 1303589151.0
446296.503365 4635237.614453 1303589158.0
446276.965517 4635233.098357 1303589162.0
446253.241210 4635234.720733 1303589165.0
446223.535754 4635235.611099 1303589168.0
446202.207279 4635235.772127 1303589170.0
446180.378347 4635235.603899 1303589172.0
446158.131106 4635234.994765 1303589174.0
446135.886378 4635234.718782 1303589176.0
446113.398555 4635235.221941 1303589178.0
446090.988683 4635235.058381 1303589180.0
446068.579650 4635235.005918 1303589182.0
446046.584725 4635234.839356 1303589184.0
446025.832128 4635234.330350 1303589186.0
445998.026200 4635233.985898 1303589189.0
445975.141107 4635236.824208 1303589193.0
445969.841423 4635260.292459 1303589198.0
445971.097958 4635283.710991 1303589201.0
445969.996634 4635313.587347 1303589204.0
445969.665426 4635335.574487 1303589206.0
445969.832153 4635357.557852 1303589208.0
445969.663560 4635379.099626 1303589210.0
445969.489916 4635399.975239 1303589212.0
445969.213455 4635429.179144 1303589215.0
445967.898201 4635452.728221 1303589218.0
445965.979307 4635473.283973 1303589224.0
445952.358389 4635493.817468 1303589251.0
445928.633321 4635495.218880 1303589255.0
445902.065619 4635493.866119 1303589259.0
445877.078880 4635493.056614 1303589263.0
445854.581750 4635492.228273 1303589267.0
445830.170842 4635490.748353 1303589272.0
445805.090112 4635488.496379 1303589277.0
445780.603796 4635488.016504 1303589282.0
445759.274374 4635487.956811 1303589287.0
445738.372572 4635489.559428 1303589295.0
445717.873871 4635489.604564 1303589304.0
445693.381623 4635488.347800 1303589310.0
445670.388217 4635487.745890 1303589313.0
445646.568321 4635487.594494 1303589316.0
445622.086220 4635487.670301 1303589319.0
445595.771613 4635486.871917 1303589322.0
445567.885330 4635486.751841 1303589325.0
445542.238853 4635486.503718 1303589328.0
445517.505234 4635486.248706 1303589332.0
