443508.199369 4635468.478166 1302147447.0
443481.297239 4635466.915006 1302147450.0
443457.471812 4635466.104766 1302147452.0
443430.326867 4635465.320965 1302147454.0
443399.940095 4635463.896819 1302147456.0
443368.881463 4635461.478835 1302147458.0
443338.565283 4635458.499909 1302147460.0
443311.154537 4635455.609026 1302147462.0
443287.979689 4635453.128661 1302147464.0
443266.324249 4635453.856263 1302147467.0
443242.871385 4635458.151347 1302147490.0
443220.857659 4635465.988134 1302147493.0
443195.726513 4635467.965032 1302147496.0
443173.893634 4635467.250886 1302147501.0
443153.155539 4635468.526687 1302147507.0
443126.521771 4635469.405478 1302147511.0
443106.281615 4635470.677440 1302147514.0
443085.522250 4635469.288785 1302147519.0
443075.424286 4635493.463910 1302147525.0
443072.323938 4635520.914156 1302147528.0
443067.847911 4635542.379547 1302147530.0
443065.315214 4635568.159748 1302147532.0
443062.882386 4635596.048805 1302147534.0
443062.099538 4635622.703298 1302147536.0
443061.215963 4635647.137911 1302147538.0
443061.315797 4635670.010184 1302147540.0
443062.077739 4635692.655097 1302147542.0
443061.352162 4635716.089141 1302147544.0
443059.802070 4635740.195983 1302147546.0
443058.679338 4635765.853891 1302147548.0
443057.562829 4635792.288991 1302147550.0
443056.868351 4635819.608994 1302147552.0
443056.517353 4635848.369698 1302147554.0
443056.749905 4635877.458842 1302147556.0
443056.727298 4635905.772786 1302147558.0
443056.596857 4635930.978632 1302147560.0
443055.863353 4635953.413440 1302147562.0
443055.576721 4635979.841914 1302147565.0
443074.040832 4635995.350167 1302147570.0
443096.874098 4635996.833227 1302147573.0
443128.749693 4635997.911052 1302147576.0
443156.142496 4635998.802725 1302147578.0
443185.190494 4635999.126129 1302147580.0
443211.910576 4635998.913039 1302147582.0
443238.043592 4635997.927488 1302147585.0
443264.601251 4635998.160027 1302147590.0
443290.759910 4636000.394461 1302147593.0
443313.022836 4636003.215166 1302147595.0
443336.776760 4636005.690975 1302147597.0
443360.853763 4636007.053952 1302147599.0
443385.418937 4636007.191752 1302147601.0
443409.819028 4636007.441982 1302147603.0
443431.139100 4636006.495381 1302147606.0
443456.643509 4636009.956995 1302147612.0
443479.326524 4636013.441089 1302147615.0
443505.251072 4636017.565748 1302147618.0
443532.994136 4636020.787809 1302147621.0
443556.080543 4636022.825503 1302147623.0
443582.480030 4636024.059788 1302147625.0
443610.199295 4636024.284413 1302147627.0
443639.328359 4636024.386955 1302147629.0
443666.962002 4636024.279376 1302147631.0
443693.349169 4636023.959690 1302147633.0
443717.905484 4636022.988363 1302147635.0
443739.221149 4636021.487547 1302147637.0
443762.589439 4636017.194733 1302147640.0
443781.661461 4635994.282163 1302147644.0
443798.639154 4635979.380632 1302147646.0
443808.117010 4635960.541077 1302147648.0
443815.354398 4635941.719209 1302147650.0
443821.134711 4635917.024031 1302147653.0
443832.283750 4635899.614776 1302147657.0
443853.283625 4635900.115414 1302147669.0
443863.252633 4635880.383795 1302147693.0
443865.792446 4635855.159028 1302147696.0
443866.932935 4635831.388736 1302147698.0
443869.204583 4635803.723336 1302147700.0
443871.805564 4635775.722241 1302147702.0
443872.127621 4635753.401845 1302147704.0
443883.006229 4635733.218959 1302147713.0
443903.824006 4635731.611540 1302147716.0
443932.976089 4635734.490976 1302147719.0
443955.070090 4635736.870890 1302147721.0
443980.633708 4635737.224971 1302147723.0
444007.109281 4635737.460941 1302147725.0
444033.176905 4635738.588487 1302147727.0
444056.416070 4635738.850069 1302147729.0
444083.107462 4635734.865332 1302147732.0
444104.274633 4635735.476439 1302147735.0
444130.768487 4635738.044440 1302147738.0
444151.863103 4635739.988665 1302147740.0
444173.871406 4635742.036825 1302147742.0
444194.471569 4635744.429187 1302147744.0
444225.167999 4635743.189458 1302147747.0
444247.298786 4635739.685185 1302147751.0
444268.316047 4635731.748333 1302147762.0
444289.056989 4635730.919882 1302147765.0
444320.343926 4635730.897319 1302147768.0
444344.826123 4635730.928058 1302147770.0
444371.045792 4635730.279108 1302147772.0
444397.350182 4635729.851662 1302147774.0
444424.149017 4635728.976319 1302147776.0
444448.543899 4635728.452926 1302147778.0
444474.271731 4635728.585430 1302147781.0
444484.087974 4635710.299351 1302147787.0
444484.329837 4635688.090678 1302147791.0
444486.100836 4635659.763222 1302147794.0
444487.650582 4635634.990578 1302147796.0
444489.752691 4635606.549512 1302147798.0
444491.186603 4635577.558485 1302147800.0
444491.552949 4635550.019219 1302147802.0
444491.529456 4635525.702976 1302147804.0
444490.540397 4635505.280445 1302147806.0
444486.318283 4635485.327243 1302147810.0
444489.685162 4635459.430108 1302147816.0
444489.847412 4635416.347693 1302147820.0
444489.950970 4635387.033940 1302147822.0
444490.453904 4635355.718467 1302147824.0
444490.880777 4635325.291859 1302147826.0
444491.241970 4635297.086442 1302147828.0
444490.475047 4635273.220137 1302147830.0
444489.650218 4635252.574265 1302147833.0
