446690.597027 4636849.857678 1301692624.0
446668.189783 4636849.359267 1301692639.0
446645.449817 4636848.752386 1301692643.0
446624.219975 4636850.354929 1301692647.0
446603.820687 4636852.062340 1301692651.0
446583.946721 4636857.429978 1301692655.0
446562.440506 4636855.370671 1301692660.0
446549.613389 4636837.812604 1301692666.0
446552.368217 4636817.916913 1301692669.0
446554.162871 4636791.699517 1301692672.0
446555.510180 4636761.155171 1301692675.0
446556.086106 4636738.388966 1301692677.0
446556.658705 4636715.178653 1301692679.0
446557.472730 4636690.967226 1301692681.0
446557.788921 4636666.759537 1301692683.0
446558.110949 4636643.329040 1301692685.0
446558.360839 4636621.342521 1301692687.0
446558.205860 4636600.691444 1301692689.0
446555.936524 4636574.726626 1301692692.0
446537.908166 4636560.760689 1301692695.0
446511.600183 4636560.292041 1301692698.0
446490.946154 4636561.335474 1301692700.0
446468.548828 4636562.281038 1301692702.0
446445.070331 4636562.901702 1301692704.0
446420.596140 4636563.529935 1301692706.0
446395.793397 4636564.604860 1301692708.0
446372.482531 4636565.446569 1301692710.0
446344.354120 4636565.658449 1301692713.0
446323.364041 4636566.149733 1301692717.0
446300.046486 4636566.103461 1301692728.0
446272.249974 4636566.313123 1301692732.0
446243.618686 4636565.862994 1301692735.0
446221.550777 4636566.473747 1301692737.0
446198.733582 4636566.757129 1301692739.0
446176.494693 4636566.703112 1301692741.0
446154.672355 4636566.868083 1301692743.0
446129.027302 4636566.284801 1301692746.0
446108.033028 4636566.221583 1301692752.0
446086.125190 4636566.054309 1301692756.0
446061.644293 4636565.795558 1301692759.0
446034.425228 4636565.557640 1301692762.0
446013.843294 4636565.158474 1301692767.0
445989.117674 4636565.456995 1301692772.0
445966.791581 4636564.849126 1301692775.0
445942.878850 4636562.920966 1301692779.0
445920.470611 4636562.424899 1301692784.0
445898.229161 4636562.038669 1301692787.0
445870.332764 4636560.029985 1301692790.0
445841.372032 4636559.917077 1301692793.0
445820.874726 4636559.739892 1301692795.0
445798.967691 4636559.684528 1301692797.0
445777.721072 4636559.180069 1301692799.0
445748.339534 4636558.293507 1301692802.0
445723.272677 4636557.374180 1301692805.0
445685.610573 4636558.771669 1301692815.0
445657.229796 4636558.544053 1301692819.0
445628.184370 4636558.210591 1301692822.0
445608.018942 4636558.031484 1301692824.0
445587.935639 4636557.740772 1301692826.0
445559.803773 4636557.511642 1301692829.0
445534.325400 4636557.040261 1301692832.0
445511.418394 4636556.438261 1301692835.0
445491.331678 4636555.703712 1301692838.0
445468.594012 4636555.544689 1301692841.0
445441.377401 4636555.642120 1301692844.0
445420.798780 4636555.688776 1301692846.0
445398.974684 4636555.634007 1301692848.0
445376.483380 4636555.140287 1301692850.0
445354.739698 4636554.751935 1301692852.0
445334.488708 4636554.241157 1301692854.0
445308.513299 4636553.885432 1301692857.0
445287.678918 4636553.046166 1301692864.0
445267.189230 4636553.869820 1301692868.0
445243.453281 4636553.386086 1301692871.0
445214.158006 4636552.945199 1301692874.0
445192.000280 4636552.671563 1301692876.0
445168.514096 4636552.297190 1301692878.0
445144.199015 4636552.040314 1301692880.0
445119.467344 4636551.564664 1301692882.0
445093.992318 4636551.538966 1301692884.0
445068.350484 4636551.403612 1301692886.0
445042.374177 4636550.937830 1301692888.0
445015.981275 4636550.253292 1301692890.0
444989.088802 4636549.350642 1301692892.0
444962.447819 4636548.779252 1301692894.0
444937.300380 4636548.196413 1301692896.0
444915.223871 4636547.700941 1301692898.0
444894.972808 4636547.191413 1301692901.0
444874.473676 4636546.794896 1301692908.0
444854.059235 4636546.619850 1301692911.0
444827.333527 4636545.827553 1301692914.0
444799.855871 4636544.374981 1301692917.0
444774.534695 4636542.794757 1301692920.0
444751.957714 4636541.970570 1301692925.0
444728.648600 4636543.039716 1301692935.0
444704.583232 4636542.893435 1301692939.0
444681.259464 4636542.075271 1301692943.0
444671.979518 4636522.494340 1301692947.0
444672.621227 4636498.283935 1301692950.0
444673.381452 4636467.965739 1301692953.0
444673.781147 4636444.645489 1301692955.0
444673.752163 4636419.552026 1301692957.0
444673.309159 4636394.572815 1301692959.0
444672.624985 4636370.594784 1301692961.0
444672.130053 4636349.613202 1301692963.0
444672.190087 4636325.296289 1301692966.0
444672.523208 4636304.086207 1301692971.0
444674.020613 4636283.200184 1301692980.0
444676.728207 4636257.863401 1301692986.0
444677.388090 4636235.984580 1301692989.0
444677.525094 4636210.889836 1301692992.0
444678.287127 4636180.793710 1301692995.0
444678.607347 4636157.918224 1301692997.0
444678.758162 4636134.599920 1301692999.0
444678.907256 4636111.059562 1301693001.0
444678.472039 4636087.079607 1301693003.0
444678.387717 4636065.539675 1301693005.0
444677.631788 4636043.005655 1301693008.0
444657.184130 4636028.063890 1301693013.0
444632.945014 4636027.141934 1301693016.0
444603.062308 4636026.152919 1301693019.0
444582.134646 4636024.206075 1301693021.0
444561.873414 4636022.587207 1301693023.0
444532.652795 4636021.371265 1301693026.0
444505.923330 4636020.358101 1301693029.0
444482.302241 4636024.206303 1301693033.0
444477.656813 4636003.146055 1301693040.0
444478.599588 4635975.047106 1301693043.0
444478.147257 4635948.957644 1301693045.0
444478.062338 4635927.417713 1301693047.0
444477.488180 4635906.991937 1301693050.0
444473.642205 4635882.039272 1301693055.0
444475.388963 4635861.262303 1301693058.0
444481.092971 4635837.123470 1301693061.0
444486.046705 4635812.546354 1301693064.0
444483.869915 4635788.802052 1301693068.0
444481.135588 4635768.060015 1301693077.0
444480.290850 4635744.860503 1301693083.0
444480.937237 4635721.316268 1301693086.0
444482.460120 4635693.101777 1301693089.0
444482.994982 4635665.894294 1301693092.0
444483.892944 4635642.681204 1301693095.0
444481.156842 4635621.717115 1301693101.0
