444121.017100 4635711.583793 1302554937.0
444145.349077 4635713.613639 1302554943.0
444171.334643 4635714.853370 1302554947.0
444193.333449 4635715.680292 1302554950.0
444214.658806 4635715.291181 1302554953.0
444238.727008 4635715.435833 1302554957.0
444260.583288 4635719.261996 1302554986.0
444285.611200 4635725.395132 1302554991.0
444305.802521 4635728.568252 1302554994.0
444326.229760 4635730.074076 1302554997.0
444352.533283 4635729.535436 1302555001.0
444373.703901 4635730.591452 1302555005.0
444397.130695 4635733.628530 1302555021.0
444418.045407 4635733.798403 1302555026.0
444438.794148 4635733.969632 1302555033.0
444453.931709 4635716.974413 1302555039.0
444456.244640 4635694.305451 1302555042.0
444458.757199 4635665.306001 1302555045.0
444460.336280 4635644.308274 1302555047.0
444464.487069 4635623.179464 1302555049.0
444467.313568 4635602.505118 1302555051.0
444468.068023 4635582.180028 1302555053.0
444468.837961 4635553.194173 1302555056.0
444470.379890 4635527.422284 1302555059.0
444473.853907 4635504.633253 1302555063.0
444478.590931 4635484.166092 1302555079.0
444481.637945 4635459.825920 1302555084.0
444481.849545 4635433.731306 1302555087.0
444481.941896 4635413.633452 1302555089.0
444482.190708 4635392.313006 1302555091.0
444482.691951 4635371.434729 1302555093.0
444483.112805 4635350.890182 1302555095.0
444484.216540 4635322.123806 1302555098.0
444484.928700 4635296.358399 1302555101.0
444484.519671 4635275.820321 1302555104.0
444483.266032 4635253.401249 1302555130.0
444483.192421 4635233.304694 1302555134.0
444489.003360 4635212.162982 1302555138.0
444515.694353 4635207.846809 1302555142.0
444542.327449 4635206.751169 1302555145.0
444570.296178 4635206.644541 1302555148.0
444594.443016 4635206.012575 1302555151.0
444615.599602 4635205.070836 1302555156.0
444637.505698 4635204.456436 1302555165.0
444657.667266 4635203.633588 1302555175.0
444682.653508 4635204.216773 1302555193.0
444705.314280 4635204.596027 1302555196.0
444732.127168 4635205.276242 1302555199.0
444760.436463 4635206.278056 1302555202.0
444790.239581 4635207.268406 1302555205.0
444810.328482 4635207.778958 1302555207.0
444830.911883 4635207.841603 1302555209.0
444850.997340 4635207.908161 1302555211.0
444871.247058 4635207.751438 1302555213.0
444900.130379 4635207.861095 1302555216.0
444928.514896 4635207.863691 1302555219.0
444956.487888 4635208.313715 1302555222.0
444983.380282 4635208.550125 1302555225.0
445008.029355 4635208.470852 1302555228.0
445029.446076 4635208.971772 1302555231.0
445050.027749 4635208.812995 1302555234.0
445072.939151 4635209.413552 1302555237.0
445099.509834 4635210.985285 1302555240.0
445129.975074 4635211.749885 1302555243.0
445151.805869 4635212.136951 1302555245.0
445173.057434 4635212.750607 1302555247.0
445193.396953 4635213.482377 1302555249.0
445213.982878 4635213.879209 1302555251.0
445236.393737 4635214.151039 1302555253.0
445260.387384 4635215.188013 1302555255.0
445285.376057 4635216.106392 1302555257.0
445310.774560 4635216.355511 1302555259.0
445335.837691 4635216.163159 1302555261.0
445359.742360 4635216.423915 1302555263.0
445383.810454 4635216.350397 1302555265.0
445407.962388 4635216.387352 1302555267.0
445432.199012 4635216.645807 1302555269.0
445456.768444 4635217.012830 1302555271.0
445481.502154 4635217.156613 1302555273.0
445506.984475 4635217.516823 1302555275.0
445534.210439 4635217.974827 1302555277.0
445562.013938 4635217.984388 1302555279.0
445590.481359 4635217.988987 1302555281.0
445619.696539 4635218.099026 1302555283.0
445649.411353 4635218.427439 1302555285.0
445678.216653 4635219.207046 1302555287.0
445706.272493 4635219.659380 1302555289.0
445734.247875 4635220.445537 1302555291.0
445761.641470 4635221.125201 1302555293.0
445788.368600 4635221.476940 1302555295.0
445814.096464 4635221.392245 1302555297.0
445837.420982 4635221.770049 1302555299.0
445858.339620 4635222.277246 1302555301.0
445886.564778 4635223.173136 1302555304.0
445910.555734 4635223.879217 1302555307.0
445934.239158 4635227.807684 1302555311.0
445954.984205 4635227.317180 1302555318.0
445970.116596 4635241.858817 1302555333.0
445972.887999 4635268.041697 1302555337.0
445973.417826 4635294.130544 1302555340.0
445973.736204 4635314.225187 1302555342.0
445973.570120 4635336.100041 1302555344.0
445973.165177 4635359.309110 1302555346.0
445972.762764 4635382.851260 1302555348.0
445972.015772 4635404.730522 1302555350.0
445970.739237 4635433.386844 1302555353.0
445969.165752 4635455.716511 1302555356.0
445967.907386 4635475.823119 1302555363.0
445984.962254 4635492.237773 1302555385.0
446008.948082 4635492.389042 1302555388.0
446029.362934 4635492.234344 1302555390.0
446064.637540 4635492.633383 1302555393.0
446085.303872 4635492.810042 1302555395.0
446109.952748 4635492.845599 1302555398.0
446134.019033 4635492.663580 1302555401.0
446158.335118 4635492.590787 1302555404.0
446178.749127 4635492.325491 1302555408.0
