444294.053342 4635478.389546 1302359887.0
444272.214585 4635476.894845 1302359892.0
444252.226743 4635478.605711 1302359895.0
444225.592081 4635479.369365 1302359898.0
444197.955485 4635479.363729 1302359901.0
444169.489882 4635479.475731 1302359904.0
444143.430917 4635479.568976 1302359907.0
444122.180875 4635479.069425 1302359910.0
444101.496061 4635476.566889 1302359916.0
444074.348654 4635475.447553 1302359920.0
444047.869499 4635474.878243 1302359923.0
444027.783876 4635474.702929 1302359925.0
444006.287461 4635474.538760 1302359927.0
443983.958548 4635474.048100 1302359929.0
443961.962454 4635473.665926 1302359931.0
443940.129712 4635472.949433 1302359933.0
443918.133610 4635472.567394 1302359935.0
443895.141653 4635472.193266 1302359937.0
443872.230056 4635471.485477 1302359939.0
443850.563268 4635470.767950 1302359941.0
443829.147188 4635470.270580 1302359943.0
443807.401781 4635470.108975 1302359945.0
443784.994223 4635470.174729 1302359947.0
443762.003996 4635470.023085 1302359949.0
443738.514087 4635469.653394 1302359951.0
443715.191028 4635469.393495 1302359953.0
443692.116928 4635469.131706 1302359955.0
443669.209678 4635468.979705 1302359957.0
443646.385414 4635468.827122 1302359959.0
443624.058196 4635468.559644 1302359961.0
443602.724191 4635467.951271 1302359963.0
443582.476057 4635468.222635 1302359965.0
443552.601342 4635468.570329 1302359968.0
443532.105126 4635468.954836 1302359970.0
443511.359067 4635469.230349 1302359972.0
443490.197189 4635469.398187 1302359974.0
443468.530335 4635468.681821 1302359976.0
443446.196930 4635467.637710 1302359978.0
443423.532448 4635466.707333 1302359980.0
443400.371795 4635466.003038 1302359982.0
443377.792934 4635465.405229 1302359984.0
443356.379429 4635465.242361 1302359986.0
443335.794033 4635464.850902 1302359988.0
443306.992839 4635464.524882 1302359991.0
443286.243228 4635464.356942 1302359994.0
443264.743188 4635463.750901 1302360000.0
443237.269787 4635463.414588 1302360004.0
443212.450222 4635462.835157 1302360007.0
443190.122059 4635462.458011 1302360010.0
443167.219177 4635462.862761 1302360016.0
443142.152410 4635462.507615 1302360020.0
443118.579420 4635462.140629 1302360023.0
443096.830386 4635461.537083 1302360026.0
443075.174981 4635462.265267 1302360044.0
443069.188267 4635481.633075 1302360049.0
443067.646063 4635506.739150 1302360074.0
443066.905348 4635528.285724 1302360077.0
443066.375868 4635555.493360 1302360080.0
443065.877913 4635576.260755 1302360082.0
443065.631584 4635597.359243 1302360084.0
443065.297834 4635617.903259 1302360086.0
443064.960539 4635638.003167 1302360088.0
443064.449722 4635667.542379 1302360091.0
443064.115097 4635687.975370 1302360093.0
443064.042743 4635710.071781 1302360095.0
443063.726761 4635732.836345 1302360097.0
443062.913764 4635755.715917 1302360099.0
443061.938355 4635779.040927 1302360101.0
443061.456421 4635801.806820 1302360103.0
443061.222556 4635824.459698 1302360105.0
443060.573776 4635847.115893 1302360107.0
443060.497010 4635868.657172 1302360109.0
443060.168634 4635889.867361 1302360111.0
443060.248074 4635910.186015 1302360113.0
443060.221906 4635938.055852 1302360116.0
443060.078143 4635961.596289 1302360119.0
443058.758436 4635983.369578 1302360144.0
443071.277137 4636002.589491 1302360149.0
443092.879850 4636005.858924 1302360152.0
443118.037448 4636007.434515 1302360155.0
443146.761465 4636008.759658 1302360158.0
443167.099023 4636009.485624 1302360160.0
443188.101314 4636010.317380 1302360162.0
443209.017076 4636010.705750 1302360164.0
443230.097912 4636010.981832 1302360166.0
443251.673981 4636010.920927 1302360168.0
443273.746169 4636010.634067 1302360170.0
443296.232382 4636010.232946 1302360172.0
443318.723013 4636010.387032 1302360174.0
443341.133310 4636010.874931 1302360176.0
443363.954979 4636010.915492 1302360178.0
443386.363504 4636011.181478 1302360180.0
443407.525540 4636011.235371 1302360182.0
443435.740116 4636011.122280 1302360185.0
443455.991998 4636011.516647 1302360190.0
443482.382740 4636011.640288 1302360195.0
443506.535623 4636012.114880 1302360198.0
443534.672490 4636012.669003 1302360201.0
443555.255402 4636012.949994 1302360203.0
443577.081274 4636012.999129 1302360205.0
443599.988540 4636013.372870 1302360207.0
443623.642635 4636013.740774 1302360209.0
443648.208643 4636013.990508 1302360211.0
443673.108330 4636014.459755 1302360213.0
443697.840293 4636014.708347 1302360215.0
443722.323310 4636014.958992 1302360217.0
443745.893528 4636015.216930 1302360219.0
443768.468843 4636015.593835 1302360221.0
443790.129607 4636015.755960 1302360223.0
443810.543896 4636015.705917 1302360225.0
443834.665205 4636012.184639 1302360228.0
443857.120782 4636007.899334 1302360241.0
443863.728372 4635982.864567 1302360245.0
443865.016410 4635956.761388 1302360248.0
443865.434531 4635936.105740 1302360250.0
443865.966120 4635908.787150 1302360253.0
