443529.120207 4635469.311600 1301865102.0
443502.979064 4635469.518873 1301865106.0
443474.513384 4635469.633652 1301865109.0
443451.931019 4635468.591499 1301865111.0
443427.934328 4635467.116512 1301865113.0
443404.438198 4635465.970731 1301865115.0
443381.440868 4635464.932098 1301865117.0
443359.280471 4635464.775157 1301865119.0
443338.446995 4635464.496698 1301865121.0
443309.968031 4635462.946726 1301865124.0
443287.804971 4635462.456927 1301865127.0
443267.134804 4635461.844272 1301865133.0
443246.222745 4635462.121879 1301865137.0
443218.414729 4635461.455202 1301865140.0
443191.435699 4635460.670988 1301865143.0
443170.256071 4635458.619231 1301865147.0
443149.902766 4635456.116807 1301865152.0
443126.913331 4635456.078239 1301865155.0
443103.092240 4635455.824319 1301865158.0
443081.018330 4635456.111690 1301865162.0
443060.678723 4635465.712148 1301865173.0
443063.093325 4635487.455570 1301865197.0
443063.446541 4635510.880983 1301865201.0
443062.262937 4635539.315225 1301865204.0
443061.697091 4635561.970746 1301865206.0
443061.468522 4635585.289778 1301865208.0
443060.900912 4635607.723246 1301865210.0
443060.908883 4635629.485909 1301865212.0
443060.738461 4635649.695518 1301865214.0
443060.953231 4635676.564108 1301865217.0
443060.590658 4635703.881451 1301865220.0
443060.925252 4635724.975300 1301865222.0
443060.766376 4635746.628267 1301865224.0
443059.946291 4635768.619622 1301865226.0
443059.550009 4635791.717934 1301865228.0
443059.155506 4635815.038301 1301865230.0
443059.085841 4635837.467798 1301865232.0
443059.258028 4635859.007087 1301865234.0
443059.175941 4635879.882204 1301865236.0
443059.339254 4635900.311221 1301865238.0
443059.566473 4635928.734204 1301865241.0
443059.992048 4635950.826642 1301865244.0
443060.321326 4635971.254336 1301865270.0
443060.902212 4635992.013122 1301865275.0
443079.888589 4636000.188945 1301865279.0
443104.201317 4635999.883655 1301865282.0
443125.273330 4635999.049154 1301865284.0
443148.176259 4635998.866307 1301865286.0
443170.247601 4635998.468100 1301865288.0
443190.485377 4635997.085276 1301865290.0
443216.436503 4635994.102478 1301865293.0
443239.589276 4635994.028968 1301865296.0
443262.493986 4635994.068543 1301865299.0
443289.717278 4635994.517943 1301865302.0
443309.804143 4635995.024244 1301865304.0
443331.227544 4635996.630311 1301865306.0
443352.728617 4635997.569618 1301865308.0
443372.979663 4635997.852723 1301865310.0
443402.278348 4635998.397087 1301865313.0
443428.011464 4635999.302993 1301865316.0
443449.850608 4636001.017148 1301865320.0
443472.862056 4636004.054477 1301865325.0
443498.690450 4636006.514362 1301865328.0
443519.447270 4636007.793179 1301865330.0
443542.025274 4636008.502448 1301865332.0
443567.257799 4636009.079722 1301865334.0
443593.493129 4636010.537418 1301865336.0
443619.890016 4636011.438759 1301865338.0
443646.363727 4636011.562351 1301865340.0
443672.838313 4636011.797069 1301865342.0
443698.899743 4636012.257220 1301865344.0
443724.625734 4636012.275979 1301865346.0
443749.273842 4636012.414378 1301865348.0
443772.513894 4636012.897080 1301865350.0
443794.676058 4636013.499398 1301865352.0
443822.395343 4636013.724849 1301865355.0
443846.630282 4636014.088912 1301865359.0
443865.522761 4635999.949685 1301865370.0
443866.128572 4635971.520166 1301865373.0
443866.376354 4635950.310689 1301865375.0
443867.267874 4635926.542355 1301865377.0
443868.300869 4635899.663951 1301865379.0
443868.995817 4635872.010973 1301865381.0
443870.441122 4635844.796220 1301865383.0
443872.056784 4635818.135297 1301865385.0
443874.424564 4635792.134654 1301865387.0
443876.808111 4635768.132503 1301865389.0
443881.160562 4635741.227955 1301865392.0
443895.376969 4635723.350510 1301865397.0
443916.864775 4635722.515091 1301865400.0
443945.333789 4635722.957206 1301865403.0
443975.400466 4635726.051687 1301865406.0
443996.579026 4635728.105827 1301865408.0
444017.743611 4635728.383595 1301865410.0
444047.208405 4635728.818290 1301865413.0
444070.369846 4635729.746734 1301865416.0
444090.963984 4635731.361607 1301865422.0
444117.595955 4635730.375386 1301865426.0
444137.679980 4635730.439919 1301865428.0
444161.336696 4635731.031671 1301865430.0
444185.990961 4635731.837754 1301865432.0
444209.648535 4635732.540694 1301865434.0
444231.563425 4635733.257356 1301865436.0
444256.710365 4635733.393622 1301865439.0
444276.133574 4635723.248589 1301865468.0
444299.291518 4635723.733668 1301865472.0
444328.580778 4635722.949525 1301865475.0
444350.992721 4635723.551637 1301865477.0
444372.988868 4635724.046031 1301865479.0
444394.157764 4635724.880054 1301865481.0
444415.324055 4635725.381057 1301865483.0
444436.578523 4635726.547639 1301865485.0
444463.807012 4635727.556672 1301865488.0
444484.351809 4635733.503389 1301865494.0
444491.235918 4635711.687087 1301865499.0
444491.693016 4635685.146413 1301865502.0
444492.766490 4635663.153330 1301865504.0
444493.902195 4635638.494948 1301865506.0
444495.109649 4635612.392567 1301865508.0
444496.153737 4635586.624562 1301865510.0
444497.539297 4635562.075271 1301865512.0
444499.682131 4635538.852489 1301865514.0
444501.098856 4635518.300178 1301865516.0
444499.506423 4635494.995465 1301865520.0
444504.164865 4635475.084105 1301865531.0
444532.544022 4635474.529978 1301865535.0
444554.291953 4635475.026878 1301865537.0
444578.610766 4635475.281775 1301865539.0
444602.762737 4635475.427019 1301865541.0
444625.838457 4635475.913812 1301865543.0
444646.426271 4635476.642079 1301865545.0
444669.409508 4635475.908359 1301865548.0
