446303.207706 4635257.216825 1303515029.0
446295.916575 4635236.841643 1303515047.0
446273.691961 4635239.229879 1303515052.0
446253.882449 4635242.710299 1303515055.0
446228.826146 4635243.787639 1303515058.0
446203.006172 4635242.650165 1303515061.0
446178.677492 4635241.168418 1303515064.0
446154.521495 4635240.573716 1303515067.0
446130.362974 4635239.646015 1303515070.0
446107.619478 4635239.262859 1303515073.0
446082.385432 4635238.787590 1303515076.0
446056.897368 4635237.648133 1303515079.0
446035.132918 4635235.037126 1303515082.0
446014.285551 4635232.974403 1303515090.0
445987.000286 4635235.623952 1303515099.0
445959.033431 4635235.947073 1303515102.0
445937.543182 4635236.665288 1303515104.0
445913.886763 4635236.289677 1303515106.0
445890.972192 4635235.242310 1303515108.0
445868.886672 4635234.077683 1303515110.0
445848.709075 4635232.787589 1303515112.0
445828.279122 4635231.055336 1303515115.0
445805.314466 4635234.338931 1303515128.0
445783.571869 4635234.615396 1303515131.0
445755.536387 4635236.827408 1303515134.0
445732.550636 4635237.335561 1303515136.0
445707.485901 4635237.304464 1303515138.0
445681.008638 4635237.062157 1303515140.0
445654.610974 4635236.375208 1303515142.0
445627.623897 4635234.582519 1303515144.0
445603.381419 4635233.546210 1303515146.0
445581.713327 4635232.712386 1303515148.0
445556.721375 4635231.348860 1303515151.0
445535.614678 4635227.957114 1303515156.0
445509.865594 4635225.267137 1303515168.0
445482.811582 4635225.585145 1303515171.0
445460.649753 4635225.310635 1303515173.0
445435.914369 4635224.944870 1303515175.0
445409.102519 4635224.373035 1303515177.0
445381.465867 4635224.473825 1303515179.0
445353.662381 4635224.464969 1303515181.0
445326.021465 4635224.010839 1303515183.0
445297.966445 4635223.671030 1303515185.0
445269.332193 4635223.557848 1303515187.0
445242.106215 4635223.100856 1303515189.0
445217.698492 4635222.178162 1303515191.0
445194.118103 4635220.916085 1303515193.0
445172.281359 4635219.751701 1303515195.0
445144.054339 4635218.636585 1303515198.0
445119.645727 4635217.603199 1303515202.0
445099.165040 4635220.092705 1303515227.0
445075.721532 4635225.825088 1303515231.0
445046.855427 4635227.935261 1303515234.0
445023.619830 4635228.336595 1303515236.0
444997.637837 4635227.759904 1303515238.0
444970.488828 4635226.526119 1303515240.0
444943.425371 4635225.624878 1303515242.0
444916.446613 4635224.945152 1303515244.0
444890.046205 4635223.927953 1303515246.0
444864.476551 4635223.015456 1303515248.0
444839.652945 4635221.986240 1303515250.0
444815.745665 4635221.394148 1303515252.0
444792.833405 4635220.683392 1303515254.0
444772.742817 4635219.950835 1303515256.0
444748.249421 4635218.697311 1303515259.0
444726.915685 4635218.196592 1303515264.0
444704.025807 4635220.372826 1303515285.0
444678.556338 4635221.680894 1303515288.0
444657.226915 4635221.735519 1303515290.0
444633.325649 4635221.921229 1303515292.0
444608.181251 4635222.338752 1303515294.0
444582.621038 4635222.648565 1303515296.0
444557.308933 4635222.845504 1303515298.0
444534.566941 4635222.689422 1303515300.0
444507.919203 4635221.897631 1303515303.0
444486.218943 4635227.618384 1303515307.0
444485.160963 4635251.609941 1303515311.0
444487.022345 4635277.466327 1303515314.0
444487.267118 4635298.227753 1303515316.0
444487.519677 4635319.988423 1303515318.0
444487.354695 4635341.419246 1303515320.0
444487.019412 4635362.296228 1303515322.0
444486.657381 4635390.390622 1303515325.0
444485.951290 4635416.933223 1303515328.0
444485.543415 4635439.143180 1303515331.0
444485.368068 4635459.241682 1303515335.0
444478.046278 4635478.174506 1303515342.0
444459.185713 4635486.093904 1303515365.0
444444.107244 4635500.090721 1303515372.0
444418.733057 4635502.842434 1303515375.0
444389.432487 4635502.293871 1303515378.0
444363.024324 4635500.168362 1303515381.0
444343.078747 4635496.660048 1303515384.0
444319.960536 4635490.733840 1303515390.0
444300.994966 4635506.426858 1303515396.0
444287.259400 4635522.301090 1303515399.0
444260.829969 4635528.059539 1303515402.0
444240.252672 4635528.664713 1303515404.0
444219.833528 4635528.269403 1303515406.0
444194.806607 4635522.358547 1303515409.0
444175.561771 4635512.960411 1303515414.0
444153.561466 4635512.022511 1303515419.0
444129.164975 4635512.435880 1303515422.0
444107.989306 4635510.825448 1303515424.0
444082.396129 4635506.807006 1303515426.0
444054.225956 4635502.253723 1303515428.0
444024.478113 4635497.601913 1303515430.0
443994.480393 4635492.841157 1303515432.0
443965.570202 4635489.182313 1303515434.0
443937.576337 4635485.960511 1303515436.0
443910.586163 4635483.730222 1303515438.0
443881.337813 4635479.297142 1303515440.0
443851.684113 4635476.088751 1303515442.0
443821.873164 4635473.992065 1303515444.0
443792.147811 4635472.227930 1303515446.0
443764.507651 4635471.779866 1303515448.0
443737.196806 4635470.996207 1303515450.0
443710.963917 4635470.093100 1303515452.0
443684.551878 4635467.525994 1303515454.0
443659.630086 4635464.503063 1303515456.0
443635.380959 4635462.585238 1303515458.0
443613.127920 4635461.206866 1303515460.0
443593.026401 4635459.034288 1303515462.0
443571.840750 4635456.204148 1303515465.0
443550.979114 4635452.372197 1303515476.0
443527.577393 4635452.668706 1303515480.0
443502.017105 4635452.871377 1303515483.0
443472.634966 4635452.549294 1303515486.0
443451.303536 4635452.274455 1303515488.0
443430.467386 4635451.662644 1303515490.0
443402.158784 4635450.666122 1303515493.0
443376.925142 4635450.200441 1303515496.0
443352.195602 4635450.508080 1303515500.0
443327.472246 4635451.592995 1303515505.0
443302.748013 4635452.566969 1303515510.0
443281.748519 4635452.289996 1303515515.0
443257.119660 4635454.817848 1303515523.0
443230.892812 4635454.693698 1303515527.0
443209.481034 4635454.753326 1303515530.0
443186.235550 4635453.828334 1303515534.0
443160.515479 4635454.810745 1303515544.0
443135.724234 4635457.784450 1303515548.0
443114.888943 4635457.284590 1303515551.0
443092.815037 4635457.571924 1303515555.0
443071.958860 4635464.844756 1303515564.0
443066.723483 4635484.761733 1303515568.0
443066.992812 4635508.076783 1303515571.0
443065.311271 4635536.515003 1303515574.0
443063.567627 4635557.181320 1303515576.0
443062.565550 4635577.175505 1303515578.0
443062.549986 4635606.377653 1303515581.0
443062.673774 4635632.247660 1303515584.0
443062.198915 4635655.901766 1303515587.0
443060.554279 4635678.565915 1303515592.0
443061.879370 4635698.985640 1303515618.0
443063.287439 4635719.404702 1303515622.0
443063.969939 4635742.494389 1303515625.0
443063.890490 4635763.702583 1303515627.0
443062.840084 4635788.027501 1303515629.0
443061.373880 4635812.244709 1303515631.0
443060.819619 4635836.343595 1303515633.0
443059.762140 4635859.780298 1303515635.0
443058.527165 4635881.774974 1303515637.0
443057.612592 4635902.323644 1303515639.0
443056.761046 4635930.755250 1303515642.0
443057.682748 4635952.621654 1303515645.0
443062.242337 4635972.793460 1303515669.0
443072.012888 4635990.813966 1303515678.0
443091.640931 4635996.208832 1303515686.0
443111.912401 4635999.044822 1303515690.0
443137.731211 4636000.282099 1303515694.0
443161.715555 4636000.423765 1303515698.0
443184.632649 4636002.017472 1303515703.0
443206.548641 4636002.953028 1303515708.0
443230.543590 4636004.427253 1303515712.0
443254.116543 4636005.016646 1303515715.0
443279.845243 4636005.366881 1303515718.0
443304.742355 4636005.501760 1303515721.0
443329.309306 4636005.861421 1303515724.0
443353.544327 4636006.223806 1303515727.0
443377.858794 4636006.141506 1303515730.0
443402.678208 4636006.943550 1303515734.0
443424.679771 4636008.212200 1303515739.0
443446.847289 4636009.479599 1303515744.0
443469.834037 4636009.408155 1303515747.0
443498.136883 4636009.960816 1303515750.0
443519.049972 4636010.017015 1303515752.0
443548.757333 4636009.781499 1303515755.0
443577.308230 4636010.221475 1303515758.0
443602.123199 4636010.469077 1303515761.0
443624.347286 4636008.405554 1303515767.0
443649.578920 4636008.872092 1303515772.0
443672.236370 4636009.137008 1303515775.0
443696.471341 4636009.500561 1303515778.0
443721.862784 4636009.188852 1303515781.0
443749.332272 4636009.304959 1303515784.0
443776.132647 4636008.760248 1303515787.0
443799.280965 4636008.133420 1303515790.0
443821.100706 4636007.406113 1303515793.0
443845.394138 4636004.660753 1303515797.0
443858.285708 4635987.237797 1303515801.0
443861.314597 4635960.898828 1303515805.0
443862.791349 4635937.681050 1303515808.0
443863.705610 4635916.799424 1303515811.0
443864.211091 4635896.698260 1303515815.0
