446299.456422 4635255.024433 1302924660.0
446287.045000 4635238.018858 1302924675.0
446261.144539 4635237.214881 1302924679.0
446240.238562 4635238.371908 1302924682.0
446213.762193 4635238.238649 1302924686.0
446192.188110 4635238.845694 1302924689.0
446170.109377 4635238.568351 1302924692.0
446147.283730 4635238.296722 1302924695.0
446122.381647 4635237.818802 1302924698.0
446093.833873 4635238.145788 1302924701.0
446072.922874 4635238.637144 1302924703.0
446051.596927 4635239.131704 1302924705.0
446030.764717 4635239.067420 1302924707.0
446010.430446 4635238.999423 1302924709.0
445990.343461 4635238.707543 1302924711.0
445960.292601 4635237.825091 1302924714.0
445938.874395 4635237.099320 1302924716.0
445915.300125 4635236.612048 1302924718.0
445890.978938 4635236.130526 1302924720.0
445866.989707 4635235.646565 1302924722.0
445843.164764 4635234.939369 1302924724.0
445819.096755 4635235.011336 1302924726.0
445784.570287 4635234.940898 1302924729.0
445761.493931 4635234.450345 1302924731.0
445737.171027 4635233.747295 1302924733.0
445710.941032 4635233.280926 1302924735.0
445683.881129 4635232.820982 1302924737.0
445656.906752 4635232.693588 1302924739.0
445630.347324 4635232.563130 1302924741.0
445605.198728 4635232.421999 1302924743.0
445582.124886 4635232.265108 1302924745.0
445561.622892 4635231.977606 1302924747.0
445536.723260 4635231.834814 1302924750.0
445515.638630 4635231.329831 1302924754.0
445490.246996 4635231.968199 1302924781.0
445469.492623 4635231.238758 1302924784.0
445447.163980 4635230.854533 1302924787.0
445421.680850 4635230.383510 1302924790.0
445392.712121 4635229.939295 1302924793.0
445370.965249 4635229.661883 1302924795.0
445347.641557 4635229.396634 1302924797.0
445323.821625 4635229.357336 1302924799.0
445299.168377 4635228.880382 1302924801.0
445274.515978 4635228.514541 1302924803.0
445249.282642 4635228.153249 1302924805.0
445223.557335 4635228.573064 1302924807.0
445199.070053 4635228.095180 1302924809.0
445176.991196 4635227.820914 1302924811.0
445148.098576 4635226.488837 1302924814.0
445126.930893 4635225.985643 1302924817.0
445105.935176 4635226.258423 1302924844.0
445085.265430 4635225.751516 1302924849.0
445061.444612 4635225.602068 1302924852.0
445033.806233 4635225.482153 1302924855.0
445013.553999 4635225.305334 1302924857.0
444992.967229 4635224.798054 1302924859.0
444972.795408 4635224.287628 1302924861.0
444952.706573 4635223.776619 1302924863.0
444932.286631 4635223.379259 1302924865.0
444910.456706 4635223.103894 1302924867.0
444888.046704 4635222.944117 1302924869.0
444866.298905 4635222.557218 1302924871.0
444844.553681 4635222.503466 1302924873.0
444822.720306 4635221.784262 1302924875.0
444802.048792 4635221.056122 1302924877.0
444774.572912 4635220.491818 1302924880.0
444753.906552 4635220.429980 1302924883.0
444731.416123 4635220.604420 1302924888.0
444707.179446 4635220.348349 1302924911.0
444683.859972 4635220.640408 1302924914.0
444653.567570 4635220.764643 1302924917.0
444630.160792 4635220.502386 1302924919.0
444606.509355 4635220.797278 1302924921.0
444582.691074 4635220.982512 1302924923.0
444559.375056 4635221.719087 1302924925.0
444536.805092 4635222.338896 1302924927.0
444516.060057 4635222.833530 1302924929.0
444493.492692 4635223.786558 1302924932.0
444480.114928 4635243.099656 1302924937.0
444481.116147 4635265.076559 1302924940.0
444481.932420 4635295.271409 1302924943.0
444481.953332 4635319.254563 1302924945.0
444482.072809 4635345.235558 1302924947.0
444482.192288 4635371.216555 1302924949.0
444482.214070 4635395.310739 1302924951.0
444482.214223 4635416.629244 1302924953.0
444482.564500 4635440.276734 1302924956.0
444483.551855 4635460.477208 1302924961.0
444468.979864 4635475.580362 1302924967.0
444447.646863 4635475.080486 1302924971.0
444426.104738 4635479.689866 1302924978.0
444396.301815 4635478.590022 1302924981.0
444373.226942 4635478.215000 1302924983.0
444350.074282 4635478.506863 1302924985.0
444329.083637 4635479.337076 1302924987.0
444307.933097 4635480.945837 1302924990.0
444287.528584 4635482.437794 1302924995.0
444260.152261 4635483.873323 1302924999.0
444238.573772 4635483.820130 1302925001.0
444213.259106 4635483.574192 1302925003.0
444187.448251 4635483.554300 1302925005.0
444163.379261 4635483.409814 1302925007.0
444143.394069 4635485.454067 1302925009.0
444118.582550 4635485.870725 1302925012.0
444092.352402 4635485.299296 1302925015.0
444071.431706 4635484.464209 1302925017.0
444048.021379 4635483.648738 1302925019.0
444021.876818 4635483.409998 1302925021.0
443995.562787 4635482.728551 1302925023.0
443971.820490 4635481.915939 1302925025.0
443951.651893 4635481.741492 1302925027.0
443930.248093 4635482.798199 1302925030.0
