444115.174592 4635728.506803 1302800961.0
444134.961515 4635733.015021 1302800976.0
444156.648352 4635736.398059 1302800979.0
444179.573845 4635738.994217 1302800982.0
444203.559855 4635739.250426 1302800985.0
444227.127462 4635739.065857 1302800988.0
444247.532966 4635737.795774 1302800993.0
444269.307058 4635741.733640 1302801016.0
444292.878127 4635741.993397 1302801019.0
444322.347167 4635742.984366 1302801022.0
444351.638085 4635742.422372 1302801025.0
444375.432087 4635739.349641 1302801028.0
444395.816809 4635735.415330 1302801054.0
444416.244005 4635736.921411 1302801059.0
444438.741474 4635737.856232 1302801064.0
444459.396829 4635736.695842 1302801073.0
444470.371347 4635717.956576 1302801079.0
444469.548210 4635697.532747 1302801084.0
444469.774450 4635673.325584 1302801088.0
444470.487355 4635647.671187 1302801091.0
444471.169976 4635618.130839 1302801094.0
444471.592495 4635597.808337 1302801096.0
444471.762597 4635577.043667 1302801098.0
444471.927508 4635555.612835 1302801100.0
444472.507357 4635534.178769 1302801102.0
444473.043939 4635507.193346 1302801105.0
444474.048255 4635486.977347 1302801109.0
444475.626570 4635465.868603 1302801124.0
444476.033545 4635443.547617 1302801127.0
444476.562368 4635415.562954 1302801130.0
444477.064456 4635394.795703 1302801132.0
444477.053905 4635372.144872 1302801134.0
444477.369255 4635348.714266 1302801136.0
444477.602486 4635325.395333 1302801138.0
444477.767440 4635303.964510 1302801140.0
444478.151081 4635278.645798 1302801143.0
444477.073786 4635257.557759 1302801147.0
444478.151639 4635236.119824 1302801151.0
444480.703431 4635212.116624 1302801155.0
444502.859300 4635200.951648 1302801159.0
444528.925317 4635201.636917 1302801162.0
444549.757725 4635201.696811 1302801164.0
444573.161982 4635201.625722 1302801166.0
444596.063976 4635201.003447 1302801168.0
444620.132158 4635200.927350 1302801171.0
444644.690521 4635199.848221 1302801175.0
444667.760229 4635199.446941 1302801178.0
444697.299771 4635198.551376 1302801181.0
444719.134098 4635199.381225 1302801183.0
444743.205725 4635199.749651 1302801185.0
444768.771181 4635200.106579 1302801187.0
444794.669456 4635200.572052 1302801189.0
444820.897970 4635200.812995 1302801191.0
444847.789546 4635200.937867 1302801193.0
444875.096933 4635201.170657 1302801195.0
444902.490741 4635201.847018 1302801197.0
444930.048807 4635202.300147 1302801199.0
444957.437455 4635202.310557 1302801201.0
444985.160636 4635202.651590 1302801203.0
445012.882955 4635202.881703 1302801205.0
445040.605271 4635203.111925 1302801207.0
445068.408006 4635203.008533 1302801209.0
445096.128605 4635203.016917 1302801211.0
445124.182019 4635203.133878 1302801213.0
445152.486113 4635203.471087 1302801215.0
445180.956183 4635203.807131 1302801217.0
445209.676074 4635204.252402 1302801219.0
445238.478950 4635204.697150 1302801221.0
445267.033701 4635205.254955 1302801223.0
445295.419908 4635205.481067 1302801225.0
445323.390305 4635205.599450 1302801227.0
445351.528384 4635205.938724 1302801229.0
445379.918835 4635206.720308 1302801231.0
445408.139894 4635207.059169 1302801233.0
445436.277107 4635207.287750 1302801235.0
445464.499857 4635207.848888 1302801237.0
445492.889431 4635208.519895 1302801239.0
445521.691404 4635208.854761 1302801241.0
445551.652694 4635208.847782 1302801243.0
445582.112773 4635208.948153 1302801245.0
445610.912190 4635208.950298 1302801247.0
445636.887385 4635208.641009 1302801249.0
445658.300642 4635208.699711 1302801251.0
445682.291682 4635209.405025 1302801254.0
445705.275830 4635208.674656 1302801257.0
445731.499996 4635208.363815 1302801260.0
445759.636327 4635208.482646 1302801263.0
445779.891933 4635209.105695 1302801265.0
445801.140888 4635209.388143 1302801267.0
445822.720957 4635209.557104 1302801269.0
445843.637944 4635209.842203 1302801271.0
445869.038947 4635210.426394 1302801274.0
445890.544450 4635211.706461 1302801280.0
445915.454239 4635213.182815 1302801306.0
445936.307596 4635216.022439 1302801309.0
445959.393253 4635217.734856 1302801313.0
445973.710908 4635234.281284 1302801333.0
445974.815766 4635259.588534 1302801337.0
445975.142560 4635280.793448 1302801341.0
445973.650322 4635302.900425 1302801356.0
445973.423139 4635327.662612 1302801359.0
445973.252006 4635348.871304 1302801361.0
445973.418723 4635370.854669 1302801363.0
445973.591335 4635393.615224 1302801365.0
445973.183874 4635416.491213 1302801367.0
445971.688312 4635438.154087 1302801369.0
445970.283327 4635460.815576 1302801372.0
445969.951294 4635482.691694 1302801397.0
445991.762996 4635491.631042 1302801403.0
446016.555139 4635488.667286 1302801406.0
446037.214759 4635487.955589 1302801408.0
446059.705145 4635487.896290 1302801410.0
446082.530841 4635488.278658 1302801412.0
446105.437841 4635488.438417 1302801414.0
446128.257652 4635488.043742 1302801416.0
446150.000310 4635487.879349 1302801418.0
446175.059101 4635487.245833 1302801421.0
