446302.419791 4635251.782129 1303932038.0
446287.939476 4635235.569380 1303932065.0
446262.867233 4635234.537085 1303932069.0
446238.549435 4635234.498486 1303932072.0
446211.990899 4635234.476887 1303932075.0
446183.274617 4635234.471686 1303932078.0
446153.892732 4635234.249564 1303932081.0
446133.805747 4635233.957279 1303932083.0
446113.138667 4635233.780472 1303932085.0
446091.890654 4635233.608121 1303932087.0
446070.228528 4635233.550002 1303932089.0
446048.316589 4635233.382806 1303932091.0
446026.153154 4635232.884483 1303932093.0
446003.989714 4635232.386229 1303932095.0
445981.493468 4635231.779534 1303932097.0
445958.832078 4635231.285195 1303932099.0
445936.006388 4635231.014243 1303932101.0
445912.184812 4635230.750924 1303932103.0
445887.701841 4635230.825810 1303932105.0
445863.299328 4635230.567067 1303932107.0
445839.062793 4635230.307146 1303932109.0
445814.825409 4635229.936281 1303932111.0
445790.753158 4635229.453207 1303932113.0
445766.596221 4635228.748793 1303932115.0
445742.607796 4635228.376278 1303932117.0
445718.369549 4635227.894713 1303932119.0
445694.297279 4635227.411966 1303932121.0
445669.975186 4635226.820172 1303932123.0
445645.316891 4635225.675857 1303932125.0
445620.832195 4635225.529605 1303932127.0
445596.512629 4635225.271143 1303932129.0
445572.860375 4635225.451799 1303932131.0
445549.369860 4635225.076130 1303932133.0
445526.458575 4635224.474043 1303932135.0
445503.383003 4635224.095353 1303932137.0
445480.058456 4635223.718643 1303932139.0
445456.236812 4635223.456848 1303932141.0
445432.331325 4635223.084742 1303932143.0
445408.592666 4635222.822471 1303932145.0
445384.853152 4635222.449252 1303932147.0
445361.282170 4635222.407921 1303932149.0
445337.542650 4635222.034860 1303932151.0
445313.803126 4635221.661877 1303932153.0
445289.563098 4635220.959717 1303932155.0
445265.160494 4635220.703023 1303932157.0
445240.593613 4635220.669742 1303932159.0
445215.944594 4635220.748211 1303932161.0
445191.127030 4635220.494961 1303932163.0
445166.640571 4635220.128215 1303932165.0
445142.320943 4635219.871303 1303932167.0
445118.914208 4635219.607441 1303932169.0
445095.341488 4635219.344935 1303932171.0
445071.934746 4635219.081227 1303932173.0
445049.443466 4635219.143636 1303932175.0
445027.778663 4635218.755604 1303932177.0
445006.115571 4635218.589692 1303932179.0
444984.453334 4635218.534874 1303932181.0
444962.624257 4635218.370376 1303932183.0
444941.621650 4635217.755422 1303932185.0
444912.405552 4635217.537137 1303932188.0
444885.596175 4635217.300353 1303932191.0
444860.197634 4635217.052749 1303932194.0
444833.304400 4635216.705777 1303932197.0
444804.501519 4635216.262667 1303932200.0
444775.202410 4635216.045587 1303932203.0
444745.319780 4635215.500052 1303932206.0
444724.981921 4635214.991615 1303932208.0
444704.565377 4635215.039016 1303932210.0
444684.314813 4635215.085186 1303932212.0
444655.932895 4635215.416645 1303932215.0
444634.189363 4635215.585589 1303932218.0
444609.625876 4635215.998592 1303932223.0
444585.562062 4635216.629861 1303932227.0
444564.070094 4635217.130165 1303932230.0
444541.917661 4635218.079810 1303932233.0
444521.425044 4635219.016599 1303932236.0
444500.677405 4635219.178196 1303932252.0
444486.880334 4635237.939379 1303932259.0
444487.403491 4635262.473785 1303932263.0
444486.604866 4635287.795729 1303932266.0
444486.513356 4635308.004607 1303932268.0
444486.505703 4635328.323865 1303932270.0
444486.578445 4635348.309396 1303932272.0
444486.888975 4635377.508886 1303932275.0
444486.927250 4635414.371838 1303932279.0
444487.360499 4635438.018681 1303932282.0
444486.862713 4635459.341068 1303932286.0
444473.463789 4635475.878512 1303932304.0
444450.472769 4635475.613619 1303932308.0
444423.658255 4635474.601392 1303932312.0
444398.079878 4635472.469278 1303932316.0
444376.026845 4635475.417288 1303932320.0
444351.867050 4635474.273569 1303932324.0
444329.645461 4635476.889938 1303932327.0
444307.511215 4635480.060864 1303932331.0
444286.823873 4635477.224709 1303932349.0
444261.008656 4635476.649414 1303932355.0
444234.439592 4635475.191842 1303932358.0
444204.400688 4635475.760157 1303932361.0
444183.894921 4635474.921490 1303932363.0
444156.833996 4635474.245299 1303932366.0
444132.346551 4635473.660061 1303932369.0
444109.600971 4635472.950208 1303932373.0
444091.091034 4635483.199549 1303932380.0
444087.286277 4635505.991384 1303932384.0
444086.786212 4635526.869704 1303932387.0
444087.293322 4635549.183562 1303932390.0
444088.625938 4635570.935771 1303932393.0
444088.801097 4635593.252236 1303932396.0
444086.811650 4635614.697419 1303932399.0
444087.239261 4635637.456040 1303932402.0
444087.748113 4635659.991956 1303932405.0
444087.664738 4635681.089079 1303932408.0
444086.850188 4635704.190554 1303932412.0
444091.333592 4635725.584935 1303932420.0
444118.869468 4635734.029518 1303932441.0
