446296.151171 4635774.352668 1303733121.0
446295.722245 4635750.483707 1303733133.0
446296.170991 4635721.944724 1303733136.0
446296.578610 4635698.957725 1303733138.0
446296.889020 4635674.083891 1303733140.0
446297.191900 4635648.210814 1303733142.0
446297.571911 4635621.559923 1303733144.0
446298.120411 4635595.240862 1303733146.0
446297.847424 4635570.038331 1303733148.0
446297.683372 4635548.277015 1303733150.0
446298.422967 4635525.287520 1303733153.0
446290.634156 4635504.916091 1303733161.0
446263.237548 4635503.679269 1303733165.0
446234.109095 4635503.899057 1303733168.0
446212.196323 4635503.509311 1303733170.0
446190.117574 4635503.120886 1303733172.0
446167.457911 4635502.736920 1303733174.0
446144.138545 4635502.913180 1303733176.0
446120.818339 4635502.978489 1303733178.0
446097.748774 4635503.264045 1303733180.0
446075.260119 4635503.545279 1303733182.0
446054.341492 4635502.926426 1303733184.0
446026.269988 4635500.252189 1303733187.0
446004.596887 4635498.639897 1303733190.0
445983.929723 4635498.352445 1303733195.0
445963.166937 4635496.400275 1303733199.0
445939.585101 4635494.802659 1303733202.0
445910.280509 4635493.692706 1303733205.0
445889.526118 4635492.851022 1303733207.0
445867.362626 4635492.242173 1303733209.0
445844.452245 4635491.639071 1303733211.0
445821.463092 4635491.591809 1303733213.0
445798.637379 4635491.210277 1303733215.0
445776.476405 4635490.934792 1303733217.0
445755.062313 4635490.653689 1303733219.0
445728.165138 4635489.637186 1303733222.0
445707.827334 4635489.014924 1303733228.0
445682.105511 4635489.766174 1303733233.0
445655.154128 4635492.525502 1303733236.0
445633.662974 4635493.022586 1303733238.0
445611.746714 4635492.190578 1303733240.0
445589.749156 4635491.581325 1303733242.0
445568.665302 4635491.076192 1303733244.0
445541.606359 4635490.616797 1303733247.0
445518.944039 4635489.901811 1303733251.0
445493.288224 4635488.432566 1303733274.0
445469.138068 4635488.506358 1303733277.0
445438.591934 4635487.851981 1303733280.0
445415.928739 4635487.026296 1303733282.0
445392.687179 4635486.538217 1303733284.0
445369.028975 4635485.831341 1303733286.0
445344.042115 4635485.023705 1303733288.0
445318.807138 4635484.329094 1303733290.0
445294.071784 4635483.852802 1303733292.0
445269.419413 4635483.375959 1303733294.0
445244.269113 4635482.903029 1303733296.0
445218.956248 4635482.875572 1303733298.0
445194.473255 4635482.841821 1303733300.0
445171.816839 4635482.905129 1303733302.0
445144.510561 4635482.671212 1303733305.0
445122.596752 4635482.173789 1303733309.0
445101.932028 4635482.221976 1303733315.0
445075.044958 4635482.540263 1303733319.0
445048.062912 4635481.304912 1303733322.0
445019.839469 4635480.523379 1303733325.0
444991.364485 4635479.410799 1303733328.0
444965.133582 4635478.725130 1303733331.0
444941.310168 4635478.131984 1303733334.0
444918.565586 4635477.530575 1303733338.0
444897.228352 4635476.474218 1303733347.0
444876.560165 4635476.078950 1303733351.0
444852.325230 4635475.933421 1303733354.0
444827.922598 4635475.567205 1303733357.0
444803.603810 4635475.311457 1303733360.0
444778.209623 4635475.508263 1303733363.0
444754.557313 4635475.580617 1303733366.0
444731.486777 4635475.759570 1303733370.0
444709.494217 4635475.819198 1303733384.0
444687.169705 4635475.881470 1303733387.0
444657.454126 4635475.335025 1303733390.0
444635.369945 4635474.285254 1303733392.0
444612.627034 4635473.906876 1303733394.0
444590.050096 4635473.527280 1303733396.0
444568.139646 4635473.475671 1303733398.0
444547.391885 4635473.526112 1303733400.0
444520.086374 4635473.405615 1303733403.0
444498.093797 4635473.465895 1303733407.0
444444.890955 4635472.881300 1303733417.0
444405.801193 4635472.853152 1303733421.0
444382.315698 4635473.036474 1303733424.0
444358.664229 4635473.221169 1303733453.0
444336.836751 4635473.169623 1303733457.0
444314.690340 4635474.786146 1303733460.0
444294.182853 4635473.725107 1303733470.0
444284.380644 4635493.787877 1303733479.0
444283.566288 4635517.000344 1303733483.0
444283.826425 4635539.649239 1303733486.0
444283.634669 4635568.186468 1303733489.0
444284.135952 4635589.834173 1303733492.0
444285.294174 4635610.588467 1303733498.0
444285.051186 4635632.575096 1303733501.0
444284.934606 4635660.112436 1303733504.0
444282.989752 4635687.330976 1303733507.0
444280.324585 4635707.337942 1303733511.0
444277.999190 4635728.341559 1303733536.0
444276.100024 4635750.785284 1303733539.0
444275.420844 4635780.658746 1303733542.0
444274.686083 4635803.426467 1303733544.0
444273.953934 4635826.527271 1303733546.0
444273.557199 4635850.069587 1303733548.0
444272.906308 4635872.947689 1303733550.0
444271.511185 4635896.164717 1303733552.0
444270.612230 4635919.155796 1303733554.0
444269.949198 4635940.479519 1303733556.0
444268.946426 4635960.806595 1303733558.0
444269.413424 4635988.672487 1303733561.0
444274.629055 4636008.284706 1303733565.0
444295.310524 4636010.565676 1303733570.0
444322.911543 4636016.900872 1303733574.0
444345.332410 4636029.383522 1303733577.0
444370.517318 4636034.516406 1303733580.0
444399.802703 4636033.399462 1303733583.0
444420.044022 4636032.464242 1303733585.0
444440.721903 4636034.301525 1303733587.0
444462.147467 4636036.244071 1303733589.0
444483.657731 4636038.408090 1303733591.0
444502.170354 4636049.922386 1303733594.0
444528.313654 4636050.273895 1303733597.0
444549.871393 4636047.885349 1303733600.0
444575.163287 4636045.467810 1303733603.0
444597.755688 4636048.067887 1303733606.0
444616.323450 4636056.028960 1303733618.0
444637.430778 4636059.751049 1303733638.0
444660.990409 4636058.679687 1303733641.0
444691.271488 4636057.556204 1303733644.0
444715.325569 4636056.037046 1303733646.0
444741.292524 4636055.058298 1303733648.0
444767.754787 4636053.742703 1303733650.0
444793.059629 4636052.991346 1303733652.0
444818.195933 4636051.908283 1303733654.0
444842.419453 4636050.832378 1303733656.0
444865.977414 4636049.539640 1303733658.0
444889.454119 4636048.469676 1303733660.0
444913.095934 4636047.287479 1303733662.0
444937.152658 4636046.102153 1303733664.0
444961.546461 4636045.580507 1303733666.0
444986.352598 4636044.722657 1303733668.0
445011.406825 4636043.751945 1303733670.0
445036.627018 4636042.780041 1303733672.0
445061.674404 4636040.921288 1303733674.0
445086.980161 4636040.282004 1303733676.0
445112.867643 4636039.749360 1303733678.0
445138.671290 4636039.106422 1303733680.0
445163.484299 4636039.137408 1303733682.0
445188.792627 4636038.831568 1303733684.0
445213.932433 4636038.194012 1303733686.0
445238.661605 4636038.114870 1303733688.0
445263.391630 4636038.146842 1303733690.0
445288.204633 4636038.178263 1303733692.0
445313.757644 4636037.315818 1303733694.0
445339.891525 4636036.449007 1303733696.0
445365.284545 4636036.365211 1303733698.0
445390.509899 4636036.060723 1303733700.0
445414.902041 4636035.318576 1303733702.0
445438.871627 4636033.580445 1303733704.0
445461.846301 4636031.961047 1303733706.0
445484.989497 4636030.673535 1303733708.0
445509.464642 4636029.931076 1303733710.0
445534.195527 4636030.075016 1303733712.0
445559.092371 4636030.217773 1303733714.0
445584.565838 4636029.801043 1303733716.0
445609.876735 4636029.829781 1303733718.0
445634.272298 4636029.532494 1303733720.0
445658.337632 4636029.459877 1303733722.0
445682.071041 4636029.389873 1303733724.0
445705.641873 4636029.765323 1303733726.0
445729.212700 4636030.140850 1303733728.0
445752.533736 4636030.407324 1303733730.0
445775.272211 4636030.456242 1303733732.0
445797.013223 4636030.290756 1303733734.0
445818.501913 4636029.683122 1303733736.0
445846.965229 4636029.577688 1303733739.0
445867.540289 4636028.866114 1303733742.0
445888.015501 4636025.934686 1303733749.0
