443076.640373 4635458.700460 1302446372.0
443066.412406 4635476.991819 1302446382.0
443066.905853 4635497.196117 1302446385.0
443066.842346 4635520.402792 1302446388.0
443066.226328 4635547.166982 1302446391.0
443065.628953 4635576.262745 1302446394.0
443065.033361 4635605.580564 1302446397.0
443064.773270 4635635.339840 1302446400.0
443064.353880 4635655.551438 1302446402.0
443064.262431 4635685.642472 1302446405.0
443063.928697 4635706.186491 1302446407.0
443063.101494 4635727.289626 1302446409.0
443062.356396 4635748.281072 1302446411.0
443061.945015 4635769.491920 1302446413.0
443061.615735 4635790.591078 1302446415.0
443061.453314 4635811.799937 1302446417.0
443061.366778 4635832.119915 1302446419.0
443061.099635 4635860.990984 1302446422.0
443060.581773 4635889.641989 1302446425.0
443060.312866 4635918.291006 1302446428.0
443060.287586 4635946.271870 1302446431.0
443060.085694 4635972.921735 1302446434.0
443059.836763 4635993.687155 1302446437.0
443083.155038 4636003.938010 1302446442.0
443104.988949 4636004.984945 1302446445.0
443129.561243 4636006.010081 1302446448.0
443156.209839 4636007.240799 1302446451.0
443183.767677 4636008.020226 1302446454.0
443210.830275 4636009.136812 1302446457.0
443233.742018 4636010.064512 1302446460.0
443254.988817 4636010.339345 1302446463.0
443279.967128 4636010.251421 1302446466.0
443308.433310 4636010.468925 1302446469.0
443338.478787 4636011.007082 1302446472.0
443359.060839 4636011.176479 1302446474.0
443379.642889 4636011.345935 1302446476.0
443409.103952 4636011.444898 1302446479.0
443435.083319 4636012.015770 1302446482.0
443457.333803 4636013.282543 1302446488.0
443479.410386 4636013.551458 1302446492.0
443502.149056 4636013.593120 1302446495.0
443528.373825 4636013.718248 1302446498.0
443557.507339 4636014.375593 1302446501.0
443577.592356 4636014.660594 1302446503.0
443597.761230 4636015.056022 1302446505.0
443618.177288 4636015.227481 1302446507.0
443638.841410 4636015.286002 1302446509.0
443660.003418 4636015.340644 1302446511.0
443681.332266 4636015.505065 1302446513.0
443702.411290 4636015.560489 1302446515.0
443723.492067 4636015.838031 1302446517.0
443744.491613 4636016.338344 1302446519.0
443765.074496 4636016.619941 1302446521.0
443793.954634 4636016.725082 1302446524.0
443819.584485 4636015.079430 1302446527.0
443842.046172 4636011.571268 1302446531.0
443862.791371 4636000.859486 1302446541.0
443865.652556 4635974.299771 1302446545.0
443866.535319 4635949.421163 1302446548.0
443867.570055 4635922.764812 1302446551.0
443868.258870 4635894.334643 1302446554.0
443869.183520 4635864.237104 1302446557.0
443869.265357 4635843.028939 1302446559.0
443869.929831 4635822.038252 1302446561.0
443871.593616 4635801.483828 1302446563.0
443873.594598 4635781.592952 1302446565.0
443874.461683 4635754.715863 1302446568.0
443880.258988 4635732.130261 1302446572.0
443903.623936 4635727.282786 1302446576.0
443926.870142 4635728.432164 1302446579.0
443948.695115 4635728.260392 1302446582.0
443969.283178 4635729.097723 1302446586.0
443992.785301 4635731.133575 1302446599.0
444013.550662 4635733.413083 1302446602.0
444037.045777 4635734.560863 1302446605.0
444059.635028 4635736.604108 1302446608.0
444081.239782 4635740.098595 1302446614.0
444106.712549 4635739.454534 1302446619.0
444129.373425 4635740.053995 1302446622.0
444154.934401 4635740.075619 1302446625.0
444181.736663 4635739.643472 1302446628.0
444207.793805 4635739.439331 1302446631.0
444234.106855 4635740.121553 1302446634.0
444261.498696 4635740.795431 1302446637.0
444288.555987 4635741.138928 1302446640.0
444316.768981 4635740.696256 1302446643.0
444345.237002 4635741.028941 1302446646.0
444372.710940 4635741.591570 1302446649.0
444399.020488 4635741.830292 1302446652.0
444424.579707 4635741.630830 1302446655.0
444447.734975 4635741.783309 1302446658.0
444467.831067 4635743.403154 1302446662.0
444478.717419 4635723.998385 1302446668.0
444479.090618 4635697.347329 1302446672.0
444480.642059 4635672.796736 1302446675.0
444481.099124 4635646.256064 1302446678.0
444481.796499 4635618.603180 1302446681.0
444480.996670 4635590.517831 1302446684.0
444480.367136 4635562.986325 1302446687.0
444480.748153 4635537.334521 1302446690.0
444480.479988 4635513.575354 1302446693.0
444478.720647 4635490.160912 1302446697.0
444488.529459 4635470.875605 1302446704.0
444508.610735 4635470.497083 1302446707.0
444533.532093 4635473.522980 1302446710.0
444560.433897 4635475.090110 1302446713.0
444587.658137 4635475.433462 1302446716.0
444613.634107 4635475.342487 1302446719.0
444638.032450 4635475.152833 1302446722.0
444661.933729 4635475.078158 1302446726.0
