446013.881296 4634851.022522 1301950841.0
446028.108134 4634866.459414 1301950857.0
446048.275796 4634866.306673 1301950863.0
446063.516314 4634851.201782 1301950869.0
446057.884846 4634830.925308 1301950874.0
446036.940699 4634827.197732 1301950879.0
446013.129560 4634828.488442 1301950884.0
445989.222810 4634828.114455 1301950889.0
445973.637789 4634841.556618 1301950896.0
445973.497756 4634866.873293 1301950900.0
445973.766805 4634891.409633 1301950903.0
445973.781820 4634915.281700 1301950906.0
445974.184024 4634935.486730 1301950909.0
445974.086583 4634955.473482 1301950915.0
445973.604485 4634979.460355 1301950919.0
445973.055397 4635005.557371 1301950922.0
445972.543843 4635025.658300 1301950924.0
445972.290532 4635046.978638 1301950926.0
445971.875449 4635068.855371 1301950928.0
445971.458687 4635090.510051 1301950930.0
445971.036035 4635111.387542 1301950932.0
445970.689643 4635131.376188 1301950934.0
445970.143958 4635157.917319 1301950937.0
445968.990400 4635180.909991 1301950941.0
445968.071508 4635202.013316 1301950952.0
445964.487668 4635221.915486 1301950959.0
445939.639425 4635228.543937 1301950964.0
445914.655134 4635228.178400 1301950967.0
445884.608431 4635227.851402 1301950970.0
445862.525417 4635227.019876 1301950972.0
445837.367535 4635225.656627 1301950974.0
445809.307513 4635224.648642 1301950976.0
445778.677315 4635223.993429 1301950978.0
445748.553506 4635224.444826 1301950980.0
445718.927641 4635224.892556 1301950982.0
445690.713460 4635225.440682 1301950984.0
445664.239538 4635225.642545 1301950986.0
445641.749153 4635225.814112 1301950988.0
445617.438065 4635226.665849 1301950991.0
445592.294535 4635227.190925 1301950995.0
445570.965169 4635227.242815 1301950998.0
445546.979263 4635227.204040 1301951001.0
445519.589052 4635226.969311 1301951004.0
445499.422397 4635227.123557 1301951006.0
445466.552268 4635226.597854 1301951009.0
445442.481662 4635226.338012 1301951011.0
445417.579448 4635225.862554 1301951013.0
445392.343566 4635225.167674 1301951015.0
445366.939142 4635224.141076 1301951017.0
445341.704097 4635223.557402 1301951019.0
445317.224482 4635224.078356 1301951021.0
445293.407940 4635224.483268 1301951023.0
445270.255323 4635224.883160 1301951025.0
445248.676111 4635224.826900 1301951027.0
445223.031222 4635224.912999 1301951030.0
445198.549051 4635225.101279 1301951034.0
445178.385799 4635225.700543 1301951043.0
445151.407934 4635225.130954 1301951048.0
445121.692235 4635224.693590 1301951051.0
445099.613360 4635224.419564 1301951053.0
445076.950981 4635223.817003 1301951055.0
445053.292712 4635223.222195 1301951057.0
445028.889237 4635222.855282 1301951059.0
445004.320635 4635222.600762 1301951061.0
444980.001857 4635222.455431 1301951063.0
444956.015897 4635222.418645 1301951065.0
444933.190086 4635222.150904 1301951067.0
444911.357582 4635221.542455 1301951069.0
444890.522676 4635221.148423 1301951071.0
444861.471709 4635220.818036 1301951074.0
444835.408394 4635220.464633 1301951077.0
444812.497854 4635219.975868 1301951080.0
444792.245588 4635219.799677 1301951083.0
444769.998965 4635219.305904 1301951087.0
444749.411288 4635218.688300 1301951095.0
444723.514795 4635218.445046 1301951099.0
444693.388367 4635218.567823 1301951102.0
444672.058074 4635218.511377 1301951104.0
444649.400792 4635218.576338 1301951106.0
444626.910354 4635218.751108 1301951108.0
444605.165967 4635218.809115 1301951110.0
444584.253212 4635219.082786 1301951112.0
444560.274992 4635220.046576 1301951115.0
444533.724070 4635221.030477 1301951119.0
444508.498407 4635221.671052 1301951123.0
444488.218500 4635228.602108 1301951132.0
444485.662364 4635252.050169 1301951137.0
444486.011759 4635275.586626 1301951140.0
444485.966969 4635301.790968 1301951143.0
444485.917856 4635327.440175 1301951146.0
444485.780566 4635352.423867 1301951149.0
444485.630301 4635375.742153 1301951152.0
444485.464465 4635397.061951 1301951155.0
444485.294306 4635417.826614 1301951158.0
444485.154432 4635442.477228 1301951162.0
444484.249502 4635464.802093 1301951176.0
444463.169003 4635475.403594 1301951182.0
444439.739662 4635472.144237 1301951186.0
444414.007437 4635471.567741 1301951190.0
444392.864659 4635474.175495 1301951194.0
