446773.116486 4636999.690819 1302040701.0
446792.442589 4636987.665784 1302040715.0
446787.283522 4636963.499024 1302040719.0
446783.462734 4636940.765701 1302040722.0
446786.295329 4636920.092292 1302040725.0
446791.037929 4636899.626679 1302040731.0
446797.773519 4636879.368246 1302040741.0
446801.684810 4636858.686787 1302040751.0
446777.961701 4636870.855685 1302040757.0
446752.022479 4636875.157854 1302040760.0
446726.521305 4636871.462425 1302040763.0
446704.991912 4636866.293922 1302040766.0
446681.812209 4636862.359211 1302040772.0
446658.320555 4636861.091716 1302040775.0
446637.819184 4636860.246024 1302040777.0
446614.421305 4636860.421408 1302040779.0
446592.434770 4636860.697316 1302040781.0
446566.157895 4636864.225461 1302040784.0
446550.929634 4636847.351613 1302040792.0
446551.008535 4636824.700168 1302040795.0
446551.936326 4636804.596125 1302040797.0
446555.209482 4636776.369028 1302040800.0
446557.672939 4636750.812817 1302040803.0
446558.765042 4636730.485477 1302040805.0
446559.274676 4636709.940442 1302040807.0
446560.393941 4636682.173652 1302040810.0
446560.951565 4636656.964850 1302040813.0
446561.780613 4636634.751917 1302040816.0
446562.350748 4636611.208527 1302040821.0
446562.146624 4636584.006840 1302040825.0
446561.593940 4636554.587099 1302040828.0
446560.924460 4636531.719215 1302040830.0
446561.394137 4636505.844877 1302040832.0
446561.863819 4636479.970541 1302040834.0
446561.923627 4636454.765483 1302040836.0
446562.566770 4636429.889149 1302040838.0
446562.882179 4636405.570443 1302040840.0
446563.203423 4636382.028929 1302040842.0
446563.362050 4636358.932770 1302040844.0
446562.120063 4636337.179523 1302040846.0
446561.234640 4636307.651257 1302040849.0
446562.660430 4636287.543496 1302040851.0
446562.750249 4636266.335426 1302040853.0
446563.058182 4636241.017481 1302040855.0
446563.176836 4636212.592021 1302040857.0
446563.692897 4636181.831876 1302040859.0
446565.516645 4636148.397120 1302040861.0
446565.945582 4636117.082465 1302040863.0
446566.267706 4636093.651989 1302040865.0
446565.157510 4636067.345390 1302040868.0
446565.553456 4636042.692994 1302040872.0
446562.732306 4636020.618504 1302040880.0
446542.389464 4636019.105656 1302040884.0
446517.098597 4636021.738258 1302040887.0
446486.326834 4636023.856960 1302040890.0
446461.021813 4636024.602298 1302040892.0
446432.974251 4636024.813184 1302040894.0
446404.925852 4636024.913154 1302040896.0
446378.703869 4636025.110518 1302040898.0
446356.381155 4636025.167575 1302040900.0
446331.730791 4636024.687074 1302040903.0
446309.495239 4636025.298789 1302040907.0
446294.036601 4636011.203047 1302040915.0
446294.092994 4635985.664915 1302040918.0
446294.839195 4635963.563621 1302040920.0
446295.730438 4635938.685396 1302040922.0
446296.353488 4635911.255425 1302040924.0
446297.383089 4635882.712055 1302040926.0
446298.346458 4635856.389856 1302040928.0
446299.509286 4635834.507493 1302040930.0
446300.902658 4635810.180657 1302040933.0
446302.328685 4635790.183882 1302040939.0
446302.968528 4635764.974461 1302040948.0
446302.917720 4635736.217177 1302040951.0
446303.322848 4635712.897097 1302040953.0
446303.627421 4635687.246073 1302040955.0
446304.073697 4635658.374012 1302040957.0
446304.510774 4635628.280654 1302040959.0
446304.537949 4635598.856588 1302040961.0
446304.322864 4635570.322617 1302040963.0
446303.866352 4635542.789768 1302040965.0
446302.838974 4635516.593624 1302040967.0
446302.147725 4635490.950115 1302040969.0
446301.617426 4635464.639193 1302040971.0
446301.329393 4635437.438178 1302040973.0
446301.198968 4635409.125643 1302040975.0
446301.315000 4635380.478151 1302040977.0
446301.604544 4635352.828653 1302040979.0
446301.234366 4635325.739296 1302040981.0
446300.313389 4635302.651294 1302040983.0
446299.879466 4635278.116187 1302040986.0
446299.720456 4635257.021044 1302040991.0
446300.229552 4635236.476032 1302041019.0
446282.308813 4635226.285030 1302041023.0
446254.847408 4635227.602479 1302041026.0
446232.948872 4635229.211149 1302041028.0
446207.642715 4635230.179414 1302041030.0
446180.259291 4635230.830362 1302041032.0
446153.454285 4635231.143943 1302041034.0
446132.706727 4635231.300787 1302041036.0
446112.126828 4635231.678491 1302041040.0
