446315.840582 4634984.201649 1302276220.0
446314.086356 4634960.675803 1302276225.0
446314.841170 4634939.684818 1302276229.0
446315.475352 4634913.698244 1302276233.0
446315.885654 4634891.044357 1302276236.0
446316.518174 4634864.835731 1302276239.0
446316.634330 4634836.188265 1302276242.0
446318.002109 4634808.419636 1302276245.0
446318.538273 4634780.435207 1302276248.0
446318.702962 4634758.227309 1302276251.0
446322.277179 4634736.881992 1302276280.0
446306.879588 4634720.231979 1302276285.0
446283.052155 4634719.412270 1302276288.0
446261.461425 4634718.020605 1302276290.0
446236.714316 4634716.319720 1302276292.0
446211.469217 4634714.622680 1302276294.0
446188.385361 4634713.353541 1302276296.0
446165.371910 4634710.418445 1302276299.0
446141.203203 4634708.380421 1302276303.0
446110.564964 4634706.946572 1302276306.0
446085.987965 4634705.800089 1302276308.0
446060.416681 4634704.883285 1302276310.0
446035.257008 4634703.519321 1302276312.0
446012.419541 4634701.915785 1302276314.0
445991.751751 4634701.850343 1302276317.0
445981.537123 4634723.024112 1302276322.0
445980.257834 4634751.347320 1302276325.0
445979.442020 4634775.114647 1302276327.0
445978.962402 4634799.434593 1302276329.0
445979.400786 4634824.413781 1302276332.0
445978.575729 4634846.959813 1302276336.0
445977.697990 4634873.503449 1302276339.0
445976.856111 4634893.828944 1302276342.0
445976.441836 4634915.816698 1302276345.0
445977.050427 4634941.349766 1302276348.0
445975.875748 4634961.566753 1302276353.0
445974.516922 4634990.334711 1302276357.0
445974.097616 4635011.656306 1302276359.0
445973.789089 4635036.641166 1302276361.0
445973.333105 4635064.069880 1302276363.0
445972.971064 4635092.941317 1302276365.0
445972.517617 4635120.703115 1302276367.0
445971.965189 4635146.356029 1302276369.0
445970.706739 4635166.462626 1302276371.0
445969.479452 4635190.677226 1302276374.0
445969.071134 4635213.442181 1302276391.0
445953.605377 4635231.546911 1302276396.0
445927.305894 4635232.856809 1302276399.0
445904.478520 4635232.363904 1302276401.0
445878.082561 4635231.898181 1302276403.0
445848.949606 4635231.675425 1302276405.0
445818.318601 4635230.909015 1302276407.0
445787.105810 4635230.036129 1302276409.0
445756.145361 4635229.605593 1302276411.0
445724.769108 4635229.067325 1302276413.0
445693.397080 4635229.084331 1302276415.0
445665.518264 4635230.074134 1302276417.0
445639.544842 4635230.605374 1302276419.0
445619.219000 4635231.648764 1302276421.0
445599.044730 4635230.803485 1302276437.0
445578.956837 4635230.401737 1302276441.0
445551.309186 4635229.058517 1302276444.0
445530.551418 4635227.884790 1302276446.0
445509.996988 4635231.595046 1302276449.0
445503.125414 4635255.519828 1302276454.0
445501.170666 4635282.071809 1302276457.0
445500.263371 4635304.507536 1302276459.0
445499.964188 4635330.491687 1302276461.0
445499.515170 4635358.586624 1302276463.0
445498.901031 4635386.793859 1302276465.0
445498.280954 4635414.223906 1302276467.0
445497.812419 4635439.765223 1302276469.0
445497.329450 4635463.419079 1302276471.0
445497.495943 4635485.180397 1302276473.0
445497.156869 4635505.946280 1302276475.0
445496.411359 4635527.825610 1302276477.0
445495.517722 4635552.037781 1302276479.0
445494.870503 4635575.914967 1302276481.0
445494.548438 4635598.901396 1302276483.0
445494.312762 4635622.331300 1302276485.0
445493.924710 4635647.538910 1302276487.0
445493.540912 4635673.301656 1302276489.0
445494.239319 4635699.500257 1302276491.0
445495.004568 4635723.588708 1302276493.0
445494.841693 4635745.685655 1302276495.0
445495.629876 4635772.771842 1302276498.0
445497.127529 4635794.967119 1302276503.0
445498.206859 4635816.721462 1302276507.0
445499.189878 4635847.581307 1302276510.0
445500.128717 4635872.667738 1302276512.0
445501.505402 4635900.748731 1302276514.0
445502.550149 4635928.832264 1302276516.0
445502.660004 4635954.036076 1302276518.0
445502.480988 4635974.023514 1302276520.0
445502.898985 4635996.116025 1302276523.0
445503.138276 4636016.544399 1302276530.0
445524.690687 4636024.262919 1302276539.0
445553.077000 4636024.934136 1302276542.0
445576.485292 4636025.754536 1302276544.0
445602.792825 4636025.886667 1302276546.0
445629.683765 4636026.347543 1302276548.0
445656.572159 4636026.475438 1302276550.0
445683.294588 4636026.604700 1302276552.0
445709.768918 4636026.846988 1302276554.0
445736.157725 4636026.756924 1302276556.0
445761.969047 4636027.115491 1302276558.0
445786.533959 4636027.261571 1302276560.0
445809.691570 4636027.862577 1302276562.0
445830.606157 4636028.147616 1302276564.0
445852.182057 4636028.094588 1302276567.0
445872.655578 4636024.941062 1302276571.0
445897.733555 4636027.082231 1302276593.0
445922.301828 4636027.672888 1302276596.0
445951.109708 4636029.230758 1302276599.0
445972.119050 4636031.069964 1302276601.0
445994.030226 4636031.458957 1302276603.0
446016.099786 4636030.847514 1302276605.0
446039.991565 4636029.778200 1302276607.0
446065.548013 4636029.362562 1302276609.0
446091.113707 4636030.168315 1302276611.0
446116.670993 4636029.863887 1302276613.0
446142.568600 4636030.667313 1302276615.0
446167.804869 4636031.808933 1302276617.0
446192.785476 4636032.064305 1302276619.0
446214.932991 4636030.786688 1302276621.0
446241.468446 4636028.143618 1302276624.0
446262.189388 4636024.767279 1302276627.0
446289.270582 4636017.456863 1302276632.0
446299.075119 4635997.063801 1302276635.0
446299.588294 4635977.073901 1302276637.0
446299.073882 4635952.872476 1302276639.0
446299.283706 4635925.667687 1302276641.0
446299.562287 4635896.574812 1302276643.0
446299.845059 4635868.037073 1302276645.0
446299.722127 4635840.723764 1302276647.0
446300.125557 4635817.181625 1302276649.0
446300.519784 4635792.418188 1302276652.0
446301.183056 4635770.317528 1302276674.0
446303.974629 4635744.314653 1302276677.0
446305.465255 4635721.874657 1302276679.0
446306.353238 4635696.552336 1302276681.0
446306.636901 4635668.125634 1302276683.0
446307.162831 4635638.808841 1302276685.0
446307.786817 4635611.489911 1302276687.0
446309.614457 4635589.713582 1302276689.0
446311.868757 4635569.488507 1302276692.0
446312.544653 4635549.053263 1302276697.0
446312.622076 4635526.290828 1302276702.0
446319.075280 4635501.592777 1302276706.0
446343.494579 4635493.192332 1302276710.0
446368.341175 4635497.446563 1302276713.0
446396.676538 4635502.118761 1302276716.0
446419.191081 4635505.280383 1302276719.0
446442.517944 4635506.104267 1302276726.0
446468.746006 4635506.462292 1302276730.0
446490.159986 4635506.745540 1302276745.0
446517.214577 4635506.653401 1302276749.0
446537.797015 4635506.720969 1302276751.0
446560.539612 4635507.105490 1302276753.0
446585.357712 4635507.585555 1302276755.0
446612.747570 4635507.935399 1302276757.0
446640.551528 4635508.171212 1302276759.0
446664.287459 4635508.215524 1302276761.0
446688.524633 4635508.700298 1302276764.0
446704.357022 4635528.345760 1302276769.0
446704.387085 4635554.549399 1302276772.0
446704.053640 4635576.536492 1302276774.0
446703.906938 4635601.298022 1302276776.0
446703.360264 4635628.061146 1302276778.0
446702.650118 4635655.158594 1302276780.0
446702.261120 4635680.810207 1302276782.0
446702.108620 4635704.794551 1302276784.0
446701.353632 4635725.896537 1302276786.0
446701.425169 4635746.548206 1302276789.0
446718.301750 4635761.633516 1302276796.0
446744.435896 4635760.660843 1302276799.0
446765.676481 4635760.057936 1302276801.0
446786.331203 4635758.793269 1302276803.0
446807.398365 4635757.192482 1302276806.0
446816.799776 4635738.135582 1302276810.0
446813.963558 4635713.951494 1302276814.0
446814.366217 4635690.076323 1302276831.0
446817.012794 4635666.628533 1302276834.0
446818.352347 4635645.966336 1302276836.0
446819.498585 4635621.641485 1302276838.0
446820.288024 4635593.988299 1302276840.0
446821.161286 4635566.445522 1302276842.0
446821.489291 4635543.681248 1302276844.0
446817.683710 4635523.057466 1302276848.0
446798.619212 4635515.094391 1302276852.0
446770.156380 4635515.529084 1302276855.0
446749.242863 4635515.574354 1302276857.0
446725.092028 4635515.532862 1302276860.0
446701.846570 4635514.485378 1302276887.0
446678.524766 4635514.326808 1302276890.0
446649.806318 4635513.875628 1302276893.0
446625.648815 4635512.946257 1302276896.0
446603.567643 4635512.223470 1302276900.0
446581.333812 4635513.278429 1302276904.0
446560.588753 4635513.656090 1302276908.0
