444292.299591 4635254.114714 1302093122.0
444290.969300 4635232.584537 1302093131.0
444294.352107 4635208.796830 1302093148.0
444314.796138 4635201.641870 1302093152.0
444346.091469 4635202.396632 1302093155.0
444371.490979 4635202.753431 1302093157.0
444398.466443 4635202.986986 1302093159.0
444426.025436 4635203.549193 1302093161.0
444453.831665 4635203.887511 1302093163.0
444482.461740 4635203.442281 1302093165.0
444512.086840 4635202.878382 1302093167.0
444541.877925 4635202.313314 1302093169.0
444570.588404 4635201.534711 1302093171.0
444597.809372 4635201.322976 1302093173.0
444622.631374 4635202.129295 1302093175.0
444645.795280 4635203.170652 1302093177.0
444673.849595 4635203.396867 1302093180.0
444695.434939 4635204.228576 1302093187.0
444705.381230 4635223.915387 1302093192.0
444708.532608 4635244.987350 1302093195.0
444709.421428 4635273.960274 1302093198.0
444708.962592 4635300.389881 1302093200.0
444708.345538 4635327.820022 1302093202.0
444707.559068 4635354.807343 1302093204.0
444706.679276 4635380.462984 1302093206.0
444705.867831 4635404.230521 1302093208.0
444705.363354 4635424.775696 1302093210.0
444704.956520 4635447.207688 1302093213.0
444704.383715 4635469.640969 1302093217.0
444703.410630 4635493.964934 1302093220.0
444703.169785 4635516.395641 1302093222.0
444703.115602 4635541.489712 1302093224.0
444703.070041 4635567.694055 1302093226.0
444702.776385 4635594.011360 1302093228.0
444702.325381 4635621.440225 1302093230.0
444702.395325 4635662.522215 1302093233.0
444701.845834 4635687.953238 1302093235.0
444701.196988 4635711.275390 1302093237.0
444700.822098 4635737.815400 1302093240.0
444701.433542 4635763.126380 1302093243.0
444700.523691 4635784.896087 1302093246.0
444698.525578 4635805.452871 1302093255.0
444700.518441 4635826.977976 1302093260.0
444698.277427 4635848.313885 1302093270.0
444693.566768 4635872.222751 1302093276.0
444691.171034 4635895.003306 1302093279.0
444688.761523 4635916.007428 1302093282.0
444687.132494 4635941.335813 1302093285.0
444685.700483 4635970.659892 1302093288.0
444687.220467 4635995.408655 1302093291.0
444706.653414 4636007.915636 1302093295.0
444727.126542 4636004.758813 1302093297.0
444751.505843 4636002.348985 1302093299.0
444775.808204 4636000.717076 1302093301.0
444801.033695 4636000.410501 1302093303.0
444829.177297 4636001.857955 1302093305.0
444858.397065 4636002.964086 1302093307.0
444886.949534 4636003.631365 1302093309.0
444914.425814 4636004.640183 1302093311.0
444941.314349 4636004.765379 1302093313.0
444968.701628 4636004.997857 1302093315.0
444995.265091 4636006.014040 1302093317.0
445021.084284 4636007.369167 1302093319.0
445046.403008 4636008.395148 1302093321.0
445070.974036 4636009.315952 1302093323.0
445094.876070 4636009.575794 1302093325.0
445119.364958 4636010.608431 1302093327.0
445144.850468 4636011.744510 1302093329.0
445171.080235 4636012.541849 1302093331.0
445197.472540 4636012.893899 1302093333.0
445223.947822 4636013.245409 1302093335.0
445250.755878 4636013.705493 1302093337.0
445277.315839 4636014.278617 1302093339.0
445304.203454 4636014.294156 1302093341.0
445331.092773 4636014.531850 1302093343.0
445357.396961 4636014.218966 1302093345.0
445382.536007 4636013.470979 1302093347.0
445406.601407 4636013.397513 1302093349.0
445429.595706 4636014.331638 1302093351.0
445456.149686 4636014.128238 1302093354.0
445477.893307 4636014.294860 1302093358.0
445499.805437 4636014.793361 1302093376.0
445521.975848 4636016.511324 1302093379.0
445548.955757 4636017.748451 1302093382.0
445576.596958 4636018.647526 1302093385.0
445605.647134 4636019.313880 1302093388.0
445635.686296 4636019.084534 1302093391.0
445656.350287 4636019.148908 1302093393.0
445677.597684 4636019.541993 1302093395.0
445699.676582 4636020.150869 1302093397.0
445722.255053 4636020.978074 1302093399.0
445745.665021 4636022.021084 1302093401.0
445769.906481 4636023.279907 1302093403.0
445793.814317 4636024.319284 1302093405.0
445816.558721 4636025.145525 1302093407.0
445839.303119 4636025.971838 1302093409.0
445861.463268 4636026.358530 1302093411.0
445882.544660 4636026.753488 1302093413.0
445902.792865 4636026.710701 1302093415.0
445923.041913 4636026.779000 1302093417.0
445944.042845 4636027.507851 1302093419.0
445966.042069 4636028.562291 1302093421.0
445988.371526 4636029.392228 1302093423.0
446010.533331 4636030.001438 1302093425.0
446031.618903 4636030.951972 1302093427.0
446060.921260 4636032.062405 1302093430.0
446091.210133 4636031.944122 1302093433.0
446112.788530 4636032.224965 1302093435.0
446135.280553 4636032.609997 1302093437.0
446158.191674 4636033.547100 1302093439.0
446180.930953 4636033.708341 1302093441.0
446202.669427 4636033.211011 1302093443.0
446230.854430 4636029.223040 1302093446.0
446251.740488 4636025.734390 1302093451.0
