446305.057898 4635249.430544 1304006747.0
446287.629279 4635238.458587 1304006754.0
446264.718978 4635237.965153 1304006757.0
446237.160386 4635237.395836 1304006760.0
446216.242677 4635236.998555 1304006762.0
446193.167220 4635236.617631 1304006764.0
446168.263459 4635235.917497 1304006766.0
446142.365489 4635235.447032 1304006768.0
446117.296575 4635234.859358 1304006770.0
446093.556339 4635234.372751 1304006772.0
446072.306645 4635233.978404 1304006774.0
446043.585306 4635233.307604 1304006777.0
446022.914853 4635232.686950 1304006779.0
446000.832719 4635231.966023 1304006781.0
445978.172174 4635231.582651 1304006783.0
445955.096674 4635231.202498 1304006785.0
445932.021171 4635230.822420 1304006787.0
445911.022106 4635230.648718 1304006789.0
445884.792965 4635230.292737 1304006792.0
445860.222782 4635229.813212 1304006795.0
445834.904837 4635229.228423 1304006799.0
445808.177741 4635228.876509 1304006803.0
445783.111292 4635228.623091 1304006806.0
445754.057077 4635227.844957 1304006809.0
445728.905937 4635227.370307 1304006812.0
445707.079482 4635227.536610 1304006818.0
445685.828880 4635227.032389 1304006829.0
445662.504362 4635226.655081 1304006834.0
445641.675481 4635227.036043 1304006842.0
445621.171783 4635226.526315 1304006863.0
445600.755311 4635226.571148 1304006875.0
445577.430782 4635226.194119 1304006886.0
445557.344571 4635226.014486 1304006892.0
445535.432570 4635225.848868 1304006901.0
445515.342959 4635225.225245 1304006926.0
445494.258307 4635224.720325 1304006933.0
445471.597684 4635224.338563 1304006936.0
445442.958349 4635223.558521 1304006939.0
445420.960789 4635223.060809 1304006941.0
445397.137436 4635222.577158 1304006943.0
445371.821103 4635222.216068 1304006945.0
445344.927946 4635221.867165 1304006947.0
445316.457116 4635221.419439 1304006949.0
445286.494156 4635221.205353 1304006951.0
445255.698729 4635220.664689 1304006953.0
445224.072537 4635220.019511 1304006955.0
445191.784121 4635219.601636 1304006957.0
445158.253405 4635219.526571 1304006959.0
445123.725945 4635219.348308 1304006961.0
445088.532845 4635218.953275 1304006963.0
445052.425986 4635218.454430 1304006965.0
445015.652624 4635217.627811 1304006967.0
444979.212928 4635217.020871 1304006969.0
444943.192464 4635216.966047 1304006971.0
444907.250695 4635216.355627 1304006973.0
444873.879905 4635215.503427 1304006975.0
444844.249697 4635215.399659 1304006977.0
444818.686884 4635215.375543 1304006979.0
444798.187354 4635215.423318 1304006981.0
444775.362367 4635215.267111 1304006984.0
444755.272622 4635214.645630 1304006992.0
444729.128866 4635214.626340 1304006997.0
444703.151951 4635214.716885 1304007000.0
444682.903111 4635214.985114 1304007002.0
444660.246681 4635215.161067 1304007004.0
444635.845723 4635215.128582 1304007006.0
444609.953522 4635215.440876 1304007008.0
444584.063913 4635216.086345 1304007010.0
444560.498908 4635216.824853 1304007012.0
444539.756449 4635217.652499 1304007014.0
444516.940960 4635218.718417 1304007017.0
444495.795667 4635221.103803 1304007031.0
444488.478779 4635240.702770 1304007034.0
444488.092500 4635265.688398 1304007037.0
444487.306850 4635292.675749 1304007040.0
444487.465172 4635312.993714 1304007052.0
444486.382118 4635333.765488 1304007078.0
444485.216082 4635354.537909 1304007088.0
444485.164381 4635379.854037 1304007092.0
444484.619944 4635405.840209 1304007095.0
444483.485079 4635430.609611 1304007098.0
444483.317525 4635451.707356 1304007103.0
444477.502489 4635472.293948 1304007118.0
444450.293808 4635473.949506 1304007122.0
444421.327672 4635473.731303 1304007125.0
444397.505031 4635473.251002 1304007127.0
444372.281133 4635474.003096 1304007129.0
444347.478248 4635475.529227 1304007131.0
444326.071789 4635476.251663 1304007133.0
444305.496945 4635477.189729 1304007136.0
444281.950184 4635480.149710 1304007142.0
444260.526368 4635478.651799 1304007145.0
444236.461713 4635479.062202 1304007148.0
444205.924900 4635479.634408 1304007151.0
444180.691463 4635479.165882 1304007153.0
444155.123460 4635478.366966 1304007155.0
444132.046818 4635477.770670 1304007157.0
444107.889590 4635476.960859 1304007160.0
444090.840122 4635493.527682 1304007166.0
444090.257058 4635514.406652 1304007169.0
444092.039458 4635540.596691 1304007172.0
444092.457465 4635562.134011 1304007174.0
444093.060614 4635586.112627 1304007176.0
444092.586686 4635610.321764 1304007178.0
444092.375257 4635657.401855 1304007182.0
444091.108089 4635686.280652 1304007185.0
444092.105254 4635707.591362 1304007188.0
444098.659772 4635728.525356 1304007195.0
444120.023654 4635722.472923 1304007211.0
444144.473403 4635728.943203 1304007223.0
444198.464747 4635735.071046 1304007229.0
444221.293332 4635735.891553 1304007231.0
444272.006458 4635736.715991 1304007235.0
444334.513782 4635738.781018 1304007240.0
444355.347234 4635739.173410 1304007242.0
444379.895912 4635737.094104 1304007245.0
444400.397426 4635737.489220 1304007262.0
444425.164930 4635742.181434 1304007267.0
444447.733243 4635741.561255 1304007271.0
444467.223231 4635729.306581 1304007276.0
444468.274980 4635704.537811 1304007280.0
444470.067548 4635678.986030 1304007283.0
444471.487612 4635658.877817 1304007285.0
444473.386559 4635636.323125 1304007287.0
444475.106567 4635612.104321 1304007289.0
444476.152314 4635586.558367 1304007291.0
444476.444268 4635560.130019 1304007293.0
444476.839117 4635536.254649 1304007295.0
444477.008375 4635515.378955 1304007297.0
444477.335822 4635493.502723 1304007300.0
444478.737785 4635471.062947 1304007307.0
444481.274765 4635445.172276 1304007311.0
444482.214223 4635416.629244 1304007314.0
444482.539102 4635394.419935 1304007316.0
444482.933130 4635370.433545 1304007318.0
444483.318510 4635345.336885 1304007320.0
444483.621772 4635320.351899 1304007322.0
444483.609517 4635297.479017 1304007324.0
444483.387160 4635268.945046 1304007327.0
444483.627340 4635246.514334 1304007331.0
