444727.244936 4635474.571109 1302482158.0
444706.419369 4635475.287894 1302482176.0
444684.340370 4635474.904135 1302482179.0
444655.689823 4635472.572885 1302482182.0
444634.105284 4635471.741304 1302482184.0
444611.937236 4635470.581224 1302482186.0
444590.017279 4635469.308248 1302482188.0
444568.924597 4635467.695801 1302482190.0
444548.418869 4635466.856085 1302482192.0
444520.196145 4635466.187558 1302482195.0
444499.183827 4635464.241589 1302482198.0
444477.995138 4635460.964650 1302482205.0
444458.119631 4635466.449214 1302482209.0
444438.830262 4635472.595466 1302482212.0
444417.904565 4635481.752453 1302482216.0
444397.672079 4635484.019989 1302482219.0
444370.624228 4635485.008394 1302482222.0
444343.480384 4635484.332142 1302482225.0
444322.640980 4635483.273615 1302482236.0
444302.595332 4635488.204776 1302482244.0
444293.529588 4635506.929368 1302482248.0
444280.560029 4635525.240371 1302482251.0
444264.310617 4635538.025363 1302482254.0
444242.656698 4635549.520284 1302482258.0
444216.883860 4635543.726225 1302482269.0
444189.842339 4635545.492509 1302482273.0
444162.425058 4635552.258371 1302482276.0
444142.129878 4635557.080911 1302482278.0
444120.659848 4635560.247215 1302482280.0
444099.095523 4635561.970882 1302482282.0
444077.688464 4635562.583040 1302482284.0
444046.861190 4635557.828581 1302482287.0
444024.392848 4635550.121682 1302482290.0
444007.372789 4635538.707902 1302482293.0
443983.817701 4635519.462131 1302482295.0
443965.527368 4635504.838451 1302482298.0
443948.828573 4635492.089873 1302482301.0
443931.231710 4635481.235981 1302482316.0
443912.092119 4635474.724606 1302482340.0
443886.746779 4635470.593877 1302482343.0
443866.393796 4635468.089408 1302482345.0
443844.797732 4635465.816864 1302482347.0
443821.712250 4635464.111301 1302482349.0
443797.468431 4635462.859087 1302482351.0
443760.025156 4635461.155980 1302482354.0
443734.871077 4635460.244267 1302482356.0
443710.380015 4635459.216371 1302482358.0
443686.471615 4635458.406021 1302482360.0
443662.399866 4635457.930145 1302482362.0
443637.751590 4635458.014082 1302482364.0
443613.434386 4635457.984450 1302482366.0
443590.363756 4635458.167098 1302482368.0
443569.697136 4635457.997675 1302482370.0
443547.769859 4635455.839687 1302482373.0
443527.683264 4635455.554755 1302482397.0
443506.781756 4635457.163923 1302482402.0
443486.458529 4635458.435462 1302482405.0
443458.082841 4635459.437865 1302482408.0
443436.750548 4635459.052043 1302482410.0
443414.833810 4635458.226790 1302482412.0
443393.166029 4635457.399626 1302482414.0
443372.164792 4635456.900332 1302482416.0
443352.078185 4635456.615895 1302482418.0
443322.776381 4635455.960689 1302482421.0
443296.035708 4635453.841771 1302482424.0
443274.540942 4635453.901864 1302482442.0
443254.735120 4635457.612698 1302482448.0
443231.741452 4635467.455874 1302482452.0
443211.024592 4635471.396159 1302482455.0
443190.344701 4635469.562428 1302482460.0
443166.904331 4635475.412144 1302482465.0
443143.357970 4635478.375893 1302482468.0
443116.625294 4635477.256894 1302482471.0
443094.000310 4635470.886570 1302482475.0
443076.717151 4635457.922607 1302482482.0
443068.600255 4635480.749500 1302482493.0
443067.138378 4635505.521831 1302482496.0
443066.210818 4635534.842299 1302482499.0
443065.711086 4635555.387639 1302482501.0
443065.633390 4635576.817881 1302482503.0
443065.145202 4635598.806577 1302482505.0
443064.492821 4635621.018654 1302482507.0
443063.427293 4635643.456103 1302482509.0
443062.366210 4635666.448690 1302482511.0
443062.060877 4635690.545580 1302482513.0
443061.678777 4635715.420324 1302482515.0
443061.212809 4635740.184706 1302482517.0
443060.579103 4635764.728361 1302482519.0
443060.611051 4635789.488765 1302482521.0
443060.805419 4635813.803734 1302482523.0
443061.150666 4635836.229914 1302482525.0
443060.153980 4635856.890272 1302482527.0
443059.810075 4635886.539196 1302482530.0
443060.211245 4635915.960097 1302482533.0
443059.664994 4635941.058232 1302482536.0
443058.927932 4635963.048931 1302482541.0
443059.419627 4635983.031189 1302482559.0
443079.656967 4635991.974251 1302482565.0
443104.736070 4635994.105596 1302482568.0
443126.481706 4635994.487096 1302482570.0
443148.222020 4635994.202498 1302482572.0
443169.045107 4635993.370114 1302482574.0
443189.878825 4635993.870118 1302482576.0
443217.275171 4635995.206136 1302482579.0
443238.537943 4635997.479411 1302482584.0
443258.968230 4635999.426278 1302482604.0
443287.937652 4636000.305898 1302482607.0
443311.761323 4636001.115554 1302482609.0
443337.988802 4636001.573064 1302482611.0
443364.461690 4636001.584581 1302482613.0
443390.020014 4636001.381397 1302482615.0
443413.259265 4636001.751901 1302482617.0
443437.661135 4636002.224281 1302482620.0
443459.328134 4636003.162592 1302482626.0
443481.902638 4636003.427562 1302482629.0
443502.898728 4636003.483055 1302482631.0
443527.053397 4636004.179771 1302482633.0
443552.038754 4636004.981020 1302482635.0
443578.100225 4636005.440728 1302482637.0
443604.239398 4636005.233712 1302482639.0
443629.719113 4636005.587181 1302482641.0
443655.199701 4636006.051769 1302482643.0
443680.266256 4636006.630757 1302482645.0
443705.578239 4636006.763755 1302482647.0
443730.726010 4636007.120210 1302482649.0
443754.712037 4636007.485927 1302482651.0
443777.622807 4636008.304349 1302482653.0
443799.701128 4636008.796310 1302482655.0
443827.823955 4636007.575154 1302482658.0
