445793.471563 4635226.767719 1304049888.0
445766.503934 4635227.528127 1304049901.0
445741.107205 4635227.499438 1304049904.0
445710.811508 4635227.175069 1304049907.0
445688.400734 4635226.901748 1304049909.0
445664.662111 4635226.638624 1304049911.0
445640.827788 4635224.710807 1304049913.0
445617.670086 4635224.443407 1304049915.0
445595.428667 4635224.613219 1304049917.0
445574.346568 4635224.441143 1304049919.0
445544.552175 4635224.557786 1304049922.0
445519.824439 4635225.190973 1304049925.0
445499.973245 4635244.884717 1304049931.0
445499.471553 4635266.095970 1304049934.0
445499.765186 4635293.630055 1304049937.0
445499.924867 4635314.503149 1304049939.0
445500.010904 4635336.598178 1304049941.0
445499.517719 4635358.919705 1304049943.0
445499.347149 4635380.017396 1304049945.0
445498.921671 4635400.339802 1304049947.0
445499.059531 4635429.207487 1304049950.0
445499.889919 4635450.963724 1304049953.0
445500.213884 4635471.613500 1304049958.0
445500.410099 4635497.260767 1304049986.0
445498.931286 4635520.922245 1304049989.0
445498.484002 4635549.239245 1304049992.0
445497.377931 4635578.227488 1304049995.0
445496.770637 4635607.322951 1304049998.0
445495.914394 4635636.420319 1304050001.0
445495.885465 4635665.178259 1304050004.0
445496.435735 4635693.709700 1304050007.0
445495.657400 4635722.140275 1304050010.0
445495.455716 4635750.011270 1304050013.0
445496.213313 4635773.100478 1304050016.0
445496.948818 4635793.302981 1304050023.0
445498.199213 4635815.722218 1304050027.0
445499.055923 4635840.920310 1304050030.0
445499.837293 4635867.118283 1304050033.0
445501.441689 4635892.421691 1304050036.0
445503.063065 4635919.945643 1304050039.0
445503.511641 4635946.035133 1304050042.0
445503.790005 4635971.570756 1304050045.0
445504.528881 4635992.217374 1304050048.0
445506.602248 4636013.742052 1304050052.0
445526.325683 4636021.030437 1304050056.0
445548.645901 4636020.637696 1304050059.0
445577.287955 4636022.195324 1304050062.0
445598.699617 4636022.364851 1304050064.0
445620.028297 4636022.535076 1304050066.0
445651.903195 4636023.624187 1304050069.0
445674.148892 4636024.342745 1304050071.0
445697.638453 4636024.940855 1304050073.0
445721.211836 4636025.649438 1304050075.0
445744.697158 4636025.692567 1304050077.0
445767.604146 4636026.073279 1304050079.0
445789.598340 4636026.461011 1304050081.0
445810.599293 4636027.189469 1304050083.0
445839.897494 4636027.743856 1304050086.0
445867.620738 4636028.532402 1304050089.0
445893.432038 4636028.891444 1304050092.0
445919.903810 4636028.801431 1304050095.0
445949.201989 4636029.356269 1304050098.0
445970.202066 4636029.974169 1304050100.0
445991.202139 4636030.592132 1304050102.0
446012.284346 4636031.098501 1304050104.0
446032.369937 4636031.501449 1304050106.0
446060.834075 4636031.507897 1304050109.0
446089.804500 4636032.620962 1304050112.0
446110.139861 4636033.133273 1304050114.0
446130.804623 4636033.310050 1304050116.0
446151.803825 4636033.817459 1304050118.0
446173.217087 4636034.210767 1304050120.0
446194.295907 4636034.273565 1304050122.0
446214.613644 4636032.454603 1304050124.0
446235.007667 4636029.746855 1304050126.0
446263.605928 4636025.533827 1304050129.0
446286.144096 4636021.033513 1304050132.0
446299.998796 4635998.500272 1304050136.0
446300.062745 4635973.961386 1304050139.0
446299.756263 4635944.317752 1304050142.0
446299.670994 4635922.000662 1304050144.0
446299.827976 4635898.793478 1304050146.0
446299.988309 4635876.030404 1304050148.0
446299.662466 4635854.825466 1304050150.0
446299.925876 4635834.726420 1304050152.0
446301.046863 4635807.292700 1304050155.0
446303.574401 4635779.293211 1304050158.0
446304.163070 4635758.303448 1304050160.0
446303.491914 4635735.324581 1304050162.0
446302.557574 4635710.460130 1304050164.0
446302.279575 4635684.591431 1304050166.0
446302.422362 4635659.496795 1304050168.0
446302.902116 4635635.065820 1304050170.0
446303.630832 4635610.632970 1304050172.0
446303.866661 4635586.870037 1304050174.0
446303.702625 4635565.108721 1304050176.0
446303.614045 4635542.347536 1304050179.0
446300.953710 4635519.716771 1304050203.0
446301.110738 4635496.509603 1304050207.0
446301.494134 4635470.302826 1304050210.0
446301.920217 4635449.758433 1304050212.0
446302.493031 4635426.659167 1304050214.0
446302.721345 4635401.896997 1304050216.0
446302.950500 4635377.245855 1304050218.0
446303.022886 4635353.817263 1304050220.0
446302.521883 4635331.392294 1304050222.0
446301.694779 4635309.747018 1304050224.0
446301.318744 4635281.880473 1304050227.0
446301.737320 4635260.336843 1304050230.0
446292.119116 4635239.535071 1304050234.0
446270.249173 4635233.926241 1304050237.0
446242.358605 4635233.359408 1304050240.0
446221.030963 4635233.631406 1304050242.0
446197.624373 4635233.364001 1304050244.0
446172.475825 4635233.220867 1304050246.0
446146.747183 4635233.193241 1304050248.0
446121.929751 4635232.936749 1304050250.0
446097.360447 4635232.567433 1304050252.0
446072.790299 4635232.087175 1304050254.0
446049.219392 4635232.043568 1304050256.0
446026.806141 4635231.436101 1304050258.0
446006.293246 4635229.703967 1304050260.0
445982.868945 4635227.105699 1304050263.0
445967.314019 4635211.567938 1304050267.0
445966.811960 4635189.142988 1304050270.0
445967.339944 4635160.270287 1304050273.0
445967.669483 4635138.061099 1304050275.0
445968.150694 4635113.963192 1304050277.0
445968.545551 4635089.421808 1304050279.0
445969.025931 4635065.212877 1304050281.0
445969.677352 4635041.668850 1304050283.0
445970.006071 4635019.348639 1304050285.0
445970.221490 4634993.032085 1304050288.0
445970.303763 4634971.046845 1304050294.0
445971.217657 4634949.277366 1304050298.0
445971.610022 4634924.402908 1304050301.0
445971.970399 4634895.309424 1304050304.0
445972.843903 4634868.210651 1304050307.0
445972.771149 4634847.670026 1304050310.0
445986.845414 4634832.018645 1304050318.0
446007.024113 4634833.309140 1304050324.0
446029.684239 4634833.470562 1304050328.0
446054.095661 4634834.729130 1304050333.0
446062.714944 4634854.982983 1304050338.0
446050.896544 4634872.615732 1304050344.0
446027.740259 4634872.680070 1304050350.0
446021.697095 4634852.850874 1304050360.0
