443865.677655 4635893.244643 1302448611.0
443866.301860 4635867.146701 1302448628.0
443866.865839 4635843.936122 1302448631.0
443868.065694 4635817.167440 1302448634.0
443871.168068 4635789.606529 1302448637.0
443873.120936 4635763.609157 1302448640.0
443873.620341 4635742.730808 1302448643.0
443888.092677 4635725.739603 1302448650.0
443915.309919 4635725.303186 1302448654.0
443938.634744 4635725.896813 1302448657.0
443959.381797 4635725.844592 1302448660.0
443979.718291 4635726.350830 1302448679.0
444002.380099 4635727.060914 1302448683.0
444025.536319 4635727.323048 1302448686.0
444049.442887 4635728.023500 1302448689.0
444071.852237 4635728.291652 1302448693.0
444093.007229 4635727.348344 1302448699.0
444114.084467 4635727.071913 1302448702.0
444139.897057 4635727.424613 1302448705.0
444168.120550 4635728.313679 1302448708.0
444195.180508 4635728.989904 1302448711.0
444222.075360 4635729.778558 1302448714.0
444251.125198 4635730.217346 1302448717.0
444281.080913 4635729.760894 1302448720.0
444310.956249 4635729.638298 1302448723.0
444331.291822 4635730.034513 1302448725.0
444361.011591 4635731.245751 1302448728.0
444389.814184 4635731.909103 1302448731.0
444417.450654 4635732.026501 1302448734.0
444442.786933 4635735.159863 1302448737.0
444465.195359 4635735.318224 1302448741.0
444477.340335 4635717.680183 1302448747.0
444477.433515 4635697.693347 1302448750.0
444478.143847 4635671.705869 1302448753.0
444479.149873 4635651.711919 1302448755.0
444480.072056 4635631.607590 1302448757.0
444481.075500 4635611.280560 1302448759.0
444481.330345 4635590.737298 1302448761.0
444481.586058 4635570.305064 1302448763.0
444481.347316 4635550.320820 1302448765.0
444482.208954 4635522.444592 1302448768.0
444482.680759 4635497.791388 1302448771.0
444483.755113 4635475.909336 1302448777.0
444505.495217 4635464.747590 1302448782.0
444528.409331 4635465.790496 1302448785.0
444555.061338 4635467.248518 1302448788.0
444581.119464 4635467.045752 1302448791.0
444606.354619 4635467.737751 1302448794.0
444630.599094 4635469.103743 1302448797.0
444652.183641 4635469.935313 1302448800.0
444672.938307 4635470.773395 1302448822.0
444694.854792 4635471.602516 1302448826.0
444718.095627 4635471.977293 1302448829.0
444744.496875 4635473.215901 1302448832.0
444773.053206 4635474.104797 1302448835.0
444802.353835 4635474.654939 1302448838.0
444830.656888 4635474.990860 1302448841.0
444856.383884 4635474.902698 1302448844.0
444877.802401 4635475.736237 1302448849.0
444898.567317 4635477.907300 1302448854.0
444919.576030 4635479.410337 1302448857.0
444944.147188 4635480.108665 1302448860.0
444970.876014 4635480.790410 1302448863.0
444996.769814 4635480.812500 1302448866.0
445021.506073 4635481.398787 1302448869.0
445045.989939 4635481.542971 1302448872.0
445071.393512 4635482.568418 1302448875.0
445099.694790 4635482.683352 1302448878.0
445128.170593 4635483.907392 1302448881.0
445156.976623 4635484.906936 1302448884.0
445177.062134 4635485.085434 1302448886.0
445197.648984 4635485.704266 1302448888.0
445218.650766 4635486.319966 1302448890.0
445239.732970 4635486.602009 1302448892.0
445261.313096 4635486.880289 1302448894.0
445282.977912 4635487.380050 1302448896.0
445303.975415 4635487.440866 1302448898.0
445324.557127 4635487.393902 1302448900.0
445345.469937 4635487.233423 1302448902.0
445366.464882 4635486.961342 1302448904.0
445386.627401 4635486.362604 1302448906.0
445415.257184 4635486.032139 1302448909.0
445440.073801 4635486.286161 1302448912.0
445460.098401 4635489.352797 1302448926.0
445481.117131 4635492.189813 1302448932.0
445496.321901 4635505.286467 1302448945.0
445496.347910 4635530.379869 1302448949.0
445495.461920 4635555.591285 1302448952.0
445495.110384 4635585.573058 1302448955.0
445495.108370 4635607.002568 1302448957.0
445495.275727 4635628.874918 1302448959.0
445495.277964 4635650.859565 1302448961.0
445495.280202 4635672.844212 1302448963.0
445495.192660 4635693.941279 1302448965.0
445495.594533 4635713.924264 1302448967.0
445496.727395 4635742.673317 1302448970.0
445498.002431 4635768.312341 1302448973.0
445498.821765 4635788.625235 1302448977.0
445499.642795 4635809.160185 1302448983.0
445500.131888 4635829.697675 1302448986.0
445500.985193 4635854.451659 1302448989.0
445502.606576 4635881.975610 1302448992.0
445504.642862 4635909.496388 1302448995.0
445505.191403 4635937.805786 1302448998.0
445504.819498 4635965.122924 1302449001.0
445504.428910 4635989.997465 1302449004.0
445504.682638 4636012.313301 1302449008.0
