446810.349240 4636941.119975 1303740131.0
446823.086909 4636924.591872 1303740134.0
446824.840179 4636903.815508 1303740150.0
446829.732261 4636881.128136 1303740153.0
446832.554241 4636859.011394 1303740156.0
446835.221903 4636838.450275 1303740159.0
446838.540092 4636816.107765 1303740162.0
446841.424381 4636791.214726 1303740165.0
446842.268367 4636770.889294 1303740167.0
446845.715266 4636743.549323 1303740170.0
446849.187883 4636719.651201 1303740173.0
446849.344088 4636696.110935 1303740176.0
446844.934275 4636672.271652 1303740179.0
446841.380693 4636651.979051 1303740182.0
446831.611515 4636632.732159 1303740188.0
446815.259918 4636620.973681 1303740194.0
446802.687752 4636604.190499 1303740203.0
446791.269702 4636586.399414 1303740215.0
446781.321907 4636565.488421 1303740226.0
446789.044381 4636544.001252 1303740230.0
446788.865186 4636520.019361 1303740248.0
446793.511010 4636497.666921 1303740251.0
446797.560275 4636473.209307 1303740254.0
446798.353601 4636446.111216 1303740257.0
446799.985028 4636409.013855 1303740261.0
446801.523508 4636381.688135 1303740264.0
446801.701983 4636361.145615 1303740266.0
446808.794989 4636333.112208 1303740269.0
446808.347868 4636306.578558 1303740272.0
446805.572387 4636279.396098 1303740275.0
446804.629044 4636253.088223 1303740278.0
446805.356877 4636228.322335 1303740281.0
446808.991465 4636203.867838 1303740284.0
446808.403265 4636180.666248 1303740286.0
446807.054153 4636155.582775 1303740289.0
446804.305159 4636131.953192 1303740293.0
446808.223566 4636112.159982 1303740296.0
446802.849051 4636092.547212 1303740305.0
446797.969072 4636072.486619 1303740316.0
446799.890989 4636052.042119 1303740323.0
446788.626429 4636032.695425 1303740331.0
446768.390725 4636034.401101 1303740335.0
446742.172111 4636035.041236 1303740339.0
446721.232710 4636031.422705 1303740342.0
446697.238782 4636029.936728 1303740345.0
446670.838396 4636028.468851 1303740348.0
446641.446527 4636026.468314 1303740351.0
446621.101225 4636024.622160 1303740353.0
446600.263021 4636023.445960 1303740355.0
446580.096151 4636023.264087 1303740357.0
446550.135859 4636022.933691 1303740360.0
446529.297635 4636021.757698 1303740362.0
446508.131648 4636021.139396 1303740364.0
446486.555756 4636021.190436 1303740366.0
446464.647105 4636021.133010 1303740368.0
446443.238008 4636021.293962 1303740370.0
446422.823013 4636021.225433 1303740372.0
446394.440169 4636020.994859 1303740375.0
446366.893820 4636021.646367 1303740378.0
446341.173892 4636022.395256 1303740381.0
446319.763122 4636022.334524 1303740384.0
446299.324683 4636019.157588 1303740392.0
446298.708873 4635992.514188 1303740398.0
446299.928701 4635967.189353 1303740401.0
446301.275163 4635936.644989 1303740404.0
446301.608158 4635914.768880 1303740406.0
446302.444074 4635893.555181 1303740408.0
446303.720977 4635864.787882 1303740411.0
446304.121906 4635840.912661 1303740414.0
446303.055922 4635820.601571 1303740418.0
446296.907845 4635797.663992 1303740444.0
446298.816700 4635775.664974 1303740447.0
446298.997969 4635755.677583 1303740449.0
446299.326794 4635733.246345 1303740451.0
446299.566779 4635710.038543 1303740453.0
446300.388499 4635686.937389 1303740455.0
446301.460018 4635663.945387 1303740457.0
446302.033634 4635640.957140 1303740459.0
446302.200696 4635619.082292 1303740461.0
446302.255482 4635593.322122 1303740464.0
446301.433410 4635572.343000 1303740468.0
446300.613846 4635551.696960 1303740475.0
446298.709592 4635530.281864 1303740481.0
446279.888446 4635521.652131 1303740488.0
446253.918592 4635522.514222 1303740492.0
446226.616764 4635522.831295 1303740495.0
446198.034077 4635518.383708 1303740498.0
446169.389340 4635516.712540 1303740501.0
446139.409241 4635514.052282 1303740504.0
446119.395953 4635512.427092 1303740506.0
446090.409977 4635509.537454 1303740509.0
446061.686388 4635508.422482 1303740512.0
446032.874755 4635506.642092 1303740515.0
445994.501075 4635502.491567 1303740519.0
445967.431283 4635500.587202 1303740522.0
445940.692581 4635498.569394 1303740525.0
445913.460154 4635497.110603 1303740528.0
445884.984594 4635495.883425 1303740531.0
445856.425190 4635494.545965 1303740534.0
445828.122334 4635494.205971 1303740537.0
445800.970314 4635492.413896 1303740540.0
445774.908098 4635492.057066 1303740543.0
445748.593535 4635491.258118 1303740546.0
445725.199590 4635492.546652 1303740550.0
445702.046998 4635492.834122 1303740558.0
445675.154900 4635492.483982 1303740562.0
445650.408608 4635490.563101 1303740565.0
445622.941518 4635490.994780 1303740568.0
445594.480278 4635491.656224 1303740571.0
445566.189258 4635492.871650 1303740574.0
445538.878814 4635492.081086 1303740577.0
445510.412485 4635492.076704 1303740580.0
445480.945208 4635491.413894 1303740583.0
445460.351613 4635489.906026 1303740585.0
445430.889422 4635489.909586 1303740588.0
445401.757477 4635489.688669 1303740591.0
445372.555311 4635491.133915 1303740594.0
445351.224170 4635490.853389 1303740596.0
445328.886954 4635489.248244 1303740598.0
445306.882529 4635487.751647 1303740600.0
445285.625832 4635486.360409 1303740602.0
445265.202412 4635485.406966 1303740604.0
445235.317570 4635484.415278 1303740607.0
445215.232915 4635484.347644 1303740609.0
445185.353184 4635484.022328 1303740612.0
445155.304054 4635483.254307 1303740615.0
445125.828985 4635481.593721 1303740618.0
445097.272753 4635480.703412 1303740621.0
445067.489678 4635482.154385 1303740624.0
445047.411859 4635482.975441 1303740626.0
445026.915679 4635483.355647 1303740628.0
445006.743737 4635482.734105 1303740630.0
444986.403242 4635481.780820 1303740632.0
444957.352490 4635481.339025 1303740635.0
444931.370551 4635480.651557 1303740638.0
444907.027748 4635477.286696 1303740642.0
444882.416539 4635482.140495 1303740651.0
444860.345315 4635482.755434 1303740654.0
444835.054779 4635485.616047 1303740657.0
444809.409087 4635485.481589 1303740660.0
444787.167598 4635485.542906 1303740663.0
444766.240133 4635483.817562 1303740669.0
444745.218474 4635480.649570 1303740687.0
444720.396601 4635479.731805 1303740691.0
444699.560706 4635479.116285 1303740694.0
444678.146481 4635478.838418 1303740697.0
444657.479140 4635478.554813 1303740700.0
444633.411897 4635478.630793 1303740704.0
444610.740765 4635476.808423 1303740708.0
444589.820132 4635475.971814 1303740711.0
444565.666434 4635475.604560 1303740714.0
444541.690807 4635476.790476 1303740717.0
444517.864733 4635475.865664 1303740721.0
444495.494423 4635480.703351 1303740736.0
444474.163171 4635480.425450 1303740739.0
444447.424740 4635478.524270 1303740742.0
444419.695640 4635477.297122 1303740745.0
444398.473356 4635480.349615 1303740748.0
