443919.002819 4635477.557084 1302316758.0
443897.648771 4635474.394202 1302316761.0
443876.814497 4635474.003142 1302316763.0
443852.992663 4635473.635688 1302316765.0
443827.347723 4635473.615792 1302316767.0
443800.705178 4635473.381790 1302316769.0
443772.564469 4635472.604542 1302316771.0
443744.015827 4635472.718899 1302316773.0
443715.800013 4635472.941775 1302316775.0
443688.580928 4635473.267918 1302316777.0
443662.357696 4635473.586290 1302316779.0
443637.042937 4635473.342399 1302316781.0
443612.558931 4635473.203057 1302316783.0
443589.737313 4635473.383737 1302316785.0
443563.669500 4635472.368831 1302316788.0
443543.323432 4635470.753501 1302316794.0
443523.309304 4635469.135598 1302316819.0
443502.978184 4635469.407845 1302316822.0
443479.978243 4635468.035813 1302316825.0
443451.339529 4635467.263784 1302316828.0
443429.339830 4635466.439145 1302316830.0
443407.006410 4635465.395157 1302316832.0
443385.923093 4635465.007509 1302316834.0
443356.293793 4635464.909939 1302316837.0
443328.921942 4635466.904184 1302316840.0
443307.765353 4635467.738727 1302316843.0
443287.017520 4635467.792839 1302316865.0
443266.851485 4635467.953412 1302316870.0
443244.937398 4635467.461763 1302316873.0
443224.766936 4635467.067319 1302316875.0
443204.434036 4635467.118365 1302316877.0
443180.291666 4635468.199160 1302316880.0
443158.141894 4635469.375172 1302316886.0
443135.649543 4635469.221576 1302316889.0
443106.764468 4635468.786001 1302316892.0
443086.435116 4635469.281492 1302316895.0
443064.000900 4635466.018698 1302316923.0
443056.794255 4635488.505228 1302316927.0
443057.447041 4635518.257202 1302316930.0
443056.654434 4635543.690393 1302316932.0
443056.055322 4635572.564102 1302316934.0
443055.973662 4635603.876432 1302316936.0
443056.229275 4635635.852272 1302316938.0
443057.055137 4635666.491144 1302316940.0
443057.950667 4635695.463945 1302316942.0
443057.930698 4635724.110963 1302316944.0
443057.673316 4635754.203327 1302316946.0
443057.013446 4635785.853391 1302316948.0
443057.100438 4635817.497486 1302316950.0
443057.597912 4635848.583129 1302316952.0
443057.336112 4635878.120362 1302316954.0
443056.547130 4635903.997677 1302316956.0
443056.299090 4635924.874122 1302316958.0
443055.976059 4635946.750476 1302316961.0
443053.897983 4635967.086382 1302316971.0
443052.276552 4635992.637254 1302316975.0
443063.467551 4636011.867769 1302316980.0
443091.034259 4636013.757111 1302316984.0
443111.117547 4636013.818742 1302316986.0
443135.591758 4636012.957097 1302316988.0
443164.126751 4636011.396925 1302316990.0
443193.081974 4636010.499723 1302316992.0
443221.460758 4636010.162404 1302316994.0
443249.342538 4636009.940194 1302316996.0
443278.139767 4636010.043905 1302316998.0
443307.437532 4636010.476851 1302317000.0
443337.237598 4636011.461093 1302317002.0
443366.451486 4636011.783915 1302317004.0
443393.587303 4636011.679235 1302317006.0
443416.824755 4636011.827695 1302317008.0
443439.729398 4636011.867839 1302317011.0
443462.136150 4636011.912010 1302317016.0
443488.944440 4636012.365464 1302317019.0
443513.013458 4636012.729708 1302317021.0
443541.563469 4636013.058513 1302317023.0
443573.097287 4636012.919656 1302317025.0
443605.801634 4636013.882013 1302317027.0
443638.003689 4636014.293323 1302317029.0
443668.629091 4636014.717248 1302317031.0
443699.085892 4636014.809535 1302317033.0
443729.960227 4636015.231756 1302317035.0
443759.833521 4636014.995810 1302317037.0
443786.888952 4636015.226365 1302317039.0
443810.207591 4636015.153399 1302317041.0
443835.746590 4636012.509214 1302317044.0
443857.758379 4636004.563283 1302317053.0
443860.982099 4635981.886904 1302317056.0
443861.564418 4635961.007893 1302317058.0
443862.054134 4635938.908236 1302317060.0
443862.637339 4635918.140253 1302317062.0
443862.969850 4635897.152179 1302317064.0
443863.466580 4635875.940743 1302317066.0
443864.294373 4635854.615664 1302317068.0
443864.777114 4635831.627794 1302317070.0
443865.996214 4635807.301711 1302317072.0
443868.875880 4635783.073579 1302317074.0
443869.862676 4635760.858978 1302317076.0
443870.666889 4635736.536170 1302317079.0
443892.986153 4635725.367955 1302317084.0
443921.302301 4635727.476689 1302317087.0
443945.042915 4635728.178097 1302317089.0
443968.953859 4635729.433416 1302317091.0
443991.709120 4635731.475139 1302317093.0
444014.126318 4635732.742354 1302317095.0
444036.131202 4635734.345981 1302317097.0
444064.925117 4635733.897747 1302317100.0
444090.563876 4635733.252326 1302317104.0
444112.430643 4635738.410362 1302317109.0
444136.813033 4635746.879756 1302317128.0
444166.623597 4635749.088777 1302317131.0
444191.025366 4635749.452719 1302317133.0
444214.670707 4635748.601294 1302317135.0
444235.243021 4635747.440903 1302317137.0
444256.473134 4635745.498186 1302317140.0
444277.252724 4635739.006662 1302317164.0
444298.661864 4635738.728181 1302317167.0
444320.329504 4635739.669117 1302317169.0
444344.647436 4635739.923207 1302317171.0
444368.298888 4635739.849483 1302317173.0
444391.120494 4635739.782317 1302317175.0
444414.438273 4635739.489283 1302317177.0
444437.425847 4635739.420969 1302317179.0
444464.228976 4635739.100913 1302317182.0
444479.100323 4635719.887144 1302317189.0
444478.644539 4635693.353584 1302317192.0
444479.127555 4635670.143726 1302317194.0
444479.995216 4635643.044684 1302317196.0
444480.257755 4635612.841409 1302317198.0
444480.441640 4635583.193918 1302317200.0
444480.798426 4635554.433352 1302317202.0
444481.181176 4635529.003603 1302317204.0
444481.353908 4635508.572018 1302317206.0
444481.424619 4635485.698482 1302317210.0
444483.126533 4635459.148116 1302317217.0
444485.304761 4635429.818193 1302317220.0
444488.020737 4635405.591640 1302317222.0
444490.211984 4635377.927128 1302317224.0
444491.053798 4635347.497286 1302317226.0
444491.235167 4635317.516727 1302317228.0
444491.273054 4635290.424168 1302317230.0
444490.936653 4635268.553118 1302317232.0
444490.196546 4635248.128654 1302317235.0
