446308.411243 4635055.652064 1302716420.0
446305.014725 4635034.470294 1302716425.0
446302.686216 4635011.837043 1302716430.0
446311.003392 4634992.121464 1302716437.0
446312.335798 4634970.681992 1302716456.0
446310.273846 4634950.378432 1302716460.0
446300.913457 4634930.796076 1302716463.0
446290.977082 4634911.884274 1302716466.0
446276.506115 4634897.003874 1302716480.0
446277.232367 4634872.237969 1302716484.0
446278.143032 4634849.913407 1302716487.0
446279.207976 4634826.033216 1302716490.0
446277.098182 4634799.401130 1302716494.0
446264.844394 4634781.395104 1302716498.0
446245.547566 4634775.988992 1302716501.0
446218.715709 4634772.971501 1302716504.0
446196.691704 4634769.140572 1302716506.0
446177.415723 4634755.518020 1302716509.0
446154.159288 4634753.362030 1302716513.0
446133.480744 4634751.852828 1302716517.0
446103.044647 4634744.199619 1302716520.0
446079.737555 4634724.389953 1302716522.0
446055.138536 4634709.364576 1302716524.0
446032.091372 4634701.988830 1302716526.0
446008.091108 4634700.283081 1302716529.0
445985.778534 4634702.228720 1302716537.0
445983.857649 4634722.562387 1302716541.0
445984.144331 4634749.430289 1302716544.0
445983.189446 4634776.751737 1302716547.0
445979.614580 4634797.875181 1302716550.0
445985.509590 4634820.037166 1302716556.0
445987.702624 4634846.557520 1302716559.0
445985.156545 4634872.003468 1302716561.0
445984.253535 4634895.216293 1302716563.0
445983.009298 4634917.210339 1302716565.0
445981.589824 4634937.984347 1302716569.0
445979.872899 4634963.312981 1302716573.0
445979.287587 4634984.635833 1302716575.0
445978.646226 4635009.512181 1302716577.0
445978.438354 4635036.827979 1302716579.0
445977.500394 4635066.369982 1302716581.0
445976.654697 4635097.132655 1302716583.0
445975.639661 4635127.452480 1302716585.0
445975.690050 4635155.987692 1302716587.0
445975.289284 4635179.751889 1302716589.0
445968.080770 4635203.234614 1302716592.0
445947.913621 4635214.268873 1302716595.0
445919.084355 4635221.260701 1302716598.0
445895.270334 4635221.996682 1302716600.0
445869.892153 4635224.410130 1302716602.0
445844.845105 4635226.710118 1302716604.0
445822.789944 4635229.542608 1302716606.0
445798.987780 4635231.833291 1302716609.0
445783.397253 4635244.387673 1302716635.0
445756.250185 4635243.372951 1302716640.0
445728.874436 4635245.024878 1302716643.0
445706.300278 4635245.085846 1302716645.0
445682.727698 4635244.821398 1302716647.0
445658.651245 4635243.783636 1302716649.0
445633.740647 4635242.197153 1302716651.0
445606.917023 4635240.070195 1302716653.0
445579.770750 4635239.167171 1302716655.0
445554.451102 4635238.361325 1302716657.0
445532.032709 4635237.089252 1302716659.0
445511.607771 4635236.024069 1302716664.0
445499.802415 4635255.101113 1302716686.0
445501.152830 4635279.740240 1302716689.0
445501.014523 4635305.056957 1302716692.0
445501.289466 4635330.148448 1302716695.0
445500.390675 4635353.694447 1302716698.0
445498.551835 4635373.694564 1302716701.0
445496.242260 4635397.251360 1302716705.0
445494.941300 4635422.465944 1302716709.0
445496.626214 4635447.435618 1302716713.0
445496.659013 4635473.417235 1302716717.0
445495.663688 4635495.187442 1302716721.0
445497.028533 4635521.714038 1302716724.0
445497.043498 4635545.364088 1302716726.0
445495.752770 4635571.911005 1302716728.0
445494.552686 4635599.456532 1302716730.0
445493.604120 4635627.333237 1302716732.0
445492.573428 4635655.321606 1302716734.0
445491.459762 4635683.310611 1302716736.0
445490.423994 4635710.632819 1302716738.0
445489.694685 4635734.621674 1302716740.0
445488.400638 4635760.724491 1302716743.0
445487.651803 4635782.159723 1302716747.0
445490.905730 4635806.118097 1302716751.0
445496.161431 4635831.393561 1302716754.0
445498.163769 4635854.473247 1302716756.0
445500.026466 4635880.996048 1302716758.0
445501.125319 4635905.304021 1302716760.0
445500.977735 4635929.399464 1302716762.0
445500.820810 4635952.273609 1302716764.0
445500.442977 4635978.813557 1302716767.0
445514.269134 4635996.251104 1302716770.0
445542.217944 4636004.809020 1302716773.0
445566.515513 4636013.394948 1302716775.0
445592.534422 4636019.191966 1302716777.0
445618.702295 4636022.767268 1302716779.0
445644.952274 4636026.231005 1302716781.0
445671.694183 4636028.913850 1302716783.0
445699.174435 4636030.480829 1302716785.0
445724.496322 4636031.953327 1302716787.0
445748.311009 4636031.660857 1302716789.0
445770.385633 4636031.714816 1302716791.0
445790.727795 4636033.114433 1302716793.0
445810.815938 4636033.849839 1302716795.0
445838.354627 4636032.196934 1302716798.0
445859.501262 4636030.259621 1302716801.0
445882.813005 4636029.305222 1302716820.0
445904.967236 4636028.914859 1302716824.0
445928.284045 4636028.626772 1302716827.0
445955.169878 4636028.422713 1302716830.0
445976.666159 4636028.814801 1302716832.0
445998.817024 4636027.980621 1302716834.0
446022.044963 4636026.916280 1302716836.0
446045.435506 4636025.406649 1302716838.0
446066.761620 4636025.245130 1302716840.0
446087.831228 4636024.086314 1302716843.0
446108.711358 4636019.820054 1302716850.0
446128.698034 4636018.114386 1302716853.0
446156.814347 4636016.014211 1302716856.0
446176.870600 4636012.531616 1302716858.0
446197.413018 4636007.490935 1302716860.0
446224.496730 4636000.513354 1302716863.0
446247.947749 4635996.006028 1302716867.0
446265.051895 4636008.201688 1302716894.0
446282.053906 4635995.859752 1302716900.0
446283.435451 4635969.978525 1302716903.0
446284.016495 4635947.989509 1302716905.0
446285.408108 4635923.440611 1302716907.0
446288.961463 4635899.430579 1302716909.0
446292.356412 4635876.421047 1302716911.0
446294.193963 4635855.977030 1302716913.0
446294.661102 4635829.880640 1302716916.0
446291.746850 4635806.585583 1302716920.0
