446277.295945 4635497.022261 1302814717.0
446296.405705 4635488.883765 1302814721.0
446299.475653 4635466.764973 1302814724.0
446298.423983 4635437.349046 1302814727.0
446297.994235 4635413.369070 1302814729.0
446297.793365 4635386.722568 1302814731.0
446297.670462 4635359.409278 1302814733.0
446297.225649 4635333.430818 1302814735.0
446296.626573 4635309.007988 1302814737.0
446296.965489 4635287.909090 1302814739.0
446297.293529 4635265.366841 1302814742.0
446295.538450 4635241.729962 1302814757.0
446272.258521 4635236.242788 1302814761.0
446246.446068 4635236.104401 1302814764.0
446225.613022 4635235.928520 1302814766.0
446202.951676 4635235.433406 1302814768.0
446181.122743 4635235.265175 1302814770.0
446159.293808 4635235.097011 1302814772.0
446137.215900 4635234.930797 1302814774.0
446114.640049 4635234.768417 1302814776.0
446091.811864 4635234.163885 1302814778.0
446069.814417 4635233.664170 1302814780.0
446048.818734 4635233.934171 1302814782.0
446020.948324 4635236.032854 1302814785.0
446000.371806 4635236.854989 1302814789.0
445979.295667 4635237.458905 1302814808.0
445959.120632 4635236.501579 1302814812.0
445934.136371 4635236.135974 1302814815.0
445913.305831 4635236.294087 1302814817.0
445889.318290 4635236.032106 1302814819.0
445863.007021 4635235.787862 1302814821.0
445835.533040 4635235.441522 1302814823.0
445807.893075 4635235.096551 1302814825.0
445780.252260 4635234.640659 1302814827.0
445752.110962 4635233.855585 1302814829.0
445723.143983 4635233.632081 1302814831.0
445694.345519 4635233.740510 1302814833.0
445666.206743 4635233.288856 1302814835.0
445638.232247 4635232.613993 1302814837.0
445609.096728 4635232.059137 1302814839.0
445580.377001 4635231.612258 1302814841.0
445552.405031 4635231.270813 1302814843.0
445523.850425 4635230.711866 1302814845.0
445493.964571 4635229.719084 1302814847.0
445463.250502 4635228.954834 1302814849.0
445432.207865 4635228.637368 1302814851.0
445401.162670 4635227.986955 1302814853.0
445370.201308 4635227.447069 1302814855.0
445339.321227 4635226.684626 1302814857.0
445308.441136 4635225.922316 1302814859.0
445277.397614 4635225.494497 1302814861.0
445245.941694 4635225.403084 1302814863.0
445213.899716 4635224.650114 1302814865.0
445182.686777 4635223.779875 1302814867.0
445152.471424 4635223.124160 1302814869.0
445123.169813 4635222.572569 1302814871.0
445094.532119 4635222.015981 1302814873.0
445067.471238 4635221.447350 1302814875.0
445040.575474 4635220.766514 1302814877.0
445013.516294 4635220.420142 1302814879.0
444986.204708 4635219.631686 1302814881.0
444959.063385 4635219.397189 1302814883.0
444932.581691 4635218.602527 1302814885.0
444905.855311 4635218.365025 1302814887.0
444880.372926 4635218.006965 1302814889.0
444856.548629 4635217.414094 1302814891.0
444835.378304 4635216.578684 1302814893.0
444812.636314 4635216.421714 1302814896.0
444789.983334 4635217.041364 1302814899.0
444761.601427 4635217.372401 1302814902.0
444733.797871 4635217.365964 1302814905.0
444707.406014 4635217.459712 1302814908.0
444678.191615 4635217.464442 1302814911.0
444654.788278 4635217.646213 1302814913.0
444629.310176 4635217.844186 1302814915.0
444606.072820 4635218.024827 1302814917.0
444585.156609 4635217.854387 1302814919.0
444562.256397 4635218.698752 1302814921.0
444539.768549 4635219.206878 1302814923.0
444515.614840 4635218.950813 1302814926.0
444494.623419 4635219.780529 1302814943.0
444484.244543 4635240.513696 1302814948.0
444486.785423 4635268.363396 1302814951.0
444486.870273 4635289.903305 1302814953.0
444487.056281 4635313.774137 1302814955.0
444486.922446 4635339.201937 1302814957.0
444486.051232 4635365.856857 1302814959.0
444485.993473 4635390.395795 1302814961.0
444483.935345 4635413.839984 1302814963.0
444481.824530 4635441.170772 1302814966.0
444480.494288 4635462.166545 1302814978.0
444467.340019 4635478.146925 1302814983.0
444444.813298 4635484.207365 1302814987.0
444424.172804 4635487.366278 1302814991.0
444394.504899 4635492.927425 1302814994.0
444365.813810 4635496.038320 1302814997.0
444341.986032 4635494.892042 1302815000.0
444321.783656 4635490.386489 1302815004.0
444299.237637 4635483.345536 1302815010.0
444303.495000 4635507.739718 1302815018.0
444310.795077 4635528.557029 1302815021.0
444317.009343 4635548.494564 1302815024.0
444323.253948 4635572.318055 1302815028.0
444293.530034 4635570.662860 1302815031.0
444269.143766 4635561.748819 1302815033.0
444245.609898 4635555.715072 1302815035.0
444222.942367 4635554.338047 1302815038.0
444198.249227 4635548.646635 1302815042.0
444180.278175 4635564.110124 1302815046.0
444168.745885 4635585.741097 1302815049.0
444159.745896 4635612.792906 1302815052.0
444151.830014 4635640.502434 1302815055.0
444145.387909 4635665.646633 1302815058.0
444141.176002 4635689.440943 1302815061.0
444137.046240 4635713.123579 1302815064.0
444118.529929 4635722.484641 1302815067.0
