443884.155695 4635457.734336 1302741479.0
443860.429920 4635459.031611 1302741482.0
443832.083097 4635463.696421 1302741485.0
443811.130974 4635469.413355 1302741487.0
443787.181691 4635473.932627 1302741489.0
443760.705995 4635473.808492 1302741491.0
443731.973843 4635471.703664 1302741493.0
443701.750525 4635469.943838 1302741495.0
443671.198750 4635468.630875 1302741497.0
443642.143377 4635467.639305 1302741499.0
443615.574991 4635466.295067 1302741501.0
443592.737527 4635464.477248 1302741503.0
443567.240922 4635462.236430 1302741506.0
443546.165532 4635462.847552 1302741513.0
443519.537003 4635464.391036 1302741539.0
443491.246085 4635465.614704 1302741542.0
443468.752867 4635465.349030 1302741544.0
443444.512494 4635464.542126 1302741546.0
443419.183572 4635462.522574 1302741548.0
443395.434933 4635460.934691 1302741550.0
443373.102371 4635460.001837 1302741552.0
443351.433705 4635459.063772 1302741554.0
443330.769720 4635459.228124 1302741556.0
443303.457866 4635458.335099 1302741559.0
443281.453694 4635456.955781 1302741563.0
443257.749215 4635460.919717 1302741592.0
443237.130351 4635466.746727 1302741595.0
443215.100728 4635472.585042 1302741598.0
443191.574466 4635467.665039 1302741602.0
443166.682551 4635468.418755 1302741607.0
443143.725944 4635472.488140 1302741610.0
443122.670987 4635475.654142 1302741613.0
443102.582636 4635475.148354 1302741616.0
443083.032127 4635479.634869 1302741621.0
443075.574701 4635501.901314 1302741633.0
443072.467259 4635528.463343 1302741636.0
443070.821663 4635551.016457 1302741638.0
443069.112614 4635576.012834 1302741640.0
443067.990695 4635601.781761 1302741642.0
443067.944054 4635627.097958 1302741644.0
443067.131022 4635649.977526 1302741646.0
443066.379686 4635670.191778 1302741648.0
443064.372474 4635699.409849 1302741651.0
443062.966149 4635720.739682 1302741653.0
443061.576697 4635744.179034 1302741655.0
443060.286216 4635769.616214 1302741657.0
443059.172365 4635796.384395 1302741659.0
443058.234256 4635824.372552 1302741661.0
443057.877928 4635852.467093 1302741663.0
443057.766117 4635880.004508 1302741665.0
443058.056796 4635905.984227 1302741667.0
443058.496577 4635929.853101 1302741669.0
443058.163776 4635950.508155 1302741671.0
443057.026901 4635974.389636 1302741674.0
443060.513931 4635995.347257 1302741694.0
443086.951786 4636001.353880 1302741699.0
443117.075883 4636001.335304 1302741702.0
443140.974584 4636001.144481 1302741704.0
443165.452385 4636000.727049 1302741706.0
443189.426984 4635999.647508 1302741708.0
443212.494103 4635999.241489 1302741710.0
443235.150738 4635999.393989 1302741712.0
443259.055634 4635999.980753 1302741714.0
443285.198375 4636000.216675 1302741716.0
443314.419384 4636001.427502 1302741718.0
443346.302856 4636003.505545 1302741720.0
443378.755704 4636004.135758 1302741722.0
443408.540784 4636003.232835 1302741724.0
443432.188761 4636002.822913 1302741726.0
443452.849404 4636002.436785 1302741729.0
443473.605365 4636003.604441 1302741734.0
443498.431817 4636005.295037 1302741737.0
443520.931252 4636006.560034 1302741739.0
443547.409389 4636007.238395 1302741741.0
443578.366760 4636007.659302 1302741743.0
443610.319902 4636008.072459 1302741745.0
443642.688824 4636008.593504 1302741747.0
443678.124541 4636008.646308 1302741749.0
443712.151323 4636008.932491 1302741751.0
443744.437244 4636009.454654 1302741753.0
443774.396172 4636009.551195 1302741755.0
443800.364980 4636008.791072 1302741757.0
443821.768936 4636007.956013 1302741759.0
443844.815894 4636004.998415 1302741762.0
443863.552057 4635992.081792 1302741790.0
443866.168678 4635966.079176 1302741793.0
443868.125838 4635940.636931 1302741797.0
443869.040114 4635919.755305 1302741800.0
443869.497487 4635893.547643 1302741803.0
443872.863648 4635867.872230 1302741806.0
443873.860937 4635846.989955 1302741808.0
443876.007755 4635824.544144 1302741810.0
443879.566189 4635802.198248 1302741812.0
443882.297430 4635780.191973 1302741814.0
443883.877405 4635759.527180 1302741816.0
443887.605368 4635737.624092 1302741819.0
443911.847290 4635728.217337 1302741823.0
443941.955006 4635725.981716 1302741826.0
443967.840997 4635725.111840 1302741829.0
443984.769048 4635714.319429 1302741839.0
444004.955243 4635727.373772 1302741855.0
444029.322102 4635733.844310 1302741858.0
444049.974806 4635732.349651 1302741860.0
444077.333584 4635728.803787 1302741863.0
444102.633452 4635727.272798 1302741866.0
444124.038275 4635726.438656 1302741873.0
444148.136916 4635730.468953 1302741901.0
444179.685870 4635732.109229 1302741904.0
444205.666143 4635732.682921 1302741906.0
444229.901995 4635733.048296 1302741908.0
444250.062039 4635732.224279 1302741910.0
444271.720153 4635731.943768 1302741914.0
444294.999756 4635726.765147 1302741926.0
444321.581753 4635729.999371 1302741929.0
444344.076659 4635730.600812 1302741931.0
444367.645157 4635730.527735 1302741933.0
444391.628577 4635730.451496 1302741935.0
444414.948120 4635730.380519 1302741937.0
444436.192180 4635730.214774 1302741939.0
444459.166797 4635728.481123 1302741942.0
444480.894924 4635726.535193 1302741960.0
444492.519551 4635706.014353 1302741969.0
444492.106211 4635684.921126 1302741972.0
444492.365406 4635664.932998 1302741974.0
444492.927130 4635641.167360 1302741976.0
444493.885622 4635615.066918 1302741978.0
444494.003015 4635587.529591 1302741980.0
444493.293140 4635560.331814 1302741982.0
444491.520006 4635535.140932 1302741984.0
444488.524549 4635512.846458 1302741986.0
444484.294647 4635491.894014 1302741989.0
444485.198706 4635469.458120 1302742004.0
444488.316626 4635443.562925 1302742011.0
444493.279344 4635420.096104 1302742014.0
444496.448302 4635390.092264 1302742017.0
444497.165682 4635364.993018 1302742019.0
444498.673172 4635334.780060 1302742021.0
444499.523682 4635305.460492 1302742023.0
444498.996242 4635280.370948 1302742025.0
444497.304343 4635254.957375 1302742028.0
444495.488839 4635234.985425 1302742052.0
