444263.529871 4635735.227836 1302050710.0
444287.511543 4635734.929193 1302050719.0
444311.590090 4635736.406417 1302050722.0
444335.251099 4635737.553882 1302050725.0
444361.389493 4635737.127600 1302050728.0
444390.602651 4635737.232578 1302050731.0
444411.436967 4635737.736161 1302050733.0
444437.660944 4635737.642592 1302050736.0
444459.330293 4635738.806005 1302050740.0
444474.620013 4635720.033101 1302050746.0
444476.013154 4635685.823787 1302050750.0
444478.242317 4635663.044454 1302050752.0
444481.609066 4635637.147307 1302050754.0
444484.471869 4635610.476853 1302050756.0
444486.099419 4635585.037401 1302050758.0
444486.406119 4635560.496515 1302050760.0
444486.229612 4635537.846972 1302050762.0
444486.531992 4635512.750952 1302050765.0
444493.181217 4635492.713036 1302050772.0
444497.419515 4635472.138742 1302050779.0
444498.430775 4635442.151712 1302050782.0
444498.820525 4635417.610186 1302050784.0
444499.624357 4635392.954401 1302050786.0
444500.180095 4635368.411584 1302050788.0
444500.814504 4635343.312986 1302050790.0
444500.620755 4635318.442908 1302050792.0
444500.030223 4635295.907633 1302050794.0
444497.743561 4635268.722152 1302050797.0
444500.963651 4635245.268922 1302050817.0
444501.707023 4635223.500495 1302050821.0
444524.108401 4635211.889537 1302050826.0
444546.431154 4635211.493680 1302050829.0
444567.011105 4635211.111454 1302050831.0
444591.820990 4635210.363286 1302050833.0
444613.976041 4635209.746878 1302050835.0
444638.035565 4635208.560570 1302050838.0
444659.360716 4635207.950752 1302050842.0
444683.923368 4635207.426893 1302050847.0
444708.160091 4635207.682886 1302050850.0
444729.155868 4635207.408935 1302050852.0
444755.623865 4635206.426407 1302050854.0
444783.511313 4635206.543314 1302050856.0
444811.979694 4635206.655830 1302050858.0
444840.694465 4635206.433450 1302050860.0
444870.406842 4635206.425534 1302050862.0
444900.873860 4635207.411210 1302050864.0
444931.093613 4635208.620994 1302050866.0
444961.392055 4635209.275129 1302050868.0
444992.356129 4635210.146322 1302050870.0
445038.007814 4635210.682255 1302050873.0
445067.964851 4635210.118107 1302050875.0
445097.593350 4635210.000751 1302050877.0
445127.386119 4635209.660186 1302050879.0
445157.675122 4635209.093858 1302050881.0
445188.469760 4635209.523072 1302050883.0
445218.935844 4635210.399079 1302050885.0
445248.982700 4635210.723271 1302050887.0
445278.861011 4635210.715783 1302050889.0
445307.489347 4635210.051814 1302050891.0
445335.457170 4635209.837162 1302050893.0
445363.426695 4635209.844675 1302050895.0
445391.231089 4635209.964597 1302050897.0
445418.630734 4635211.420132 1302050899.0
445444.699967 4635212.552858 1302050901.0
445469.187271 4635213.031587 1302050903.0
445492.762525 4635213.628411 1302050905.0
445516.087953 4635214.116190 1302050907.0
445540.238189 4635213.931539 1302050909.0
445565.966092 4635213.845949 1302050911.0
445592.437518 4635213.310639 1302050913.0
445617.998592 4635213.115477 1302050915.0
445643.065959 4635213.479341 1302050917.0
445667.142517 4635214.517052 1302050919.0
445690.384930 4635215.006034 1302050921.0
445711.466201 4635215.067426 1302050923.0
445741.426606 4635214.950218 1302050926.0
445761.680506 4635215.351161 1302050928.0
445782.597482 4635215.636081 1302050930.0
445804.598398 4635216.579018 1302050932.0
445828.004235 4635216.734106 1302050934.0
445851.654822 4635216.332242 1302050936.0
445875.227480 4635216.597250 1302050938.0
445896.892199 4635216.987859 1302050940.0
445921.962049 4635217.685786 1302050943.0
445946.476233 4635221.719020 1302050947.0
445967.502267 4635225.445693 1302050969.0
445979.950683 4635247.224882 1302050974.0
445978.637870 4635271.107031 1302050977.0
445977.383642 4635291.768767 1302050979.0
445976.151313 4635315.317207 1302050981.0
445975.520966 4635341.636921 1302050983.0
445974.984561 4635369.399359 1302050985.0
445974.454057 4635397.938987 1302050987.0
445972.917600 4635425.153845 1302050989.0
445971.023944 4635449.040408 1302050991.0
445968.476509 4635474.264334 1302050994.0
445976.609173 4635496.076254 1302051013.0
446001.263094 4635496.777598 1302051017.0
446028.398211 4635496.349892 1302051020.0
446050.808107 4635496.624275 1302051022.0
446076.867753 4635496.649034 1302051024.0
446103.668402 4635495.891047 1302051026.0
446130.135427 4635494.913617 1302051028.0
446153.116157 4635493.851603 1302051030.0
446178.416339 4635492.216972 1302051033.0
