445509.021706 4636026.270352 1303413147.0
445487.703227 4636027.432787 1303413169.0
445465.125586 4636026.717352 1303413172.0
445442.807087 4636027.332409 1303413176.0
445417.666386 4636027.858130 1303413191.0
445387.943853 4636026.087360 1303413194.0
445364.113811 4636024.382545 1303413196.0
445338.041563 4636022.472949 1303413198.0
445311.391841 4636021.012018 1303413200.0
445284.664242 4636020.217987 1303413202.0
445257.438749 4636019.427883 1303413204.0
445230.133683 4636019.082630 1303413206.0
445203.245226 4636018.956344 1303413208.0
445176.274639 4636018.941826 1303413210.0
445149.807923 4636019.700766 1303413212.0
445123.011853 4636020.795443 1303413214.0
445095.797460 4636021.449311 1303413216.0
445069.244350 4636021.765081 1303413218.0
445043.768283 4636021.850572 1303413220.0
445019.451379 4636021.594105 1303413222.0
444996.127674 4636020.996949 1303413224.0
444973.387405 4636020.728463 1303413226.0
444950.979916 4636020.568512 1303413228.0
444927.492811 4636020.305945 1303413230.0
444902.838813 4636019.386279 1303413232.0
444877.607376 4636018.915302 1303413234.0
444852.713877 4636019.219036 1303413236.0
444827.993220 4636020.409789 1303413238.0
444803.850858 4636021.263044 1303413240.0
444780.782090 4636021.441855 1303413242.0
444758.624393 4636021.391606 1303413244.0
444737.795255 4636021.442151 1303413246.0
444712.390947 4636020.084830 1303413249.0
444691.794366 4636018.024060 1303413253.0
444668.036543 4636025.647860 1303413258.0
444642.588223 4636018.628398 1303413262.0
444621.556853 4636014.017429 1303413264.0
444598.451784 4636009.533685 1303413266.0
444575.064046 4636000.721891 1303413268.0
444551.514608 4635992.466601 1303413270.0
444528.641937 4635985.871627 1303413272.0
444506.280954 4635981.049283 1303413274.0
444486.099964 4635979.096901 1303413276.0
444468.594169 4635969.018237 1303413279.0
444466.402639 4635943.386471 1303413286.0
444467.128465 4635919.397471 1303413289.0
444468.452488 4635897.624488 1303413292.0
444469.928638 4635874.073777 1303413298.0
444470.504968 4635852.195591 1303413301.0
444477.196115 4635826.938720 1303413304.0
444482.468798 4635800.693606 1303413307.0
444481.611085 4635775.828685 1303413310.0
444478.054693 4635756.092362 1303413314.0
444478.841943 4635729.327043 1303413320.0
444480.696755 4635701.109965 1303413323.0
444482.677837 4635678.443600 1303413325.0
444485.316760 4635654.994873 1303413327.0
444488.619588 4635631.540975 1303413329.0
444489.769995 4635608.770055 1303413331.0
444490.260846 4635586.559446 1303413333.0
444490.262435 4635565.462990 1303413335.0
444490.686746 4635545.362545 1303413337.0
444490.728068 4635518.714085 1303413340.0
444491.983124 4635498.718202 1303413347.0
444475.296529 4635487.411753 1303413360.0
444455.488503 4635490.897189 1303413365.0
444431.507743 4635491.417313 1303413368.0
444401.626216 4635490.873230 1303413371.0
444380.305388 4635491.927937 1303413373.0
444359.318250 4635493.202169 1303413375.0
444333.682957 4635494.401750 1303413378.0
444312.083675 4635491.683683 1303413382.0
444302.210609 4635513.301458 1303413399.0
444284.027247 4635522.881539 1303413401.0
444264.915442 4635530.470320 1303413403.0
444243.652970 4635538.964258 1303413405.0
444224.619889 4635545.997363 1303413407.0
444204.569264 4635550.262640 1303413410.0
444180.529211 4635553.781995 1303413427.0
444156.987403 4635546.749296 1303413430.0
444130.806512 4635541.847017 1303413433.0
444102.328086 4635540.293882 1303413436.0
444080.496441 4635539.687988 1303413438.0
444045.716358 4635528.302521 1303413440.0
444014.851392 4635518.774030 1303413442.0
443989.231996 4635511.425106 1303413444.0
443968.701844 4635507.478298 1303413446.0
443947.599492 4635504.646392 1303413449.0
443927.284174 4635496.367683 1303413453.0
443906.033281 4635495.757749 1303413458.0
443902.978630 4635518.876889 1303413462.0
443900.048083 4635547.213655 1303413465.0
443898.313392 4635569.323097 1303413467.0
443896.168155 4635591.990945 1303413469.0
443893.864832 4635615.659346 1303413471.0
443891.982576 4635640.101672 1303413473.0
443891.352113 4635665.422411 1303413475.0
443891.541888 4635689.515316 1303413477.0
443892.212957 4635711.494782 1303413479.0
443892.807161 4635734.252093 1303413482.0
443913.299184 4635743.972747 1303413487.0
443935.449931 4635743.021130 1303413490.0
443958.005123 4635740.733991 1303413493.0
443977.788656 4635734.249426 1303413513.0
444001.889981 4635738.612311 1303413519.0
444023.972599 4635739.549084 1303413522.0
444046.059571 4635741.041062 1303413525.0
444070.122469 4635740.518980 1303413529.0
444095.102556 4635740.544951 1303413535.0
444117.354604 4635741.924820 1303413540.0
444140.851410 4635743.294997 1303413552.0
444164.840890 4635743.995185 1303413555.0
444192.323541 4635745.667391 1303413558.0
444218.704774 4635744.461443 1303413561.0
444244.153196 4635740.709113 1303413564.0
444274.091495 4635738.032087 1303413567.0
444295.998544 4635737.749702 1303413569.0
444317.994655 4635738.243927 1303413571.0
444339.823056 4635738.517461 1303413573.0
444361.986862 4635739.232579 1303413575.0
444384.147195 4635739.503657 1303413577.0
444406.058571 4635739.776747 1303413579.0
444427.219619 4635739.611622 1303413581.0
444455.190591 4635740.059658 1303413584.0
444475.261587 4635738.459735 1303413591.0
444488.170125 4635754.903183 1303413596.0
444488.083843 4635775.778238 1303413599.0
444487.470323 4635803.541508 1303413602.0
444487.780877 4635832.741020 1303413605.0
444487.514011 4635862.389168 1303413608.0
444490.471363 4635890.457715 1303413611.0
444488.988228 4635913.120204 1303413615.0
444495.044372 4635934.169464 1303413622.0
444492.734010 4635957.171503 1303413641.0
444488.139983 4635985.298905 1303413645.0
444491.405857 4636010.367134 1303413647.0
444497.792112 4636031.191757 1303413649.0
444521.373488 4636043.554877 1303413653.0
444542.062544 4636046.835808 1303413655.0
444563.673875 4636051.330994 1303413657.0
444584.172738 4636051.504575 1303413659.0
444604.647419 4636048.569452 1303413661.0
444625.021009 4636043.303461 1303413663.0
444651.658754 4636043.207443 1303413666.0
444673.531224 4636038.596148 1303413670.0
444696.301857 4636032.090370 1303413693.0
444722.179885 4636030.335007 1303413698.0
444744.425706 4636031.050662 1303413701.0
444771.073821 4636032.287418 1303413704.0
444792.650616 4636032.342208 1303413706.0
444818.114616 4636030.701436 1303413708.0
444845.742152 4636029.821240 1303413710.0
444874.278189 4636028.378949 1303413712.0
444902.483170 4636027.050368 1303413714.0
444929.939612 4636025.505619 1303413716.0
444956.402865 4636024.301752 1303413718.0
444982.290404 4636023.768634 1303413720.0
445009.262699 4636024.004473 1303413722.0
445036.398383 4636023.906051 1303413724.0
445063.619616 4636024.140174 1303413726.0
445090.508921 4636024.376960 1303413728.0
445117.977379 4636024.387317 1303413730.0
445145.941157 4636024.060864 1303413732.0
445173.906645 4636023.956575 1303413734.0
445201.458934 4636024.077642 1303413736.0
445228.510773 4636023.869563 1303413738.0
445255.891122 4636023.214927 1303413740.0
445282.942109 4636022.896027 1303413742.0
445309.991392 4636022.355176 1303413744.0
445336.046608 4636022.044125 1303413746.0
445361.266051 4636020.962344 1303413748.0
445385.325467 4636020.111615 1303413750.0
445408.063147 4636020.048334 1303413752.0
445429.139502 4636019.775786 1303413754.0
445456.022835 4636019.236761 1303413757.0
445477.367683 4636021.516076 1303413761.0
445498.788701 4636022.906603 1303413769.0
445520.296937 4636024.851694 1303413772.0
445547.704452 4636027.751051 1303413775.0
445569.122040 4636028.697680 1303413777.0
445592.111171 4636028.966165 1303413779.0
445616.680329 4636029.666795 1303413781.0
445641.830347 4636030.363077 1303413783.0
445667.557838 4636030.610907 1303413785.0
445693.614710 4636030.523218 1303413787.0
445719.839235 4636030.656413 1303413789.0
445746.722531 4636030.118486 1303413791.0
445772.613438 4636030.032350 1303413793.0
445797.510263 4636030.175940 1303413795.0
445820.997254 4636030.441375 1303413797.0
445843.404645 4636030.604063 1303413799.0
445870.704535 4636030.285503 1303413802.0
445893.188156 4636029.559499 1303413805.0
445921.486349 4636029.566651 1303413808.0
445943.809069 4636029.508230 1303413810.0
445967.376503 4636029.440436 1303413812.0
445990.531556 4636029.708949 1303413814.0
446013.268336 4636029.536572 1303413816.0
446035.094848 4636029.704266 1303413818.0
446057.830785 4636029.421004 1303413820.0
446080.323664 4636029.916890 1303413822.0
446103.558326 4636029.741033 1303413824.0
446127.709976 4636030.113483 1303413826.0
446151.613520 4636030.598925 1303413828.0
446174.680537 4636030.202500 1303413830.0
446196.422377 4636030.149260 1303413832.0
446216.406526 4636028.110756 1303413834.0
446244.917614 4636023.343144 1303413837.0
446270.958570 4636021.148050 1303413840.0
446292.930958 4636018.650629 1303413844.0
446300.899871 4635996.939010 1303413848.0
446300.434125 4635968.184843 1303413851.0
446300.506449 4635944.756230 1303413853.0
446299.983670 4635919.444534 1303413855.0
446299.703140 4635893.242745 1303413857.0
446299.340465 4635867.152610 1303413859.0
446298.820195 4635842.173999 1303413861.0
446298.147349 4635818.973075 1303413863.0
446298.605300 4635791.655387 1303413866.0
