445530.585968 4636035.543272 1303492050.0
445508.344531 4636035.380298 1303492071.0
445485.529022 4636036.110058 1303492074.0
445463.620357 4636036.055711 1303492077.0
445442.610873 4636034.218004 1303492082.0
445415.470995 4636033.759743 1303492096.0
445387.909397 4636032.416548 1303492099.0
445366.662007 4636032.024328 1303492101.0
445343.842235 4636032.199405 1303492103.0
445319.772633 4636031.717948 1303492105.0
445294.705549 4636031.022166 1303492107.0
445269.229526 4636031.106851 1303492109.0
445242.670481 4636030.644785 1303492111.0
445215.695672 4636030.074981 1303492113.0
445189.136616 4636029.613114 1303492115.0
445163.489492 4636029.033291 1303492117.0
445138.674738 4636028.780250 1303492119.0
445114.352733 4636027.857296 1303492121.0
445090.357510 4636026.265702 1303492123.0
445066.121038 4636025.675354 1303492125.0
445041.135161 4636024.757770 1303492127.0
445015.484569 4636023.734370 1303492129.0
444989.578165 4636021.824768 1303492131.0
444963.510073 4636020.471679 1303492133.0
444937.786768 4636020.781527 1303492135.0
444912.565645 4636021.642753 1303492137.0
444888.008376 4636022.498933 1303492139.0
444865.109875 4636023.231322 1303492141.0
444843.622056 4636023.952861 1303492143.0
444823.209556 4636024.221998 1303492145.0
444795.738495 4636023.879696 1303492148.0
444773.578224 4636023.496319 1303492151.0
444748.338172 4636021.915528 1303492155.0
444727.807357 4636017.633465 1303492179.0
444707.160546 4636019.792330 1303492191.0
444681.208124 4636022.658665 1303492195.0
444658.228377 4636023.614418 1303492198.0
444631.924210 4636023.929885 1303492201.0
444603.946604 4636022.481920 1303492204.0
444576.443545 4636018.032456 1303492207.0
444550.187762 4636013.906488 1303492210.0
444528.366277 4636014.409507 1303492213.0
444510.133806 4636028.208710 1303492220.0
444491.799388 4636039.566008 1303492224.0
444475.435576 4636026.924646 1303492239.0
444475.856322 4636006.380077 1303492242.0
444475.462727 4635977.181204 1303492245.0
444474.889427 4635956.866453 1303492247.0
444473.056678 4635934.673944 1303492250.0
444486.149879 4635953.558695 1303492263.0
444502.550836 4635938.996467 1303492267.0
444504.428158 4635913.666094 1303492270.0
444503.193674 4635893.689597 1303492273.0
444500.123179 4635872.395000 1303492277.0
444496.852094 4635846.660608 1303492280.0
444496.978123 4635820.233544 1303492283.0
444498.845086 4635793.570847 1303492286.0
444501.135637 4635768.015191 1303492289.0
444499.455001 4635733.385695 1303492291.0
444498.378668 4635712.408667 1303492292.0
444497.129440 4635690.544715 1303492293.0
444495.997729 4635662.461948 1303492295.0
444495.559313 4635638.148933 1303492297.0
444491.733179 4635615.749894 1303492298.0
444487.539528 4635578.142075 1303492301.0
444484.132601 4635556.294944 1303492303.0
444478.899078 4635534.351017 1303492305.0
444472.999031 4635512.079188 1303492309.0
444466.110889 4635490.814372 1303492316.0
444451.315632 4635477.272556 1303492324.0
444423.929738 4635477.486156 1303492328.0
444397.279467 4635476.250679 1303492331.0
444373.038425 4635475.329590 1303492334.0
444349.884021 4635475.399399 1303492337.0
444320.593741 4635476.183444 1303492340.0
444295.691389 4635475.600888 1303492343.0
444270.710386 4635475.574205 1303492351.0
444247.381313 4635474.535374 1303492354.0
444217.075186 4635472.774014 1303492357.0
444194.326137 4635471.619781 1303492359.0
444171.490611 4635470.022162 1303492361.0
444142.836359 4635467.248865 1303492364.0
444122.072885 4635465.302056 1303492367.0
444100.778144 4635469.688414 1303492373.0
444079.710602 4635471.297202 1303492394.0
444053.306573 4635469.727975 1303492397.0
444032.058235 4635469.450746 1303492399.0
444007.734114 4635468.531552 1303492401.0
443982.745210 4635467.506633 1303492403.0
443959.422166 4635467.245935 1303492405.0
443938.179055 4635467.635149 1303492407.0
443914.456803 4635469.376353 1303492410.0
443894.651597 4635473.196432 1303492423.0
443883.960381 4635496.153661 1303492429.0
443885.231628 4635520.571142 1303492432.0
443885.172454 4635544.666002 1303492435.0
443885.135149 4635571.536543 1303492438.0
443884.867255 4635600.740618 1303492441.0
443884.031480 4635621.066440 1303492443.0
443884.448368 4635642.381702 1303492445.0
443884.528940 4635663.144443 1303492447.0
443884.256689 4635691.793386 1303492450.0
443885.444931 4635716.211528 1303492454.0
443906.192091 4635726.707391 1303492459.0
443928.915918 4635724.751935 1303492462.0
443952.977996 4635724.118430 1303492465.0
443973.639449 4635723.733822 1303492469.0
