446312.319939 4636025.721631 1302179243.0
446295.212569 4636013.081749 1302179269.0
446290.805551 4635989.908977 1302179272.0
446291.160373 4635959.927255 1302179275.0
446290.480806 4635935.838109 1302179277.0
446290.779442 4635909.409885 1302179279.0
446292.573445 4635883.192454 1302179281.0
446294.199823 4635856.754221 1302179283.0
446296.005576 4635832.091173 1302179285.0
446298.124025 4635804.871999 1302179288.0
446300.867741 4635783.532887 1302179309.0
446302.277035 4635761.315570 1302179313.0
446301.843945 4635736.891473 1302179316.0
446300.710150 4635707.587187 1302179319.0
446300.701188 4635684.381263 1302179321.0
446300.932813 4635660.063191 1302179323.0
446301.322880 4635634.744625 1302179325.0
446301.710441 4635609.092979 1302179327.0
446302.101356 4635583.885442 1302179329.0
446302.597021 4635561.563986 1302179331.0
446303.596470 4635540.015967 1302179334.0
446303.771916 4635519.251394 1302179345.0
446292.174915 4635500.130037 1302179352.0
446270.525335 4635501.625695 1302179355.0
446242.541936 4635499.616144 1302179358.0
446221.287181 4635498.444171 1302179360.0
446199.875668 4635498.494812 1302179362.0
446179.210199 4635498.428847 1302179364.0
446158.043449 4635497.922598 1302179366.0
446135.962997 4635497.312286 1302179368.0
446112.384573 4635496.158207 1302179370.0
446088.559699 4635495.339172 1302179372.0
446065.231059 4635494.294392 1302179374.0
446043.231048 4635493.350658 1302179376.0
446021.808575 4635491.958481 1302179378.0
446000.386934 4635490.677397 1302179380.0
445978.552032 4635489.621577 1302179382.0
445955.972763 4635488.904572 1302179384.0
445933.639081 4635487.741640 1302179386.0
445912.053961 4635486.795162 1302179388.0
445890.556882 4635486.514281 1302179390.0
445868.812525 4635486.457412 1302179392.0
445846.316218 4635485.740123 1302179394.0
445823.487111 4635484.914403 1302179396.0
445800.404811 4635483.535515 1302179398.0
445777.984710 4635481.929594 1302179400.0
445755.651813 4635480.878247 1302179402.0
445735.572253 4635481.475308 1302179404.0
445714.979542 4635480.077732 1302179408.0
445689.941054 4635483.377518 1302179422.0
445661.974318 4635483.590788 1302179425.0
445640.227397 4635483.201535 1302179427.0
445619.306956 4635482.361904 1302179429.0
445590.672923 4635482.136413 1302179432.0
445568.687208 4635483.081605 1302179435.0
445548.356153 4635483.348015 1302179451.0
445524.792836 4635484.194368 1302179456.0
445498.305430 4635482.509396 1302179460.0
445475.262133 4635486.238809 1302179463.0
445451.961395 4635488.859932 1302179466.0
445427.242234 4635490.492694 1302179469.0
445403.009945 4635490.678373 1302179472.0
445375.208350 4635490.780470 1302179475.0
445353.459717 4635490.170037 1302179477.0
445329.381470 4635488.800314 1302179479.0
445304.558883 4635487.769487 1302179481.0
445279.157935 4635487.076291 1302179483.0
445254.258318 4635486.823468 1302179485.0
445229.273149 4635486.238288 1302179487.0
445204.040720 4635485.877164 1302179489.0
445178.228230 4635485.631628 1302179491.0
445153.164333 4635485.602489 1302179493.0
445129.264822 4635485.897571 1302179495.0
445106.776098 4635486.181862 1302179497.0
445086.030966 4635486.563816 1302179499.0
445065.786327 4635487.275072 1302179501.0
445044.870940 4635487.103291 1302179503.0
445023.952124 4635486.487462 1302179505.0
444994.572018 4635486.381158 1302179508.0
444965.931934 4635485.380989 1302179511.0
444942.939275 4635484.892453 1302179514.0
444921.028023 4635484.728732 1302179519.0
444898.552174 4635486.679087 1302179527.0
444877.200705 4635494.505604 1302179531.0
444853.882515 4635505.567391 1302179535.0
444832.519973 4635511.950690 1302179538.0
444809.202315 4635512.353375 1302179541.0
444788.417676 4635507.628947 1302179548.0
444768.381615 4635503.120844 1302179560.0
444753.418410 4635489.246611 1302179583.0
444730.219845 4635494.312051 1302179590.0
444705.010658 4635496.950428 1302179595.0
444683.528156 4635498.560651 1302179598.0
444656.309190 4635498.883097 1302179601.0
444626.596291 4635498.669864 1302179604.0
444606.428654 4635498.604591 1302179606.0
444576.883451 4635498.612328 1302179609.0
444555.628334 4635497.445321 1302179611.0
444530.631864 4635495.419238 1302179614.0
444509.713866 4635494.915946 1302179620.0
444485.141825 4635494.108089 1302179629.0
444462.817361 4635494.171066 1302179632.0
444433.606677 4635494.509890 1302179635.0
444410.719494 4635496.909131 1302179638.0
