444685.296563 4635469.789153 1301782712.0
444705.799675 4635470.296182 1301782715.0
444734.522862 4635471.294663 1301782718.0
444755.859284 4635472.239506 1301782720.0
444776.365823 4635473.190846 1301782722.0
444805.253238 4635473.966271 1301782725.0
444831.485043 4635474.762379 1301782728.0
444853.320221 4635475.814685 1301782731.0
444874.412800 4635477.427973 1301782737.0
444895.986975 4635476.927956 1301782754.0
444919.575172 4635479.299310 1301782757.0
444950.124002 4635480.284543 1301782760.0
444972.783868 4635480.664639 1301782762.0
444995.193910 4635480.935702 1301782764.0
445016.446410 4635481.770939 1301782766.0
445042.340204 4635481.793194 1301782769.0
445062.504439 4635481.415593 1301782773.0
445087.733476 4635481.332106 1301782797.0
445109.481317 4635481.830701 1301782800.0
445138.704862 4635483.160055 1301782803.0
445160.032627 4635482.995837 1301782805.0
445181.773619 4635482.606435 1301782807.0
445202.936263 4635482.554649 1301782809.0
445223.850797 4635482.615867 1301782811.0
445243.936310 4635482.794553 1301782813.0
445272.734644 4635482.795321 1301782816.0
445299.788536 4635482.587533 1301782819.0
445327.176081 4635482.599354 1301782822.0
445357.049840 4635482.148074 1301782825.0
445386.091173 4635481.370200 1301782828.0
445414.732036 4635482.483086 1301782831.0
445441.872312 4635482.719310 1301782834.0
445467.600950 4635482.855409 1301782837.0
445489.013392 4635482.913595 1301782840.0
445506.697592 4635494.658894 1301782846.0
445501.658812 4635519.457940 1301782854.0
445499.964170 4635547.451382 1301782857.0
445499.476962 4635570.550107 1301782859.0
445499.076143 4635594.092307 1301782861.0
445498.178263 4635617.749344 1301782863.0
445497.357430 4635640.628557 1301782865.0
445497.283472 4635663.502057 1301782867.0
445497.704877 4635686.038666 1301782869.0
445498.199922 4635707.353342 1301782871.0
445498.769455 4635727.557113 1301782873.0
445500.136814 4635754.416800 1301782876.0
445499.801163 4635775.626801 1301782879.0
445499.323334 4635799.946833 1301782886.0
445497.325474 4635820.836453 1301782889.0
445497.800404 4635850.367781 1301782892.0
445499.461457 4635872.228709 1301782894.0
445501.365502 4635893.310543 1301782896.0
445502.833657 4635922.501174 1301782899.0
445503.786072 4635949.364044 1301782902.0
445504.104942 4635969.347673 1301782905.0
445504.782922 4635992.881633 1301782910.0
445503.863020 4636013.651977 1301782936.0
445525.977624 4636018.923458 1301782942.0
445548.789794 4636017.749720 1301782945.0
445578.331078 4636017.523938 1301782948.0
445600.650460 4636017.020334 1301782950.0
445623.720911 4636017.066233 1301782952.0
445647.457752 4636017.440223 1301782954.0
445671.363092 4636018.146108 1301782956.0
445695.845908 4636018.403536 1301782958.0
445720.410855 4636018.549388 1301782960.0
445744.811529 4636018.918643 1301782962.0
445768.632177 4636019.403432 1301782964.0
445791.704301 4636019.671930 1301782966.0
445813.530015 4636019.727918 1301782968.0
445834.195683 4636020.014862 1301782970.0
445862.089983 4636021.468287 1301782973.0
445883.413584 4636020.973137 1301782976.0
445905.408625 4636021.472254 1301782981.0
445931.893066 4636023.047694 1301782985.0
445962.027815 4636024.484503 1301782988.0
445982.441986 4636024.440684 1301782990.0
446003.353200 4636024.282121 1301782992.0
446024.513358 4636024.121734 1301782994.0
446046.171401 4636023.957638 1301782996.0
446067.328195 4636023.353269 1301782998.0
446088.075969 4636023.529293 1301783000.0
446109.073525 4636023.814522 1301783002.0
446130.149020 4636023.433022 1301783004.0
446151.558119 4636023.271129 1301783006.0
446173.547246 4636022.993884 1301783008.0
446194.792061 4636023.055429 1301783010.0
446215.781224 4636022.230701 1301783012.0
446236.921268 4636019.406292 1301783014.0
446257.646422 4636016.585076 1301783016.0
446283.663960 4636011.281268 1301783019.0
446300.046619 4635993.836505 1301783023.0
446299.544765 4635971.300487 1301783026.0
446297.765535 4635944.443794 1301783029.0
446296.697029 4635923.799620 1301783031.0
446296.110509 4635901.042176 1301783033.0
446296.264133 4635877.390884 1301783035.0
446295.917351 4635853.410266 1301783037.0
446295.985485 4635829.426521 1301783039.0
446294.900224 4635806.561807 1301783041.0
446294.318719 4635784.470530 1301783043.0
446294.230932 4635761.820364 1301783045.0
446294.962106 4635737.720590 1301783047.0
446295.772087 4635713.065055 1301783049.0
446295.995321 4635687.636710 1301783051.0
446295.879085 4635661.211625 1301783053.0
446296.259927 4635634.671760 1301783055.0
446296.731293 4635609.130515 1301783057.0
446296.216875 4635584.929103 1301783059.0
446295.545691 4635561.950243 1301783061.0
446293.926495 4635534.315126 1301783064.0
446294.023949 4635514.217341 1301783068.0
