391037.416438 5819779.265291 1449620.00
391396.175888 5819802.086639 1449723.00
391491.840601 5819862.450473 1449755.00
391382.744468 5820049.604422 1449788.00
391194.329841 5820053.786669 1449839.00
391064.444318 5820149.947661 1449872.00
390930.549469 5820059.653998 1449905.00
390780.612858 5820036.733832 1449952.00
390776.248418 5819909.145564 1450004.00
390661.822226 5819850.119766 1450037.00
390548.768623 5819852.644826 1450070.00
390434.317979 5819792.719176 1450102.00
390131.319394 5819737.927363 1450157.00
390426.412710 5819729.505868 1450213.00
390484.563906 5819513.584547 1450313.00
390672.450892 5819478.598083 1450351.00
