390199.375872 5817726.933774 2387197.00
390390.103556 5817815.938504 2387274.00
390510.787394 5818152.829839 2387336.00
390778.120447 5818301.716653 2387398.00
391030.764777 5818635.679940 2387460.00
391257.748954 5818661.426456 2387522.00
391481.866092 5818564.090065 2387585.00
391807.793584 5818804.101299 2387646.00
392094.642907 5818983.415553 2387708.00
392492.494198 5819067.036121 2387771.00
392772.547027 5818937.742806 2387832.00
392965.868114 5819149.943456 2387895.00
393082.986929 5819333.024916 2387970.00
