394270.983832 5821356.499256 1410254.00
394351.577325 5821233.415526 1410268.00
394406.676972 5821144.388423 1410274.00
394477.615838 5821027.854120 1410284.00
394533.390786 5820937.908528 1410292.00
394594.689825 5820841.505886 1410301.00
394648.200880 5820755.232704 1410308.00
394692.567784 5820661.006891 1410314.00
394740.790606 5820534.098977 1410323.00
394786.825310 5820414.483036 1410332.00
394825.480985 5820317.664753 1410340.00
394868.224815 5820205.364794 1410349.00
394986.655116 5819906.710701 1410374.00
