391734.444112 5821165.624934 2586317.00
391595.245091 5821127.049037 2586349.00
391802.524538 5821122.463815 2586380.00
392083.118401 5821023.903178 2586412.00
392031.708112 5820902.785356 2586427.00
391885.730292 5820626.186787 2586459.00
391919.313398 5820439.804580 2586491.00
391636.645391 5820446.051524 2586531.00
391392.339912 5820482.253133 2586563.00
391055.297764 5820583.013759 2586594.00
390924.723780 5820647.499442 2586626.00
390719.484200 5820744.444033 2586657.00
390887.045405 5820648.338896 2586688.00
