394883.158599 5818861.215983 2339758.00
394762.774012 5818523.315719 2339794.00
394584.435605 5818125.087319 2339831.00
394507.710012 5818013.545249 2339859.00
394202.673060 5817917.794104 2339896.00
394517.322554 5817632.104171 2339978.00
394702.523189 5817474.179704 2340011.00
394443.789826 5817726.958319 2340043.00
394221.591633 5817917.385742 2340074.00
393974.461955 5817829.454421 2340106.00
393822.996261 5817801.944783 2340139.00
393463.439623 5817748.169890 2340172.00
393183.261016 5817736.157036 2340199.00
392915.904122 5817729.313310 2340232.00
