391679.110648 5820661.542422 2593815.00
391619.236708 5820508.015333 2593847.00
391430.019514 5820481.417584 2593879.00
391223.534346 5820516.789335 2593911.00
390962.402157 5820646.660277 2593942.00
390919.258564 5820519.935597 2593955.00
390883.026695 5820418.413225 2593964.00
390793.875695 5820328.032193 2593980.00
390642.401545 5820075.135310 2594046.00
390529.857339 5819853.067466 2594080.00
390451.714897 5819730.751059 2594112.00
390467.165647 5819575.552513 2594148.00
390577.670529 5819409.174172 2594165.00
390705.311960 5819261.433279 2594199.00
