392028.074501 5821952.416116 2505910.00
391964.756029 5821866.878895 2505921.00
391882.793865 5821737.381409 2505935.00
391731.690236 5821652.881185 2505965.00
391433.870350 5821501.908314 2505998.00
390998.500562 5821418.309279 2506035.00
390790.546673 5821392.154521 2506071.00
390880.523623 5821204.505654 2506109.00
391008.341497 5821016.921780 2506139.00
390647.585637 5820900.902319 2506170.00
390462.382912 5820880.591619 2506191.00
390348.573274 5820897.628279 2506202.00
390068.389171 5821130.305494 2506237.00
