392163.623976 5820403.629337 1507561.00
391895.087875 5820193.120119 1507628.00
391780.002484 5820103.294232 1507661.00
391697.987127 5820029.039703 1507677.00
391472.929402 5819862.869472 1507711.00
391375.718240 5819832.424022 1507720.00
391093.874990 5819778.009620 1507753.00
390943.134805 5819781.363620 1507786.00
390908.897166 5819936.978617 1507817.00
390894.257906 5820122.946746 1507849.00
390796.262490 5820329.790107 1507878.00
390632.404770 5820221.155752 1507911.00
390657.025807 5820025.002293 1507931.00
390679.339590 5819787.244287 1507964.00
