391829.961459 5820658.207673 2592860.00
391658.978774 5820600.409271 2592891.00
391467.837139 5820480.579266 2592922.00
391167.650386 5820549.725996 2592954.00
390942.261192 5820585.529958 2592985.00
390640.692438 5820592.255665 2593029.00
390586.855773 5820716.616347 2593060.00
390554.013411 5820933.782591 2593093.00
390389.382622 5821153.898021 2593125.00
390281.069290 5821372.757059 2593159.00
390567.832761 5821551.981340 2593191.00
390719.288061 5821694.395389 2593213.00
390992.677765 5822006.155696 2593250.00
391255.807481 5821969.513032 2593282.00
391343.037503 5821657.870596 2593322.00
