392492.122066 5820767.686718 1548048.00
392221.567836 5820463.931980 1548125.00
392105.816740 5820343.324325 1548156.00
391875.498539 5820162.763377 1548187.00
391760.412093 5820072.937940 1548219.00
391530.206510 5819892.389919 1548251.00
391132.244062 5819807.945986 1548284.00
390830.079693 5819783.882165 1548315.00
390660.428053 5819787.666419 1548348.00
390645.797416 5819973.635368 1548379.00
390625.222318 5820320.023619 1548439.00
390623.416901 5820443.221894 1548455.00
390586.855773 5820716.616347 1548496.00
