395104.409611 5819504.842643 2337231.00
394965.159468 5819168.247625 2337306.00
394823.367565 5818707.651152 2337363.00
394683.397418 5818339.384575 2337398.00
394564.993843 5818094.717054 2337431.00
394486.810192 5817973.245663 2337464.00
394240.510206 5817916.977452 2337496.00
394088.226272 5817857.783265 2337528.00
393709.228932 5817773.622061 2337564.00
393500.471361 5817716.576358 2337596.00
393320.470030 5817749.468567 2337620.00
392897.122856 5817729.723686 2337654.00
392798.744036 5817546.235696 2337686.00
392737.388260 5817331.150331 2337718.00
