392632.613285 5819435.242300 2328241.00
392615.954544 5819330.562642 2328250.00
392530.859667 5819096.983371 2328283.00
392392.234336 5818791.230499 2328315.00
392233.861313 5818455.126336 2328347.00
392096.556542 5818210.929934 2328378.00
392339.608099 5818112.311689 2328410.00
392507.828925 5818047.041087 2328441.00
392655.369907 5817888.957021 2328474.00
392594.685589 5817704.647457 2328508.00
392684.290363 5817487.162472 2328541.00
392737.388260 5817331.150331 2328572.00
392868.949950 5817028.534961 2328601.00
