392277.796059 5822780.033980 2416042.00
392289.289899 5822631.268137 2416074.00
392302.037459 5822445.346622 2416100.00
392310.716850 5822218.764311 2416137.00
392316.598240 5822078.272330 2416153.00
392323.175719 5821963.120909 2416168.00
392320.615762 5821796.553354 2416204.00
392293.070200 5821674.002640 2416219.00
392268.209357 5821573.126517 2416235.00
392216.575936 5821385.000137 2416260.00
392205.927978 5821208.649547 2416295.00
392212.586400 5821103.457504 2416320.00
392185.708627 5820911.164183 2416347.00
