393217.647354 5817722.730010 2426921.00
392993.321071 5817819.988986 2426953.00
392675.518242 5817950.999144 2427021.00
392614.973414 5817766.686308 2427053.00
393009.533230 5817695.574174 2427145.00
393160.336771 5817692.284603 2427177.00
393500.471361 5817716.576358 2427209.00
393803.410418 5817771.580468 2427241.00
393936.096224 5817799.495911 2427272.00
394182.544141 5817855.745953 2427303.00
394428.323119 5817881.234069 2427335.00
394515.232125 5817990.744723 2427347.00
394702.176260 5818338.981015 2427423.00
