390741.045126 5817648.722504 1550424.00
390861.235272 5817610.727640 1550433.00
391329.998629 5817670.946309 1550476.00
391640.332872 5817677.659016 1550489.00
392065.380430 5817654.697031 1550523.00
392222.307927 5817684.749469 1550529.00
392339.689995 5817669.491887 1550540.00
392707.788162 5817702.170266 1550576.00
393066.706668 5817726.020844 1550607.00
393187.561772 5817730.629983 1550616.00
393519.252654 5817716.168295 1550650.00
393955.015266 5817799.086525 1550682.00
394315.225187 5817883.671605 1550715.00
