390752.416900 5818772.280204 2676780.00
390717.202766 5818952.368418 2676813.00
390704.948080 5819282.269532 2676874.00
390671.764057 5819447.823983 2676906.00
390618.599560 5819602.958049 2676973.00
390485.939960 5819575.132732 2677005.00
390453.091461 5819792.299258 2677089.00
390550.144023 5819914.193048 2677121.00
390649.359977 5820034.229180 2677209.00
390613.632941 5820221.575004 2677242.00
390617.777440 5820407.124930 2677299.00
390750.962474 5820465.730773 2677330.00
390942.946583 5820616.304121 2677367.00
390974.662266 5820924.397745 2677460.00
391094.000148 5821050.332948 2677485.00
