390232.831976 5818375.479653 1356145.00
390480.696108 5818493.996919 1356207.00
390428.213681 5818679.906855 1356289.00
390731.293162 5818735.622875 1356350.00
390866.715484 5818886.551429 1356421.00
390852.619937 5819103.296546 1356484.00
390690.538849 5819447.404992 1356546.00
390825.944075 5819598.332323 1356614.00
391037.416438 5819779.265291 1356676.00
391415.651599 5819833.349686 1356739.00
391721.348629 5820011.317414 1356800.00
391875.498539 5820162.763377 1356864.00
392047.870075 5820283.023025 1356926.00
392147.983575 5820220.144450 1356968.00
