390735.194684 5818960.117262 2589317.00
390725.346563 5819063.571939 2589367.00
390712.983410 5819184.288607 2589399.00
390709.948129 5819302.080535 2589416.00
390694.888968 5819469.041634 2589449.00
390671.962691 5819710.435325 2589493.00
390664.720878 5819812.926610 2589528.00
390661.324312 5819914.426509 2589560.00
390656.497302 5820032.258676 2589593.00
390630.270237 5820212.147693 2589625.00
390629.777051 5820103.489969 2589657.00
390482.857311 5819943.769934 2589702.00
390475.527682 5819782.741776 2589734.00
390314.425530 5819576.253632 2589817.00
