390297.905926 5821280.010901 2332813.00
390445.136790 5821121.860514 2332852.00
390498.944624 5820996.592966 2332884.00
390571.544950 5820871.811680 2332917.00
390676.562036 5820745.402167 2332944.00
390785.757781 5820719.420488 2332957.00
390999.395499 5820615.047235 2333006.00
391316.980710 5820483.925101 2333039.00
391446.199613 5820357.901646 2333075.00
391537.048983 5820220.053561 2333098.00
391666.951107 5820211.744881 2333112.00
391744.582471 5820087.776858 2333131.00
391871.830555 5819959.092322 2333146.00
391961.586755 5819789.582284 2333180.00
392285.168131 5819569.648578 2333217.00
392635.311376 5819558.339161 2333251.00
392613.163910 5819404.879635 2333283.00
392530.184586 5819066.209179 2333316.00
392322.462131 5818639.723806 2333373.00
