391660.157550 5820004.520538 2513225.00
391567.100327 5819943.190271 2513232.00
391453.548670 5819873.260194 2513240.00
391336.101093 5819833.302798 2513247.00
391209.197830 5819821.630784 2513257.00
391088.859372 5819807.099364 2513264.00
390987.906149 5819794.856079 2513273.00
390863.330404 5819788.574585 2513282.00
390754.023249 5819754.788528 2513290.00
390652.630365 5819772.445765 2513296.00
390508.312145 5819729.485557 2513306.00
390394.101815 5819748.340264 2513314.00
390280.761928 5819738.199788 2513322.00
390167.364616 5819731.685506 2513331.00
