392657.615604 5819712.700911 1469065.00
392635.097288 5819580.077269 1469089.00
392590.182689 5819219.743917 1469144.00
392604.354211 5819003.004751 1469177.00
392809.565084 5818906.143831 1469208.00
393086.302245 5818795.052711 1469243.00
393276.205283 5818679.529398 1469284.00
393479.553748 5818489.466196 1469318.00
393627.873404 5818411.083438 1469333.00
393850.482027 5818203.413085 1469366.00
394147.522895 5817980.562136 1469399.00
394332.678804 5817821.718171 1469431.00
394542.476181 5817632.468457 1469465.00
394739.564749 5817442.595672 1469500.00
394925.026341 5817257.508301 1469522.00
