392626.972102 5821753.600984 2561049.00
392471.403461 5821540.586400 2561082.00
392281.015225 5821452.404664 2561114.00
392021.245990 5821642.863086 2561146.00
391930.555678 5821799.716360 2561178.00
392028.753373 5821983.190401 2561210.00
391813.446540 5821616.662015 2561287.00
391547.567405 5821530.177426 2561320.00
391206.451926 5821444.472841 2561382.00
390790.546673 5821392.154521 2561443.00
391027.248262 5821016.500929 2561505.00
390743.219233 5820960.346348 2561567.00
390308.359638 5820908.490365 2561628.00
