390262.301858 5821373.177717 1365874.00
390425.679655 5821091.506375 1365983.00
390726.392978 5821053.995918 1366069.00
390704.856288 5820930.413067 1366101.00
390913.515869 5820987.338606 1366134.00
391046.017030 5821016.083222 1366167.00
391236.583668 5821104.214328 1366203.00
391556.207191 5821066.334939 1366287.00
391665.126917 5820878.282307 1366319.00
391658.978774 5820600.409271 1366364.00
391790.243072 5820566.717521 1366397.00
391903.959171 5820594.995124 1366447.00
392071.527491 5820498.025768 1366480.00
392048.548453 5820313.797240 1366512.00
