390476.471210 5819639.640122 1470278.00
390471.416020 5819765.627826 1470323.00
390531.920799 5819945.389797 1470359.00
390640.492303 5820045.294045 1470425.00
390633.092026 5820251.929882 1470459.00
390619.839615 5820499.447346 1470498.00
390586.168123 5820685.842200 1470530.00
390609.909184 5820901.743931 1470624.00
390723.625395 5820929.994128 1470678.00
390913.515869 5820987.338606 1470709.00
390799.664213 5820959.087107 1470780.00
390591.001955 5820902.166388 1470813.00
390586.855773 5820716.616347 1470872.00
390602.326088 5820562.323156 1470905.00
390617.777440 5820407.124930 1470940.00
