390738.821402 5819531.451493 1335030.00
390809.110068 5819691.981356 1335115.00
390891.326222 5819774.367307 1335135.00
391018.504896 5819779.686040 1335168.00
391188.840315 5819806.688338 1335202.00
391396.175888 5819802.086639 1335233.00
391473.611299 5819893.643636 1335265.00
391419.062873 5819987.220509 1335296.00
391326.289085 5820050.856803 1335333.00
391193.646155 5820023.012515 1335378.00
391101.442224 5820118.335469 1335412.00
390973.048345 5820275.139098 1335448.00
390841.801146 5820309.757827 1335530.00
390718.197559 5820327.909251 1335549.00
390518.671759 5820192.907481 1335599.00
