391681.853801 5820785.544403 1445473.00
391401.935862 5820914.902118 1445536.00
391079.564889 5820829.694721 1445598.00
390981.310355 5820646.239268 1445660.00
390861.258475 5820340.113592 1445722.00
390760.221017 5820032.660766 1445784.00
390774.169401 5819815.918076 1445846.00
390565.458921 5819758.997901 1445942.00
390389.037846 5819454.142194 1446006.00
390306.731367 5819146.278417 1446068.00
390339.599675 5818930.016210 1446130.00
390409.435934 5818680.326812 1446192.00
390450.653805 5818633.220924 1446205.00
