391807.987444 5817104.357516 1452047.00
391545.410342 5817171.737841 1452079.00
391247.748409 5817363.973023 1452125.00
391328.634023 5817609.398186 1452157.00
391387.983442 5817731.239404 1452188.00
391258.712956 5817858.168176 1452229.00
391263.512663 5818074.491805 1452260.00
391345.070177 5818350.691406 1452292.00
391196.356203 5818447.264476 1452324.00
391123.751068 5818319.381093 1452342.00
390997.572346 5817988.031836 1452378.00
391041.576325 5817879.290874 1452400.00
391085.555426 5817707.161313 1452433.00
390876.898807 5817650.223852 1452466.00
390687.567194 5817623.653406 1452498.00
