390604.388659 5820654.645588 2429347.00
390605.852696 5820769.620750 2429364.00
390832.517164 5820741.922643 2429397.00
391041.203115 5820799.758823 2429430.00
391303.010849 5820887.213488 2429454.00
391245.059093 5820640.374259 2429500.00
391049.209222 5820464.519473 2429535.00
390931.055373 5820491.600109 2429546.00
390619.152221 5820468.673206 2429580.00
390625.363826 5820326.359477 2429600.00
390628.948317 5820066.380002 2429631.00
390567.541869 5819852.225344 2429678.00
390471.314819 5819761.102223 2429709.00
