390074.761710 5820159.383651 2285109.00
390243.021393 5820094.030734 2285141.00
390381.956045 5820149.781411 2285172.00
390548.687170 5820269.210319 2285204.00
390634.959876 5820422.135913 2285237.00
390911.547913 5820477.545501 2285269.00
391033.810911 5820802.640034 2285310.00
391216.054059 5820863.788746 2285341.00
391483.795609 5820864.186456 2285388.00
391694.482299 5820757.192473 2285424.00
391675.874789 5820596.413201 2285458.00
391693.448154 5820847.772039 2285486.00
391649.520440 5820959.223131 2285497.00
391596.283909 5821055.486161 2285508.00
