391561.880688 5818534.246146 2514705.00
391872.952624 5818339.014981 2514739.00
392134.253550 5818210.100031 2514770.00
392357.939302 5818141.792444 2514795.00
392675.518242 5817950.999144 2514861.00
392825.086410 5817885.242723 2514893.00
393161.698152 5817754.738076 2514957.00
393297.388642 5817730.048874 2514973.00
393613.573389 5817714.120067 2515005.00
393955.015266 5817799.086525 2515037.00
394220.243681 5817854.932133 2515068.00
394389.297530 5817820.497799 2515100.00
394499.065308 5817663.285621 2515131.00
394738.884456 5817410.916302 2515163.00
