391058.616843 5819037.132792 2627407.00
391398.515931 5819060.375618 2627438.00
391723.873983 5819269.603910 2627515.00
391937.223983 5819542.900874 2627546.00
392015.469292 5819665.237465 2627579.00
392208.659263 5819877.411542 2627613.00
392478.549094 5820149.486370 2627645.00
392483.298525 5820365.811173 2627678.00
392315.836001 5820461.858091 2627711.00
392146.886318 5820496.365411 2627743.00
392190.703785 5820774.314072 2627777.00
392139.562446 5821022.659376 2627809.00
392297.054150 5821327.989515 2627841.00
392339.622748 5821543.482893 2627873.00
