392233.999664 5819604.279828 2592861.00
392053.833334 5819695.180983 2592896.00
391804.452648 5820034.836644 2592967.00
391723.409755 5820104.545093 2593001.00
391728.192458 5820320.869577 2593040.00
391541.833186 5820417.361236 2593072.00
391383.087495 5820419.974137 2593101.00
391100.147778 5820569.338133 2593155.00
390963.320083 5820669.279120 2593218.00
391041.203115 5820799.758823 2593283.00
391249.863756 5820856.698705 2593348.00
391457.154840 5820852.099008 2593436.00
391643.495542 5820755.603832 2593476.00
391657.616999 5820538.860863 2593537.00
391580.194622 5820447.301037 2593576.00
