390601.176938 5820764.291776 2628559.00
390600.930833 5820499.869744 2628599.00
390587.543426 5820747.390495 2628631.00
390756.643501 5820732.747975 2628655.00
390887.045405 5820648.338896 2628690.00
391242.305013 5820516.372406 2628758.00
391427.972619 5820389.095028 2628790.00
391535.678973 5820139.488439 2628822.00
391728.872853 5820351.643775 2628856.00
391638.708421 5820539.279255 2628888.00
391680.472208 5820723.090844 2628920.00
391629.493855 5820971.438739 2628954.00
391556.888832 5821097.109159 2628986.00
391141.643346 5821075.534961 2629051.00
390917.650042 5821172.888832 2629092.00
