392614.973414 5817766.686308 1409405.00
392694.436762 5817950.584885 1409437.00
392526.747083 5818046.626175 1409470.00
392416.028798 5818107.011191 1409484.00
392154.387535 5818271.234989 1409519.00
392332.225468 5818637.698143 1409552.00
392392.234336 5818791.230499 1409584.00
392529.509508 5819035.434989 1409615.00
392639.276093 5819411.551735 1409684.00
392579.545256 5819591.256367 1409717.00
392472.448545 5819871.613186 1409750.00
392439.515290 5820088.765356 1409782.00
392559.015035 5820241.898701 1409803.00
