392371.555655 5822995.306558 1465797.00
392308.203673 5822687.902501 1465830.00
392283.187087 5822410.444436 1465875.00
392295.276202 5822100.475056 1465907.00
392289.838574 5821853.375519 1465939.00
392312.009437 5822007.739242 1465971.00
392339.076069 5822378.425378 1466042.00
392441.036052 5822388.861308 1466056.00
392638.488247 5822278.574723 1466089.00
392863.808525 5822242.847900 1466121.00
392570.384458 5822357.947677 1466176.00
392421.858726 5822389.282833 1466189.00
392298.682272 5822255.251736 1466222.00
392294.598979 5822069.700751 1466255.00
392287.806975 5821761.052640 1466286.00
