390553.325506 5820903.008436 1551089.00
390140.956270 5821004.612503 1551151.00
390038.384543 5820636.533829 1551218.00
390032.835667 5820389.435846 1551280.00
390240.836969 5820415.558995 1551356.00
390620.527012 5820530.221487 1551419.00
390587.543426 5820747.390495 1551486.00
390794.153157 5820711.988656 1551556.00
391002.135668 5820738.143916 1551671.00
390931.599207 5820956.146286 1551735.00
390591.001955 5820902.166388 1551797.00
390370.476355 5821154.321343 1551858.00
390242.706476 5821342.827374 1551950.00
