393369.737483 5819511.507820 2280456.00
393248.609944 5819143.774211 2280519.00
393007.610377 5819334.670636 2280580.00
392611.814649 5819343.331217 2280642.00
392233.420389 5819289.157221 2280704.00
392004.574608 5819171.040386 2280768.00
391753.383660 5818898.576135 2280832.00
391506.935343 5818841.543345 2280893.00
391295.442580 5818660.590055 2280955.00
391088.058628 5818665.195387 2281065.00
391278.595410 5818754.237181 2281163.00
391488.701772 5818872.736356 2281234.00
391811.225294 5818803.119960 2281292.00
