391040.993608 5817399.353690 2425506.00
391082.820056 5817584.065122 2425538.00
391310.534638 5817640.588698 2425572.00
391566.403401 5817658.466082 2425599.00
391914.575290 5817658.020281 2425632.00
392181.170495 5817667.543057 2425654.00
392518.609044 5817675.526235 2425693.00
392669.413404 5817672.221565 2425724.00
392952.912858 5817696.810469 2425755.00
393235.738564 5817690.641557 2425787.00
393556.953327 5817715.349386 2425824.00
393879.477195 5817800.721515 2425857.00
394068.780404 5817827.414927 2425889.00
