392756.309170 5817330.736341 2626009.00
392571.182821 5817489.640141 2626040.00
392309.155628 5817587.756899 2626073.00
392370.527798 5817802.837181 2626105.00
392292.678904 5817900.536575 2626124.00
392017.074114 5818027.040761 2626160.00
391829.802426 5818092.748857 2626191.00
391662.834005 5818220.499247 2626223.00
391345.070177 5818350.691406 2626255.00
391236.783824 5818569.524006 2626287.00
391393.720641 5818844.051653 2626319.00
390997.198928 5818822.068022 2626351.00
390639.052054 5818830.049042 2626400.00
