390260.297715 5820445.912420 1498043.00
390618.464829 5820437.899067 1498075.00
390651.616154 5820085.796430 1498111.00
390605.364441 5819851.380429 1498145.00
390451.714897 5819730.751059 1498178.00
390640.280370 5819726.537321 1498211.00
390691.225566 5819478.179093 1498242.00
390721.321440 5819137.012929 1498274.00
390736.117518 5818951.946547 1498311.00
390747.991962 5818641.976815 1498343.00
390763.477661 5818487.684729 1498376.00
390776.042555 5818208.489358 1498408.00
390694.450778 5817932.298837 1498440.00
390623.762528 5817773.590133 1498462.00
