395032.352944 5819661.234203 2511698.00
394965.159468 5819168.247625 2511764.00
394904.714089 5818983.907482 2511805.00
394863.721390 5818830.844560 2511837.00
394803.791352 5818677.282925 2511870.00
394723.096143 5818431.802546 2511902.00
394584.435605 5818125.087319 2511934.00
394505.383685 5818008.162059 2511948.00
394221.591633 5817917.385742 2511983.00
393804.077223 5817802.354678 2512052.00
393519.921230 5817746.942486 2512083.00
393350.200247 5817750.632659 2512114.00
392953.604753 5817728.489758 2512148.00
392689.700383 5817734.260712 2512179.00
