392332.889327 5821582.570235 1472509.00
392239.258859 5821267.682999 1472543.00
392046.121590 5821055.508013 1472574.00
391765.530249 5821154.070795 1472607.00
391519.895854 5821128.718012 1472648.00
391141.643346 5821075.534961 1472682.00
390780.895221 5820959.505756 1472714.00
390609.909184 5820901.743931 1472745.00
390775.383218 5820712.407313 1472788.00
390905.953600 5820647.917595 1472819.00
391223.534346 5820516.789335 1472853.00
391464.426848 5820326.708336 1472886.00
391555.132516 5820169.846906 1472926.00
391695.210137 5820159.502587 1472947.00
