390454.050831 5818989.034734 2596945.00
390662.108231 5819015.176464 2596977.00
390704.625379 5819230.659186 2597009.00
390691.225566 5819478.179093 2597046.00
390659.054095 5819726.118196 2597104.00
390663.883198 5819942.442120 2597136.00
390657.894733 5820063.922510 2597160.00
390631.717517 5820190.381623 2597193.00
390637.260355 5820048.988506 2597231.00
390794.473312 5819877.949748 2597267.00
390791.022365 5819723.174022 2597345.00
390870.197864 5819638.096862 2597370.00
390947.403190 5819551.253804 2597389.00
