394757.368160 5818464.571469 1500068.00
394936.446330 5818705.225103 1500103.00
395161.286986 5818638.832188 1500137.00
395147.797442 5818886.333753 1500170.00
394864.381767 5818861.618874 1500205.00
394802.469918 5818615.734320 1500237.00
394643.716750 5818247.872043 1500278.00
394564.993843 5818094.717054 1500311.00
394486.767857 5817984.113106 1500335.00
394202.673060 5817917.794104 1500367.00
393974.461955 5817829.454421 1500400.00
393576.540933 5817745.712735 1500434.00
393318.004175 5817744.088931 1500455.00
