391802.670379 5819422.714383 2225240.00
392034.243190 5819664.823614 2225302.00
392305.645482 5819998.434422 2225364.00
392440.867043 5820150.313817 2225455.00
392482.622866 5820335.036931 2225554.00
392295.573459 5820400.725468 2225619.00
392134.246935 5820574.522283 2225719.00
392137.508624 5820929.431506 2225783.00
392161.180535 5821145.339924 2225867.00
392317.313501 5821389.122177 2225929.00
392169.354862 5821516.441369 2226041.00
392118.902755 5821795.561566 2226103.00
392255.576776 5822008.981203 2226166.00
392305.220044 5821968.949343 2226202.00
