391966.583328 5818306.160786 2511868.00
392246.648028 5818175.932806 2511899.00
392367.958885 5818132.516789 2511915.00
392544.990484 5818015.437188 2511947.00
392825.086410 5817885.242723 2511977.00
392996.028448 5817943.990788 2512009.00
393132.741530 5818156.529482 2512041.00
393214.211349 5818433.663952 2512072.00
393372.378641 5818769.801934 2512104.00
393451.267850 5818922.935242 2512137.00
393767.690750 5818730.426163 2512205.00
393989.167640 5818509.203016 2512237.00
394180.318320 5818629.131237 2512270.00
