392291.260157 5820976.758322 2429594.00
392008.308464 5821056.341922 2429627.00
391595.926500 5821157.823262 2429667.00
391312.616516 5821133.315205 2429702.00
391046.701865 5821046.857410 2429734.00
390819.257463 5820989.439626 2429766.00
390609.909184 5820901.743931 2429797.00
390592.489240 5820777.163926 2429823.00
390599.555808 5820438.321468 2429863.00
390621.731247 5820318.290450 2429875.00
390656.406527 5820046.749858 2429904.00
390511.084094 5819853.487093 2429937.00
390468.563308 5819743.052290 2429957.00
