392076.263605 5818148.893141 2428269.00
392339.608099 5818112.311689 2428300.00
392489.048850 5818047.453042 2428333.00
392787.922087 5817916.844456 2428365.00
392974.540156 5817820.399069 2428396.00
393123.997743 5817755.560029 2428427.00
393286.972365 5817721.220134 2428456.00
393651.941815 5817744.076083 2428493.00
393936.096224 5817799.495911 2428524.00
394220.243681 5817854.932133 2428556.00
394517.322554 5817632.104171 2428587.00
394757.006119 5817379.738753 2428618.00
395033.898894 5817095.800750 2428655.00
