392638.493448 5817982.599008 1382429.00
392433.107942 5818079.469545 1382462.00
392171.950567 5818209.270419 1382508.00
392233.861313 5818455.126336 1382541.00
392371.291045 5818699.323461 1382574.00
392529.509508 5819035.434989 1382607.00
392611.814649 5819343.331217 1382640.00
392670.696328 5819603.747200 1382666.00
392659.658715 5819805.928717 1382699.00
392533.115343 5820055.921523 1382730.00
392383.060523 5820090.005560 1382762.00
392222.580612 5819964.039146 1382780.00
392036.278180 5819757.146184 1382812.00
