392972.524118 5817728.076583 2591384.00
393122.635882 5817693.106561 2591415.00
393293.048660 5817721.087841 2591446.00
393595.322104 5817745.304962 2591478.00
393879.477195 5817800.721515 2591509.00
394031.080644 5817828.229909 2591542.00
394315.225187 5817883.671605 2591575.00
394494.060379 5818008.405819 2591599.00
394624.137724 5818217.504517 2591633.00
394742.535685 5818462.173425 2591673.00
394842.144989 5818707.248111 2591705.00
394903.393791 5818922.358839 2591736.00
394974.127076 5819129.116994 2591786.00
395025.079243 5819321.811203 2591819.00
395084.838083 5819474.473320 2591851.00
