392495.432577 5820056.748541 2592186.00
392638.703885 5819713.115401 2592220.00
392635.311376 5819558.339161 2592252.00
392570.732266 5819189.381416 2592284.00
392450.750545 5818883.218256 2592316.00
392330.531136 5818648.602083 2592339.00
392155.064800 5818302.009125 2592371.00
392036.532240 5818057.401117 2592405.00
392128.814695 5817963.001897 2592436.00
392334.969653 5817869.723920 2592459.00
392558.353811 5817767.927171 2592492.00
392648.609860 5817580.310471 2592526.00
392720.626019 5817423.883775 2592559.00
392826.987242 5817112.763109 2592593.00
392870.724687 5817008.574006 2592603.00
