392042.759843 5822442.909371 1477981.00
391931.628316 5822410.950636 1477986.00
391818.997639 5822379.933080 1477996.00
391689.604488 5822327.555355 1478006.00
391565.923008 5822271.432132 1478018.00
391450.243533 5822221.473439 1478025.00
391350.845118 5822177.494932 1478034.00
391240.404129 5822127.424759 1478044.00
391122.449725 5822074.807414 1478052.00
391018.250151 5822020.075392 1478058.00
390933.742988 5821932.306014 1478067.00
390830.420214 5821830.468426 1478078.00
390739.346834 5821714.775830 1478087.00
390652.079379 5821608.961098 1478096.00
390543.754312 5821537.124897 1478103.00
390435.698219 5821458.945928 1478116.00
390325.028594 5821399.844899 1478127.00
