392205.408188 5820501.415765 2594547.00
391975.510208 5820589.793876 2594608.00
391772.343196 5820700.231324 2594671.00
391620.930870 5821008.756558 2594733.00
392035.344167 5821080.195913 2594795.00
392185.903412 5820901.198695 2594857.00
391982.763480 5820580.578223 2594919.00
391702.473382 5820775.127057 2594981.00
391669.372661 5821070.168634 2595044.00
391513.792291 5820940.495020 2595105.00
391198.877724 5820855.114693 2595168.00
390963.634380 5820788.807567 2595229.00
390771.862068 5820727.880601 2595296.00
390967.498721 5820788.721514 2595359.00
390943.289416 5820551.095343 2595422.00
