390936.947917 5819503.491380 2221467.00
390789.650076 5819661.625778 2221529.00
390926.437442 5819875.009169 2221590.00
390877.404815 5820215.690490 2221653.00
390961.716882 5820615.886111 2221714.00
390932.284747 5820986.920465 2221777.00
391126.178801 5821230.731482 2221839.00
391244.124148 5821443.635765 2221902.00
391585.238933 5821529.342966 2221964.00
391793.181609 5821555.531350 2222027.00
392008.630392 5821922.055822 2222089.00
392222.672832 5822226.135801 2222151.00
392283.221551 5822305.398086 2222177.00
