394868.273600 5817284.985835 2426303.00
394573.143408 5817600.114685 2426341.00
394332.678804 5817821.718171 2426373.00
394088.226272 5817857.783265 2426404.00
393899.062450 5817831.086128 2426436.00
393576.540933 5817745.712735 2426469.00
393338.639507 5817752.695333 2426492.00
393123.997743 5817755.560029 2426526.00
392955.621148 5817820.812241 2426558.00
392769.141534 5817917.255332 2426590.00
392620.387420 5818013.784611 2426623.00
392470.805928 5818078.642245 2426656.00
392332.098424 5818147.793460 2426684.00
392041.297938 5818273.725121 2426717.00
