390010.871295 5817731.160372 2394874.00
390369.099099 5817723.134493 2394905.00
390542.279035 5817874.116330 2394949.00
390566.715662 5818120.791223 2395004.00
390600.974580 5818219.639024 2395018.00
390776.748632 5818240.168529 2395050.00
390930.414247 5818359.903234 2395084.00
391039.376579 5818171.837880 2395116.00
391126.780813 5818300.296881 2395140.00
391326.291214 5818351.107833 2395172.00
391531.644808 5818254.190444 2395203.00
391792.783978 5818124.355198 2395250.00
391979.375680 5818027.871547 2395281.00
