390176.908754 5818407.522157 2394562.00
390384.992526 5818433.652440 2394681.00
390445.753360 5818617.935777 2394793.00
390749.384499 5818704.430075 2394854.00
390868.106619 5818949.004724 2394916.00
390834.391517 5819134.492070 2395011.00
390955.860530 5819503.070330 2395072.00
391296.411130 5819557.079770 2395134.00
391453.474230 5819832.511322 2395195.00
391721.348629 5820011.317414 2395256.00
392028.400098 5820251.757520 2395319.00
392182.533052 5820403.212978 2395393.00
392149.617483 5820620.367472 2395456.00
392157.791288 5820991.468642 2395518.00
392277.609488 5821297.628159 2395580.00
392338.945927 5821512.708609 2395657.00
