390783.939557 5819523.200758 1465898.00
390820.436788 5819351.234318 1465931.00
390833.705775 5819103.717975 1465981.00
390866.431445 5818911.008122 1465999.00
390882.276292 5818760.330732 1466018.00
390879.304065 5818608.261345 1466051.00
391275.843871 5818630.235651 1466108.00
391567.241333 5818520.544054 1466136.00
391872.952624 5818339.014981 1466168.00
392115.336004 5818210.516467 1466201.00
392340.284166 5818143.085829 1466234.00
392489.048850 5818047.453042 1466267.00
392676.192165 5817981.773297 1466299.00
392808.163239 5817926.362824 1466325.00
392937.512489 5817851.996632 1466359.00
393068.049508 5817787.569177 1466390.00
393219.658773 5817815.052538 1466424.00
393318.825916 5817984.947879 1466440.00
