392862.785857 5817884.418457 2331840.00
392628.572202 5817996.399708 2331868.00
392301.910353 5818113.140002 2331901.00
392096.556542 5818210.929934 2331933.00
392358.387926 5818111.899157 2331965.00
392619.713139 5817983.010460 2331997.00
392918.593601 5817852.409948 2332029.00
393161.027325 5817723.963904 2332061.00
393298.217551 5817717.353100 2332074.00
393670.861085 5817743.665603 2332109.00
394031.080644 5817828.229909 2332140.00
394296.306489 5817884.079604 2332173.00
394502.432159 5817980.153703 2332196.00
