391602.145690 5821183.041466 2391752.00
391967.925825 5821103.416656 2391816.00
392163.253670 5821157.972163 2391917.00
392471.017304 5821265.303796 2391980.00
392557.551472 5821081.385958 2392062.00
392990.914615 5820984.961207 2392149.00
393357.517524 5820770.495584 2392212.00
393470.460372 5820414.870495 2392275.00
393669.450579 5820377.040197 2392367.00
393871.376340 5820385.337624 2392440.00
394071.956203 5820420.838990 2392508.00
394258.485493 5820502.834904 2392626.00
394458.550589 5820598.129170 2392689.00
394643.075708 5820677.465856 2392728.00
