392470.130694 5818047.868099 2421934.00
392750.222889 5817917.669301 2421966.00
393049.268473 5817787.978972 2421997.00
392651.999764 5817735.086295 2422063.00
392694.436762 5817950.584885 2422094.00
392918.593601 5817852.409948 2422125.00
393142.246051 5817724.373340 2422158.00
393304.116003 5817728.091310 2422175.00
393670.861085 5817743.665603 2422209.00
394012.161711 5817828.639003 2422241.00
394258.607187 5817884.892842 2422272.00
394486.147636 5817942.471408 2422304.00
394564.331752 5818063.942788 2422338.00
394701.514976 5818308.206732 2422370.00
