390768.084170 5819369.607252 1382691.00
390759.011461 5819136.172353 1382738.00
390780.543282 5818968.161802 1382752.00
390801.114894 5818769.383470 1382772.00
390923.748578 5818743.107053 1382794.00
391297.510899 5818753.817488 1382837.00
391483.910755 5818656.412399 1382869.00
391675.798793 5818613.227151 1382890.00
392044.009855 5818396.821650 1382929.00
392058.161752 5818180.080881 1382960.00
392206.920079 5818084.439441 1382992.00
392524.027746 5817922.624463 1383024.00
392686.985444 5817610.259016 1383088.00
