392863.408621 5817084.800386 2337086.00
392906.491263 5817298.475234 2337129.00
393029.486264 5817229.684307 2337142.00
393241.214541 5817072.935989 2337176.00
393396.072279 5817255.203885 2337207.00
393462.319587 5817353.374174 2337233.00
393478.188279 5817562.211436 2337266.00
393443.851310 5817717.806983 2337298.00
393727.342714 5817742.440591 2337330.00
393936.096224 5817799.495911 2337363.00
394144.844610 5817856.560063 2337395.00
394408.741394 5817850.867384 2337426.00
394498.130190 5817985.679588 2337439.00
394623.475977 5818186.730232 2337472.00
394741.913514 5818433.209393 2337496.00
