394526.633853 5818064.753982 2424814.00
394240.510206 5817916.977452 2424853.00
393993.380880 5817829.045182 2424885.00
393690.309779 5817774.032394 2424918.00
393388.038767 5817749.809443 2424951.00
393104.545407 5817725.195440 2424992.00
392915.904122 5817729.313310 2425024.00
392689.700383 5817734.260712 2425055.00
392635.776995 5817858.597282 2425087.00
392563.770672 5818015.025449 2425119.00
392415.083067 5818114.276422 2425136.00
392676.192165 5817981.773297 2425200.00
392881.566532 5817884.007942 2425233.00
393142.916995 5817755.147511 2425266.00
