390717.014344 5819160.653851 1504173.00
390706.294844 5819293.106331 1504187.00
390671.764057 5819447.823983 1504219.00
390681.481120 5819549.031122 1504235.00
390467.853796 5819606.326607 1504268.00
390452.403178 5819761.525158 1504299.00
390435.207726 5820067.088114 1504325.00
390595.410578 5820252.771541 1504360.00
390602.326088 5820562.323156 1504404.00
390586.855773 5820716.616347 1504436.00
390461.977648 5821029.115005 1504513.00
390224.629001 5821374.022342 1504551.00
390114.393921 5821500.559679 1504583.00
