392352.162679 5820399.481174 1467902.00
392518.952655 5820272.661301 1467936.00
392477.197815 5820087.937905 1467981.00
392640.052971 5819774.663853 1468012.00
392651.918193 5819572.464129 1468030.00
392570.057416 5819158.607218 1468068.00
392431.973678 5818883.630472 1468098.00
392332.921587 5818669.377425 1468130.00
392174.659147 5818332.366978 1468166.00
392096.556542 5818210.929934 1468198.00
392091.115786 5817963.831817 1468230.00
392324.989337 5817880.809882 1468254.00
392557.679194 5817737.153034 1468288.00
392685.637899 5817548.710741 1468320.00
392756.309170 5817330.736341 1468351.00
392826.987242 5817112.763109 1468383.00
