391894.084155 5819296.633938 2341768.00
391986.558811 5819212.187879 2341781.00
392195.054465 5819259.212288 2341814.00
392379.423069 5819069.518688 2341846.00
392567.338189 5819034.605307 2341879.00
392828.479910 5818905.730041 2341910.00
393011.392642 5818837.437885 2341933.00
393312.538718 5818616.254966 2341966.00
393628.328555 5818393.868091 2341999.00
393944.127301 5818170.596877 2342030.00
394183.892573 5817918.199558 2342062.00
394486.810192 5817973.245663 2342131.00
394662.495944 5818247.468336 2342165.00
394737.456159 5818431.494048 2342182.00
394753.994021 5818468.266116 2342186.00
394861.060482 5818706.842179 2342219.00
