390918.173352 5819503.909429 1500736.00
391083.264340 5819555.475559 1500751.00
391258.724402 5819557.916254 1500793.00
391357.834208 5819586.506346 1500808.00
391493.852440 5819647.786627 1500827.00
391673.416615 5819548.727829 1500860.00
391804.545000 5819426.295236 1500875.00
391983.247112 5819218.599843 1500900.00
392095.320705 5819014.189716 1500933.00
392304.042323 5819071.175183 1500966.00
392492.494198 5819067.036121 1500998.00
392679.061815 5818970.578694 1501030.00
392828.479910 5818905.730041 1501061.00
393023.779085 5818835.356316 1501104.00
393293.622798 5818616.666872 1501138.00
