392568.372323 5821662.519389 2333988.00
392469.806036 5821536.999246 2334005.00
392337.592293 5821451.160045 2334041.00
392181.324159 5821207.380202 2334072.00
392083.118401 5821023.903178 2334104.00
391783.618221 5821122.881677 2334136.00
391577.020310 5821158.241924 2334175.00
391406.734026 5821131.226710 2334208.00
391103.968288 5821076.372789 2334240.00
390742.532511 5820929.572182 2334273.00
390575.566178 5820835.498833 2334296.00
390600.930833 5820499.869744 2334332.00
390610.259225 5820361.108636 2334350.00
