390657.936029 5821364.325118 2592014.00
390808.627602 5821360.961699 2592047.00
390990.943121 5821078.888013 2592080.00
391097.473327 5821057.500254 2592102.00
391270.796436 5821121.565804 2592122.00
391482.221243 5821129.552934 2592160.00
391951.864788 5821057.587243 2592229.00
392083.118401 5821023.903178 2592261.00
392238.581468 5821236.908732 2592294.00
392316.636573 5821358.347901 2592326.00
392324.799688 5821729.449562 2592357.00
392314.040743 5822100.062156 2592390.00
392319.477586 5822347.161788 2592423.00
