391687.995632 5821163.030044 2602383.00
391877.194179 5821090.024952 2602416.00
392083.118401 5821023.903178 2602448.00
392200.112972 5820794.029302 2602475.00
392090.996292 5820529.291451 2602508.00
392208.795947 5820743.126594 2602539.00
392183.787392 5820874.078377 2602550.00
392160.502680 5821114.565668 2602582.00
392317.990430 5821419.896454 2602614.00
392102.565283 5821054.263780 2602682.00
391858.967489 5821121.216763 2602714.00
391733.540267 5821174.700592 2602727.00
391577.020310 5821158.241924 2602759.00
