390056.724852 5820346.337336 1411117.00
390248.229347 5820412.676591 1411150.00
390366.271143 5820528.662781 1411183.00
390482.194789 5820605.759308 1411209.00
390639.800899 5820620.348347 1411233.00
390750.345763 5820605.202712 1411253.00
390874.033712 5820572.560821 1411268.00
391082.722614 5820493.657764 1411300.00
391228.546628 5820388.087153 1411319.00
391309.498196 5820364.556100 1411337.00
391444.755017 5820292.732789 1411369.00
391582.121750 5820209.999853 1411395.00
391753.562785 5820237.902245 1411428.00
