390629.453719 5820305.439950 2313743.00
390630.343018 5820128.833369 2313777.00
390662.509214 5819880.893883 2313834.00
390774.875861 5819847.597317 2313865.00
390790.336219 5819692.399905 2313958.00
390825.894229 5819577.505306 2313986.00
390830.212639 5819418.028659 2314030.00
390831.339321 5819264.056600 2314057.00
390703.938801 5819199.885094 2314090.00
390552.355086 5819172.479865 2314122.00
390439.974034 5819205.781321 2314156.00
390306.731367 5819146.278417 2314189.00
390194.923183 5819211.267803 2314232.00
390063.769571 5819244.998813 2314265.00
