390904.764327 5819751.428719 1537601.00
390791.360573 5819806.479026 1537640.00
390670.794518 5819775.662577 1537699.00
390802.089123 5819730.171848 1537758.00
390803.601763 5819444.883328 1537821.00
390827.610528 5819301.268079 1537844.00
390704.625379 5819230.659186 1537885.00
390696.394462 5819406.523615 1537911.00
390691.912286 5819508.953196 1537944.00
390807.031823 5819598.753879 1537976.00
390791.022365 5819723.174022 1538012.00
390888.753123 5819875.848532 1538086.00
390891.495412 5819998.945074 1538130.00
