391822.744685 5821781.269797 1504767.00
391760.620225 5821687.558548 1504792.00
391717.158275 5821526.423116 1504824.00
391871.943167 5821708.642937 1504864.00
391928.489743 5821812.439911 1504874.00
392022.623651 5821705.316753 1504907.00
392226.470747 5821545.972766 1504947.00
392258.026596 5821267.269926 1504979.00
392102.565283 5821054.263780 1505011.00
391727.717856 5821154.906882 1505099.00
391589.881370 5821177.879611 1505120.00
391331.384815 5821132.898587 1505152.00
391150.446787 5821098.884067 1505192.00
391021.366409 5821043.799003 1505207.00
390704.856288 5820930.413067 1505241.00
390575.384127 5820827.352743 1505260.00
390584.792830 5820624.293910 1505293.00
