392501.853268 5820368.120520 1470764.00
392279.392175 5820525.143465 1470805.00
392492.122066 5820767.686718 1470838.00
392484.220315 5820904.600052 1470857.00
392158.469132 5821022.242894 1470892.00
391840.199172 5821121.631358 1470924.00
391740.222247 5821170.930571 1470938.00
391577.020310 5821158.241924 1470975.00
391312.616516 5821133.315205 1471023.00
391046.701865 5821046.857410 1471055.00
390667.180062 5820931.254241 1471087.00
390345.484872 5820876.869199 1471118.00
390087.157544 5821129.884106 1471150.00
