395072.935444 5818918.724898 1505681.00
394941.085048 5818921.550461 1505712.00
394863.041592 5818799.165122 1505745.00
394782.212973 5818553.686751 1505777.00
394736.485682 5818444.192511 1505799.00
394584.435605 5818125.087319 1505832.00
394513.527517 5818020.664388 1505861.00
394202.673060 5817917.794104 1505898.00
394045.334544 5817880.443485 1505918.00
393766.377244 5817803.171694 1505952.00
393462.770692 5817717.395701 1505991.00
393256.018239 5817752.682957 1506022.00
392955.621148 5817820.812241 1506073.00
392619.713139 5817983.010460 1506105.00
392339.608099 5818112.311689 1506137.00
392153.033012 5818209.686708 1506168.00
391947.666144 5818306.577873 1506200.00
