390980.451698 5818646.760381 2283978.00
390897.534915 5818577.066041 2284040.00
390893.403476 5818391.516481 2284071.00
390797.723501 5818332.069109 2284102.00
390685.321404 5818365.364626 2284135.00
390552.629179 5818337.537121 2284169.00
390498.078940 5818431.124031 2284203.00
390347.297062 5818434.495823 2284236.00
390213.914972 5818375.903437 2284267.00
390267.771474 5818251.539272 2284300.00
390454.171928 5818154.095072 2284332.00
390568.090060 5818182.339301 2284378.00
390776.042555 5818208.489358 2284419.00
390790.845522 5818023.423450 2284450.00
390656.751489 5817933.139788 2284482.00
390567.402859 5818151.565261 2284518.00
390776.748632 5818240.168529 2284580.00
390892.033068 5818329.968348 2284612.00
391005.806213 5818358.225745 2284673.00
391040.060822 5818202.611948 2284705.00
