391614.694691 5821157.407728 2538731.00
391783.618221 5821122.881677 2538763.00
391989.539906 5821056.755942 2538795.00
392238.581468 5821236.908732 2538869.00
392317.990430 5821419.896454 2538902.00
392151.128091 5821547.632108 2538934.00
392040.150287 5821642.446116 2538967.00
391930.555678 5821799.716360 2539003.00
391825.749581 5822173.314266 2539066.00
391877.401626 5821955.742230 2539150.00
391984.274442 5821675.373594 2539212.00
392244.020590 5821484.008037 2539277.00
392258.703872 5821298.044195 2539353.00
392155.737834 5820898.240773 2539418.00
392128.675462 5820528.461274 2539480.00
392068.136143 5820344.154660 2539542.00
391799.454611 5820133.653650 2539604.00
391870.722587 5819946.438891 2539681.00
