395048.897723 5817086.424210 1496558.00
394907.442992 5817268.751734 1496590.00
394810.753350 5817366.813029 1496602.00
394549.303275 5817628.699394 1496634.00
394275.475432 5817879.095656 1496666.00
394025.888480 5817850.075314 1496698.00
393874.148478 5817816.231225 1496730.00
393491.473693 5817741.221738 1496762.00
393334.990109 5817743.719237 1496775.00
393090.618251 5817783.454615 1496807.00
392874.109498 5817884.170932 1496839.00
392674.903784 5817922.940352 1496871.00
392613.436698 5817784.831103 1496903.00
