393396.072279 5817255.203885 1462719.00
393532.804810 5817468.658681 1462751.00
393366.421736 5817626.219159 1462783.00
393142.246051 5817724.373340 1462814.00
392880.893919 5817853.233781 1462856.00
392713.217191 5817950.173721 1462887.00
392563.770672 5818015.025449 1462921.00
392265.565701 5818175.516879 1462952.00
392134.253550 5818210.100031 1462984.00
392358.387926 5818111.899157 1463016.00
392582.688951 5818014.610754 1463047.00
392750.222889 5817917.669301 1463080.00
392918.593601 5817852.409948 1463112.00
393067.378087 5817756.795010 1463142.00
393291.688967 5817658.634356 1463174.00
393514.553027 5817499.843861 1463207.00
