390262.630939 5818984.262831 2506098.00
390529.433213 5818987.349788 2506134.00
390752.129241 5818827.526377 2506188.00
390889.464965 5818779.187586 2506212.00
391003.161674 5818748.584347 2506233.00
391278.595410 5818754.237181 2506266.00
391418.535963 5818904.174531 2506294.00
391636.747206 5818746.302988 2506329.00
391769.870322 5818625.637358 2506358.00
391761.224016 5818403.059865 2506395.00
392003.601410 5818274.555745 2506426.00
392208.950769 5818176.761841 2506456.00
392342.332268 5818236.313379 2506488.00
