391764.673066 5820078.277160 1389389.00
392029.098547 5820283.436855 1389423.00
392240.338655 5820463.518879 1389454.00
392148.939672 5820589.593238 1389487.00
392206.563416 5820723.253340 1389501.00
392203.316031 5820832.898020 1389512.00
392141.596351 5821114.982147 1389554.00
392317.990430 5821419.896454 1389586.00
392324.799688 5821729.449562 1389617.00
392314.737765 5822131.741599 1389651.00
392395.642423 5822377.181292 1389683.00
392563.694555 5822311.005226 1389718.00
392919.703044 5822210.835553 1389771.00
393088.459486 5822176.357139 1389805.00
