393649.584173 5818055.636423 2652184.00
393416.898904 5818212.824138 2652219.00
393212.179697 5818340.436226 2652251.00
393036.414134 5818066.264533 2652282.00
392812.245334 5818163.529075 2652315.00
392644.580833 5818260.471559 2652346.00
392449.918784 5818360.729152 2652372.00
392358.692292 5818276.704142 2652391.00
392308.924457 5818174.563864 2652416.00
392167.577036 5818236.533459 2652444.00
391909.969861 5818307.409221 2652491.00
391771.965324 5818032.447580 2652522.00
391728.715094 5817938.318855 2652537.00
