392745.489022 5817701.345116 2676068.00
393047.234112 5817694.751346 2676100.00
393284.762802 5817721.268242 2676121.00
393538.172039 5817715.757304 2676155.00
393860.029801 5817770.353989 2676188.00
394220.907888 5817885.706370 2676258.00
394462.046469 5817695.776653 2676291.00
394351.597741 5817821.310316 2676323.00
394504.935558 5817987.344176 2676371.00
394247.834895 5818256.399309 2676439.00
394043.782158 5818415.655807 2676482.00
393822.827227 5818667.653622 2676513.00
393732.687451 5818855.245678 2676547.00
393528.657028 5819013.619162 2676580.00
393711.750046 5818762.428096 2676643.00
393950.807084 5818479.244419 2676676.00
