392275.019006 5822039.342457 2423721.00
392304.541596 5821668.316859 2423754.00
392301.136362 5821513.540302 2423788.00
392122.828024 5821115.395658 2423855.00
391877.873808 5821120.799192 2423886.00
391727.717856 5821154.906882 2423919.00
391463.314937 5821129.972034 2423952.00
391141.643346 5821075.534961 2423984.00
390856.247205 5820957.825441 2424016.00
390571.544950 5820871.811680 2424049.00
390582.709685 5820531.066354 2424089.00
390620.748344 5820323.745839 2424111.00
390643.741028 5820036.165780 2424145.00
390437.091858 5819916.720705 2424179.00
390097.106933 5819893.548354 2424214.00
