394963.292048 5819094.033095 2336311.00
394877.236388 5818759.016617 2336345.00
394737.816004 5818416.092078 2336378.00
394587.638250 5818100.568739 2336411.00
394499.156972 5817982.035304 2336443.00
394200.467537 5817898.825232 2336475.00
393819.266863 5817808.364413 2336508.00
393467.168241 5817748.088843 2336541.00
393337.455945 5817749.098881 2336554.00
393116.659024 5817767.492257 2336586.00
392872.314683 5817890.549053 2336619.00
392715.408047 5817961.897981 2336651.00
392625.434782 5817815.357148 2336684.00
392753.055507 5817352.540842 2336749.00
392828.134942 5817165.260160 2336782.00
