392885.776811 5820596.964221 2330580.00
392679.277739 5820701.097348 2330615.00
392550.057696 5820827.993172 2330647.00
392453.660853 5820902.554513 2330675.00
392120.793765 5821023.072891 2330712.00
391764.849907 5821123.296561 2330743.00
391632.737291 5821167.875136 2330755.00
391526.056680 5821207.365968 2330780.00
391394.813043 5821440.290360 2330813.00
391327.707488 5821813.063488 2330845.00
391256.491210 5822000.287273 2330877.00
391373.613270 5822183.328544 2330910.00
391563.309569 5822240.700659 2330945.00
391792.165654 5822358.792639 2330977.00
392170.193077 5822412.932833 2331008.00
