394261.954710 5819211.447047 1467370.00
394397.362735 5819143.326858 1467384.00
394613.725162 5819255.483135 1467405.00
394946.383817 5819168.650217 1467440.00
394863.721390 5818830.844560 1467519.00
394803.130634 5818646.508622 1467552.00
394683.397418 5818339.384575 1467583.00
394584.435605 5818125.087319 1467615.00
394506.390977 5818003.612653 1467647.00
394296.989746 5817915.758980 1467685.00
394069.445556 5817858.189154 1467717.00
393822.996261 5817801.944783 1467749.00
393557.621666 5817746.123579 1467781.00
393323.863160 5817753.016922 1467807.00
