392958.353193 5817079.104127 1383534.00
392851.982897 5817390.221801 1383566.00
392726.707641 5817701.756144 1383598.00
392898.467826 5817791.272000 1383630.00
393218.988297 5817784.278361 1383662.00
393354.538239 5817810.304677 1383684.00
393577.877382 5817807.261128 1383718.00
393823.662949 5817832.718995 1383749.00
394013.492728 5817890.187452 1383781.00
394259.290688 5817916.572216 1383813.00
394410.749970 5817944.095264 1383845.00
394520.755709 5817990.625837 1383857.00
394699.531141 5818215.883890 1383889.00
