393056.192891 5822424.280092 2367538.00
393127.469929 5822237.083190 2367644.00
393404.651812 5821983.820884 2367707.00
393628.102050 5821854.898330 2367769.00
393943.002309 5821600.848804 2367831.00
394220.927555 5821378.408283 2367894.00
394439.643823 5821034.105978 2367956.00
394640.284186 5820720.992222 2368017.00
394748.666796 5820502.235538 2368079.00
394892.216984 5820158.666977 2368140.00
394962.941070 5819940.724372 2368209.00
395049.148580 5819568.508833 2368270.00
394965.159468 5819168.247625 2368333.00
