392135.608308 5818271.648310 2600012.00
392246.648028 5818175.932806 2600044.00
392372.356711 5818125.175730 2600058.00
392544.990484 5818015.437188 2600091.00
392825.086410 5817885.242723 2600122.00
393068.049508 5817787.569177 2600154.00
393299.519383 5817726.380277 2600177.00
393633.022545 5817744.486636 2600209.00
393992.715258 5817798.270960 2600250.00
394371.705107 5817882.453999 2600282.00
394511.994187 5818000.775405 2600301.00
394682.074618 5818277.836012 2600335.00
394739.509848 5818424.205588 2600360.00
