390187.646454 5821405.641410 2595030.00
390407.462017 5821122.703707 2595062.00
390553.325506 5820903.008436 2595094.00
390894.608985 5820987.759895 2595172.00
391065.608513 5821046.436705 2595205.00
391255.352082 5821103.797420 2595238.00
391482.221243 5821129.552934 2595270.00
391839.519306 5821090.857121 2595302.00
392046.121590 5821055.508013 2595333.00
392219.675608 5821237.324916 2595365.00
392299.085288 5821420.312341 2595397.00
392303.844613 5821636.637448 2595428.00
392294.598979 5822069.700751 2595473.00
