394115.915010 5817393.545149 1334194.00
394193.997915 5817515.918857 1334227.00
394122.601842 5817703.097580 1334296.00
393973.796214 5817798.680200 1334328.00
393633.690413 5817775.260835 1334435.00
393406.819932 5817749.400947 1334469.00
393236.428631 5817722.320863 1334502.00
393123.997743 5817755.560029 1334566.00
392993.321071 5817819.988986 1334599.00
392806.167644 5817885.656475 1334633.00
392713.217191 5817950.173721 1334678.00
392526.747083 5818046.626175 1334711.00
392415.003586 5818110.655932 1334744.00
