390679.339590 5819787.244287 2672859.00
390647.171651 5820035.183610 2672920.00
390618.464829 5820437.899067 2672981.00
390961.031609 5820585.111947 2673042.00
390813.747342 5820742.341154 2673103.00
391117.241848 5820828.856730 2673166.00
391438.929796 5820883.292394 2673228.00
391646.900684 5820909.474905 2673290.00
391619.236708 5820508.015333 2673352.00
391392.339912 5820482.253133 2673414.00
391037.074125 5820614.208649 2673475.00
390860.572633 5820309.339444 2673536.00
390559.124827 5820316.066875 2673602.00
390347.656094 5820135.154487 2673663.00
390066.350920 5820203.040118 2673725.00
