395147.797442 5818886.333753 2335507.00
394941.744959 5818952.324783 2335539.00
394843.465964 5818768.796740 2335570.00
394742.594014 5818464.888808 2335597.00
394700.906375 5818363.457995 2335607.00
394564.993843 5818094.717054 2335640.00
394484.459305 5817985.973905 2335664.00
394240.510206 5817916.977452 2335697.00
394069.445556 5817858.189154 2335729.00
393746.929144 5817772.804608 2335761.00
393444.520360 5817748.581170 2335791.00
393326.269898 5817755.681199 2335804.00
393123.326680 5817724.785860 2335836.00
