393801.238019 5817945.492931 2504084.00
393695.002071 5817990.356980 2504098.00
393602.022919 5818053.952125 2504108.00
393534.827674 5818134.194372 2504119.00
393451.164332 5818193.967968 2504134.00
393323.257632 5818245.650486 2504161.00
393260.527631 5818327.610662 2504171.00
393178.724398 5818256.948920 2504189.00
393130.038953 5818152.966202 2504199.00
393073.440717 5818034.667696 2504210.00
392942.910390 5818099.095112 2504224.00
392849.942641 5818162.704683 2504238.00
392852.653947 5818286.706511 2504259.00
392842.646580 5818467.130934 2504291.00
392768.253440 5818583.764050 2504310.00
