390812.861320 5817572.865592 1505786.00
391103.107515 5817645.192827 1505819.00
391243.366782 5818013.360383 1505872.00
391363.987220 5818350.271990 1505904.00
391499.419453 5818502.122937 1505935.00
391788.336708 5818773.741838 1506007.00
391981.749328 5818994.053379 1506031.00
392189.616816 5819012.113759 1506064.00
392399.013195 5819099.877414 1506095.00
392529.509508 5819035.434989 1506127.00
392828.479910 5818905.730041 1506159.00
393008.079052 5818837.510244 1506197.00
393293.622798 5818616.666872 1506232.00
