390700.565362 5819537.738399 2424677.00
390658.367120 5819695.344086 2424709.00
390650.828007 5820050.496700 2424743.00
390622.795023 5820316.455538 2424769.00
390619.839615 5820499.447346 2424802.00
390586.855773 5820716.616347 2424835.00
390780.208736 5820928.731587 2424869.00
390932.284747 5820986.920465 2424901.00
391100.883170 5821055.613271 2424921.00
391463.314937 5821129.972034 2424953.00
391840.199172 5821121.631358 2424986.00
392046.121590 5821055.508013 2425017.00
392161.858392 5821176.114183 2425048.00
392317.990430 5821419.896454 2425082.00
392355.021957 5821559.444391 2425102.00
392328.184502 5821883.321037 2425135.00
