392780.591299 5822816.985840 2504428.00
392688.456747 5822687.698859 2504444.00
392742.738011 5822582.369035 2504468.00
392791.193193 5822368.500067 2504508.00
392601.359973 5822310.178510 2504540.00
392471.648449 5822406.299876 2504572.00
392646.629413 5822649.677077 2504610.00
392744.826348 5822576.889888 2504634.00
392831.675174 5822515.220023 2504648.00
392922.323412 5822576.625030 2504667.00
393030.441760 5822761.711596 2504693.00
393081.138159 5822858.404199 2504711.00
393200.217811 5822977.148729 2504745.00
