395084.838083 5819474.473320 2422352.00
395036.329361 5819846.785506 2422384.00
394927.257772 5820034.760907 2422417.00
394856.536845 5820252.704105 2422449.00
394666.032921 5820216.953871 2422468.00
394463.995289 5820415.090972 2422501.00
394430.979309 5820632.228833 2422532.00
394620.852168 5820690.621755 2422564.00
394730.557826 5820533.413403 2422596.00
394819.378763 5820284.290600 2422628.00
394901.457822 5820119.530214 2422648.00
395015.439400 5819754.867725 2422681.00
395031.033957 5819599.685489 2422713.00
394729.407724 5819606.158596 2422745.00
