392693.743142 5817918.905601 1463977.00
392843.867090 5817884.832063 1464008.00
393030.349343 5817788.391854 1464039.00
393217.647354 5817722.730010 1464070.00
393395.930837 5817731.526755 1464098.00
393727.342714 5817742.440591 1464131.00
393917.177182 5817799.905369 1464164.00
394239.826583 5817885.298080 1464212.00
394467.367264 5817942.875776 1464245.00
394542.147351 5818034.537152 1464255.00
394643.055119 5818217.097767 1464289.00
394702.176260 5818338.981015 1464320.00
394880.498156 5818737.213593 1464378.00
394922.170388 5818921.956094 1464414.00
