390636.304470 5818706.952767 2480767.00
391053.806587 5818820.808963 2480838.00
391414.019938 5818906.085756 2480899.00
391512.407107 5819088.641488 2480969.00
391744.009550 5819330.737272 2481031.00
391956.815184 5819573.257863 2481094.00
392240.230262 5819598.709376 2481155.00
392244.292414 5819783.354593 2481234.00
392057.244361 5819849.957072 2481314.00
391796.715017 5820009.651764 2481376.00
391606.255836 5819921.495525 2481472.00
391194.329841 5820053.786669 2481535.00
391047.041529 5820211.913558 2481596.00
390633.779284 5820282.704025 2481659.00
390506.662962 5820501.976658 2481721.00
390145.877036 5820386.898712 2481788.00
