394165.879821 5818325.179106 1418755.00
393859.167669 5818604.383334 1418790.00
393749.442650 5818761.610565 1418821.00
393489.628275 5818952.889931 1418853.00
393173.230513 5819145.417346 1418885.00
393063.382223 5819301.758378 1418925.00
392747.023522 5819494.313909 1418956.00
392634.192146 5819595.491616 1418984.00
392400.364883 5819607.866957 1419004.00
392232.130840 5819626.054422 1419019.00
392053.833334 5819695.180983 1419054.00
391782.224709 5819441.277304 1419119.00
391505.822168 5819645.710346 1419159.00
391239.266773 5819527.558936 1419203.00
391094.865903 5819567.895573 1419215.00
390920.507235 5819559.097228 1419237.00
