395147.797442 5818886.333753 2426697.00
394941.744959 5818952.324783 2426729.00
394863.721390 5818830.844560 2426761.00
394822.046364 5818646.102542 2426793.00
394745.832051 5818454.858273 2426813.00
394622.814232 5818155.955959 2426847.00
394514.515332 5818015.209849 2426868.00
394259.290688 5817916.572216 2426904.00
394031.746032 5817859.004134 2426936.00
393766.377244 5817803.171694 2426967.00
393500.471361 5817716.576358 2426999.00
393323.823760 5817751.206681 2427020.00
392991.305386 5817727.666497 2427053.00
