393929.416994 5817490.848666 1272795.00
394078.876915 5817425.133936 1272831.00
394246.617059 5817329.146478 1272866.00
394413.681327 5817201.485524 1272898.00
394223.166548 5817113.227144 1272930.00
393980.695331 5817242.524934 1272962.00
393719.963595 5817402.114179 1272996.00
393513.196254 5817437.390380 1273028.00
393450.640601 5817337.328112 1273045.00
393298.373783 5817102.480276 1273083.00
393146.881368 5817074.991224 1273114.00
393029.245726 5817060.351195 1273129.00
392881.597089 5817019.203066 1273163.00
