390443.307927 5820194.592837 2659563.00
390597.493292 5820345.999063 2659625.00
390864.001869 5820463.210194 2659687.00
390962.402157 5820646.660277 2659798.00
391117.241848 5820828.856730 2659859.00
391290.273633 5820978.958811 2659921.00
390951.897216 5821018.178624 2659984.00
390591.001955 5820902.166388 2660046.00
390584.792830 5820624.293910 2660108.00
390596.805791 5820315.224931 2660171.00
390664.570194 5819973.216251 2660233.00
390453.091461 5819792.299258 2660295.00
390467.165647 5819575.552513 2660385.00
390500.016781 5819358.386176 2660464.00
390530.120839 5819018.123861 2660526.00
390732.665769 5818797.171024 2660587.00
391011.302376 5818605.323502 2660649.00
