392819.055758 5818474.891340 1359657.00
392501.241024 5818603.198146 1359698.00
392370.615050 5818668.549295 1359729.00
392279.156804 5818793.715297 1359762.00
392057.629880 5819015.019999 1359793.00
391885.235776 5818895.664786 1359834.00
391750.644002 5818774.574458 1359867.00
391618.650512 5818777.492442 1359898.00
391432.934833 5818905.666578 1359931.00
391341.876166 5818767.322471 1359962.00
391255.700028 5818569.104161 1359995.00
391123.248315 5818296.753096 1360022.00
390997.572346 5817988.031836 1360074.00
