391938.601772 5819605.354352 1477026.00
391860.491681 5819483.015925 1477036.00
391801.990653 5819391.940220 1477044.00
391686.047032 5819270.440128 1477055.00
391586.239113 5819173.035758 1477066.00
391474.716789 5819089.476263 1477075.00
391342.049153 5819061.627668 1477084.00
391227.840701 5819081.367807 1477092.00
391096.991676 5819067.068928 1477099.00
390926.630184 5819040.069513 1477110.00
390793.957586 5819012.235703 1477120.00
390662.108231 5819015.176464 1477131.00
390548.897285 5819017.704349 1477139.00
390416.359647 5818989.877642 1477150.00
