392854.315683 5817136.615684 2340343.00
392720.626019 5817423.883775 2340378.00
392633.080410 5817735.500707 2340410.00
392694.436762 5817950.584885 2340443.00
392507.828925 5818047.041087 2340475.00
392408.396293 5818118.045457 2340486.00
392251.523258 5818190.314556 2340504.00
391966.583328 5818306.160786 2340546.00
391592.906654 5818469.264580 2340581.00
391275.843871 5818630.235651 2340644.00
390923.657696 5818633.535271 2340674.00
390729.214085 5818642.395545 2340707.00
390751.771088 5818743.316364 2340720.00
390735.194684 5818960.117262 2340745.00
390702.545460 5819137.431786 2340779.00
