393164.277555 5819203.568095 2474427.00
392946.954238 5819150.356727 2474460.00
392848.067790 5818936.090528 2474494.00
392672.974977 5818692.705855 2474561.00
392613.648438 5818569.944355 2474593.00
392551.758013 5818324.083863 2474653.00
392434.458891 5818141.017836 2474685.00
392334.179767 5817865.213481 2474753.00
392275.532061 5817774.135232 2474785.00
392198.080870 5817682.565590 2474816.00
392154.266131 5817405.522870 2474900.00
392227.642740 5817311.542098 2474931.00
392340.754494 5817309.056554 2474964.00
392169.644019 5817250.334059 2475061.00
392018.148590 5817222.879854 2475092.00
391924.496480 5817255.732744 2475124.00
