390573.775166 5817595.403180 2227778.00
390805.029792 5817574.851197 2227832.00
391178.510443 5817643.518140 2227864.00
391348.236112 5817639.752806 2227896.00
391408.404181 5817736.220315 2227917.00
391604.295491 5818128.520706 2227955.00
391850.078732 5818153.879549 2227987.00
391947.666144 5818306.577873 2228018.00
392078.316731 5818242.120645 2228050.00
392283.668864 5818144.329922 2228083.00
392381.380740 5818297.033673 2228115.00
392571.886349 5818385.220461 2228147.00
392518.668890 5818541.237871 2228179.00
