390619.152221 5820468.673206 2428933.00
390626.548885 5820329.955292 2428958.00
390649.253232 5820128.411103 2428993.00
390633.092026 5820251.929882 2429037.00
390501.137949 5820254.878499 2429068.00
390367.255204 5820165.505241 2429100.00
390462.768188 5820224.947052 2429132.00
390597.493292 5820345.999063 2429164.00
390619.839615 5820499.447346 2429196.00
390624.380914 5820331.814865 2429269.00
390604.388659 5820654.645588 2429347.00
390605.852696 5820769.620750 2429364.00
390832.517164 5820741.922643 2429397.00
391041.203115 5820799.758823 2429430.00
