394332.616342 5821314.418763 2473442.00
394036.581993 5821568.033383 2473509.00
394115.272028 5821721.180150 2473540.00
394023.027444 5821815.542876 2473572.00
394189.281172 5821658.002213 2473655.00
394374.292891 5821499.157258 2473717.00
394066.288792 5821569.201531 2473832.00
393883.091662 5821448.203015 2473922.00
393766.717241 5821295.877260 2474002.00
393525.808889 5821486.749857 2474064.00
393172.580311 5821710.873995 2474127.00
392985.576121 5821776.536860 2474244.00
392776.976788 5821719.523709 2474317.00
392569.047735 5821693.293693 2474379.00
392601.971874 5821476.141831 2474488.00
392281.692397 5821483.178942 2474550.00
392021.245990 5821642.863086 2474612.00
391923.061902 5821460.294318 2474675.00
391671.275268 5821156.155452 2474737.00
