392570.057416 5819158.607218 1498766.00
392716.079041 5818938.979000 1498798.00
393014.902174 5818808.383485 1498829.00
393274.844952 5818617.075844 1498859.00
393082.209184 5818436.542386 1498890.00
392872.916697 5818347.841277 1498921.00
392753.609958 5818072.445226 1498953.00
392750.222889 5817917.669301 1498985.00
392936.840234 5817821.222469 1499016.00
393142.246051 5817724.373340 1499047.00
393480.863496 5817685.308174 1499123.00
393784.629358 5817771.987445 1499157.00
393936.096224 5817799.495911 1499188.00
394106.480167 5817826.600234 1499220.00
394332.678804 5817821.718171 1499251.00
394572.481474 5817569.340440 1499283.00
394812.969504 5817347.749088 1499333.00
395071.083609 5817064.216334 1499381.00
