392665.975874 5819545.894868 2336985.00
392765.262388 5819463.125627 2336993.00
392876.978368 5819399.103396 2337002.00
392975.406513 5819365.257460 2337008.00
393278.410948 5819091.508336 2337031.00
393358.310055 5818986.535359 2337039.00
393488.290219 5818891.341451 2337047.00
393600.008856 5818826.430923 2337055.00
393785.801021 5818699.244826 2337066.00
393877.417100 5818573.199364 2337075.00
394061.895424 5818384.475541 2337091.00
394172.968519 5818288.804126 2337097.00
394304.236709 5818232.543796 2337104.00
394414.728187 5818128.740793 2337114.00
394532.226612 5818099.949857 2337120.00
394657.845952 5818031.143289 2337128.00
394788.537166 5817966.758894 2337138.00
394881.532639 5817903.186480 2337144.00
395012.731831 5817868.680245 2337154.00
395105.731994 5817805.112153 2337160.00
