394941.744959 5818952.324783 2425617.00
394823.367565 5818707.651152 2425650.00
394740.015372 5818447.738865 2425675.00
394584.435605 5818125.087319 2425709.00
394520.176976 5818015.087990 2425727.00
394221.591633 5817917.385742 2425763.00
393924.455793 5818200.000202 2425797.00
393662.532757 5818391.314620 2425826.00
393312.538718 5818616.254966 2425861.00
392959.105069 5818840.391072 2425895.00
392790.788323 5818906.554672 2425928.00
392548.423848 5819035.020111 2425965.00
392611.120180 5819311.651878 2425996.00
392653.549284 5819527.150448 2426028.00
