394752.456231 5820762.046119 2513497.00
394730.557826 5820533.413403 2513530.00
394873.967702 5820189.847242 2513562.00
395015.439400 5819754.867725 2513602.00
395046.491725 5819444.506295 2513633.00
394984.073175 5819167.842145 2513665.00
394922.830418 5818952.730416 2513710.00
394881.818663 5818798.762228 2513742.00
394822.046364 5818646.102542 2513775.00
394624.137724 5818217.504517 2513881.00
394514.593260 5818018.830352 2513926.00
394221.591633 5817917.385742 2513963.00
393899.062450 5817831.086128 2513995.00
393501.140055 5817747.350548 2514032.00
