392376.630013 5818080.709524 1495213.00
392504.120378 5818048.027986 1495226.00
392880.893919 5817853.233781 1495265.00
393179.946704 5817723.551530 1495302.00
393315.400595 5817726.034568 1495313.00
393746.261987 5817742.030403 1495355.00
394068.780404 5817827.414927 1495386.00
394239.826583 5817885.298080 1495417.00
394480.145768 5817663.692899 1495449.00
394738.884456 5817410.916302 1495480.00
394480.145768 5817663.692899 1495511.00
394221.591633 5817917.385742 1495542.00
393917.843279 5817830.679587 1495574.00
393557.621666 5817746.123579 1495611.00
