392222.245163 5820494.706213 1379757.00
392370.933739 5820399.068577 1379793.00
392518.257376 5820240.981938 1379825.00
392514.204944 5820056.336511 1379864.00
392658.290026 5819743.475138 1379896.00
392637.801287 5819445.089734 1379921.00
392550.468586 5819128.247822 1379952.00
392411.011558 5818790.818135 1379984.00
392253.454597 5818485.484496 1380040.00
392104.175354 5818230.684513 1380069.00
392340.284166 5818143.085829 1380103.00
392459.462862 5818077.985588 1380133.00
392605.514919 5818028.599405 1380153.00
392750.916143 5817949.348588 1380186.00
392918.593601 5817852.409948 1380217.00
