394525.971527 5818033.979720 2597200.00
394240.510206 5817916.977452 2597238.00
393841.777204 5817801.537952 2597307.00
393519.921230 5817746.942486 2597339.00
393297.743333 5817746.341089 2597364.00
393086.968640 5817787.156441 2597397.00
392936.840234 5817821.222469 2597429.00
392713.217191 5817950.173721 2597461.00
392507.828925 5818047.041087 2597493.00
392419.600197 5818112.366135 2597506.00
392284.345290 5818175.104061 2597540.00
392155.742068 5818332.783263 2597571.00
392332.921587 5818669.377425 2597604.00
392468.970194 5818851.123782 2597637.00
392529.509508 5819035.434989 2597669.00
