394803.130634 5818646.508622 2587947.00
394682.736016 5818308.610293 2587982.00
394564.993843 5818094.717054 2588015.00
394259.290688 5817916.572216 2588047.00
394069.445556 5817858.189154 2588080.00
393709.228932 5817773.622061 2588112.00
393481.551977 5817716.987494 2588154.00
393161.027325 5817723.963904 2588186.00
392915.904122 5817729.313310 2588219.00
392519.283892 5817706.300368 2588281.00
392141.460226 5817683.811257 2588312.00
391857.954326 5817659.269220 2588344.00
391575.125782 5817665.517619 2588376.00
391272.651965 5817683.084887 2588401.00
391132.403250 5817688.914754 2588431.00
