390611.208249 5817074.771232 1409224.00
390672.241176 5817357.758109 1409255.00
390657.459399 5817543.729359 1409287.00
390635.666157 5817749.779710 1409306.00
390631.268662 5817905.635748 1409321.00
390562.011347 5818250.392821 1409355.00
390505.956417 5818443.625997 1409386.00
390460.054690 5818584.109889 1409418.00
390356.787911 5818945.026253 1409451.00
390254.261705 5819264.272564 1409523.00
390389.373072 5819487.640898 1409554.00
390486.284796 5819522.601800 1409568.00
390631.301151 5819751.188250 1409601.00
