391664.688579 5821713.225543 2504009.00
391509.213854 5821500.237940 2504071.00
391240.705758 5821289.764686 2504133.00
390951.191632 5820986.499322 2504195.00
390628.816414 5820901.321548 2504257.00
390586.168123 5820685.842200 2504349.00
390772.637374 5820589.310689 2504417.00
391022.433518 5820800.176538 2504480.00
390850.053015 5820679.952801 2504599.00
390901.819692 5820462.367507 2504686.00
390614.320315 5820252.349134 2504748.00
390643.048977 5819850.538887 2504809.00
390434.317979 5819792.719176 2504871.00
390244.375779 5819735.392702 2504941.00
390036.483900 5819709.265952 2505016.00
390097.797477 5819924.322439 2505130.00
