392709.336457 5819495.139225 1411037.00
393025.693700 5819302.581241 1411069.00
393178.418071 5819180.620867 1411084.00
393260.601310 5819104.574094 1411091.00
393393.851070 5818988.478531 1411100.00
393487.479903 5818923.958952 1411107.00
393646.932318 5818818.167718 1411118.00
393885.343507 5818594.760887 1411138.00
394014.329314 5818433.498178 1411150.00
394172.391645 5818313.266353 1411162.00
394351.151812 5818204.365748 1411176.00
394444.944625 5818146.200765 1411184.00
394550.004332 5818085.078582 1411192.00
394472.297897 5817947.297329 1411205.00
