395104.409611 5819504.842643 2342468.00
395004.827563 5819259.762712 2342500.00
394966.799502 5819103.013329 2342513.00
394940.425139 5818890.776139 2342549.00
394879.837907 5818706.439282 2342581.00
394702.176260 5818338.981015 2342616.00
394564.993843 5818094.717054 2342648.00
394486.810192 5817973.245663 2342680.00
394183.208584 5817886.520188 2342712.00
393860.696250 5817801.128202 2342744.00
393501.140055 5817747.350548 2342776.00
393302.182308 5817740.811132 2342795.00
393161.027325 5817723.963904 2342829.00
