392477.873453 5820118.712137 2402992.00
392536.491769 5820209.792705 2403058.00
392501.532190 5820334.621808 2403124.00
392334.606823 5820461.445352 2403158.00
392222.245163 5820494.706213 2403192.00
392050.583603 5820406.119894 2403223.00
391900.542472 5820440.218911 2403255.00
391655.554329 5820445.633128 2403292.00
391411.931144 5820512.607978 2403389.00
391359.459883 5820699.413416 2403421.00
391333.229631 5820873.864749 2403450.00
391609.905671 5820941.083044 2403530.00
391369.059416 5821132.062503 2403596.00
391255.352082 5821103.797420 2403639.00
