391589.374164 5817678.785886 2334556.00
391898.390596 5817782.439057 2334589.00
392056.128220 5818087.758507 2334621.00
392339.608099 5818112.311689 2334653.00
392489.048850 5818047.453042 2334689.00
392806.167644 5817885.656475 2334721.00
393105.216588 5817755.969609 2334754.00
393297.388642 5817730.048874 2334778.00
393614.241373 5817744.894264 2334811.00
393955.015266 5817799.086525 2334843.00
394201.324868 5817855.340497 2334875.00
394509.531486 5817989.056331 2334945.00
394702.176260 5818338.981015 2335023.00
