392660.719027 5819614.832531 2285308.00
392570.732266 5819189.381416 2285351.00
392547.748891 5819004.245921 2285384.00
392828.479910 5818905.730041 2285416.00
393022.595499 5818831.759935 2285437.00
393256.619178 5818649.167232 2285471.00
393063.430637 5818436.952159 2285503.00
392873.589469 5818378.615458 2285535.00
392773.874689 5818133.579591 2285566.00
392769.141534 5817917.255332 2285605.00
392899.812807 5817852.820319 2285638.00
393086.968640 5817787.156441 2285671.00
393326.371618 5817658.784956 2285697.00
393626.992201 5817466.613773 2285731.00
393831.739740 5817338.114649 2285764.00
393978.679038 5817149.297229 2285796.00
