391129.971284 5820550.563570 2591900.00
391372.203813 5820421.121120 2591932.00
391555.132516 5820169.846906 2591995.00
391680.037429 5820191.532959 2592017.00
391606.936908 5819952.269711 2592049.00
391363.174288 5819827.268831 2592072.00
390999.731387 5819780.103790 2592106.00
390830.079693 5819783.882165 2592139.00
390679.339590 5819787.244287 2592172.00
390675.198259 5819601.694496 2592209.00
390706.685128 5819322.981469 2592240.00
390719.948538 5819075.464753 2592273.00
390748.678138 5818672.750886 2592366.00
390482.759580 5818586.319080 2592398.00
390585.495545 5818120.371897 2592477.00
390616.304911 5817810.884910 2592510.00
