390086.017956 5819399.352929 1334737.00
390377.110713 5819495.159893 1334829.00
390481.811828 5819390.488193 1334864.00
390614.476390 5819418.313457 1334896.00
390780.796909 5819431.808179 1334937.00
390844.349152 5819290.028229 1334965.00
390930.761237 5819225.619250 1335001.00
391157.718984 5819251.360808 1335115.00
391198.845732 5819405.299333 1335186.00
391313.957889 5819495.111825 1335218.00
391319.581132 5819748.545959 1335285.00
391453.474230 5819832.511322 1335320.00
391722.028998 5820042.091599 1335395.00
392047.870075 5820283.023025 1335490.00
392164.886610 5820323.006416 1335543.00
