393254.850584 5820399.643426 1495982.00
392864.973465 5820573.874805 1496020.00
392549.382355 5820797.218906 1496055.00
392418.905069 5820916.901501 1496076.00
392046.121590 5821055.508013 1496109.00
391840.199172 5821121.631358 1496142.00
391671.275268 5821156.155452 1496177.00
391484.969799 5821253.554937 1496209.00
391394.813043 5821440.290360 1496242.00
391343.037503 5821657.870596 1496275.00
391309.487176 5821844.257455 1496307.00
391220.191213 5822062.672790 1496339.00
391130.765753 5822281.092994 1496371.00
391023.271003 5822530.707050 1496403.00
