392916.552160 5821019.187188 1553486.00
392647.712402 5820980.702017 1553518.00
392707.528931 5821133.336169 1553550.00
392818.367846 5821340.092814 1553573.00
392893.791903 5821531.326375 1553595.00
392969.329205 5821727.991846 1553618.00
393055.723952 5821954.304561 1553644.00
393218.326859 5822080.249360 1553677.00
393404.651812 5821983.820884 1553710.00
393553.453373 5821888.215664 1553742.00
393758.008028 5821759.710292 1553775.00
393961.768685 5821600.442247 1553809.00
394146.933166 5821442.490785 1553841.00
394331.287851 5821252.869976 1553875.00
394440.307340 5821064.880362 1553907.00
394568.242635 5820876.486151 1553939.00
394659.191914 5820720.585412 1553972.00
394748.666796 5820502.235538 1554004.00
394801.268470 5820315.468178 1554037.00
394891.556502 5820127.892606 1554070.00
394962.941070 5819940.724372 1554108.00
395015.439400 5819754.867725 1554140.00
