390133.160872 5821500.138448 1378062.00
390279.689855 5821311.208736 1378095.00
390462.666155 5821059.889159 1378127.00
390571.544950 5820871.811680 1378158.00
390761.301619 5820929.153388 1378189.00
391065.608513 5821046.436705 1378222.00
391482.221243 5821129.552934 1378257.00
391808.322646 5821128.674642 1378286.00
392064.211717 5821024.319952 1378333.00
392238.581468 5821236.908732 1378366.00
392336.895573 5821419.480641 1378398.00
392542.673222 5821353.381110 1378434.00
392715.661828 5821504.437988 1378471.00
