392929.526371 5820078.028094 2543130.00
392574.848416 5820239.740242 2543192.00
392315.836001 5820461.858091 2543255.00
392109.206903 5820497.195444 2543330.00
391736.377376 5820691.065178 2543391.00
391618.555590 5820477.241135 2543452.00
391223.534346 5820516.789335 2543514.00
390908.010506 5820740.240092 2543578.00
390950.506211 5820955.725142 2543639.00
390591.001955 5820902.166388 2543701.00
390462.666155 5821059.889159 2543764.00
390334.180516 5821216.713419 2543872.00
390224.629001 5821374.022342 2543942.00
390169.431583 5821436.839676 2543958.00
