391095.345788 5821061.169864 2332415.00
391278.466976 5821125.017742 2332448.00
391527.769110 5821147.560500 2332480.00
391851.595344 5821125.001873 2332512.00
392148.129318 5820985.342525 2332546.00
392210.114839 5820734.041915 2332575.00
392107.892848 5820525.296880 2332608.00
391858.065153 5820617.742036 2332640.00
391685.287686 5820853.385955 2332674.00
391568.686196 5821118.581500 2332706.00
391348.298829 5821129.806478 2332738.00
391172.837889 5821087.519448 2332764.00
390964.866646 5821011.550777 2332797.00
390625.093700 5820907.743719 2332829.00
390487.224645 5820880.035930 2332841.00
390312.617640 5820907.489399 2332859.00
390152.699241 5821023.366154 2332892.00
390070.386435 5821139.316427 2332924.00
