391879.652341 5821713.906048 1464199.00
391758.575648 5821645.042071 1464220.00
391633.173205 5821561.787631 1464253.00
391467.876528 5821503.870962 1464286.00
391375.214916 5821577.466260 1464318.00
391375.124746 5821741.376481 1464351.00
391538.677266 5821895.318814 1464384.00
391729.341252 5821989.804521 1464431.00
391859.656416 5822002.318204 1464463.00
391919.088079 5821880.565031 1464495.00
391863.732116 5821674.412772 1464535.00
391665.467330 5821573.750782 1464586.00
391479.332302 5821509.955971 1464618.00
391415.251068 5821428.064569 1464685.00
