394988.710490 5819384.167660 2601945.00
394946.383817 5819168.650217 2601976.00
394936.867095 5819027.589501 2602001.00
394863.721390 5818830.844560 2602035.00
394743.857806 5818523.722021 2602066.00
394605.358413 5818217.908370 2602098.00
394484.907518 5818006.791777 2602125.00
394221.591633 5817917.385742 2602159.00
393994.046505 5817859.819405 2602191.00
393652.609564 5817774.850283 2602224.00
393312.499818 5817751.453163 2602256.00
393161.698152 5817754.738076 2602288.00
392956.293284 5817851.586405 2602321.00
392806.840733 5817916.430633 2602357.00
392489.048850 5818047.453042 2602390.00
