390980.625198 5820615.465101 1447876.00
390860.572633 5820309.339444 1447939.00
390630.343018 5820128.833369 1448000.00
390645.110302 5819942.861237 1448096.00
390452.403178 5819761.525158 1448158.00
390640.280370 5819726.537321 1448276.00
390706.685128 5819322.981469 1448338.00
390700.485757 5819045.109528 1448401.00
390733.352077 5818827.945100 1448466.00
390747.305788 5818611.202746 1448528.00
390892.033068 5818329.968348 1448590.00
390997.572346 5817988.031836 1448651.00
391084.871580 5817676.387263 1448715.00
