393881.682899 5817028.241540 2598194.00
393939.420817 5817116.641203 2598209.00
393831.739740 5817338.114649 2598243.00
393571.175586 5817498.614085 2598275.00
393404.123116 5817625.399083 2598306.00
393556.953327 5817715.349386 2598337.00
393879.477195 5817800.721515 2598368.00
394163.625329 5817856.154463 2598400.00
394408.741394 5817850.867384 2598431.00
394642.393490 5818186.323481 2598464.00
394738.327452 5818420.608810 2598487.00
394751.415420 5818451.116168 2598491.00
394820.705743 5818583.648813 2598523.00
