394258.607187 5817884.892842 2223496.00
394107.145082 5817857.374463 2223530.00
393898.396236 5817800.311911 2223562.00
393614.241373 5817744.894264 2223599.00
393368.449983 5817719.446832 2223631.00
392993.321071 5817819.988986 2223692.00
392712.523693 5817918.494436 2223724.00
392433.107942 5818079.469545 2223757.00
392296.984806 5818146.753933 2223788.00
392159.467255 5818225.845193 2223807.00
392022.518715 5818274.138876 2223841.00
391889.153999 5818215.501109 2223873.00
391771.965324 5818032.447580 2223905.00
