392310.381075 5821689.016367 2333813.00
392310.097447 5821475.309481 2333859.00
392142.274324 5821145.756403 2333913.00
391840.199172 5821121.631358 2333945.00
391735.588150 5821167.410775 2333969.00
391577.020310 5821158.241924 2334003.00
391141.643346 5821075.534961 2334090.00
391004.230618 5821036.935877 2334102.00
391002.840865 5820769.823222 2334135.00
390921.961584 5820523.497663 2334167.00
390691.764142 5820343.893937 2334198.00
390648.566106 5820097.636977 2334230.00
390625.512141 5819912.509393 2334261.00
390437.091858 5819916.720705 2334293.00
