392825.759380 5817916.016882 2597172.00
393031.021004 5817819.166021 2597202.00
393309.800615 5817627.451320 2597234.00
393441.155458 5817593.805116 2597266.00
393235.738564 5817690.641557 2597305.00
393278.839857 5817937.824182 2597337.00
392942.910390 5818099.095112 2597368.00
392872.916697 5818347.841277 2597400.00
392841.423205 5818461.724354 2597418.00
392786.054722 5818690.230177 2597452.00
392828.479910 5818905.730041 2597488.00
392585.439750 5819003.419410 2597519.00
392570.057416 5819158.607218 2597551.00
