392659.658715 5819805.928717 2444757.00
392536.491769 5820209.792705 2444819.00
392408.613890 5820398.240567 2444886.00
392222.245163 5820494.706213 2444950.00
391922.729504 5820594.580799 2445011.00
391665.807832 5820909.056525 2445072.00
391556.888832 5821097.109159 2445133.00
391413.580161 5821439.874041 2445196.00
391440.033072 5821779.781574 2445258.00
391672.200881 5822052.647537 2445319.00
391683.592622 5821712.807192 2445380.00
391865.785102 5821429.864354 2445442.00
392281.015225 5821452.404664 2445511.00
392549.468130 5821662.934321 2445576.00
