390825.704061 5822967.975763 2332446.00
390876.412958 5822859.081111 2332458.00
390923.513905 5822743.022893 2332475.00
390968.530864 5822632.445118 2332485.00
391130.081171 5822250.318749 2332519.00
391198.965878 5822113.856619 2332540.00
391512.872420 5822244.535143 2332608.00
391616.740756 5822284.795570 2332632.00
391981.869785 5822417.085962 2332665.00
392226.759058 5822411.686789 2332723.00
392526.029148 5822311.832233 2332755.00
392938.467138 5822210.425042 2332794.00
392582.596244 5822310.590318 2332825.00
392431.570867 5822366.430236 2332839.00
392313.496829 5822395.288346 2332868.00
