392295.921255 5822418.314254 2280094.00
392189.789063 5822431.517992 2280103.00
392078.258531 5822450.276496 2280111.00
391962.968478 5822417.503196 2280120.00
391810.929230 5822358.377798 2280131.00
391677.670033 5822299.746854 2280145.00
391561.076418 5822276.972934 2280154.00
391430.726741 5822212.850647 2280165.00
391297.596746 5822154.226892 2280175.00
391183.069996 5822094.287420 2280184.00
391031.030834 5822036.091146 2280195.00
390940.927523 5821951.162966 2280203.00
390861.152855 5821871.439472 2280213.00
