390889.808597 5820772.340688 2417276.00
390979.055308 5820917.055348 2417302.00
391092.959447 5821059.411808 2417327.00
391293.710217 5821133.734960 2417362.00
391187.546823 5821444.893022 2417395.00
391357.140810 5821441.126276 2417426.00
391642.496421 5821558.864538 2417458.00
391513.326147 5821685.788506 2417501.00
391514.937254 5821876.827973 2417538.00
391604.510372 5821938.233333 2417549.00
391859.316447 5821986.931072 2417583.00
391933.782567 5821845.829032 2417603.00
392106.262540 5822073.848920 2417651.00
392261.693883 5822286.855088 2417683.00
