394782.212973 5818553.686751 2593365.00
394727.238452 5818431.713552 2593381.00
394565.655938 5818125.491320 2593413.00
394503.075137 5818010.022839 2593427.00
394259.290688 5817916.572216 2593463.00
394073.456079 5818043.739679 2593494.00
393813.451978 5818235.004023 2593526.00
393641.503842 5818408.976472 2593546.00
393368.340629 5818584.251475 2593581.00
393025.735467 5818437.774936 2593646.00
392872.916697 5818347.841277 2593678.00
392793.327642 5818163.942890 2593710.00
392695.110566 5817981.359039 2593741.00
392843.867090 5817884.832063 2593772.00
393086.297337 5817756.382273 2593803.00
393285.907001 5817723.054429 2593832.00
393595.322104 5817745.304962 2593875.00
393878.810864 5817769.947301 2593907.00
394012.161711 5817828.639003 2593939.00
394257.943217 5817854.118603 2593971.00
394425.008626 5817727.362840 2594003.00
