392719.952496 5817393.109632 1470518.00
392670.087304 5817702.995706 1470549.00
392915.211983 5817697.634023 1470580.00
393122.635882 5817693.106561 1470613.00
393299.263223 5817714.613676 1470630.00
393670.861085 5817743.665603 1470664.00
394068.780404 5817827.414927 1470697.00
394294.979026 5817822.531123 1470731.00
394559.306669 5817624.862010 1470765.00
394793.030428 5817384.398680 1470796.00
395018.429978 5817250.979362 1470834.00
395116.729555 5817434.510824 1470864.00
394979.387886 5817189.333356 1470896.00
394831.229992 5817316.568862 1470929.00
394591.401374 5817568.933522 1470967.00
394332.015313 5817790.943931 1470999.00
