391735.830335 5817647.476260 1450014.00
392043.887638 5817532.014258 1450048.00
392291.726314 5817649.717825 1450087.00
392480.907956 5817676.353128 1450120.00
392669.413404 5817672.221565 1450151.00
392985.910577 5817480.568120 1450219.00
393247.265971 5817350.808504 1450252.00
393396.741528 5817285.978050 1450284.00
393545.532973 5817189.472918 1450317.00
393829.054030 5817214.112769 1450381.00
393626.992201 5817466.613773 1450413.00
393443.162585 5817686.127665 1450479.00
393689.642266 5817743.258192 1450512.00
393936.096224 5817799.495911 1450545.00
394106.480167 5817826.600234 1450577.00
