393099.727654 5819239.387340 1360906.00
393191.335399 5819114.233727 1360916.00
393302.571636 5819059.287694 1360922.00
393411.582725 5818971.792768 1360931.00
393488.290219 5818891.341451 1360939.00
393600.008856 5818826.430923 1360949.00
393712.912248 5818777.797254 1360959.00
393794.122989 5818713.553243 1360968.00
393859.167669 5818604.383334 1360976.00
393950.807084 5818479.244419 1360985.00
394061.895424 5818384.475541 1360995.00
394160.257628 5818327.111636 1361003.00
394247.834895 5818256.399309 1361010.00
394340.679922 5818192.819420 1361020.00
