394715.002097 5818389.415891 2677530.00
394684.113004 5818321.258317 2677538.00
394512.344873 5818017.067663 2677567.00
394244.687904 5817937.714856 2677603.00
393955.681125 5817829.860745 2677636.00
393633.022545 5817744.486636 2677669.00
393293.048660 5817721.087841 2677704.00
393132.382073 5817740.888351 2677729.00
392922.789550 5817734.596202 2677763.00
392708.481642 5817733.849541 2677797.00
392500.364420 5817706.715291 2677828.00
392235.781932 5817681.736521 2677860.00
391914.575290 5817658.020281 2677892.00
391669.447983 5817663.431988 2677924.00
