390656.188272 5817604.430818 1334019.00
390763.285541 5817580.309186 1334027.00
390874.843385 5817557.901751 1334038.00
390992.190299 5817596.946670 1334046.00
391110.838492 5817638.682114 1334055.00
391224.904708 5817673.277521 1334065.00
391352.687116 5817672.254460 1334077.00
391468.218675 5817673.317111 1334088.00
391575.580126 5817667.318701 1334097.00
391707.149245 5817662.598854 1334109.00
391832.445791 5817661.643227 1334117.00
391947.719276 5817657.289498 1334128.00
392070.236697 5817668.173486 1334135.00
