392750.222889 5817917.669301 2593956.00
392654.695873 5817858.182873 2593987.00
392611.952945 5817748.641362 2594035.00
392726.707641 5817701.756144 2594069.00
392896.430595 5817698.044399 2594103.00
392955.621148 5817820.812241 2594134.00
393111.277072 5818033.842314 2594199.00
393297.758398 5817937.412252 2594232.00
393439.101514 5818001.347776 2594263.00
393278.839857 5817937.824182 2594336.00
393180.617412 5817754.325703 2594368.00
392934.823486 5817728.899989 2594430.00
392857.384296 5817637.320086 2594464.00
392778.477608 5817485.101253 2594496.00
392533.480315 5817490.466610 2594575.00
